ID dispositivo:,Tipo dispositivo,Fecha,DG,T0,T1,T2,V1_M1,V2_M1,V3_M1,I1_M1,I2_M1,I3_M1,V1_M2,V2_M2,V3_M2,I1_M2,I2_M2,I3_M2,V1_M3,V2_M3,V3_M3,I1_M3,I2_M3,I3_M3,P1,P2
20650,DL:0.1.0:AT.1.0.0,2022-3-4 0:0:4,35.75,0.00,0.00,17.666,0.780,-4.232,13.434,18.446,0.00,0.00,0.00,0.00,0.00,0.00,0.00,0.00,0.00,0.00,0.00,0.00,0.00,0.00,0.00,0.00,0.00
20650,DL:0.1.0:AT.1.0.0,2022-3-4 0:0:10,35.75,0.00,0.00,17.645,0.803,-4.212,13.433,18.447,0.00,0.00,0.00,0.00,0.00,0.00,0.00,0.00,0.00,0.00,0.00,0.00,0.00,0.00,0.00,0.00,0.00
20650,DL:0.1.0:AT.1.0.0,2022-3-4 0:0:18,35.75,0.00,0.00,17.653,0.794,-4.220,13.433,18.447,0.00,0.00,0.00,0.00,0.00,0.00,0.00,0.00,0.00,0.00,0.00,0.00,0.00,0.00,0.00,0.00,0.00
20650,DL:0.1.0:AT.1.0.0,2022-3-4 0:0:24,35.75,0.00,0.00,17.659,0.788,-4.226,13.433,18.447,0.00,0.00,0.00,0.00,0.00,0.00,0.00,0.00,0.00,0.00,0.00,0.00,0.00,0.00,0.00,0.00,0.00
20650,DL:0.1.0:AT.1.0.0,2022-3-4 0:0:31,35.75,0.00,0.00,17.634,0.814,-4.202,13.432,18.447,0.00,0.00,0.00,0.00,0.00,0.00,0.00,0.00,0.00,0.00,0.00,0.00,0.00,0.00,0.00,0.00,0.00
20650,DL:0.1.0:AT.1.0.0,2022-3-4 0:0:37,35.75,0.00,0.00,17.617,0.832,-4.185,13.432,18.449,0.00,0.00,0.00,0.00,0.00,0.00,0.00,0.00,0.00,0.00,0.00,0.00,0.00,0.00,0.00,0.00,0.00
20650,DL:0.1.0:AT.1.0.0,2022-3-4 0:0:45,35.75,0.00,0.00,17.687,0.762,-4.255,13.432,18.449,0.00,0.00,0.00,0.00,0.00,0.00,0.00,0.00,0.00,0.00,0.00,0.00,0.00,0.00,0.00,0.00,0.00
20650,DL:0.1.0:AT.1.0.0,2022-3-4 0:0:51,35.75,0.00,0.00,17.671,0.779,-4.241,13.431,18.450,0.00,0.00,0.00,0.00,0.00,0.00,0.00,0.00,0.00,0.00,0.00,0.00,0.00,0.00,0.00,0.00,0.00
20650,DL:0.1.0:AT.1.0.0,2022-3-4 0:0:58,35.75,0.00,0.00,17.669,0.781,-4.239,13.429,18.450,0.00,0.00,0.00,0.00,0.00,0.00,0.00,0.00,0.00,0.00,0.00,0.00,0.00,0.00,0.00,0.00,0.00
20650,DL:0.1.0:AT.1.0.0,2022-3-4 0:1:5,35.75,0.00,0.00,17.646,0.805,-4.218,13.428,18.451,0.00,0.00,0.00,0.00,0.00,0.00,0.00,0.00,0.00,0.00,0.00,0.00,0.00,0.00,0.00,0.00,0.00
20650,DL:0.1.0:AT.1.0.0,2022-3-4 0:1:10,35.75,0.00,0.00,17.668,0.783,-4.239,13.428,18.451,0.00,0.00,0.00,0.00,0.00,0.00,0.00,0.00,0.00,0.00,0.00,0.00,0.00,0.00,0.00,0.00,0.00
20650,DL:0.1.0:AT.1.0.0,2022-3-4 0:1:15,35.75,0.00,0.00,17.635,0.816,-4.208,13.427,18.451,0.00,0.00,0.00,0.00,0.00,0.00,0.00,0.00,0.00,0.00,0.00,0.00,0.00,0.00,0.00,0.00,0.00
20650,DL:0.1.0:AT.1.0.0,2022-3-4 0:1:22,35.75,0.00,0.00,17.654,0.797,-4.227,13.427,18.451,0.00,0.00,0.00,0.00,0.00,0.00,0.00,0.00,0.00,0.00,0.00,0.00,0.00,0.00,0.00,0.00,0.00
20650,DL:0.1.0:AT.1.0.0,2022-3-4 0:1:29,35.75,0.00,0.00,17.663,0.788,-4.237,13.426,18.451,0.00,0.00,0.00,0.00,0.00,0.00,0.00,0.00,0.00,0.00,0.00,0.00,0.00,0.00,0.00,0.00,0.00
20650,DL:0.1.0:AT.1.0.0,2022-3-4 0:1:34,35.75,0.00,0.00,17.640,0.812,-4.214,13.426,18.452,0.00,0.00,0.00,0.00,0.00,0.00,0.00,0.00,0.00,0.00,0.00,0.00,0.00,0.00,0.00,0.00,0.00
20650,DL:0.1.0:AT.1.0.0,2022-3-4 0:1:39,35.75,0.00,0.00,17.653,0.798,-4.229,13.425,18.451,0.00,0.00,0.00,0.00,0.00,0.00,0.00,0.00,0.00,0.00,0.00,0.00,0.00,0.00,0.00,0.00,0.00
20650,DL:0.1.0:AT.1.0.0,2022-3-4 0:1:46,35.75,0.00,0.00,17.674,0.780,-4.249,13.425,18.453,0.00,0.00,0.00,0.00,0.00,0.00,0.00,0.00,0.00,0.00,0.00,0.00,0.00,0.00,0.00,0.00,0.00
20650,DL:0.1.0:AT.1.0.0,2022-3-4 0:1:53,35.75,0.00,0.00,17.658,0.794,-4.235,13.423,18.452,0.00,0.00,0.00,0.00,0.00,0.00,0.00,0.00,0.00,0.00,0.00,0.00,0.00,0.00,0.00,0.00,0.00
20650,DL:0.1.0:AT.1.0.0,2022-3-4 0:1:59,35.75,0.00,0.00,17.689,0.764,-4.266,13.423,18.453,0.00,0.00,0.00,0.00,0.00,0.00,0.00,0.00,0.00,0.00,0.00,0.00,0.00,0.00,0.00,0.00,0.00
20650,DL:0.1.0:AT.1.0.0,2022-3-4 0:2:4,35.75,0.00,0.00,17.682,0.771,-4.260,13.422,18.453,0.00,0.00,0.00,0.00,0.00,0.00,0.00,0.00,0.00,0.00,0.00,0.00,0.00,0.00,0.00,0.00,0.00
20650,DL:0.1.0:AT.1.0.0,2022-3-4 0:2:10,35.75,0.00,0.00,17.674,0.780,-4.253,13.421,18.453,0.00,0.00,0.00,0.00,0.00,0.00,0.00,0.00,0.00,0.00,0.00,0.00,0.00,0.00,0.00,0.00,0.00
20650,DL:0.1.0:AT.1.0.0,2022-3-4 0:2:17,35.75,0.00,0.00,17.641,0.814,-4.220,13.421,18.455,0.00,0.00,0.00,0.00,0.00,0.00,0.00,0.00,0.00,0.00,0.00,0.00,0.00,0.00,0.00,0.00,0.00
20650,DL:0.1.0:AT.1.0.0,2022-3-4 0:2:22,35.75,0.00,0.00,17.665,0.788,-4.245,13.420,18.453,0.00,0.00,0.00,0.00,0.00,0.00,0.00,0.00,0.00,0.00,0.00,0.00,0.00,0.00,0.00,0.00,0.00
20650,DL:0.1.0:AT.1.0.0,2022-3-4 0:2:27,35.75,0.00,0.00,17.657,0.798,-4.237,13.420,18.455,0.00,0.00,0.00,0.00,0.00,0.00,0.00,0.00,0.00,0.00,0.00,0.00,0.00,0.00,0.00,0.00,0.00
20650,DL:0.1.0:AT.1.0.0,2022-3-4 0:2:34,35.75,0.00,0.00,17.678,0.776,-4.260,13.419,18.455,0.00,0.00,0.00,0.00,0.00,0.00,0.00,0.00,0.00,0.00,0.00,0.00,0.00,0.00,0.00,0.00,0.00
20650,DL:0.1.0:AT.1.0.0,2022-3-4 0:2:41,35.75,0.00,0.00,17.666,0.788,-4.248,13.419,18.455,0.00,0.00,0.00,0.00,0.00,0.00,0.00,0.00,0.00,0.00,0.00,0.00,0.00,0.00,0.00,0.00,0.00
20650,DL:0.1.0:AT.1.0.0,2022-3-4 0:2:47,35.75,0.00,0.00,17.669,0.786,-4.251,13.417,18.455,0.00,0.00,0.00,0.00,0.00,0.00,0.00,0.00,0.00,0.00,0.00,0.00,0.00,0.00,0.00,0.00,0.00
20650,DL:0.1.0:AT.1.0.0,2022-3-4 0:2:53,35.75,0.00,0.00,17.663,0.793,-4.245,13.417,18.456,0.00,0.00,0.00,0.00,0.00,0.00,0.00,0.00,0.00,0.00,0.00,0.00,0.00,0.00,0.00,0.00,0.00
20650,DL:0.1.0:AT.1.0.0,2022-3-4 0:2:58,35.75,0.00,0.00,17.665,0.789,-4.249,13.416,18.455,0.00,0.00,0.00,0.00,0.00,0.00,0.00,0.00,0.00,0.00,0.00,0.00,0.00,0.00,0.00,0.00,0.00
20650,DL:0.1.0:AT.1.0.0,2022-3-4 0:3:5,35.75,0.00,0.00,17.687,0.769,-4.272,13.415,18.456,0.00,0.00,0.00,0.00,0.00,0.00,0.00,0.00,0.00,0.00,0.00,0.00,0.00,0.00,0.00,0.00,0.00
20650,DL:0.1.0:AT.1.0.0,2022-3-4 0:3:11,35.75,0.00,0.00,17.665,0.791,-4.251,13.414,18.456,0.00,0.00,0.00,0.00,0.00,0.00,0.00,0.00,0.00,0.00,0.00,0.00,0.00,0.00,0.00,0.00,0.00
20650,DL:0.1.0:AT.1.0.0,2022-3-4 0:3:16,35.75,0.00,0.00,17.671,0.785,-4.257,13.414,18.456,0.00,0.00,0.00,0.00,0.00,0.00,0.00,0.00,0.00,0.00,0.00,0.00,0.00,0.00,0.00,0.00,0.00
20650,DL:0.1.0:AT.1.0.0,2022-3-4 0:3:27,35.75,0.00,0.00,17.682,0.774,-4.268,13.414,18.456,0.00,0.00,0.00,0.00,0.00,0.00,0.00,0.00,0.00,0.00,0.00,0.00,0.00,0.00,0.00,0.00,0.00
20650,DL:0.1.0:AT.1.0.0,2022-3-4 0:3:32,35.75,0.00,0.00,17.692,0.764,-4.279,13.413,18.456,0.00,0.00,0.00,0.00,0.00,0.00,0.00,0.00,0.00,0.00,0.00,0.00,0.00,0.00,0.00,0.00,0.00
20650,DL:0.1.0:AT.1.0.0,2022-3-4 0:3:39,35.75,0.00,0.00,17.696,0.759,-4.285,13.411,18.456,0.00,0.00,0.00,0.00,0.00,0.00,0.00,0.00,0.00,0.00,0.00,0.00,0.00,0.00,0.00,0.00,0.00
20650,DL:0.1.0:AT.1.0.0,2022-3-4 0:3:46,35.75,0.00,0.00,17.675,0.781,-4.263,13.411,18.456,0.00,0.00,0.00,0.00,0.00,0.00,0.00,0.00,0.00,0.00,0.00,0.00,0.00,0.00,0.00,0.00,0.00
20650,DL:0.1.0:AT.1.0.0,2022-3-4 0:3:56,35.75,0.00,0.00,17.668,0.788,-4.257,13.410,18.456,0.00,0.00,0.00,0.00,0.00,0.00,0.00,0.00,0.00,0.00,0.00,0.00,0.00,0.00,0.00,0.00,0.00
20650,DL:0.1.0:AT.1.0.0,2022-3-4 0:4:3,35.75,0.00,0.00,17.664,0.793,-4.255,13.409,18.457,0.00,0.00,0.00,0.00,0.00,0.00,0.00,0.00,0.00,0.00,0.00,0.00,0.00,0.00,0.00,0.00,0.00
20650,DL:0.1.0:AT.1.0.0,2022-3-4 0:4:10,35.75,0.00,0.00,17.666,0.791,-4.259,13.408,18.457,0.00,0.00,0.00,0.00,0.00,0.00,0.00,0.00,0.00,0.00,0.00,0.00,0.00,0.00,0.00,0.00,0.00
20650,DL:0.1.0:AT.1.0.0,2022-3-4 0:4:16,35.75,0.00,0.00,17.690,0.767,-4.283,13.408,18.457,0.00,0.00,0.00,0.00,0.00,0.00,0.00,0.00,0.00,0.00,0.00,0.00,0.00,0.00,0.00,0.00,0.00
20650,DL:0.1.0:AT.1.0.0,2022-3-4 0:4:24,35.75,0.00,0.00,17.650,0.807,-4.243,13.407,18.457,0.00,0.00,0.00,0.00,0.00,0.00,0.00,0.00,0.00,0.00,0.00,0.00,0.00,0.00,0.00,0.00,0.00
20650,DL:0.1.0:AT.1.0.0,2022-3-4 0:4:30,35.75,0.00,0.00,17.648,0.809,-4.243,13.405,18.457,0.00,0.00,0.00,0.00,0.00,0.00,0.00,0.00,0.00,0.00,0.00,0.00,0.00,0.00,0.00,0.00,0.00
20650,DL:0.1.0:AT.1.0.0,2022-3-4 0:4:37,35.75,0.00,0.00,17.630,0.827,-4.225,13.405,18.457,0.00,0.00,0.00,0.00,0.00,0.00,0.00,0.00,0.00,0.00,0.00,0.00,0.00,0.00,0.00,0.00,0.00
20650,DL:0.1.0:AT.1.0.0,2022-3-4 0:4:43,35.75,0.00,0.00,17.660,0.797,-4.256,13.404,18.457,0.00,0.00,0.00,0.00,0.00,0.00,0.00,0.00,0.00,0.00,0.00,0.00,0.00,0.00,0.00,0.00,0.00
20650,DL:0.1.0:AT.1.0.0,2022-3-4 0:4:48,35.75,0.00,0.00,17.652,0.806,-4.248,13.404,18.458,0.00,0.00,0.00,0.00,0.00,0.00,0.00,0.00,0.00,0.00,0.00,0.00,0.00,0.00,0.00,0.00,0.00
20650,DL:0.1.0:AT.1.0.0,2022-3-4 0:4:58,35.75,0.00,0.00,NAN,NAN,NAN,NAN,NAN,0.00,0.00,0.00,0.00,0.00,0.00,0.00,0.00,0.00,0.00,0.00,0.00,0.00,0.00,0.00,0.00,0.00
20650,DL:0.1.0:AT.1.0.0,2022-3-4 0:5:4,35.75,0.00,0.00,17.664,0.794,-4.262,13.402,18.458,0.00,0.00,0.00,0.00,0.00,0.00,0.00,0.00,0.00,0.00,0.00,0.00,0.00,0.00,0.00,0.00,0.00
20650,DL:0.1.0:AT.1.0.0,2022-3-4 0:5:11,35.75,0.00,0.00,17.680,0.779,-4.279,13.401,18.458,0.00,0.00,0.00,0.00,0.00,0.00,0.00,0.00,0.00,0.00,0.00,0.00,0.00,0.00,0.00,0.00,0.00
20650,DL:0.1.0:AT.1.0.0,2022-3-4 0:5:18,35.75,0.00,0.00,17.665,0.793,-4.265,13.401,18.458,0.00,0.00,0.00,0.00,0.00,0.00,0.00,0.00,0.00,0.00,0.00,0.00,0.00,0.00,0.00,0.00,0.00
20650,DL:0.1.0:AT.1.0.0,2022-3-4 0:5:27,35.75,0.00,0.00,17.653,0.805,-4.254,13.399,18.458,0.00,0.00,0.00,0.00,0.00,0.00,0.00,0.00,0.00,0.00,0.00,0.00,0.00,0.00,0.00,0.00,0.00
20650,DL:0.1.0:AT.1.0.0,2022-3-4 0:5:32,35.75,0.00,0.00,17.634,0.824,-4.236,13.398,18.458,0.00,0.00,0.00,0.00,0.00,0.00,0.00,0.00,0.00,0.00,0.00,0.00,0.00,0.00,0.00,0.00,0.00
20650,DL:0.1.0:AT.1.0.0,2022-3-4 0:5:38,35.75,0.00,0.00,17.638,0.822,-4.239,13.398,18.460,0.00,0.00,0.00,0.00,0.00,0.00,0.00,0.00,0.00,0.00,0.00,0.00,0.00,0.00,0.00,0.00,0.00
20650,DL:0.1.0:AT.1.0.0,2022-3-4 0:5:45,35.75,0.00,0.00,17.659,0.800,-4.261,13.398,18.460,0.00,0.00,0.00,0.00,0.00,0.00,0.00,0.00,0.00,0.00,0.00,0.00,0.00,0.00,0.00,0.00,0.00
20650,DL:0.1.0:AT.1.0.0,2022-3-4 0:5:52,35.75,0.00,0.00,17.668,0.792,-4.266,13.402,18.460,0.00,0.00,0.00,0.00,0.00,0.00,0.00,0.00,0.00,0.00,0.00,0.00,0.00,0.00,0.00,0.00,0.00
20650,DL:0.1.0:AT.1.0.0,2022-3-4 0:5:59,35.75,0.00,0.00,17.651,0.809,-4.250,13.401,18.460,0.00,0.00,0.00,0.00,0.00,0.00,0.00,0.00,0.00,0.00,0.00,0.00,0.00,0.00,0.00,0.00,0.00
20650,DL:0.1.0:AT.1.0.0,2022-3-4 0:6:6,35.75,0.00,0.00,17.659,0.800,-4.260,13.399,18.460,0.00,0.00,0.00,0.00,0.00,0.00,0.00,0.00,0.00,0.00,0.00,0.00,0.00,0.00,0.00,0.00,0.00
20650,DL:0.1.0:AT.1.0.0,2022-3-4 0:6:12,35.75,0.00,0.00,17.640,0.821,-4.242,13.398,18.461,0.00,0.00,0.00,0.00,0.00,0.00,0.00,0.00,0.00,0.00,0.00,0.00,0.00,0.00,0.00,0.00,0.00
20650,DL:0.1.0:AT.1.0.0,2022-3-4 0:6:19,35.75,0.00,0.00,17.633,0.826,-4.235,13.398,18.458,0.00,0.00,0.00,0.00,0.00,0.00,0.00,0.00,0.00,0.00,0.00,0.00,0.00,0.00,0.00,0.00,0.00
20650,DL:0.1.0:AT.1.0.0,2022-3-4 0:6:27,35.75,0.00,0.00,17.693,0.768,-4.296,13.397,18.461,0.00,0.00,0.00,0.00,0.00,0.00,0.00,0.00,0.00,0.00,0.00,0.00,0.00,0.00,0.00,0.00,0.00
20650,DL:0.1.0:AT.1.0.0,2022-3-4 0:6:32,35.75,0.00,0.00,17.646,0.814,-4.250,13.396,18.460,0.00,0.00,0.00,0.00,0.00,0.00,0.00,0.00,0.00,0.00,0.00,0.00,0.00,0.00,0.00,0.00,0.00
20650,DL:0.1.0:AT.1.0.0,2022-3-4 0:6:37,35.75,0.00,0.00,17.647,0.814,-4.251,13.396,18.461,0.00,0.00,0.00,0.00,0.00,0.00,0.00,0.00,0.00,0.00,0.00,0.00,0.00,0.00,0.00,0.00,0.00
20650,DL:0.1.0:AT.1.0.0,2022-3-4 0:6:43,35.75,0.00,0.00,17.669,0.792,-4.273,13.396,18.461,0.00,0.00,0.00,0.00,0.00,0.00,0.00,0.00,0.00,0.00,0.00,0.00,0.00,0.00,0.00,0.00,0.00
20650,DL:0.1.0:AT.1.0.0,2022-3-4 0:6:50,35.75,0.00,0.00,17.686,0.775,-4.291,13.395,18.461,0.00,0.00,0.00,0.00,0.00,0.00,0.00,0.00,0.00,0.00,0.00,0.00,0.00,0.00,0.00,0.00,0.00
20650,DL:0.1.0:AT.1.0.0,2022-3-4 0:6:58,35.75,0.00,0.00,17.651,0.810,-4.257,13.393,18.461,0.00,0.00,0.00,0.00,0.00,0.00,0.00,0.00,0.00,0.00,0.00,0.00,0.00,0.00,0.00,0.00,0.00
20650,DL:0.1.0:AT.1.0.0,2022-3-4 0:7:4,35.75,0.00,0.00,17.654,0.806,-4.262,13.392,18.461,0.00,0.00,0.00,0.00,0.00,0.00,0.00,0.00,0.00,0.00,0.00,0.00,0.00,0.00,0.00,0.00,0.00
20650,DL:0.1.0:AT.1.0.0,2022-3-4 0:7:11,35.75,0.00,0.00,17.677,0.783,-4.286,13.391,18.461,0.00,0.00,0.00,0.00,0.00,0.00,0.00,0.00,0.00,0.00,0.00,0.00,0.00,0.00,0.00,0.00,0.00
20650,DL:0.1.0:AT.1.0.0,2022-3-4 0:7:17,35.75,0.00,0.00,17.641,0.820,-4.250,13.391,18.461,0.00,0.00,0.00,0.00,0.00,0.00,0.00,0.00,0.00,0.00,0.00,0.00,0.00,0.00,0.00,0.00,0.00
20650,DL:0.1.0:AT.1.0.0,2022-3-4 0:7:24,35.75,0.00,0.00,17.650,0.811,-4.260,13.390,18.461,0.00,0.00,0.00,0.00,0.00,0.00,0.00,0.00,0.00,0.00,0.00,0.00,0.00,0.00,0.00,0.00,0.00
20650,DL:0.1.0:AT.1.0.0,2022-3-4 0:7:31,35.75,0.00,0.00,17.688,0.773,-4.298,13.390,18.461,0.00,0.00,0.00,0.00,0.00,0.00,0.00,0.00,0.00,0.00,0.00,0.00,0.00,0.00,0.00,0.00,0.00
20650,DL:0.1.0:AT.1.0.0,2022-3-4 0:7:38,35.75,0.00,0.00,17.650,0.812,-4.261,13.389,18.462,0.00,0.00,0.00,0.00,0.00,0.00,0.00,0.00,0.00,0.00,0.00,0.00,0.00,0.00,0.00,0.00,0.00
20650,DL:0.1.0:AT.1.0.0,2022-3-4 0:7:44,35.75,0.00,0.00,17.669,0.792,-4.280,13.389,18.461,0.00,0.00,0.00,0.00,0.00,0.00,0.00,0.00,0.00,0.00,0.00,0.00,0.00,0.00,0.00,0.00,0.00
20650,DL:0.1.0:AT.1.0.0,2022-3-4 0:7:52,35.75,0.00,0.00,17.657,0.805,-4.269,13.387,18.462,0.00,0.00,0.00,0.00,0.00,0.00,0.00,0.00,0.00,0.00,0.00,0.00,0.00,0.00,0.00,0.00,0.00
20650,DL:0.1.0:AT.1.0.0,2022-3-4 0:7:59,35.75,0.00,0.00,17.652,0.809,-4.267,13.385,18.461,0.00,0.00,0.00,0.00,0.00,0.00,0.00,0.00,0.00,0.00,0.00,0.00,0.00,0.00,0.00,0.00,0.00
20650,DL:0.1.0:AT.1.0.0,2022-3-4 0:8:5,35.75,0.00,0.00,17.675,0.786,-4.290,13.385,18.461,0.00,0.00,0.00,0.00,0.00,0.00,0.00,0.00,0.00,0.00,0.00,0.00,0.00,0.00,0.00,0.00,0.00
20650,DL:0.1.0:AT.1.0.0,2022-3-4 0:8:12,35.75,0.00,0.00,17.672,0.788,-4.289,13.384,18.461,0.00,0.00,0.00,0.00,0.00,0.00,0.00,0.00,0.00,0.00,0.00,0.00,0.00,0.00,0.00,0.00,0.00
20650,DL:0.1.0:AT.1.0.0,2022-3-4 0:8:19,35.75,0.00,0.00,17.669,0.792,-4.286,13.383,18.461,0.00,0.00,0.00,0.00,0.00,0.00,0.00,0.00,0.00,0.00,0.00,0.00,0.00,0.00,0.00,0.00,0.00
20650,DL:0.1.0:AT.1.0.0,2022-3-4 0:8:26,35.75,0.00,0.00,17.646,0.815,-4.263,13.383,18.461,0.00,0.00,0.00,0.00,0.00,0.00,0.00,0.00,0.00,0.00,0.00,0.00,0.00,0.00,0.00,0.00,0.00
20650,DL:0.1.0:AT.1.0.0,2022-3-4 0:8:33,35.75,0.00,0.00,17.683,0.779,-4.302,13.381,18.462,0.00,0.00,0.00,0.00,0.00,0.00,0.00,0.00,0.00,0.00,0.00,0.00,0.00,0.00,0.00,0.00,0.00
20650,DL:0.1.0:AT.1.0.0,2022-3-4 0:8:39,35.75,0.00,0.00,17.688,0.774,-4.307,13.381,18.462,0.00,0.00,0.00,0.00,0.00,0.00,0.00,0.00,0.00,0.00,0.00,0.00,0.00,0.00,0.00,0.00,0.00
20650,DL:0.1.0:AT.1.0.0,2022-3-4 0:8:46,35.75,0.00,0.00,17.681,0.781,-4.301,13.380,18.462,0.00,0.00,0.00,0.00,0.00,0.00,0.00,0.00,0.00,0.00,0.00,0.00,0.00,0.00,0.00,0.00,0.00
20650,DL:0.1.0:AT.1.0.0,2022-3-4 0:8:51,35.75,0.00,0.00,17.676,0.786,-4.297,13.379,18.462,0.00,0.00,0.00,0.00,0.00,0.00,0.00,0.00,0.00,0.00,0.00,0.00,0.00,0.00,0.00,0.00,0.00
20650,DL:0.1.0:AT.1.0.0,2022-3-4 0:8:56,35.75,0.00,0.00,17.677,0.785,-4.299,13.378,18.462,0.00,0.00,0.00,0.00,0.00,0.00,0.00,0.00,0.00,0.00,0.00,0.00,0.00,0.00,0.00,0.00,0.00
20650,DL:0.1.0:AT.1.0.0,2022-3-4 0:9:1,35.75,0.00,0.00,17.702,0.759,-4.323,13.379,18.462,0.00,0.00,0.00,0.00,0.00,0.00,0.00,0.00,0.00,0.00,0.00,0.00,0.00,0.00,0.00,0.00,0.00
20650,DL:0.1.0:AT.1.0.0,2022-3-4 0:9:7,35.75,0.00,0.00,17.687,0.775,-4.310,13.377,18.462,0.00,0.00,0.00,0.00,0.00,0.00,0.00,0.00,0.00,0.00,0.00,0.00,0.00,0.00,0.00,0.00,0.00
20650,DL:0.1.0:AT.1.0.0,2022-3-4 0:9:14,35.75,0.00,0.00,17.686,0.775,-4.309,13.377,18.461,0.00,0.00,0.00,0.00,0.00,0.00,0.00,0.00,0.00,0.00,0.00,0.00,0.00,0.00,0.00,0.00,0.00
20650,DL:0.1.0:AT.1.0.0,2022-3-4 0:9:20,35.75,0.00,0.00,17.688,0.774,-4.313,13.375,18.462,0.00,0.00,0.00,0.00,0.00,0.00,0.00,0.00,0.00,0.00,0.00,0.00,0.00,0.00,0.00,0.00,0.00
20650,DL:0.1.0:AT.1.0.0,2022-3-4 0:9:28,35.75,0.00,0.00,17.665,0.797,-4.290,13.375,18.462,0.00,0.00,0.00,0.00,0.00,0.00,0.00,0.00,0.00,0.00,0.00,0.00,0.00,0.00,0.00,0.00,0.00
20650,DL:0.1.0:AT.1.0.0,2022-3-4 0:9:35,35.75,0.00,0.00,17.696,0.765,-4.322,13.374,18.462,0.00,0.00,0.00,0.00,0.00,0.00,0.00,0.00,0.00,0.00,0.00,0.00,0.00,0.00,0.00,0.00,0.00
20650,DL:0.1.0:AT.1.0.0,2022-3-4 0:9:41,35.75,0.00,0.00,17.690,0.771,-4.317,13.373,18.462,0.00,0.00,0.00,0.00,0.00,0.00,0.00,0.00,0.00,0.00,0.00,0.00,0.00,0.00,0.00,0.00,0.00
20650,DL:0.1.0:AT.1.0.0,2022-3-4 0:9:48,35.75,0.00,0.00,17.692,0.770,-4.320,13.372,18.462,0.00,0.00,0.00,0.00,0.00,0.00,0.00,0.00,0.00,0.00,0.00,0.00,0.00,0.00,0.00,0.00,0.00
20650,DL:0.1.0:AT.1.0.0,2022-3-4 0:9:53,35.75,0.00,0.00,17.671,0.791,-4.299,13.372,18.462,0.00,0.00,0.00,0.00,0.00,0.00,0.00,0.00,0.00,0.00,0.00,0.00,0.00,0.00,0.00,0.00,0.00
20650,DL:0.1.0:AT.1.0.0,2022-3-4 0:9:58,35.75,0.00,0.00,17.664,0.798,-4.292,13.372,18.462,0.00,0.00,0.00,0.00,0.00,0.00,0.00,0.00,0.00,0.00,0.00,0.00,0.00,0.00,0.00,0.00,0.00
20650,DL:0.1.0:AT.1.0.0,2022-3-4 0:10:3,35.75,0.00,0.00,17.683,0.779,-4.313,13.371,18.462,0.00,0.00,0.00,0.00,0.00,0.00,0.00,0.00,0.00,0.00,0.00,0.00,0.00,0.00,0.00,0.00,0.00
20650,DL:0.1.0:AT.1.0.0,2022-3-4 0:10:9,35.75,0.00,0.00,17.692,0.770,-4.322,13.369,18.462,0.00,0.00,0.00,0.00,0.00,0.00,0.00,0.00,0.00,0.00,0.00,0.00,0.00,0.00,0.00,0.00,0.00
20650,DL:0.1.0:AT.1.0.0,2022-3-4 0:10:14,35.75,0.00,0.00,17.688,0.774,-4.319,13.369,18.462,0.00,0.00,0.00,0.00,0.00,0.00,0.00,0.00,0.00,0.00,0.00,0.00,0.00,0.00,0.00,0.00,0.00
20650,DL:0.1.0:AT.1.0.0,2022-3-4 0:10:19,35.75,0.00,0.00,17.683,0.779,-4.314,13.369,18.462,0.00,0.00,0.00,0.00,0.00,0.00,0.00,0.00,0.00,0.00,0.00,0.00,0.00,0.00,0.00,0.00,0.00
20650,DL:0.1.0:AT.1.0.0,2022-3-4 0:10:26,35.75,0.00,0.00,17.690,0.771,-4.323,13.367,18.462,0.00,0.00,0.00,0.00,0.00,0.00,0.00,0.00,0.00,0.00,0.00,0.00,0.00,0.00,0.00,0.00,0.00
20650,DL:0.1.0:AT.1.0.0,2022-3-4 0:10:36,35.75,0.00,0.00,17.708,0.753,-4.343,13.366,18.462,0.00,0.00,0.00,0.00,0.00,0.00,0.00,0.00,0.00,0.00,0.00,0.00,0.00,0.00,0.00,0.00,0.00
20650,DL:0.1.0:AT.1.0.0,2022-3-4 0:10:41,35.75,0.00,0.00,17.692,0.770,-4.326,13.366,18.462,0.00,0.00,0.00,0.00,0.00,0.00,0.00,0.00,0.00,0.00,0.00,0.00,0.00,0.00,0.00,0.00,0.00
20650,DL:0.1.0:AT.1.0.0,2022-3-4 0:10:46,35.75,0.00,0.00,17.711,0.751,-4.346,13.365,18.462,0.00,0.00,0.00,0.00,0.00,0.00,0.00,0.00,0.00,0.00,0.00,0.00,0.00,0.00,0.00,0.00,0.00
20650,DL:0.1.0:AT.1.0.0,2022-3-4 0:10:53,35.75,0.00,0.00,17.728,0.734,-4.363,13.365,18.462,0.00,0.00,0.00,0.00,0.00,0.00,0.00,0.00,0.00,0.00,0.00,0.00,0.00,0.00,0.00,0.00,0.00
20650,DL:0.1.0:AT.1.0.0,2022-3-4 0:10:58,35.75,0.00,0.00,17.693,0.770,-4.329,13.363,18.463,0.00,0.00,0.00,0.00,0.00,0.00,0.00,0.00,0.00,0.00,0.00,0.00,0.00,0.00,0.00,0.00,0.00
20650,DL:0.1.0:AT.1.0.0,2022-3-4 0:11:4,35.75,0.00,0.00,17.676,0.777,-4.313,13.363,18.453,0.00,0.00,0.00,0.00,0.00,0.00,0.00,0.00,0.00,0.00,0.00,0.00,0.00,0.00,0.00,0.00,0.00
20650,DL:0.1.0:AT.1.0.0,2022-3-4 0:11:10,35.75,0.00,0.00,17.681,0.753,-4.319,13.362,18.434,0.00,0.00,0.00,0.00,0.00,0.00,0.00,0.00,0.00,0.00,0.00,0.00,0.00,0.00,0.00,0.00,0.00
20650,DL:0.1.0:AT.1.0.0,2022-3-4 0:11:17,35.75,0.00,0.00,17.636,0.795,-4.275,13.361,18.432,0.00,0.00,0.00,0.00,0.00,0.00,0.00,0.00,0.00,0.00,0.00,0.00,0.00,0.00,0.00,0.00,0.00
20650,DL:0.1.0:AT.1.0.0,2022-3-4 0:11:24,35.75,0.00,0.00,17.641,0.789,-4.280,13.361,18.431,0.00,0.00,0.00,0.00,0.00,0.00,0.00,0.00,0.00,0.00,0.00,0.00,0.00,0.00,0.00,0.00,0.00
20650,DL:0.1.0:AT.1.0.0,2022-3-4 0:11:31,35.75,0.00,0.00,17.662,0.769,-4.302,13.360,18.431,0.00,0.00,0.00,0.00,0.00,0.00,0.00,0.00,0.00,0.00,0.00,0.00,0.00,0.00,0.00,0.00,0.00
20650,DL:0.1.0:AT.1.0.0,2022-3-4 0:11:38,35.75,0.00,0.00,17.670,0.759,-4.311,13.359,18.429,0.00,0.00,0.00,0.00,0.00,0.00,0.00,0.00,0.00,0.00,0.00,0.00,0.00,0.00,0.00,0.00,0.00
20650,DL:0.1.0:AT.1.0.0,2022-3-4 0:11:44,35.75,0.00,0.00,17.676,0.753,-4.319,13.357,18.429,0.00,0.00,0.00,0.00,0.00,0.00,0.00,0.00,0.00,0.00,0.00,0.00,0.00,0.00,0.00,0.00,0.00
20650,DL:0.1.0:AT.1.0.0,2022-3-4 0:11:51,35.75,0.00,0.00,17.663,0.768,-4.305,13.357,18.431,0.00,0.00,0.00,0.00,0.00,0.00,0.00,0.00,0.00,0.00,0.00,0.00,0.00,0.00,0.00,0.00,0.00
20650,DL:0.1.0:AT.1.0.0,2022-3-4 0:11:58,35.75,0.00,0.00,17.676,0.753,-4.320,13.356,18.429,0.00,0.00,0.00,0.00,0.00,0.00,0.00,0.00,0.00,0.00,0.00,0.00,0.00,0.00,0.00,0.00,0.00
20650,DL:0.1.0:AT.1.0.0,2022-3-4 0:12:6,35.75,0.00,0.00,17.699,0.731,-4.344,13.355,18.429,0.00,0.00,0.00,0.00,0.00,0.00,0.00,0.00,0.00,0.00,0.00,0.00,0.00,0.00,0.00,0.00,0.00
20650,DL:0.1.0:AT.1.0.0,2022-3-4 0:12:12,35.75,0.00,0.00,17.669,0.761,-4.313,13.356,18.429,0.00,0.00,0.00,0.00,0.00,0.00,0.00,0.00,0.00,0.00,0.00,0.00,0.00,0.00,0.00,0.00,0.00
20650,DL:0.1.0:AT.1.0.0,2022-3-4 0:12:18,35.75,0.00,0.00,17.659,0.769,-4.305,13.354,18.428,0.00,0.00,0.00,0.00,0.00,0.00,0.00,0.00,0.00,0.00,0.00,0.00,0.00,0.00,0.00,0.00,0.00
20650,DL:0.1.0:AT.1.0.0,2022-3-4 0:12:23,35.75,0.00,0.00,17.658,0.770,-4.305,13.353,18.428,0.00,0.00,0.00,0.00,0.00,0.00,0.00,0.00,0.00,0.00,0.00,0.00,0.00,0.00,0.00,0.00,0.00
20650,DL:0.1.0:AT.1.0.0,2022-3-4 0:12:29,35.75,0.00,0.00,17.650,0.779,-4.297,13.353,18.428,0.00,0.00,0.00,0.00,0.00,0.00,0.00,0.00,0.00,0.00,0.00,0.00,0.00,0.00,0.00,0.00,0.00
20650,DL:0.1.0:AT.1.0.0,2022-3-4 0:12:34,35.75,0.00,0.00,17.660,0.768,-4.308,13.353,18.428,0.00,0.00,0.00,0.00,0.00,0.00,0.00,0.00,0.00,0.00,0.00,0.00,0.00,0.00,0.00,0.00,0.00
20650,DL:0.1.0:AT.1.0.0,2022-3-4 0:12:39,35.75,0.00,0.00,17.642,0.786,-4.291,13.351,18.428,0.00,0.00,0.00,0.00,0.00,0.00,0.00,0.00,0.00,0.00,0.00,0.00,0.00,0.00,0.00,0.00,0.00
20650,DL:0.1.0:AT.1.0.0,2022-3-4 0:12:44,35.75,0.00,0.00,17.669,0.761,-4.317,13.351,18.429,0.00,0.00,0.00,0.00,0.00,0.00,0.00,0.00,0.00,0.00,0.00,0.00,0.00,0.00,0.00,0.00,0.00
20650,DL:0.1.0:AT.1.0.0,2022-3-4 0:12:49,35.75,0.00,0.00,17.689,0.739,-4.339,13.350,18.428,0.00,0.00,0.00,0.00,0.00,0.00,0.00,0.00,0.00,0.00,0.00,0.00,0.00,0.00,0.00,0.00,0.00
20650,DL:0.1.0:AT.1.0.0,2022-3-4 0:12:56,35.75,0.00,0.00,17.657,0.771,-4.308,13.349,18.428,0.00,0.00,0.00,0.00,0.00,0.00,0.00,0.00,0.00,0.00,0.00,0.00,0.00,0.00,0.00,0.00,0.00
20650,DL:0.1.0:AT.1.0.0,2022-3-4 0:13:1,35.75,0.00,0.00,17.641,0.787,-4.292,13.349,18.428,0.00,0.00,0.00,0.00,0.00,0.00,0.00,0.00,0.00,0.00,0.00,0.00,0.00,0.00,0.00,0.00,0.00
20650,DL:0.1.0:AT.1.0.0,2022-3-4 0:13:7,35.75,0.00,0.00,17.653,0.775,-4.305,13.348,18.428,0.00,0.00,0.00,0.00,0.00,0.00,0.00,0.00,0.00,0.00,0.00,0.00,0.00,0.00,0.00,0.00,0.00
20650,DL:0.1.0:AT.1.0.0,2022-3-4 0:13:12,35.75,0.00,0.00,17.668,0.761,-4.320,13.348,18.428,0.00,0.00,0.00,0.00,0.00,0.00,0.00,0.00,0.00,0.00,0.00,0.00,0.00,0.00,0.00,0.00,0.00
20650,DL:0.1.0:AT.1.0.0,2022-3-4 0:13:20,35.75,0.00,0.00,17.642,0.786,-4.296,13.347,18.428,0.00,0.00,0.00,0.00,0.00,0.00,0.00,0.00,0.00,0.00,0.00,0.00,0.00,0.00,0.00,0.00,0.00
20650,DL:0.1.0:AT.1.0.0,2022-3-4 0:13:25,35.75,0.00,0.00,17.658,0.770,-4.311,13.347,18.428,0.00,0.00,0.00,0.00,0.00,0.00,0.00,0.00,0.00,0.00,0.00,0.00,0.00,0.00,0.00,0.00,0.00
20650,DL:0.1.0:AT.1.0.0,2022-3-4 0:13:30,35.75,0.00,0.00,17.665,0.763,-4.320,13.345,18.428,0.00,0.00,0.00,0.00,0.00,0.00,0.00,0.00,0.00,0.00,0.00,0.00,0.00,0.00,0.00,0.00,0.00
20650,DL:0.1.0:AT.1.0.0,2022-3-4 0:13:38,35.75,0.00,0.00,17.662,0.765,-4.317,13.344,18.427,0.00,0.00,0.00,0.00,0.00,0.00,0.00,0.00,0.00,0.00,0.00,0.00,0.00,0.00,0.00,0.00,0.00
20650,DL:0.1.0:AT.1.0.0,2022-3-4 0:13:43,35.75,0.00,0.00,17.646,0.781,-4.302,13.344,18.427,0.00,0.00,0.00,0.00,0.00,0.00,0.00,0.00,0.00,0.00,0.00,0.00,0.00,0.00,0.00,0.00,0.00
20650,DL:0.1.0:AT.1.0.0,2022-3-4 0:13:51,35.75,0.00,0.00,17.642,0.786,-4.299,13.343,18.428,0.00,0.00,0.00,0.00,0.00,0.00,0.00,0.00,0.00,0.00,0.00,0.00,0.00,0.00,0.00,0.00,0.00
20650,DL:0.1.0:AT.1.0.0,2022-3-4 0:13:56,35.75,0.00,0.00,17.639,0.788,-4.297,13.342,18.427,0.00,0.00,0.00,0.00,0.00,0.00,0.00,0.00,0.00,0.00,0.00,0.00,0.00,0.00,0.00,0.00,0.00
20650,DL:0.1.0:AT.1.0.0,2022-3-4 0:14:1,35.75,0.00,0.00,17.663,0.764,-4.321,13.342,18.427,0.00,0.00,0.00,0.00,0.00,0.00,0.00,0.00,0.00,0.00,0.00,0.00,0.00,0.00,0.00,0.00,0.00
20650,DL:0.1.0:AT.1.0.0,2022-3-4 0:14:6,35.75,0.00,0.00,17.672,0.756,-4.332,13.341,18.428,0.00,0.00,0.00,0.00,0.00,0.00,0.00,0.00,0.00,0.00,0.00,0.00,0.00,0.00,0.00,0.00,0.00
20650,DL:0.1.0:AT.1.0.0,2022-3-4 0:14:11,35.75,0.00,0.00,17.652,0.776,-4.311,13.341,18.428,0.00,0.00,0.00,0.00,0.00,0.00,0.00,0.00,0.00,0.00,0.00,0.00,0.00,0.00,0.00,0.00,0.00
20650,DL:0.1.0:AT.1.0.0,2022-3-4 0:14:18,35.75,0.00,0.00,17.660,0.768,-4.321,13.339,18.428,0.00,0.00,0.00,0.00,0.00,0.00,0.00,0.00,0.00,0.00,0.00,0.00,0.00,0.00,0.00,0.00,0.00
20650,DL:0.1.0:AT.1.0.0,2022-3-4 0:14:23,35.75,0.00,0.00,17.648,0.780,-4.309,13.339,18.428,0.00,0.00,0.00,0.00,0.00,0.00,0.00,0.00,0.00,0.00,0.00,0.00,0.00,0.00,0.00,0.00,0.00
20650,DL:0.1.0:AT.1.0.0,2022-3-4 0:14:28,35.75,0.00,0.00,17.648,0.780,-4.310,13.338,18.428,0.00,0.00,0.00,0.00,0.00,0.00,0.00,0.00,0.00,0.00,0.00,0.00,0.00,0.00,0.00,0.00,0.00
20650,DL:0.1.0:AT.1.0.0,2022-3-4 0:14:35,35.75,0.00,0.00,17.664,0.764,-4.327,13.337,18.428,0.00,0.00,0.00,0.00,0.00,0.00,0.00,0.00,0.00,0.00,0.00,0.00,0.00,0.00,0.00,0.00,0.00
20650,DL:0.1.0:AT.1.0.0,2022-3-4 0:14:42,35.75,0.00,0.00,17.654,0.774,-4.317,13.337,18.428,0.00,0.00,0.00,0.00,0.00,0.00,0.00,0.00,0.00,0.00,0.00,0.00,0.00,0.00,0.00,0.00,0.00
20650,DL:0.1.0:AT.1.0.0,2022-3-4 0:14:49,35.75,0.00,0.00,17.695,0.733,-4.360,13.336,18.428,0.00,0.00,0.00,0.00,0.00,0.00,0.00,0.00,0.00,0.00,0.00,0.00,0.00,0.00,0.00,0.00,0.00
20650,DL:0.1.0:AT.1.0.0,2022-3-4 0:14:54,35.75,0.00,0.00,17.653,0.775,-4.319,13.335,18.428,0.00,0.00,0.00,0.00,0.00,0.00,0.00,0.00,0.00,0.00,0.00,0.00,0.00,0.00,0.00,0.00,0.00
20650,DL:0.1.0:AT.1.0.0,2022-3-4 0:14:59,35.50,0.00,0.00,17.674,0.755,-4.339,13.335,18.428,0.00,0.00,0.00,0.00,0.00,0.00,0.00,0.00,0.00,0.00,0.00,0.00,0.00,0.00,0.00,0.00,0.00
20650,DL:0.1.0:AT.1.0.0,2022-3-4 0:15:6,35.50,0.00,0.00,17.662,0.767,-4.328,13.333,18.428,0.00,0.00,0.00,0.00,0.00,0.00,0.00,0.00,0.00,0.00,0.00,0.00,0.00,0.00,0.00,0.00,0.00
20650,DL:0.1.0:AT.1.0.0,2022-3-4 0:15:13,35.50,0.00,0.00,17.653,0.775,-4.320,13.333,18.428,0.00,0.00,0.00,0.00,0.00,0.00,0.00,0.00,0.00,0.00,0.00,0.00,0.00,0.00,0.00,0.00,0.00
20650,DL:0.1.0:AT.1.0.0,2022-3-4 0:15:19,35.50,0.00,0.00,17.656,0.773,-4.323,13.332,18.428,0.00,0.00,0.00,0.00,0.00,0.00,0.00,0.00,0.00,0.00,0.00,0.00,0.00,0.00,0.00,0.00,0.00
20650,DL:0.1.0:AT.1.0.0,2022-3-4 0:15:26,35.50,0.00,0.00,17.658,0.770,-4.327,13.331,18.428,0.00,0.00,0.00,0.00,0.00,0.00,0.00,0.00,0.00,0.00,0.00,0.00,0.00,0.00,0.00,0.00,0.00
20650,DL:0.1.0:AT.1.0.0,2022-3-4 0:15:31,35.50,0.00,0.00,17.659,0.769,-4.328,13.331,18.428,0.00,0.00,0.00,0.00,0.00,0.00,0.00,0.00,0.00,0.00,0.00,0.00,0.00,0.00,0.00,0.00,0.00
20650,DL:0.1.0:AT.1.0.0,2022-3-4 0:15:36,35.50,0.00,0.00,17.644,0.785,-4.313,13.331,18.428,0.00,0.00,0.00,0.00,0.00,0.00,0.00,0.00,0.00,0.00,0.00,0.00,0.00,0.00,0.00,0.00,0.00
20650,DL:0.1.0:AT.1.0.0,2022-3-4 0:15:45,35.50,0.00,0.00,17.664,0.764,-4.333,13.331,18.428,0.00,0.00,0.00,0.00,0.00,0.00,0.00,0.00,0.00,0.00,0.00,0.00,0.00,0.00,0.00,0.00,0.00
20650,DL:0.1.0:AT.1.0.0,2022-3-4 0:15:50,35.50,0.00,0.00,17.657,0.771,-4.326,13.331,18.428,0.00,0.00,0.00,0.00,0.00,0.00,0.00,0.00,0.00,0.00,0.00,0.00,0.00,0.00,0.00,0.00,0.00
20650,DL:0.1.0:AT.1.0.0,2022-3-4 0:15:57,35.50,0.00,0.00,17.702,0.726,-4.373,13.330,18.428,0.00,0.00,0.00,0.00,0.00,0.00,0.00,0.00,0.00,0.00,0.00,0.00,0.00,0.00,0.00,0.00,0.00
20650,DL:0.1.0:AT.1.0.0,2022-3-4 0:16:4,35.50,0.00,0.00,17.688,0.740,-4.360,13.329,18.428,0.00,0.00,0.00,0.00,0.00,0.00,0.00,0.00,0.00,0.00,0.00,0.00,0.00,0.00,0.00,0.00,0.00
20650,DL:0.1.0:AT.1.0.0,2022-3-4 0:16:9,35.50,0.00,0.00,17.654,0.774,-4.326,13.329,18.428,0.00,0.00,0.00,0.00,0.00,0.00,0.00,0.00,0.00,0.00,0.00,0.00,0.00,0.00,0.00,0.00,0.00
20650,DL:0.1.0:AT.1.0.0,2022-3-4 0:16:14,35.50,0.00,0.00,17.648,0.780,-4.321,13.327,18.428,0.00,0.00,0.00,0.00,0.00,0.00,0.00,0.00,0.00,0.00,0.00,0.00,0.00,0.00,0.00,0.00,0.00
20650,DL:0.1.0:AT.1.0.0,2022-3-4 0:16:21,35.50,0.00,0.00,17.687,0.741,-4.360,13.327,18.428,0.00,0.00,0.00,0.00,0.00,0.00,0.00,0.00,0.00,0.00,0.00,0.00,0.00,0.00,0.00,0.00,0.00
20650,DL:0.1.0:AT.1.0.0,2022-3-4 0:16:26,35.50,0.00,0.00,17.670,0.758,-4.343,13.327,18.428,0.00,0.00,0.00,0.00,0.00,0.00,0.00,0.00,0.00,0.00,0.00,0.00,0.00,0.00,0.00,0.00,0.00
20650,DL:0.1.0:AT.1.0.0,2022-3-4 0:16:31,35.50,0.00,0.00,17.677,0.751,-4.351,13.326,18.428,0.00,0.00,0.00,0.00,0.00,0.00,0.00,0.00,0.00,0.00,0.00,0.00,0.00,0.00,0.00,0.00,0.00
20650,DL:0.1.0:AT.1.0.0,2022-3-4 0:16:38,35.50,0.00,0.00,17.699,0.729,-4.373,13.326,18.428,0.00,0.00,0.00,0.00,0.00,0.00,0.00,0.00,0.00,0.00,0.00,0.00,0.00,0.00,0.00,0.00,0.00
20650,DL:0.1.0:AT.1.0.0,2022-3-4 0:16:43,35.50,0.00,0.00,17.664,0.764,-4.339,13.325,18.428,0.00,0.00,0.00,0.00,0.00,0.00,0.00,0.00,0.00,0.00,0.00,0.00,0.00,0.00,0.00,0.00,0.00
20650,DL:0.1.0:AT.1.0.0,2022-3-4 0:16:48,35.50,0.00,0.00,17.686,0.743,-4.361,13.325,18.428,0.00,0.00,0.00,0.00,0.00,0.00,0.00,0.00,0.00,0.00,0.00,0.00,0.00,0.00,0.00,0.00,0.00
20650,DL:0.1.0:AT.1.0.0,2022-3-4 0:16:55,35.50,0.00,0.00,17.670,0.759,-4.345,13.325,18.429,0.00,0.00,0.00,0.00,0.00,0.00,0.00,0.00,0.00,0.00,0.00,0.00,0.00,0.00,0.00,0.00,0.00
20650,DL:0.1.0:AT.1.0.0,2022-3-4 0:17:1,35.50,0.00,0.00,17.690,0.739,-4.367,13.324,18.429,0.00,0.00,0.00,0.00,0.00,0.00,0.00,0.00,0.00,0.00,0.00,0.00,0.00,0.00,0.00,0.00,0.00
20650,DL:0.1.0:AT.1.0.0,2022-3-4 0:17:8,35.50,0.00,0.00,17.658,0.770,-4.334,13.324,18.428,0.00,0.00,0.00,0.00,0.00,0.00,0.00,0.00,0.00,0.00,0.00,0.00,0.00,0.00,0.00,0.00,0.00
20650,DL:0.1.0:AT.1.0.0,2022-3-4 0:17:16,35.50,0.00,0.00,17.665,0.763,-4.342,13.324,18.428,0.00,0.00,0.00,0.00,0.00,0.00,0.00,0.00,0.00,0.00,0.00,0.00,0.00,0.00,0.00,0.00,0.00
20650,DL:0.1.0:AT.1.0.0,2022-3-4 0:17:22,35.50,0.00,0.00,17.698,0.731,-4.375,13.323,18.428,0.00,0.00,0.00,0.00,0.00,0.00,0.00,0.00,0.00,0.00,0.00,0.00,0.00,0.00,0.00,0.00,0.00
20650,DL:0.1.0:AT.1.0.0,2022-3-4 0:17:29,35.50,0.00,0.00,17.682,0.747,-4.360,13.323,18.429,0.00,0.00,0.00,0.00,0.00,0.00,0.00,0.00,0.00,0.00,0.00,0.00,0.00,0.00,0.00,0.00,0.00
20650,DL:0.1.0:AT.1.0.0,2022-3-4 0:17:34,35.50,0.00,0.00,17.687,0.741,-4.366,13.321,18.428,0.00,0.00,0.00,0.00,0.00,0.00,0.00,0.00,0.00,0.00,0.00,0.00,0.00,0.00,0.00,0.00,0.00
20650,DL:0.1.0:AT.1.0.0,2022-3-4 0:17:39,35.50,0.00,0.00,17.668,0.761,-4.346,13.321,18.428,0.00,0.00,0.00,0.00,0.00,0.00,0.00,0.00,0.00,0.00,0.00,0.00,0.00,0.00,0.00,0.00,0.00
20650,DL:0.1.0:AT.1.0.0,2022-3-4 0:17:47,35.50,0.00,0.00,17.677,0.752,-4.356,13.321,18.429,0.00,0.00,0.00,0.00,0.00,0.00,0.00,0.00,0.00,0.00,0.00,0.00,0.00,0.00,0.00,0.00,0.00
20650,DL:0.1.0:AT.1.0.0,2022-3-4 0:17:53,35.50,0.00,0.00,17.693,0.735,-4.373,13.320,18.428,0.00,0.00,0.00,0.00,0.00,0.00,0.00,0.00,0.00,0.00,0.00,0.00,0.00,0.00,0.00,0.00,0.00
20650,DL:0.1.0:AT.1.0.0,2022-3-4 0:18:3,35.50,0.00,0.00,17.682,0.747,-4.362,13.320,18.429,0.00,0.00,0.00,0.00,0.00,0.00,0.00,0.00,0.00,0.00,0.00,0.00,0.00,0.00,0.00,0.00,0.00
20650,DL:0.1.0:AT.1.0.0,2022-3-4 0:18:8,35.50,0.00,0.00,17.670,0.758,-4.351,13.319,18.428,0.00,0.00,0.00,0.00,0.00,0.00,0.00,0.00,0.00,0.00,0.00,0.00,0.00,0.00,0.00,0.00,0.00
20650,DL:0.1.0:AT.1.0.0,2022-3-4 0:18:15,35.50,0.00,0.00,17.699,0.731,-4.381,13.318,18.429,0.00,0.00,0.00,0.00,0.00,0.00,0.00,0.00,0.00,0.00,0.00,0.00,0.00,0.00,0.00,0.00,0.00
20650,DL:0.1.0:AT.1.0.0,2022-3-4 0:18:20,35.50,0.00,0.00,17.694,0.735,-4.378,13.317,18.429,0.00,0.00,0.00,0.00,0.00,0.00,0.00,0.00,0.00,0.00,0.00,0.00,0.00,0.00,0.00,0.00,0.00
20650,DL:0.1.0:AT.1.0.0,2022-3-4 0:18:25,35.50,0.00,0.00,17.686,0.744,-4.368,13.318,18.429,0.00,0.00,0.00,0.00,0.00,0.00,0.00,0.00,0.00,0.00,0.00,0.00,0.00,0.00,0.00,0.00,0.00
20650,DL:0.1.0:AT.1.0.0,2022-3-4 0:18:30,35.50,0.00,0.00,17.670,0.759,-4.354,13.317,18.429,0.00,0.00,0.00,0.00,0.00,0.00,0.00,0.00,0.00,0.00,0.00,0.00,0.00,0.00,0.00,0.00,0.00
20650,DL:0.1.0:AT.1.0.0,2022-3-4 0:18:35,35.50,0.00,0.00,17.694,0.735,-4.378,13.317,18.429,0.00,0.00,0.00,0.00,0.00,0.00,0.00,0.00,0.00,0.00,0.00,0.00,0.00,0.00,0.00,0.00,0.00
20650,DL:0.1.0:AT.1.0.0,2022-3-4 0:18:40,35.50,0.00,0.00,17.676,0.753,-4.361,13.315,18.429,0.00,0.00,0.00,0.00,0.00,0.00,0.00,0.00,0.00,0.00,0.00,0.00,0.00,0.00,0.00,0.00,0.00
20650,DL:0.1.0:AT.1.0.0,2022-3-4 0:18:45,35.50,0.00,0.00,17.669,0.761,-4.354,13.315,18.429,0.00,0.00,0.00,0.00,0.00,0.00,0.00,0.00,0.00,0.00,0.00,0.00,0.00,0.00,0.00,0.00,0.00
20650,DL:0.1.0:AT.1.0.0,2022-3-4 0:18:50,35.50,0.00,0.00,17.683,0.746,-4.368,13.315,18.429,0.00,0.00,0.00,0.00,0.00,0.00,0.00,0.00,0.00,0.00,0.00,0.00,0.00,0.00,0.00,0.00,0.00
20650,DL:0.1.0:AT.1.0.0,2022-3-4 0:18:55,35.50,0.00,0.00,17.645,0.785,-4.332,13.313,18.429,0.00,0.00,0.00,0.00,0.00,0.00,0.00,0.00,0.00,0.00,0.00,0.00,0.00,0.00,0.00,0.00,0.00
20650,DL:0.1.0:AT.1.0.0,2022-3-4 0:19:2,35.50,0.00,0.00,17.629,0.800,-4.316,13.313,18.429,0.00,0.00,0.00,0.00,0.00,0.00,0.00,0.00,0.00,0.00,0.00,0.00,0.00,0.00,0.00,0.00,0.00
20650,DL:0.1.0:AT.1.0.0,2022-3-4 0:19:8,35.50,0.00,0.00,17.657,0.773,-4.344,13.313,18.429,0.00,0.00,0.00,0.00,0.00,0.00,0.00,0.00,0.00,0.00,0.00,0.00,0.00,0.00,0.00,0.00,0.00
20650,DL:0.1.0:AT.1.0.0,2022-3-4 0:19:13,35.50,0.00,0.00,17.663,0.767,-4.351,13.312,18.429,0.00,0.00,0.00,0.00,0.00,0.00,0.00,0.00,0.00,0.00,0.00,0.00,0.00,0.00,0.00,0.00,0.00
20650,DL:0.1.0:AT.1.0.0,2022-3-4 0:19:18,35.50,0.00,0.00,17.663,0.767,-4.346,13.317,18.429,0.00,0.00,0.00,0.00,0.00,0.00,0.00,0.00,0.00,0.00,0.00,0.00,0.00,0.00,0.00,0.00,0.00
20650,DL:0.1.0:AT.1.0.0,2022-3-4 0:19:26,35.50,0.00,0.00,17.660,0.769,-4.345,13.315,18.429,0.00,0.00,0.00,0.00,0.00,0.00,0.00,0.00,0.00,0.00,0.00,0.00,0.00,0.00,0.00,0.00,0.00
20650,DL:0.1.0:AT.1.0.0,2022-3-4 0:19:33,35.50,0.00,0.00,17.647,0.782,-4.333,13.314,18.429,0.00,0.00,0.00,0.00,0.00,0.00,0.00,0.00,0.00,0.00,0.00,0.00,0.00,0.00,0.00,0.00,0.00
20650,DL:0.1.0:AT.1.0.0,2022-3-4 0:19:39,35.50,0.00,0.00,17.648,0.781,-4.335,13.313,18.429,0.00,0.00,0.00,0.00,0.00,0.00,0.00,0.00,0.00,0.00,0.00,0.00,0.00,0.00,0.00,0.00,0.00
20650,DL:0.1.0:AT.1.0.0,2022-3-4 0:19:51,35.50,0.00,0.00,17.648,0.781,-4.335,13.313,18.429,0.00,0.00,0.00,0.00,0.00,0.00,0.00,0.00,0.00,0.00,0.00,0.00,0.00,0.00,0.00,0.00,0.00
20650,DL:0.1.0:AT.1.0.0,2022-3-4 0:19:57,35.50,0.00,0.00,17.645,0.785,-4.334,13.311,18.429,0.00,0.00,0.00,0.00,0.00,0.00,0.00,0.00,0.00,0.00,0.00,0.00,0.00,0.00,0.00,0.00,0.00
20650,DL:0.1.0:AT.1.0.0,2022-3-4 0:20:3,35.50,0.00,0.00,17.633,0.798,-4.322,13.311,18.431,0.00,0.00,0.00,0.00,0.00,0.00,0.00,0.00,0.00,0.00,0.00,0.00,0.00,0.00,0.00,0.00,0.00
20650,DL:0.1.0:AT.1.0.0,2022-3-4 0:20:10,35.50,0.00,0.00,17.664,0.765,-4.355,13.309,18.429,0.00,0.00,0.00,0.00,0.00,0.00,0.00,0.00,0.00,0.00,0.00,0.00,0.00,0.00,0.00,0.00,0.00
20650,DL:0.1.0:AT.1.0.0,2022-3-4 0:20:19,35.50,0.00,0.00,17.663,0.767,-4.355,13.308,18.429,0.00,0.00,0.00,0.00,0.00,0.00,0.00,0.00,0.00,0.00,0.00,0.00,0.00,0.00,0.00,0.00,0.00
20650,DL:0.1.0:AT.1.0.0,2022-3-4 0:20:27,35.50,0.00,0.00,17.678,0.751,-4.370,13.308,18.429,0.00,0.00,0.00,0.00,0.00,0.00,0.00,0.00,0.00,0.00,0.00,0.00,0.00,0.00,0.00,0.00,0.00
20650,DL:0.1.0:AT.1.0.0,2022-3-4 0:20:34,35.50,0.00,0.00,17.627,0.803,-4.320,13.307,18.429,0.00,0.00,0.00,0.00,0.00,0.00,0.00,0.00,0.00,0.00,0.00,0.00,0.00,0.00,0.00,0.00,0.00
20650,DL:0.1.0:AT.1.0.0,2022-3-4 0:20:41,35.50,0.00,0.00,17.640,0.789,-4.334,13.306,18.429,0.00,0.00,0.00,0.00,0.00,0.00,0.00,0.00,0.00,0.00,0.00,0.00,0.00,0.00,0.00,0.00,0.00
20650,DL:0.1.0:AT.1.0.0,2022-3-4 0:20:49,35.50,0.00,0.00,17.651,0.779,-4.346,13.304,18.429,0.00,0.00,0.00,0.00,0.00,0.00,0.00,0.00,0.00,0.00,0.00,0.00,0.00,0.00,0.00,0.00,0.00
20650,DL:0.1.0:AT.1.0.0,2022-3-4 0:20:55,35.50,0.00,0.00,17.694,0.737,-4.391,13.303,18.431,0.00,0.00,0.00,0.00,0.00,0.00,0.00,0.00,0.00,0.00,0.00,0.00,0.00,0.00,0.00,0.00,0.00
20650,DL:0.1.0:AT.1.0.0,2022-3-4 0:21:2,35.50,0.00,0.00,17.684,0.745,-4.381,13.303,18.429,0.00,0.00,0.00,0.00,0.00,0.00,0.00,0.00,0.00,0.00,0.00,0.00,0.00,0.00,0.00,0.00,0.00
20650,DL:0.1.0:AT.1.0.0,2022-3-4 0:21:7,35.50,0.00,0.00,17.623,0.807,-4.320,13.303,18.431,0.00,0.00,0.00,0.00,0.00,0.00,0.00,0.00,0.00,0.00,0.00,0.00,0.00,0.00,0.00,0.00,0.00
20650,DL:0.1.0:AT.1.0.0,2022-3-4 0:21:13,35.50,0.00,0.00,17.674,0.757,-4.372,13.302,18.431,0.00,0.00,0.00,0.00,0.00,0.00,0.00,0.00,0.00,0.00,0.00,0.00,0.00,0.00,0.00,0.00,0.00
20650,DL:0.1.0:AT.1.0.0,2022-3-4 0:21:19,35.50,0.00,0.00,17.652,0.779,-4.351,13.301,18.431,0.00,0.00,0.00,0.00,0.00,0.00,0.00,0.00,0.00,0.00,0.00,0.00,0.00,0.00,0.00,0.00,0.00
20650,DL:0.1.0:AT.1.0.0,2022-3-4 0:21:25,35.50,0.00,0.00,17.670,0.761,-4.369,13.301,18.431,0.00,0.00,0.00,0.00,0.00,0.00,0.00,0.00,0.00,0.00,0.00,0.00,0.00,0.00,0.00,0.00,0.00
20650,DL:0.1.0:AT.1.0.0,2022-3-4 0:21:30,35.50,0.00,0.00,17.642,0.788,-4.343,13.300,18.431,0.00,0.00,0.00,0.00,0.00,0.00,0.00,0.00,0.00,0.00,0.00,0.00,0.00,0.00,0.00,0.00,0.00
20650,DL:0.1.0:AT.1.0.0,2022-3-4 0:21:35,35.50,0.00,0.00,17.645,0.785,-4.345,13.300,18.429,0.00,0.00,0.00,0.00,0.00,0.00,0.00,0.00,0.00,0.00,0.00,0.00,0.00,0.00,0.00,0.00,0.00
20650,DL:0.1.0:AT.1.0.0,2022-3-4 0:21:40,35.50,0.00,0.00,17.653,0.776,-4.354,13.300,18.429,0.00,0.00,0.00,0.00,0.00,0.00,0.00,0.00,0.00,0.00,0.00,0.00,0.00,0.00,0.00,0.00,0.00
20650,DL:0.1.0:AT.1.0.0,2022-3-4 0:21:46,35.50,0.00,0.00,17.670,0.761,-4.372,13.298,18.431,0.00,0.00,0.00,0.00,0.00,0.00,0.00,0.00,0.00,0.00,0.00,0.00,0.00,0.00,0.00,0.00,0.00
20650,DL:0.1.0:AT.1.0.0,2022-3-4 0:21:54,35.50,0.00,0.00,17.669,0.762,-4.372,13.297,18.431,0.00,0.00,0.00,0.00,0.00,0.00,0.00,0.00,0.00,0.00,0.00,0.00,0.00,0.00,0.00,0.00,0.00
20650,DL:0.1.0:AT.1.0.0,2022-3-4 0:22:0,35.50,0.00,0.00,17.657,0.774,-4.360,13.297,18.431,0.00,0.00,0.00,0.00,0.00,0.00,0.00,0.00,0.00,0.00,0.00,0.00,0.00,0.00,0.00,0.00,0.00
20650,DL:0.1.0:AT.1.0.0,2022-3-4 0:22:7,35.50,0.00,0.00,17.653,0.776,-4.357,13.296,18.429,0.00,0.00,0.00,0.00,0.00,0.00,0.00,0.00,0.00,0.00,0.00,0.00,0.00,0.00,0.00,0.00,0.00
20650,DL:0.1.0:AT.1.0.0,2022-3-4 0:22:14,35.50,0.00,0.00,17.663,0.768,-4.368,13.295,18.431,0.00,0.00,0.00,0.00,0.00,0.00,0.00,0.00,0.00,0.00,0.00,0.00,0.00,0.00,0.00,0.00,0.00
20650,DL:0.1.0:AT.1.0.0,2022-3-4 0:22:19,35.50,0.00,0.00,17.640,0.791,-4.345,13.295,18.431,0.00,0.00,0.00,0.00,0.00,0.00,0.00,0.00,0.00,0.00,0.00,0.00,0.00,0.00,0.00,0.00,0.00
20650,DL:0.1.0:AT.1.0.0,2022-3-4 0:22:25,35.50,0.00,0.00,17.680,0.751,-4.385,13.295,18.431,0.00,0.00,0.00,0.00,0.00,0.00,0.00,0.00,0.00,0.00,0.00,0.00,0.00,0.00,0.00,0.00,0.00
20650,DL:0.1.0:AT.1.0.0,2022-3-4 0:22:31,35.50,0.00,0.00,17.658,0.773,-4.364,13.294,18.431,0.00,0.00,0.00,0.00,0.00,0.00,0.00,0.00,0.00,0.00,0.00,0.00,0.00,0.00,0.00,0.00,0.00
20650,DL:0.1.0:AT.1.0.0,2022-3-4 0:22:38,35.50,0.00,0.00,17.682,0.749,-4.390,13.292,18.431,0.00,0.00,0.00,0.00,0.00,0.00,0.00,0.00,0.00,0.00,0.00,0.00,0.00,0.00,0.00,0.00,0.00
20650,DL:0.1.0:AT.1.0.0,2022-3-4 0:22:45,35.50,0.00,0.00,17.684,0.746,-4.393,13.291,18.431,0.00,0.00,0.00,0.00,0.00,0.00,0.00,0.00,0.00,0.00,0.00,0.00,0.00,0.00,0.00,0.00,0.00
20650,DL:0.1.0:AT.1.0.0,2022-3-4 0:22:53,35.50,0.00,0.00,17.657,0.774,-4.367,13.290,18.431,0.00,0.00,0.00,0.00,0.00,0.00,0.00,0.00,0.00,0.00,0.00,0.00,0.00,0.00,0.00,0.00,0.00
20650,DL:0.1.0:AT.1.0.0,2022-3-4 0:22:58,35.50,0.00,0.00,17.652,0.779,-4.362,13.290,18.431,0.00,0.00,0.00,0.00,0.00,0.00,0.00,0.00,0.00,0.00,0.00,0.00,0.00,0.00,0.00,0.00,0.00
20650,DL:0.1.0:AT.1.0.0,2022-3-4 0:23:5,35.50,0.00,0.00,17.687,0.744,-4.398,13.289,18.431,0.00,0.00,0.00,0.00,0.00,0.00,0.00,0.00,0.00,0.00,0.00,0.00,0.00,0.00,0.00,0.00,0.00
20650,DL:0.1.0:AT.1.0.0,2022-3-4 0:23:12,35.50,0.00,0.00,17.670,0.761,-4.380,13.290,18.431,0.00,0.00,0.00,0.00,0.00,0.00,0.00,0.00,0.00,0.00,0.00,0.00,0.00,0.00,0.00,0.00,0.00
20650,DL:0.1.0:AT.1.0.0,2022-3-4 0:23:19,35.50,0.00,0.00,17.669,0.762,-4.381,13.288,18.431,0.00,0.00,0.00,0.00,0.00,0.00,0.00,0.00,0.00,0.00,0.00,0.00,0.00,0.00,0.00,0.00,0.00
20650,DL:0.1.0:AT.1.0.0,2022-3-4 0:23:24,35.50,0.00,0.00,17.686,0.745,-4.399,13.286,18.431,0.00,0.00,0.00,0.00,0.00,0.00,0.00,0.00,0.00,0.00,0.00,0.00,0.00,0.00,0.00,0.00,0.00
20650,DL:0.1.0:AT.1.0.0,2022-3-4 0:23:33,35.50,0.00,0.00,17.647,0.783,-4.361,13.286,18.431,0.00,0.00,0.00,0.00,0.00,0.00,0.00,0.00,0.00,0.00,0.00,0.00,0.00,0.00,0.00,0.00,0.00
20650,DL:0.1.0:AT.1.0.0,2022-3-4 0:23:40,35.50,0.00,0.00,17.658,0.774,-4.373,13.285,18.432,0.00,0.00,0.00,0.00,0.00,0.00,0.00,0.00,0.00,0.00,0.00,0.00,0.00,0.00,0.00,0.00,0.00
20650,DL:0.1.0:AT.1.0.0,2022-3-4 0:23:46,35.50,0.00,0.00,17.664,0.767,-4.380,13.284,18.431,0.00,0.00,0.00,0.00,0.00,0.00,0.00,0.00,0.00,0.00,0.00,0.00,0.00,0.00,0.00,0.00,0.00
20650,DL:0.1.0:AT.1.0.0,2022-3-4 0:23:54,35.50,0.00,0.00,17.696,0.734,-4.414,13.283,18.431,0.00,0.00,0.00,0.00,0.00,0.00,0.00,0.00,0.00,0.00,0.00,0.00,0.00,0.00,0.00,0.00,0.00
20650,DL:0.1.0:AT.1.0.0,2022-3-4 0:24:0,35.50,0.00,0.00,17.681,0.750,-4.398,13.283,18.431,0.00,0.00,0.00,0.00,0.00,0.00,0.00,0.00,0.00,0.00,0.00,0.00,0.00,0.00,0.00,0.00,0.00
20650,DL:0.1.0:AT.1.0.0,2022-3-4 0:24:7,35.50,0.00,0.00,17.704,0.727,-4.422,13.282,18.431,0.00,0.00,0.00,0.00,0.00,0.00,0.00,0.00,0.00,0.00,0.00,0.00,0.00,0.00,0.00,0.00,0.00
20650,DL:0.1.0:AT.1.0.0,2022-3-4 0:24:14,35.50,0.00,0.00,17.653,0.777,-4.372,13.282,18.431,0.00,0.00,0.00,0.00,0.00,0.00,0.00,0.00,0.00,0.00,0.00,0.00,0.00,0.00,0.00,0.00,0.00
20650,DL:0.1.0:AT.1.0.0,2022-3-4 0:24:21,35.50,0.00,0.00,17.670,0.761,-4.390,13.280,18.431,0.00,0.00,0.00,0.00,0.00,0.00,0.00,0.00,0.00,0.00,0.00,0.00,0.00,0.00,0.00,0.00,0.00
20650,DL:0.1.0:AT.1.0.0,2022-3-4 0:24:26,35.50,0.00,0.00,17.647,0.782,-4.368,13.279,18.429,0.00,0.00,0.00,0.00,0.00,0.00,0.00,0.00,0.00,0.00,0.00,0.00,0.00,0.00,0.00,0.00,0.00
20650,DL:0.1.0:AT.1.0.0,2022-3-4 0:24:31,35.50,0.00,0.00,17.656,0.774,-4.376,13.279,18.429,0.00,0.00,0.00,0.00,0.00,0.00,0.00,0.00,0.00,0.00,0.00,0.00,0.00,0.00,0.00,0.00,0.00
20650,DL:0.1.0:AT.1.0.0,2022-3-4 0:24:38,35.50,0.00,0.00,17.654,0.776,-4.376,13.278,18.431,0.00,0.00,0.00,0.00,0.00,0.00,0.00,0.00,0.00,0.00,0.00,0.00,0.00,0.00,0.00,0.00,0.00
20650,DL:0.1.0:AT.1.0.0,2022-3-4 0:24:43,35.50,0.00,0.00,17.654,0.776,-4.376,13.278,18.431,0.00,0.00,0.00,0.00,0.00,0.00,0.00,0.00,0.00,0.00,0.00,0.00,0.00,0.00,0.00,0.00,0.00
20650,DL:0.1.0:AT.1.0.0,2022-3-4 0:24:48,35.50,0.00,0.00,17.678,0.752,-4.402,13.277,18.431,0.00,0.00,0.00,0.00,0.00,0.00,0.00,0.00,0.00,0.00,0.00,0.00,0.00,0.00,0.00,0.00,0.00
20650,DL:0.1.0:AT.1.0.0,2022-3-4 0:24:57,35.50,0.00,0.00,17.668,0.763,-4.392,13.276,18.431,0.00,0.00,0.00,0.00,0.00,0.00,0.00,0.00,0.00,0.00,0.00,0.00,0.00,0.00,0.00,0.00,0.00
20650,DL:0.1.0:AT.1.0.0,2022-3-4 0:25:2,35.50,0.00,0.00,17.642,0.787,-4.367,13.276,18.429,0.00,0.00,0.00,0.00,0.00,0.00,0.00,0.00,0.00,0.00,0.00,0.00,0.00,0.00,0.00,0.00,0.00
20650,DL:0.1.0:AT.1.0.0,2022-3-4 0:25:7,35.50,0.00,0.00,17.662,0.770,-4.387,13.274,18.432,0.00,0.00,0.00,0.00,0.00,0.00,0.00,0.00,0.00,0.00,0.00,0.00,0.00,0.00,0.00,0.00,0.00
20650,DL:0.1.0:AT.1.0.0,2022-3-4 0:25:12,35.50,0.00,0.00,17.668,0.763,-4.394,13.273,18.431,0.00,0.00,0.00,0.00,0.00,0.00,0.00,0.00,0.00,0.00,0.00,0.00,0.00,0.00,0.00,0.00,0.00
20650,DL:0.1.0:AT.1.0.0,2022-3-4 0:25:19,35.50,0.00,0.00,17.659,0.771,-4.387,13.272,18.431,0.00,0.00,0.00,0.00,0.00,0.00,0.00,0.00,0.00,0.00,0.00,0.00,0.00,0.00,0.00,0.00,0.00
20650,DL:0.1.0:AT.1.0.0,2022-3-4 0:25:27,35.50,0.00,0.00,17.670,0.761,-4.398,13.272,18.431,0.00,0.00,0.00,0.00,0.00,0.00,0.00,0.00,0.00,0.00,0.00,0.00,0.00,0.00,0.00,0.00,0.00
20650,DL:0.1.0:AT.1.0.0,2022-3-4 0:25:32,35.50,0.00,0.00,17.640,0.791,-4.369,13.271,18.431,0.00,0.00,0.00,0.00,0.00,0.00,0.00,0.00,0.00,0.00,0.00,0.00,0.00,0.00,0.00,0.00,0.00
20650,DL:0.1.0:AT.1.0.0,2022-3-4 0:25:39,35.50,0.00,0.00,17.647,0.782,-4.376,13.271,18.429,0.00,0.00,0.00,0.00,0.00,0.00,0.00,0.00,0.00,0.00,0.00,0.00,0.00,0.00,0.00,0.00,0.00
20650,DL:0.1.0:AT.1.0.0,2022-3-4 0:25:46,35.50,0.00,0.00,17.647,0.783,-4.370,13.277,18.431,0.00,0.00,0.00,0.00,0.00,0.00,0.00,0.00,0.00,0.00,0.00,0.00,0.00,0.00,0.00,0.00,0.00
20650,DL:0.1.0:AT.1.0.0,2022-3-4 0:25:53,35.50,0.00,0.00,17.681,0.750,-4.402,13.279,18.431,0.00,0.00,0.00,0.00,0.00,0.00,0.00,0.00,0.00,0.00,0.00,0.00,0.00,0.00,0.00,0.00,0.00
20650,DL:0.1.0:AT.1.0.0,2022-3-4 0:26:1,35.50,0.00,0.00,17.688,0.743,-4.409,13.279,18.431,0.00,0.00,0.00,0.00,0.00,0.00,0.00,0.00,0.00,0.00,0.00,0.00,0.00,0.00,0.00,0.00,0.00
20650,DL:0.1.0:AT.1.0.0,2022-3-4 0:26:7,35.50,0.00,0.00,17.663,0.768,-4.384,13.279,18.431,0.00,0.00,0.00,0.00,0.00,0.00,0.00,0.00,0.00,0.00,0.00,0.00,0.00,0.00,0.00,0.00,0.00
20650,DL:0.1.0:AT.1.0.0,2022-3-4 0:26:13,35.50,0.00,0.00,17.657,0.774,-4.378,13.279,18.431,0.00,0.00,0.00,0.00,0.00,0.00,0.00,0.00,0.00,0.00,0.00,0.00,0.00,0.00,0.00,0.00,0.00
20650,DL:0.1.0:AT.1.0.0,2022-3-4 0:26:20,35.50,0.00,0.00,17.662,0.769,-4.384,13.278,18.431,0.00,0.00,0.00,0.00,0.00,0.00,0.00,0.00,0.00,0.00,0.00,0.00,0.00,0.00,0.00,0.00,0.00
20650,DL:0.1.0:AT.1.0.0,2022-3-4 0:26:27,35.50,0.00,0.00,17.670,0.762,-4.393,13.277,18.432,0.00,0.00,0.00,0.00,0.00,0.00,0.00,0.00,0.00,0.00,0.00,0.00,0.00,0.00,0.00,0.00,0.00
20650,DL:0.1.0:AT.1.0.0,2022-3-4 0:26:32,35.50,0.00,0.00,17.669,0.762,-4.392,13.277,18.431,0.00,0.00,0.00,0.00,0.00,0.00,0.00,0.00,0.00,0.00,0.00,0.00,0.00,0.00,0.00,0.00,0.00
20650,DL:0.1.0:AT.1.0.0,2022-3-4 0:26:37,35.50,0.00,0.00,17.678,0.753,-4.403,13.276,18.432,0.00,0.00,0.00,0.00,0.00,0.00,0.00,0.00,0.00,0.00,0.00,0.00,0.00,0.00,0.00,0.00,0.00
20650,DL:0.1.0:AT.1.0.0,2022-3-4 0:26:44,35.50,0.00,0.00,17.677,0.755,-4.402,13.276,18.432,0.00,0.00,0.00,0.00,0.00,0.00,0.00,0.00,0.00,0.00,0.00,0.00,0.00,0.00,0.00,0.00,0.00
20650,DL:0.1.0:AT.1.0.0,2022-3-4 0:26:51,35.50,0.00,0.00,17.656,0.776,-4.381,13.274,18.432,0.00,0.00,0.00,0.00,0.00,0.00,0.00,0.00,0.00,0.00,0.00,0.00,0.00,0.00,0.00,0.00,0.00
20650,DL:0.1.0:AT.1.0.0,2022-3-4 0:26:58,35.50,0.00,0.00,17.687,0.745,-4.412,13.274,18.432,0.00,0.00,0.00,0.00,0.00,0.00,0.00,0.00,0.00,0.00,0.00,0.00,0.00,0.00,0.00,0.00,0.00
20650,DL:0.1.0:AT.1.0.0,2022-3-4 0:27:3,35.50,0.00,0.00,17.666,0.764,-4.393,13.273,18.431,0.00,0.00,0.00,0.00,0.00,0.00,0.00,0.00,0.00,0.00,0.00,0.00,0.00,0.00,0.00,0.00,0.00
20650,DL:0.1.0:AT.1.0.0,2022-3-4 0:27:8,35.50,0.00,0.00,17.671,0.761,-4.398,13.273,18.432,0.00,0.00,0.00,0.00,0.00,0.00,0.00,0.00,0.00,0.00,0.00,0.00,0.00,0.00,0.00,0.00,0.00
20650,DL:0.1.0:AT.1.0.0,2022-3-4 0:27:15,35.50,0.00,0.00,17.660,0.771,-4.388,13.272,18.432,0.00,0.00,0.00,0.00,0.00,0.00,0.00,0.00,0.00,0.00,0.00,0.00,0.00,0.00,0.00,0.00,0.00
20650,DL:0.1.0:AT.1.0.0,2022-3-4 0:27:20,35.50,0.00,0.00,17.639,0.793,-4.368,13.271,18.432,0.00,0.00,0.00,0.00,0.00,0.00,0.00,0.00,0.00,0.00,0.00,0.00,0.00,0.00,0.00,0.00,0.00
20650,DL:0.1.0:AT.1.0.0,2022-3-4 0:27:25,35.50,0.00,0.00,17.623,0.809,-4.352,13.271,18.432,0.00,0.00,0.00,0.00,0.00,0.00,0.00,0.00,0.00,0.00,0.00,0.00,0.00,0.00,0.00,0.00,0.00
20650,DL:0.1.0:AT.1.0.0,2022-3-4 0:27:34,35.50,0.00,0.00,17.621,0.811,-4.350,13.271,18.432,0.00,0.00,0.00,0.00,0.00,0.00,0.00,0.00,0.00,0.00,0.00,0.00,0.00,0.00,0.00,0.00,0.00
20650,DL:0.1.0:AT.1.0.0,2022-3-4 0:27:39,35.50,0.00,0.00,17.633,0.798,-4.363,13.270,18.431,0.00,0.00,0.00,0.00,0.00,0.00,0.00,0.00,0.00,0.00,0.00,0.00,0.00,0.00,0.00,0.00,0.00
20650,DL:0.1.0:AT.1.0.0,2022-3-4 0:27:44,35.50,0.00,0.00,17.623,0.810,-4.354,13.270,18.433,0.00,0.00,0.00,0.00,0.00,0.00,0.00,0.00,0.00,0.00,0.00,0.00,0.00,0.00,0.00,0.00,0.00
20650,DL:0.1.0:AT.1.0.0,2022-3-4 0:27:49,35.25,0.00,0.00,17.626,0.807,-4.357,13.268,18.433,0.00,0.00,0.00,0.00,0.00,0.00,0.00,0.00,0.00,0.00,0.00,0.00,0.00,0.00,0.00,0.00,0.00
20650,DL:0.1.0:AT.1.0.0,2022-3-4 0:27:56,35.25,0.00,0.00,17.622,0.811,-4.354,13.268,18.433,0.00,0.00,0.00,0.00,0.00,0.00,0.00,0.00,0.00,0.00,0.00,0.00,0.00,0.00,0.00,0.00,0.00
20650,DL:0.1.0:AT.1.0.0,2022-3-4 0:28:1,35.25,0.00,0.00,17.609,0.823,-4.342,13.267,18.432,0.00,0.00,0.00,0.00,0.00,0.00,0.00,0.00,0.00,0.00,0.00,0.00,0.00,0.00,0.00,0.00,0.00
20650,DL:0.1.0:AT.1.0.0,2022-3-4 0:28:6,35.25,0.00,0.00,17.648,0.785,-4.381,13.267,18.433,0.00,0.00,0.00,0.00,0.00,0.00,0.00,0.00,0.00,0.00,0.00,0.00,0.00,0.00,0.00,0.00,0.00
20650,DL:0.1.0:AT.1.0.0,2022-3-4 0:28:13,35.25,0.00,0.00,17.602,0.832,-4.334,13.267,18.433,0.00,0.00,0.00,0.00,0.00,0.00,0.00,0.00,0.00,0.00,0.00,0.00,0.00,0.00,0.00,0.00,0.00
20650,DL:0.1.0:AT.1.0.0,2022-3-4 0:28:20,35.25,0.00,0.00,17.626,0.807,-4.360,13.266,18.433,0.00,0.00,0.00,0.00,0.00,0.00,0.00,0.00,0.00,0.00,0.00,0.00,0.00,0.00,0.00,0.00,0.00
20650,DL:0.1.0:AT.1.0.0,2022-3-4 0:28:25,35.25,0.00,0.00,17.627,0.806,-4.361,13.266,18.433,0.00,0.00,0.00,0.00,0.00,0.00,0.00,0.00,0.00,0.00,0.00,0.00,0.00,0.00,0.00,0.00,0.00
20650,DL:0.1.0:AT.1.0.0,2022-3-4 0:28:30,35.25,0.00,0.00,17.647,0.786,-4.384,13.264,18.433,0.00,0.00,0.00,0.00,0.00,0.00,0.00,0.00,0.00,0.00,0.00,0.00,0.00,0.00,0.00,0.00,0.00
20650,DL:0.1.0:AT.1.0.0,2022-3-4 0:28:37,35.25,0.00,0.00,17.654,0.779,-4.390,13.265,18.433,0.00,0.00,0.00,0.00,0.00,0.00,0.00,0.00,0.00,0.00,0.00,0.00,0.00,0.00,0.00,0.00,0.00
20650,DL:0.1.0:AT.1.0.0,2022-3-4 0:28:42,35.25,0.00,0.00,17.659,0.773,-4.396,13.264,18.432,0.00,0.00,0.00,0.00,0.00,0.00,0.00,0.00,0.00,0.00,0.00,0.00,0.00,0.00,0.00,0.00,0.00
20650,DL:0.1.0:AT.1.0.0,2022-3-4 0:28:48,35.25,0.00,0.00,17.658,0.774,-4.396,13.262,18.432,0.00,0.00,0.00,0.00,0.00,0.00,0.00,0.00,0.00,0.00,0.00,0.00,0.00,0.00,0.00,0.00,0.00
20650,DL:0.1.0:AT.1.0.0,2022-3-4 0:28:54,35.25,0.00,0.00,17.652,0.781,-4.390,13.262,18.433,0.00,0.00,0.00,0.00,0.00,0.00,0.00,0.00,0.00,0.00,0.00,0.00,0.00,0.00,0.00,0.00,0.00
20650,DL:0.1.0:AT.1.0.0,2022-3-4 0:29:1,35.25,0.00,0.00,17.645,0.788,-4.384,13.261,18.433,0.00,0.00,0.00,0.00,0.00,0.00,0.00,0.00,0.00,0.00,0.00,0.00,0.00,0.00,0.00,0.00,0.00
20650,DL:0.1.0:AT.1.0.0,2022-3-4 0:29:8,35.25,0.00,0.00,17.638,0.794,-4.376,13.261,18.432,0.00,0.00,0.00,0.00,0.00,0.00,0.00,0.00,0.00,0.00,0.00,0.00,0.00,0.00,0.00,0.00,0.00
20650,DL:0.1.0:AT.1.0.0,2022-3-4 0:29:15,35.25,0.00,0.00,17.618,0.814,-4.358,13.260,18.432,0.00,0.00,0.00,0.00,0.00,0.00,0.00,0.00,0.00,0.00,0.00,0.00,0.00,0.00,0.00,0.00,0.00
20650,DL:0.1.0:AT.1.0.0,2022-3-4 0:29:21,35.25,0.00,0.00,17.626,0.807,-4.367,13.259,18.433,0.00,0.00,0.00,0.00,0.00,0.00,0.00,0.00,0.00,0.00,0.00,0.00,0.00,0.00,0.00,0.00,0.00
20650,DL:0.1.0:AT.1.0.0,2022-3-4 0:29:28,35.25,0.00,0.00,17.615,0.817,-4.357,13.258,18.432,0.00,0.00,0.00,0.00,0.00,0.00,0.00,0.00,0.00,0.00,0.00,0.00,0.00,0.00,0.00,0.00,0.00
20650,DL:0.1.0:AT.1.0.0,2022-3-4 0:29:39,35.25,0.00,0.00,17.606,0.827,-4.349,13.258,18.433,0.00,0.00,0.00,0.00,0.00,0.00,0.00,0.00,0.00,0.00,0.00,0.00,0.00,0.00,0.00,0.00,0.00
20650,DL:0.1.0:AT.1.0.0,2022-3-4 0:29:45,35.25,0.00,0.00,17.626,0.807,-4.370,13.255,18.433,0.00,0.00,0.00,0.00,0.00,0.00,0.00,0.00,0.00,0.00,0.00,0.00,0.00,0.00,0.00,0.00,0.00
20650,DL:0.1.0:AT.1.0.0,2022-3-4 0:29:52,35.25,0.00,0.00,17.624,0.809,-4.369,13.255,18.433,0.00,0.00,0.00,0.00,0.00,0.00,0.00,0.00,0.00,0.00,0.00,0.00,0.00,0.00,0.00,0.00,0.00
20650,DL:0.1.0:AT.1.0.0,2022-3-4 0:29:57,35.25,0.00,0.00,17.618,0.815,-4.363,13.255,18.433,0.00,0.00,0.00,0.00,0.00,0.00,0.00,0.00,0.00,0.00,0.00,0.00,0.00,0.00,0.00,0.00,0.00
20650,DL:0.1.0:AT.1.0.0,2022-3-4 0:30:2,35.25,0.00,0.00,17.634,0.799,-4.380,13.254,18.433,0.00,0.00,0.00,0.00,0.00,0.00,0.00,0.00,0.00,0.00,0.00,0.00,0.00,0.00,0.00,0.00,0.00
20650,DL:0.1.0:AT.1.0.0,2022-3-4 0:30:7,35.25,0.00,0.00,17.623,0.810,-4.369,13.254,18.433,0.00,0.00,0.00,0.00,0.00,0.00,0.00,0.00,0.00,0.00,0.00,0.00,0.00,0.00,0.00,0.00,0.00
20650,DL:0.1.0:AT.1.0.0,2022-3-4 0:30:12,35.25,0.00,0.00,17.628,0.805,-4.375,13.253,18.433,0.00,0.00,0.00,0.00,0.00,0.00,0.00,0.00,0.00,0.00,0.00,0.00,0.00,0.00,0.00,0.00,0.00
20650,DL:0.1.0:AT.1.0.0,2022-3-4 0:30:17,35.25,0.00,0.00,17.612,0.822,-4.360,13.253,18.434,0.00,0.00,0.00,0.00,0.00,0.00,0.00,0.00,0.00,0.00,0.00,0.00,0.00,0.00,0.00,0.00,0.00
20650,DL:0.1.0:AT.1.0.0,2022-3-4 0:30:23,35.25,0.00,0.00,17.647,0.786,-4.396,13.252,18.433,0.00,0.00,0.00,0.00,0.00,0.00,0.00,0.00,0.00,0.00,0.00,0.00,0.00,0.00,0.00,0.00,0.00
20650,DL:0.1.0:AT.1.0.0,2022-3-4 0:30:30,35.25,0.00,0.00,17.578,0.856,-4.327,13.250,18.433,0.00,0.00,0.00,0.00,0.00,0.00,0.00,0.00,0.00,0.00,0.00,0.00,0.00,0.00,0.00,0.00,0.00
20650,DL:0.1.0:AT.1.0.0,2022-3-4 0:30:38,35.25,0.00,0.00,17.664,0.769,-4.414,13.250,18.433,0.00,0.00,0.00,0.00,0.00,0.00,0.00,0.00,0.00,0.00,0.00,0.00,0.00,0.00,0.00,0.00,0.00
20650,DL:0.1.0:AT.1.0.0,2022-3-4 0:30:43,35.25,0.00,0.00,17.652,0.781,-4.403,13.249,18.433,0.00,0.00,0.00,0.00,0.00,0.00,0.00,0.00,0.00,0.00,0.00,0.00,0.00,0.00,0.00,0.00,0.00
20650,DL:0.1.0:AT.1.0.0,2022-3-4 0:30:50,35.25,0.00,0.00,17.653,0.780,-4.405,13.248,18.433,0.00,0.00,0.00,0.00,0.00,0.00,0.00,0.00,0.00,0.00,0.00,0.00,0.00,0.00,0.00,0.00,0.00
20650,DL:0.1.0:AT.1.0.0,2022-3-4 0:30:57,35.25,0.00,0.00,17.639,0.794,-4.392,13.247,18.433,0.00,0.00,0.00,0.00,0.00,0.00,0.00,0.00,0.00,0.00,0.00,0.00,0.00,0.00,0.00,0.00,0.00
20650,DL:0.1.0:AT.1.0.0,2022-3-4 0:31:4,35.25,0.00,0.00,17.656,0.777,-4.409,13.247,18.433,0.00,0.00,0.00,0.00,0.00,0.00,0.00,0.00,0.00,0.00,0.00,0.00,0.00,0.00,0.00,0.00,0.00
20650,DL:0.1.0:AT.1.0.0,2022-3-4 0:31:12,35.25,0.00,0.00,17.641,0.792,-4.396,13.246,18.433,0.00,0.00,0.00,0.00,0.00,0.00,0.00,0.00,0.00,0.00,0.00,0.00,0.00,0.00,0.00,0.00,0.00
20650,DL:0.1.0:AT.1.0.0,2022-3-4 0:31:18,35.25,0.00,0.00,17.627,0.806,-4.382,13.244,18.433,0.00,0.00,0.00,0.00,0.00,0.00,0.00,0.00,0.00,0.00,0.00,0.00,0.00,0.00,0.00,0.00,0.00
20650,DL:0.1.0:AT.1.0.0,2022-3-4 0:31:25,35.25,0.00,0.00,17.669,0.764,-4.426,13.243,18.433,0.00,0.00,0.00,0.00,0.00,0.00,0.00,0.00,0.00,0.00,0.00,0.00,0.00,0.00,0.00,0.00,0.00
20650,DL:0.1.0:AT.1.0.0,2022-3-4 0:31:32,35.25,0.00,0.00,17.653,0.780,-4.410,13.243,18.433,0.00,0.00,0.00,0.00,0.00,0.00,0.00,0.00,0.00,0.00,0.00,0.00,0.00,0.00,0.00,0.00,0.00
20650,DL:0.1.0:AT.1.0.0,2022-3-4 0:31:43,35.25,0.00,0.00,17.630,0.803,-4.388,13.242,18.433,0.00,0.00,0.00,0.00,0.00,0.00,0.00,0.00,0.00,0.00,0.00,0.00,0.00,0.00,0.00,0.00,0.00
20650,DL:0.1.0:AT.1.0.0,2022-3-4 0:31:49,35.25,0.00,0.00,17.668,0.765,-4.427,13.241,18.433,0.00,0.00,0.00,0.00,0.00,0.00,0.00,0.00,0.00,0.00,0.00,0.00,0.00,0.00,0.00,0.00,0.00
20650,DL:0.1.0:AT.1.0.0,2022-3-4 0:31:56,35.25,0.00,0.00,17.648,0.785,-4.408,13.241,18.433,0.00,0.00,0.00,0.00,0.00,0.00,0.00,0.00,0.00,0.00,0.00,0.00,0.00,0.00,0.00,0.00,0.00
20650,DL:0.1.0:AT.1.0.0,2022-3-4 0:32:2,35.25,0.00,0.00,17.642,0.791,-4.404,13.238,18.433,0.00,0.00,0.00,0.00,0.00,0.00,0.00,0.00,0.00,0.00,0.00,0.00,0.00,0.00,0.00,0.00,0.00
20650,DL:0.1.0:AT.1.0.0,2022-3-4 0:32:14,35.25,0.00,0.00,17.639,0.794,-4.400,13.238,18.433,0.00,0.00,0.00,0.00,0.00,0.00,0.00,0.00,0.00,0.00,0.00,0.00,0.00,0.00,0.00,0.00,0.00
20650,DL:0.1.0:AT.1.0.0,2022-3-4 0:32:19,35.25,0.00,0.00,17.647,0.786,-4.410,13.237,18.433,0.00,0.00,0.00,0.00,0.00,0.00,0.00,0.00,0.00,0.00,0.00,0.00,0.00,0.00,0.00,0.00,0.00
20650,DL:0.1.0:AT.1.0.0,2022-3-4 0:32:26,35.25,0.00,0.00,17.616,0.817,-4.380,13.236,18.433,0.00,0.00,0.00,0.00,0.00,0.00,0.00,0.00,0.00,0.00,0.00,0.00,0.00,0.00,0.00,0.00,0.00
20650,DL:0.1.0:AT.1.0.0,2022-3-4 0:32:33,35.25,0.00,0.00,17.633,0.800,-4.397,13.236,18.433,0.00,0.00,0.00,0.00,0.00,0.00,0.00,0.00,0.00,0.00,0.00,0.00,0.00,0.00,0.00,0.00,0.00
20650,DL:0.1.0:AT.1.0.0,2022-3-4 0:32:40,35.25,0.00,0.00,17.651,0.781,-4.416,13.235,18.432,0.00,0.00,0.00,0.00,0.00,0.00,0.00,0.00,0.00,0.00,0.00,0.00,0.00,0.00,0.00,0.00,0.00
20650,DL:0.1.0:AT.1.0.0,2022-3-4 0:32:45,35.25,0.00,0.00,17.670,0.763,-4.435,13.235,18.433,0.00,0.00,0.00,0.00,0.00,0.00,0.00,0.00,0.00,0.00,0.00,0.00,0.00,0.00,0.00,0.00,0.00
20650,DL:0.1.0:AT.1.0.0,2022-3-4 0:32:50,35.25,0.00,0.00,17.642,0.791,-4.409,13.234,18.433,0.00,0.00,0.00,0.00,0.00,0.00,0.00,0.00,0.00,0.00,0.00,0.00,0.00,0.00,0.00,0.00,0.00
20650,DL:0.1.0:AT.1.0.0,2022-3-4 0:32:57,35.25,0.00,0.00,17.657,0.776,-4.423,13.234,18.433,0.00,0.00,0.00,0.00,0.00,0.00,0.00,0.00,0.00,0.00,0.00,0.00,0.00,0.00,0.00,0.00,0.00
20650,DL:0.1.0:AT.1.0.0,2022-3-4 0:33:4,35.25,0.00,0.00,17.654,0.779,-4.422,13.232,18.433,0.00,0.00,0.00,0.00,0.00,0.00,0.00,0.00,0.00,0.00,0.00,0.00,0.00,0.00,0.00,0.00,0.00
20650,DL:0.1.0:AT.1.0.0,2022-3-4 0:33:9,35.25,0.00,0.00,17.621,0.812,-4.390,13.231,18.433,0.00,0.00,0.00,0.00,0.00,0.00,0.00,0.00,0.00,0.00,0.00,0.00,0.00,0.00,0.00,0.00,0.00
20650,DL:0.1.0:AT.1.0.0,2022-3-4 0:33:18,35.25,0.00,0.00,17.629,0.804,-4.399,13.230,18.433,0.00,0.00,0.00,0.00,0.00,0.00,0.00,0.00,0.00,0.00,0.00,0.00,0.00,0.00,0.00,0.00,0.00
20650,DL:0.1.0:AT.1.0.0,2022-3-4 0:33:24,35.25,0.00,0.00,17.629,0.804,-4.399,13.230,18.433,0.00,0.00,0.00,0.00,0.00,0.00,0.00,0.00,0.00,0.00,0.00,0.00,0.00,0.00,0.00,0.00,0.00
20650,DL:0.1.0:AT.1.0.0,2022-3-4 0:33:31,35.25,0.00,0.00,17.615,0.818,-4.386,13.229,18.433,0.00,0.00,0.00,0.00,0.00,0.00,0.00,0.00,0.00,0.00,0.00,0.00,0.00,0.00,0.00,0.00,0.00
20650,DL:0.1.0:AT.1.0.0,2022-3-4 0:33:36,35.25,0.00,0.00,17.642,0.791,-4.414,13.229,18.433,0.00,0.00,0.00,0.00,0.00,0.00,0.00,0.00,0.00,0.00,0.00,0.00,0.00,0.00,0.00,0.00,0.00
20650,DL:0.1.0:AT.1.0.0,2022-3-4 0:33:41,35.25,0.00,0.00,17.633,0.800,-4.404,13.229,18.433,0.00,0.00,0.00,0.00,0.00,0.00,0.00,0.00,0.00,0.00,0.00,0.00,0.00,0.00,0.00,0.00,0.00
20650,DL:0.1.0:AT.1.0.0,2022-3-4 0:33:49,35.25,0.00,0.00,17.635,0.798,-4.405,13.230,18.433,0.00,0.00,0.00,0.00,0.00,0.00,0.00,0.00,0.00,0.00,0.00,0.00,0.00,0.00,0.00,0.00,0.00
20650,DL:0.1.0:AT.1.0.0,2022-3-4 0:33:55,35.25,0.00,0.00,17.656,0.777,-4.426,13.230,18.433,0.00,0.00,0.00,0.00,0.00,0.00,0.00,0.00,0.00,0.00,0.00,0.00,0.00,0.00,0.00,0.00,0.00
20650,DL:0.1.0:AT.1.0.0,2022-3-4 0:34:1,35.25,0.00,0.00,17.642,0.791,-4.412,13.230,18.433,0.00,0.00,0.00,0.00,0.00,0.00,0.00,0.00,0.00,0.00,0.00,0.00,0.00,0.00,0.00,0.00,0.00
20650,DL:0.1.0:AT.1.0.0,2022-3-4 0:34:6,35.25,0.00,0.00,17.664,0.769,-4.434,13.230,18.433,0.00,0.00,0.00,0.00,0.00,0.00,0.00,0.00,0.00,0.00,0.00,0.00,0.00,0.00,0.00,0.00,0.00
20650,DL:0.1.0:AT.1.0.0,2022-3-4 0:34:12,35.25,0.00,0.00,17.658,0.775,-4.429,13.229,18.433,0.00,0.00,0.00,0.00,0.00,0.00,0.00,0.00,0.00,0.00,0.00,0.00,0.00,0.00,0.00,0.00,0.00
20650,DL:0.1.0:AT.1.0.0,2022-3-4 0:34:17,35.25,0.00,0.00,17.664,0.769,-4.434,13.230,18.433,0.00,0.00,0.00,0.00,0.00,0.00,0.00,0.00,0.00,0.00,0.00,0.00,0.00,0.00,0.00,0.00,0.00
20650,DL:0.1.0:AT.1.0.0,2022-3-4 0:34:23,35.25,0.00,0.00,17.648,0.785,-4.420,13.229,18.433,0.00,0.00,0.00,0.00,0.00,0.00,0.00,0.00,0.00,0.00,0.00,0.00,0.00,0.00,0.00,0.00,0.00
20650,DL:0.1.0:AT.1.0.0,2022-3-4 0:34:28,35.25,0.00,0.00,17.620,0.814,-4.392,13.228,18.433,0.00,0.00,0.00,0.00,0.00,0.00,0.00,0.00,0.00,0.00,0.00,0.00,0.00,0.00,0.00,0.00,0.00
20650,DL:0.1.0:AT.1.0.0,2022-3-4 0:34:33,35.25,0.00,0.00,17.653,0.780,-4.427,13.226,18.433,0.00,0.00,0.00,0.00,0.00,0.00,0.00,0.00,0.00,0.00,0.00,0.00,0.00,0.00,0.00,0.00,0.00
20650,DL:0.1.0:AT.1.0.0,2022-3-4 0:34:39,35.25,0.00,0.00,17.644,0.789,-4.417,13.226,18.433,0.00,0.00,0.00,0.00,0.00,0.00,0.00,0.00,0.00,0.00,0.00,0.00,0.00,0.00,0.00,0.00,0.00
20650,DL:0.1.0:AT.1.0.0,2022-3-4 0:34:50,35.25,0.00,0.00,17.638,0.795,-4.412,13.225,18.433,0.00,0.00,0.00,0.00,0.00,0.00,0.00,0.00,0.00,0.00,0.00,0.00,0.00,0.00,0.00,0.00,0.00
20650,DL:0.1.0:AT.1.0.0,2022-3-4 0:34:56,35.25,0.00,0.00,17.632,0.801,-4.408,13.224,18.433,0.00,0.00,0.00,0.00,0.00,0.00,0.00,0.00,0.00,0.00,0.00,0.00,0.00,0.00,0.00,0.00,0.00
20650,DL:0.1.0:AT.1.0.0,2022-3-4 0:35:3,35.25,0.00,0.00,17.630,0.803,-4.406,13.224,18.433,0.00,0.00,0.00,0.00,0.00,0.00,0.00,0.00,0.00,0.00,0.00,0.00,0.00,0.00,0.00,0.00,0.00
20650,DL:0.1.0:AT.1.0.0,2022-3-4 0:35:10,35.25,0.00,0.00,17.635,0.798,-4.412,13.223,18.433,0.00,0.00,0.00,0.00,0.00,0.00,0.00,0.00,0.00,0.00,0.00,0.00,0.00,0.00,0.00,0.00,0.00
20650,DL:0.1.0:AT.1.0.0,2022-3-4 0:35:15,35.25,0.00,0.00,17.656,0.779,-4.433,13.223,18.434,0.00,0.00,0.00,0.00,0.00,0.00,0.00,0.00,0.00,0.00,0.00,0.00,0.00,0.00,0.00,0.00,0.00
20650,DL:0.1.0:AT.1.0.0,2022-3-4 0:35:20,35.25,0.00,0.00,17.640,0.794,-4.417,13.223,18.434,0.00,0.00,0.00,0.00,0.00,0.00,0.00,0.00,0.00,0.00,0.00,0.00,0.00,0.00,0.00,0.00,0.00
20650,DL:0.1.0:AT.1.0.0,2022-3-4 0:35:27,35.25,0.00,0.00,17.641,0.793,-4.420,13.222,18.434,0.00,0.00,0.00,0.00,0.00,0.00,0.00,0.00,0.00,0.00,0.00,0.00,0.00,0.00,0.00,0.00,0.00
20650,DL:0.1.0:AT.1.0.0,2022-3-4 0:35:34,35.25,0.00,0.00,17.652,0.782,-4.432,13.220,18.434,0.00,0.00,0.00,0.00,0.00,0.00,0.00,0.00,0.00,0.00,0.00,0.00,0.00,0.00,0.00,0.00,0.00
20650,DL:0.1.0:AT.1.0.0,2022-3-4 0:35:39,35.25,0.00,0.00,17.656,0.779,-4.435,13.220,18.434,0.00,0.00,0.00,0.00,0.00,0.00,0.00,0.00,0.00,0.00,0.00,0.00,0.00,0.00,0.00,0.00,0.00
20650,DL:0.1.0:AT.1.0.0,2022-3-4 0:35:44,35.25,0.00,0.00,17.656,0.779,-4.436,13.219,18.434,0.00,0.00,0.00,0.00,0.00,0.00,0.00,0.00,0.00,0.00,0.00,0.00,0.00,0.00,0.00,0.00,0.00
20650,DL:0.1.0:AT.1.0.0,2022-3-4 0:35:51,35.25,0.00,0.00,17.648,0.786,-4.429,13.219,18.434,0.00,0.00,0.00,0.00,0.00,0.00,0.00,0.00,0.00,0.00,0.00,0.00,0.00,0.00,0.00,0.00,0.00
20650,DL:0.1.0:AT.1.0.0,2022-3-4 0:35:58,35.25,0.00,0.00,17.639,0.795,-4.421,13.218,18.434,0.00,0.00,0.00,0.00,0.00,0.00,0.00,0.00,0.00,0.00,0.00,0.00,0.00,0.00,0.00,0.00,0.00
20650,DL:0.1.0:AT.1.0.0,2022-3-4 0:36:5,35.25,0.00,0.00,17.633,0.801,-4.415,13.218,18.434,0.00,0.00,0.00,0.00,0.00,0.00,0.00,0.00,0.00,0.00,0.00,0.00,0.00,0.00,0.00,0.00,0.00
20650,DL:0.1.0:AT.1.0.0,2022-3-4 0:36:12,35.25,0.00,0.00,17.616,0.820,-4.399,13.217,18.435,0.00,0.00,0.00,0.00,0.00,0.00,0.00,0.00,0.00,0.00,0.00,0.00,0.00,0.00,0.00,0.00,0.00
20650,DL:0.1.0:AT.1.0.0,2022-3-4 0:36:21,35.25,0.00,0.00,17.639,0.795,-4.424,13.214,18.434,0.00,0.00,0.00,0.00,0.00,0.00,0.00,0.00,0.00,0.00,0.00,0.00,0.00,0.00,0.00,0.00,0.00
20650,DL:0.1.0:AT.1.0.0,2022-3-4 0:36:26,35.25,0.00,0.00,17.663,0.773,-4.448,13.214,18.435,0.00,0.00,0.00,0.00,0.00,0.00,0.00,0.00,0.00,0.00,0.00,0.00,0.00,0.00,0.00,0.00,0.00
20650,DL:0.1.0:AT.1.0.0,2022-3-4 0:36:31,35.25,0.00,0.00,17.650,0.785,-4.435,13.214,18.434,0.00,0.00,0.00,0.00,0.00,0.00,0.00,0.00,0.00,0.00,0.00,0.00,0.00,0.00,0.00,0.00,0.00
20650,DL:0.1.0:AT.1.0.0,2022-3-4 0:36:36,35.25,0.00,0.00,17.646,0.788,-4.433,13.213,18.434,0.00,0.00,0.00,0.00,0.00,0.00,0.00,0.00,0.00,0.00,0.00,0.00,0.00,0.00,0.00,0.00,0.00
20650,DL:0.1.0:AT.1.0.0,2022-3-4 0:36:41,35.25,0.00,0.00,17.671,0.763,-4.458,13.213,18.434,0.00,0.00,0.00,0.00,0.00,0.00,0.00,0.00,0.00,0.00,0.00,0.00,0.00,0.00,0.00,0.00,0.00
20650,DL:0.1.0:AT.1.0.0,2022-3-4 0:36:47,35.25,0.00,0.00,17.690,0.745,-4.477,13.213,18.435,0.00,0.00,0.00,0.00,0.00,0.00,0.00,0.00,0.00,0.00,0.00,0.00,0.00,0.00,0.00,0.00,0.00
20650,DL:0.1.0:AT.1.0.0,2022-3-4 0:36:52,35.25,0.00,0.00,17.686,0.749,-4.474,13.212,18.434,0.00,0.00,0.00,0.00,0.00,0.00,0.00,0.00,0.00,0.00,0.00,0.00,0.00,0.00,0.00,0.00,0.00
20650,DL:0.1.0:AT.1.0.0,2022-3-4 0:37:0,35.25,0.00,0.00,17.651,0.785,-4.440,13.211,18.435,0.00,0.00,0.00,0.00,0.00,0.00,0.00,0.00,0.00,0.00,0.00,0.00,0.00,0.00,0.00,0.00,0.00
20650,DL:0.1.0:AT.1.0.0,2022-3-4 0:37:7,35.25,0.00,0.00,17.641,0.794,-4.432,13.210,18.435,0.00,0.00,0.00,0.00,0.00,0.00,0.00,0.00,0.00,0.00,0.00,0.00,0.00,0.00,0.00,0.00,0.00
20650,DL:0.1.0:AT.1.0.0,2022-3-4 0:37:12,35.25,0.00,0.00,17.647,0.788,-4.438,13.210,18.435,0.00,0.00,0.00,0.00,0.00,0.00,0.00,0.00,0.00,0.00,0.00,0.00,0.00,0.00,0.00,0.00,0.00
20650,DL:0.1.0:AT.1.0.0,2022-3-4 0:37:17,35.25,0.00,0.00,17.651,0.785,-4.441,13.210,18.435,0.00,0.00,0.00,0.00,0.00,0.00,0.00,0.00,0.00,0.00,0.00,0.00,0.00,0.00,0.00,0.00,0.00
20650,DL:0.1.0:AT.1.0.0,2022-3-4 0:37:24,35.25,0.00,0.00,17.630,0.805,-4.422,13.208,18.435,0.00,0.00,0.00,0.00,0.00,0.00,0.00,0.00,0.00,0.00,0.00,0.00,0.00,0.00,0.00,0.00,0.00
20650,DL:0.1.0:AT.1.0.0,2022-3-4 0:37:31,35.25,0.00,0.00,17.654,0.781,-4.446,13.208,18.435,0.00,0.00,0.00,0.00,0.00,0.00,0.00,0.00,0.00,0.00,0.00,0.00,0.00,0.00,0.00,0.00,0.00
20650,DL:0.1.0:AT.1.0.0,2022-3-4 0:37:38,35.25,0.00,0.00,17.618,0.816,-4.412,13.206,18.434,0.00,0.00,0.00,0.00,0.00,0.00,0.00,0.00,0.00,0.00,0.00,0.00,0.00,0.00,0.00,0.00,0.00
20650,DL:0.1.0:AT.1.0.0,2022-3-4 0:37:45,35.25,0.00,0.00,17.600,0.835,-4.393,13.207,18.435,0.00,0.00,0.00,0.00,0.00,0.00,0.00,0.00,0.00,0.00,0.00,0.00,0.00,0.00,0.00,0.00,0.00
20650,DL:0.1.0:AT.1.0.0,2022-3-4 0:37:56,35.25,0.00,0.00,17.611,0.823,-4.406,13.205,18.434,0.00,0.00,0.00,0.00,0.00,0.00,0.00,0.00,0.00,0.00,0.00,0.00,0.00,0.00,0.00,0.00,0.00
20650,DL:0.1.0:AT.1.0.0,2022-3-4 0:38:2,35.25,0.00,0.00,17.611,0.824,-4.408,13.204,18.435,0.00,0.00,0.00,0.00,0.00,0.00,0.00,0.00,0.00,0.00,0.00,0.00,0.00,0.00,0.00,0.00,0.00
20650,DL:0.1.0:AT.1.0.0,2022-3-4 0:38:9,35.25,0.00,0.00,17.623,0.812,-4.420,13.204,18.435,0.00,0.00,0.00,0.00,0.00,0.00,0.00,0.00,0.00,0.00,0.00,0.00,0.00,0.00,0.00,0.00,0.00
20650,DL:0.1.0:AT.1.0.0,2022-3-4 0:38:16,35.25,0.00,0.00,17.665,0.770,-4.462,13.204,18.435,0.00,0.00,0.00,0.00,0.00,0.00,0.00,0.00,0.00,0.00,0.00,0.00,0.00,0.00,0.00,0.00,0.00
20650,DL:0.1.0:AT.1.0.0,2022-3-4 0:38:27,35.25,0.00,0.00,17.647,0.787,-4.446,13.201,18.434,0.00,0.00,0.00,0.00,0.00,0.00,0.00,0.00,0.00,0.00,0.00,0.00,0.00,0.00,0.00,0.00,0.00
20650,DL:0.1.0:AT.1.0.0,2022-3-4 0:38:33,35.25,0.00,0.00,17.617,0.817,-4.417,13.200,18.434,0.00,0.00,0.00,0.00,0.00,0.00,0.00,0.00,0.00,0.00,0.00,0.00,0.00,0.00,0.00,0.00,0.00
20650,DL:0.1.0:AT.1.0.0,2022-3-4 0:38:40,35.25,0.00,0.00,17.639,0.797,-4.439,13.200,18.435,0.00,0.00,0.00,0.00,0.00,0.00,0.00,0.00,0.00,0.00,0.00,0.00,0.00,0.00,0.00,0.00,0.00
20650,DL:0.1.0:AT.1.0.0,2022-3-4 0:38:49,35.25,0.00,0.00,17.636,0.798,-4.438,13.199,18.434,0.00,0.00,0.00,0.00,0.00,0.00,0.00,0.00,0.00,0.00,0.00,0.00,0.00,0.00,0.00,0.00,0.00
20650,DL:0.1.0:AT.1.0.0,2022-3-4 0:38:55,35.25,0.00,0.00,17.639,0.797,-4.440,13.199,18.435,0.00,0.00,0.00,0.00,0.00,0.00,0.00,0.00,0.00,0.00,0.00,0.00,0.00,0.00,0.00,0.00,0.00
20650,DL:0.1.0:AT.1.0.0,2022-3-4 0:39:0,35.25,0.00,0.00,17.638,0.797,-4.440,13.198,18.434,0.00,0.00,0.00,0.00,0.00,0.00,0.00,0.00,0.00,0.00,0.00,0.00,0.00,0.00,0.00,0.00,0.00
20650,DL:0.1.0:AT.1.0.0,2022-3-4 0:39:7,35.25,0.00,0.00,17.612,0.822,-4.415,13.198,18.434,0.00,0.00,0.00,0.00,0.00,0.00,0.00,0.00,0.00,0.00,0.00,0.00,0.00,0.00,0.00,0.00,0.00
20650,DL:0.1.0:AT.1.0.0,2022-3-4 0:39:14,35.25,0.00,0.00,17.657,0.779,-4.460,13.196,18.435,0.00,0.00,0.00,0.00,0.00,0.00,0.00,0.00,0.00,0.00,0.00,0.00,0.00,0.00,0.00,0.00,0.00
20650,DL:0.1.0:AT.1.0.0,2022-3-4 0:39:21,35.25,0.00,0.00,17.620,0.816,-4.423,13.196,18.435,0.00,0.00,0.00,0.00,0.00,0.00,0.00,0.00,0.00,0.00,0.00,0.00,0.00,0.00,0.00,0.00,0.00
20650,DL:0.1.0:AT.1.0.0,2022-3-4 0:39:26,35.25,0.00,0.00,17.647,0.787,-4.451,13.196,18.434,0.00,0.00,0.00,0.00,0.00,0.00,0.00,0.00,0.00,0.00,0.00,0.00,0.00,0.00,0.00,0.00,0.00
20650,DL:0.1.0:AT.1.0.0,2022-3-4 0:39:31,35.25,0.00,0.00,17.660,0.775,-4.464,13.196,18.435,0.00,0.00,0.00,0.00,0.00,0.00,0.00,0.00,0.00,0.00,0.00,0.00,0.00,0.00,0.00,0.00,0.00
20650,DL:0.1.0:AT.1.0.0,2022-3-4 0:39:38,35.25,0.00,0.00,17.652,0.783,-4.457,13.195,18.435,0.00,0.00,0.00,0.00,0.00,0.00,0.00,0.00,0.00,0.00,0.00,0.00,0.00,0.00,0.00,0.00,0.00
20650,DL:0.1.0:AT.1.0.0,2022-3-4 0:39:45,35.25,0.00,0.00,17.660,0.775,-4.465,13.195,18.435,0.00,0.00,0.00,0.00,0.00,0.00,0.00,0.00,0.00,0.00,0.00,0.00,0.00,0.00,0.00,0.00,0.00
20650,DL:0.1.0:AT.1.0.0,2022-3-4 0:39:52,35.25,0.00,0.00,17.632,0.804,-4.436,13.195,18.435,0.00,0.00,0.00,0.00,0.00,0.00,0.00,0.00,0.00,0.00,0.00,0.00,0.00,0.00,0.00,0.00,0.00
20650,DL:0.1.0:AT.1.0.0,2022-3-4 0:40:0,35.25,0.00,0.00,17.657,0.779,-4.463,13.194,18.435,0.00,0.00,0.00,0.00,0.00,0.00,0.00,0.00,0.00,0.00,0.00,0.00,0.00,0.00,0.00,0.00,0.00
20650,DL:0.1.0:AT.1.0.0,2022-3-4 0:40:5,35.25,0.00,0.00,17.641,0.794,-4.448,13.193,18.435,0.00,0.00,0.00,0.00,0.00,0.00,0.00,0.00,0.00,0.00,0.00,0.00,0.00,0.00,0.00,0.00,0.00
20650,DL:0.1.0:AT.1.0.0,2022-3-4 0:40:12,35.25,0.00,0.00,17.656,0.780,-4.463,13.193,18.435,0.00,0.00,0.00,0.00,0.00,0.00,0.00,0.00,0.00,0.00,0.00,0.00,0.00,0.00,0.00,0.00,0.00
20650,DL:0.1.0:AT.1.0.0,2022-3-4 0:40:19,35.25,0.00,0.00,17.654,0.781,-4.462,13.193,18.435,0.00,0.00,0.00,0.00,0.00,0.00,0.00,0.00,0.00,0.00,0.00,0.00,0.00,0.00,0.00,0.00,0.00
20650,DL:0.1.0:AT.1.0.0,2022-3-4 0:40:24,35.25,0.00,0.00,17.624,0.811,-4.432,13.193,18.435,0.00,0.00,0.00,0.00,0.00,0.00,0.00,0.00,0.00,0.00,0.00,0.00,0.00,0.00,0.00,0.00,0.00
20650,DL:0.1.0:AT.1.0.0,2022-3-4 0:40:29,35.25,0.00,0.00,17.645,0.791,-4.453,13.192,18.435,0.00,0.00,0.00,0.00,0.00,0.00,0.00,0.00,0.00,0.00,0.00,0.00,0.00,0.00,0.00,0.00,0.00
20650,DL:0.1.0:AT.1.0.0,2022-3-4 0:40:34,35.25,0.00,0.00,17.616,0.820,-4.423,13.193,18.435,0.00,0.00,0.00,0.00,0.00,0.00,0.00,0.00,0.00,0.00,0.00,0.00,0.00,0.00,0.00,0.00,0.00
20650,DL:0.1.0:AT.1.0.0,2022-3-4 0:40:39,35.25,0.00,0.00,17.639,0.797,-4.447,13.192,18.435,0.00,0.00,0.00,0.00,0.00,0.00,0.00,0.00,0.00,0.00,0.00,0.00,0.00,0.00,0.00,0.00,0.00
20650,DL:0.1.0:AT.1.0.0,2022-3-4 0:40:44,35.25,0.00,0.00,17.644,0.792,-4.452,13.192,18.435,0.00,0.00,0.00,0.00,0.00,0.00,0.00,0.00,0.00,0.00,0.00,0.00,0.00,0.00,0.00,0.00,0.00
20650,DL:0.1.0:AT.1.0.0,2022-3-4 0:40:50,35.25,0.00,0.00,17.638,0.799,-4.447,13.190,18.437,0.00,0.00,0.00,0.00,0.00,0.00,0.00,0.00,0.00,0.00,0.00,0.00,0.00,0.00,0.00,0.00,0.00
20650,DL:0.1.0:AT.1.0.0,2022-3-4 0:41:2,35.25,0.00,0.00,17.627,0.809,-4.438,13.189,18.435,0.00,0.00,0.00,0.00,0.00,0.00,0.00,0.00,0.00,0.00,0.00,0.00,0.00,0.00,0.00,0.00,0.00
20650,DL:0.1.0:AT.1.0.0,2022-3-4 0:41:7,35.25,0.00,0.00,17.646,0.789,-4.457,13.189,18.435,0.00,0.00,0.00,0.00,0.00,0.00,0.00,0.00,0.00,0.00,0.00,0.00,0.00,0.00,0.00,0.00,0.00
20650,DL:0.1.0:AT.1.0.0,2022-3-4 0:41:14,35.25,0.00,0.00,17.652,0.783,-4.464,13.188,18.435,0.00,0.00,0.00,0.00,0.00,0.00,0.00,0.00,0.00,0.00,0.00,0.00,0.00,0.00,0.00,0.00,0.00
20650,DL:0.1.0:AT.1.0.0,2022-3-4 0:41:21,35.25,0.00,0.00,17.638,0.799,-4.450,13.188,18.437,0.00,0.00,0.00,0.00,0.00,0.00,0.00,0.00,0.00,0.00,0.00,0.00,0.00,0.00,0.00,0.00,0.00
20650,DL:0.1.0:AT.1.0.0,2022-3-4 0:41:28,35.25,0.00,0.00,17.651,0.785,-4.464,13.187,18.435,0.00,0.00,0.00,0.00,0.00,0.00,0.00,0.00,0.00,0.00,0.00,0.00,0.00,0.00,0.00,0.00,0.00
20650,DL:0.1.0:AT.1.0.0,2022-3-4 0:41:33,35.25,0.00,0.00,17.659,0.777,-4.472,13.187,18.437,0.00,0.00,0.00,0.00,0.00,0.00,0.00,0.00,0.00,0.00,0.00,0.00,0.00,0.00,0.00,0.00,0.00
20650,DL:0.1.0:AT.1.0.0,2022-3-4 0:41:38,35.25,0.00,0.00,17.648,0.787,-4.462,13.187,18.435,0.00,0.00,0.00,0.00,0.00,0.00,0.00,0.00,0.00,0.00,0.00,0.00,0.00,0.00,0.00,0.00,0.00
20650,DL:0.1.0:AT.1.0.0,2022-3-4 0:41:45,35.25,0.00,0.00,17.636,0.800,-4.451,13.186,18.437,0.00,0.00,0.00,0.00,0.00,0.00,0.00,0.00,0.00,0.00,0.00,0.00,0.00,0.00,0.00,0.00,0.00
20650,DL:0.1.0:AT.1.0.0,2022-3-4 0:41:52,35.25,0.00,0.00,17.657,0.780,-4.472,13.184,18.437,0.00,0.00,0.00,0.00,0.00,0.00,0.00,0.00,0.00,0.00,0.00,0.00,0.00,0.00,0.00,0.00,0.00
20650,DL:0.1.0:AT.1.0.0,2022-3-4 0:41:59,35.25,0.00,0.00,17.627,0.809,-4.442,13.184,18.435,0.00,0.00,0.00,0.00,0.00,0.00,0.00,0.00,0.00,0.00,0.00,0.00,0.00,0.00,0.00,0.00,0.00
20650,DL:0.1.0:AT.1.0.0,2022-3-4 0:42:5,35.25,0.00,0.00,17.652,0.785,-4.469,13.183,18.437,0.00,0.00,0.00,0.00,0.00,0.00,0.00,0.00,0.00,0.00,0.00,0.00,0.00,0.00,0.00,0.00,0.00
20650,DL:0.1.0:AT.1.0.0,2022-3-4 0:42:12,35.25,0.00,0.00,17.634,0.803,-4.451,13.183,18.437,0.00,0.00,0.00,0.00,0.00,0.00,0.00,0.00,0.00,0.00,0.00,0.00,0.00,0.00,0.00,0.00,0.00
20650,DL:0.1.0:AT.1.0.0,2022-3-4 0:42:19,35.25,0.00,0.00,17.626,0.811,-4.444,13.182,18.437,0.00,0.00,0.00,0.00,0.00,0.00,0.00,0.00,0.00,0.00,0.00,0.00,0.00,0.00,0.00,0.00,0.00
20650,DL:0.1.0:AT.1.0.0,2022-3-4 0:42:26,35.25,0.00,0.00,17.660,0.776,-4.478,13.182,18.437,0.00,0.00,0.00,0.00,0.00,0.00,0.00,0.00,0.00,0.00,0.00,0.00,0.00,0.00,0.00,0.00,0.00
20650,DL:0.1.0:AT.1.0.0,2022-3-4 0:42:31,35.25,0.00,0.00,17.662,0.775,-4.481,13.181,18.437,0.00,0.00,0.00,0.00,0.00,0.00,0.00,0.00,0.00,0.00,0.00,0.00,0.00,0.00,0.00,0.00,0.00
20650,DL:0.1.0:AT.1.0.0,2022-3-4 0:42:36,35.25,0.00,0.00,17.659,0.777,-4.478,13.181,18.437,0.00,0.00,0.00,0.00,0.00,0.00,0.00,0.00,0.00,0.00,0.00,0.00,0.00,0.00,0.00,0.00,0.00
20650,DL:0.1.0:AT.1.0.0,2022-3-4 0:42:43,35.00,0.00,0.00,17.666,0.770,-4.486,13.181,18.437,0.00,0.00,0.00,0.00,0.00,0.00,0.00,0.00,0.00,0.00,0.00,0.00,0.00,0.00,0.00,0.00,0.00
20650,DL:0.1.0:AT.1.0.0,2022-3-4 0:42:50,35.00,0.00,0.00,17.622,0.815,-4.442,13.180,18.437,0.00,0.00,0.00,0.00,0.00,0.00,0.00,0.00,0.00,0.00,0.00,0.00,0.00,0.00,0.00,0.00,0.00
20650,DL:0.1.0:AT.1.0.0,2022-3-4 0:42:57,35.00,0.00,0.00,17.638,0.799,-4.458,13.180,18.437,0.00,0.00,0.00,0.00,0.00,0.00,0.00,0.00,0.00,0.00,0.00,0.00,0.00,0.00,0.00,0.00,0.00
20650,DL:0.1.0:AT.1.0.0,2022-3-4 0:43:5,35.00,0.00,0.00,17.671,0.765,-4.493,13.178,18.437,0.00,0.00,0.00,0.00,0.00,0.00,0.00,0.00,0.00,0.00,0.00,0.00,0.00,0.00,0.00,0.00,0.00
20650,DL:0.1.0:AT.1.0.0,2022-3-4 0:43:10,35.00,0.00,0.00,17.657,0.780,-4.480,13.177,18.437,0.00,0.00,0.00,0.00,0.00,0.00,0.00,0.00,0.00,0.00,0.00,0.00,0.00,0.00,0.00,0.00,0.00
20650,DL:0.1.0:AT.1.0.0,2022-3-4 0:43:15,35.00,0.00,0.00,17.662,0.775,-4.484,13.177,18.437,0.00,0.00,0.00,0.00,0.00,0.00,0.00,0.00,0.00,0.00,0.00,0.00,0.00,0.00,0.00,0.00,0.00
20650,DL:0.1.0:AT.1.0.0,2022-3-4 0:43:21,35.00,0.00,0.00,17.633,0.804,-4.457,13.176,18.437,0.00,0.00,0.00,0.00,0.00,0.00,0.00,0.00,0.00,0.00,0.00,0.00,0.00,0.00,0.00,0.00,0.00
20650,DL:0.1.0:AT.1.0.0,2022-3-4 0:43:27,35.00,0.00,0.00,17.652,0.785,-4.476,13.176,18.437,0.00,0.00,0.00,0.00,0.00,0.00,0.00,0.00,0.00,0.00,0.00,0.00,0.00,0.00,0.00,0.00,0.00
20650,DL:0.1.0:AT.1.0.0,2022-3-4 0:43:36,35.00,0.00,0.00,17.642,0.795,-4.468,13.175,18.438,0.00,0.00,0.00,0.00,0.00,0.00,0.00,0.00,0.00,0.00,0.00,0.00,0.00,0.00,0.00,0.00,0.00
20650,DL:0.1.0:AT.1.0.0,2022-3-4 0:43:41,35.00,0.00,0.00,17.663,0.774,-4.488,13.175,18.437,0.00,0.00,0.00,0.00,0.00,0.00,0.00,0.00,0.00,0.00,0.00,0.00,0.00,0.00,0.00,0.00,0.00
20650,DL:0.1.0:AT.1.0.0,2022-3-4 0:43:48,35.00,0.00,0.00,17.669,0.768,-4.495,13.174,18.437,0.00,0.00,0.00,0.00,0.00,0.00,0.00,0.00,0.00,0.00,0.00,0.00,0.00,0.00,0.00,0.00,0.00
20650,DL:0.1.0:AT.1.0.0,2022-3-4 0:43:55,35.00,0.00,0.00,17.639,0.798,-4.466,13.172,18.437,0.00,0.00,0.00,0.00,0.00,0.00,0.00,0.00,0.00,0.00,0.00,0.00,0.00,0.00,0.00,0.00,0.00
20650,DL:0.1.0:AT.1.0.0,2022-3-4 0:44:0,35.00,0.00,0.00,17.672,0.764,-4.501,13.171,18.437,0.00,0.00,0.00,0.00,0.00,0.00,0.00,0.00,0.00,0.00,0.00,0.00,0.00,0.00,0.00,0.00,0.00
20650,DL:0.1.0:AT.1.0.0,2022-3-4 0:44:6,35.00,0.00,0.00,17.657,0.780,-4.486,13.171,18.437,0.00,0.00,0.00,0.00,0.00,0.00,0.00,0.00,0.00,0.00,0.00,0.00,0.00,0.00,0.00,0.00,0.00
20650,DL:0.1.0:AT.1.0.0,2022-3-4 0:44:12,35.00,0.00,0.00,17.660,0.776,-4.489,13.171,18.437,0.00,0.00,0.00,0.00,0.00,0.00,0.00,0.00,0.00,0.00,0.00,0.00,0.00,0.00,0.00,0.00,0.00
20650,DL:0.1.0:AT.1.0.0,2022-3-4 0:44:19,35.00,0.00,0.00,17.646,0.791,-4.476,13.170,18.437,0.00,0.00,0.00,0.00,0.00,0.00,0.00,0.00,0.00,0.00,0.00,0.00,0.00,0.00,0.00,0.00,0.00
20650,DL:0.1.0:AT.1.0.0,2022-3-4 0:44:25,35.00,0.00,0.00,17.676,0.761,-4.507,13.169,18.437,0.00,0.00,0.00,0.00,0.00,0.00,0.00,0.00,0.00,0.00,0.00,0.00,0.00,0.00,0.00,0.00,0.00
20650,DL:0.1.0:AT.1.0.0,2022-3-4 0:44:32,35.00,0.00,0.00,17.635,0.801,-4.466,13.169,18.437,0.00,0.00,0.00,0.00,0.00,0.00,0.00,0.00,0.00,0.00,0.00,0.00,0.00,0.00,0.00,0.00,0.00
20650,DL:0.1.0:AT.1.0.0,2022-3-4 0:44:37,35.00,0.00,0.00,17.646,0.791,-4.478,13.168,18.437,0.00,0.00,0.00,0.00,0.00,0.00,0.00,0.00,0.00,0.00,0.00,0.00,0.00,0.00,0.00,0.00,0.00
20650,DL:0.1.0:AT.1.0.0,2022-3-4 0:44:43,35.00,0.00,0.00,17.692,0.745,-4.525,13.166,18.437,0.00,0.00,0.00,0.00,0.00,0.00,0.00,0.00,0.00,0.00,0.00,0.00,0.00,0.00,0.00,0.00,0.00
20650,DL:0.1.0:AT.1.0.0,2022-3-4 0:44:49,35.00,0.00,0.00,17.654,0.782,-4.488,13.166,18.437,0.00,0.00,0.00,0.00,0.00,0.00,0.00,0.00,0.00,0.00,0.00,0.00,0.00,0.00,0.00,0.00,0.00
20650,DL:0.1.0:AT.1.0.0,2022-3-4 0:44:56,35.00,0.00,0.00,17.635,0.801,-4.470,13.165,18.437,0.00,0.00,0.00,0.00,0.00,0.00,0.00,0.00,0.00,0.00,0.00,0.00,0.00,0.00,0.00,0.00,0.00
20650,DL:0.1.0:AT.1.0.0,2022-3-4 0:45:3,35.00,0.00,0.00,17.680,0.757,-4.515,13.165,18.437,0.00,0.00,0.00,0.00,0.00,0.00,0.00,0.00,0.00,0.00,0.00,0.00,0.00,0.00,0.00,0.00,0.00
20650,DL:0.1.0:AT.1.0.0,2022-3-4 0:45:10,35.00,0.00,0.00,17.665,0.771,-4.501,13.164,18.437,0.00,0.00,0.00,0.00,0.00,0.00,0.00,0.00,0.00,0.00,0.00,0.00,0.00,0.00,0.00,0.00,0.00
20650,DL:0.1.0:AT.1.0.0,2022-3-4 0:45:17,35.00,0.00,0.00,17.647,0.789,-4.483,13.164,18.437,0.00,0.00,0.00,0.00,0.00,0.00,0.00,0.00,0.00,0.00,0.00,0.00,0.00,0.00,0.00,0.00,0.00
20650,DL:0.1.0:AT.1.0.0,2022-3-4 0:45:24,35.00,0.00,0.00,17.651,0.786,-4.488,13.163,18.437,0.00,0.00,0.00,0.00,0.00,0.00,0.00,0.00,0.00,0.00,0.00,0.00,0.00,0.00,0.00,0.00,0.00
20650,DL:0.1.0:AT.1.0.0,2022-3-4 0:45:31,35.00,0.00,0.00,17.630,0.806,-4.469,13.161,18.437,0.00,0.00,0.00,0.00,0.00,0.00,0.00,0.00,0.00,0.00,0.00,0.00,0.00,0.00,0.00,0.00,0.00
20650,DL:0.1.0:AT.1.0.0,2022-3-4 0:45:36,35.00,0.00,0.00,17.633,0.804,-4.472,13.160,18.437,0.00,0.00,0.00,0.00,0.00,0.00,0.00,0.00,0.00,0.00,0.00,0.00,0.00,0.00,0.00,0.00,0.00
20650,DL:0.1.0:AT.1.0.0,2022-3-4 0:45:41,35.00,0.00,0.00,17.652,0.785,-4.492,13.160,18.437,0.00,0.00,0.00,0.00,0.00,0.00,0.00,0.00,0.00,0.00,0.00,0.00,0.00,0.00,0.00,0.00,0.00
20650,DL:0.1.0:AT.1.0.0,2022-3-4 0:45:47,35.00,0.00,0.00,17.672,0.764,-4.513,13.159,18.437,0.00,0.00,0.00,0.00,0.00,0.00,0.00,0.00,0.00,0.00,0.00,0.00,0.00,0.00,0.00,0.00,0.00
20650,DL:0.1.0:AT.1.0.0,2022-3-4 0:45:52,35.00,0.00,0.00,17.641,0.795,-4.482,13.159,18.437,0.00,0.00,0.00,0.00,0.00,0.00,0.00,0.00,0.00,0.00,0.00,0.00,0.00,0.00,0.00,0.00,0.00
20650,DL:0.1.0:AT.1.0.0,2022-3-4 0:45:58,35.00,0.00,0.00,17.618,0.818,-4.460,13.158,18.437,0.00,0.00,0.00,0.00,0.00,0.00,0.00,0.00,0.00,0.00,0.00,0.00,0.00,0.00,0.00,0.00,0.00
20650,DL:0.1.0:AT.1.0.0,2022-3-4 0:46:5,35.00,0.00,0.00,17.653,0.783,-4.497,13.157,18.437,0.00,0.00,0.00,0.00,0.00,0.00,0.00,0.00,0.00,0.00,0.00,0.00,0.00,0.00,0.00,0.00,0.00
20650,DL:0.1.0:AT.1.0.0,2022-3-4 0:46:10,35.00,0.00,0.00,17.638,0.799,-4.481,13.157,18.437,0.00,0.00,0.00,0.00,0.00,0.00,0.00,0.00,0.00,0.00,0.00,0.00,0.00,0.00,0.00,0.00,0.00
20650,DL:0.1.0:AT.1.0.0,2022-3-4 0:46:15,35.00,0.00,0.00,17.653,0.783,-4.498,13.155,18.437,0.00,0.00,0.00,0.00,0.00,0.00,0.00,0.00,0.00,0.00,0.00,0.00,0.00,0.00,0.00,0.00,0.00
20650,DL:0.1.0:AT.1.0.0,2022-3-4 0:46:20,35.00,0.00,0.00,17.676,0.761,-4.521,13.155,18.437,0.00,0.00,0.00,0.00,0.00,0.00,0.00,0.00,0.00,0.00,0.00,0.00,0.00,0.00,0.00,0.00,0.00
20650,DL:0.1.0:AT.1.0.0,2022-3-4 0:46:25,35.00,0.00,0.00,17.646,0.791,-4.492,13.154,18.437,0.00,0.00,0.00,0.00,0.00,0.00,0.00,0.00,0.00,0.00,0.00,0.00,0.00,0.00,0.00,0.00,0.00
20650,DL:0.1.0:AT.1.0.0,2022-3-4 0:46:32,35.00,0.00,0.00,17.639,0.798,-4.486,13.153,18.437,0.00,0.00,0.00,0.00,0.00,0.00,0.00,0.00,0.00,0.00,0.00,0.00,0.00,0.00,0.00,0.00,0.00
20650,DL:0.1.0:AT.1.0.0,2022-3-4 0:46:40,35.00,0.00,0.00,17.642,0.794,-4.489,13.153,18.437,0.00,0.00,0.00,0.00,0.00,0.00,0.00,0.00,0.00,0.00,0.00,0.00,0.00,0.00,0.00,0.00,0.00
20650,DL:0.1.0:AT.1.0.0,2022-3-4 0:46:46,35.00,0.00,0.00,17.630,0.806,-4.477,13.153,18.437,0.00,0.00,0.00,0.00,0.00,0.00,0.00,0.00,0.00,0.00,0.00,0.00,0.00,0.00,0.00,0.00,0.00
20650,DL:0.1.0:AT.1.0.0,2022-3-4 0:46:52,35.00,0.00,0.00,17.642,0.794,-4.491,13.152,18.437,0.00,0.00,0.00,0.00,0.00,0.00,0.00,0.00,0.00,0.00,0.00,0.00,0.00,0.00,0.00,0.00,0.00
20650,DL:0.1.0:AT.1.0.0,2022-3-4 0:46:59,35.00,0.00,0.00,17.640,0.797,-4.489,13.151,18.437,0.00,0.00,0.00,0.00,0.00,0.00,0.00,0.00,0.00,0.00,0.00,0.00,0.00,0.00,0.00,0.00,0.00
20650,DL:0.1.0:AT.1.0.0,2022-3-4 0:47:6,35.00,0.00,0.00,17.647,0.789,-4.497,13.151,18.437,0.00,0.00,0.00,0.00,0.00,0.00,0.00,0.00,0.00,0.00,0.00,0.00,0.00,0.00,0.00,0.00,0.00
20650,DL:0.1.0:AT.1.0.0,2022-3-4 0:47:13,35.00,0.00,0.00,17.615,0.822,-4.465,13.149,18.437,0.00,0.00,0.00,0.00,0.00,0.00,0.00,0.00,0.00,0.00,0.00,0.00,0.00,0.00,0.00,0.00,0.00
20650,DL:0.1.0:AT.1.0.0,2022-3-4 0:47:20,35.00,0.00,0.00,17.627,0.810,-4.478,13.148,18.437,0.00,0.00,0.00,0.00,0.00,0.00,0.00,0.00,0.00,0.00,0.00,0.00,0.00,0.00,0.00,0.00,0.00
20650,DL:0.1.0:AT.1.0.0,2022-3-4 0:47:27,35.00,0.00,0.00,17.651,0.786,-4.504,13.147,18.437,0.00,0.00,0.00,0.00,0.00,0.00,0.00,0.00,0.00,0.00,0.00,0.00,0.00,0.00,0.00,0.00,0.00
20650,DL:0.1.0:AT.1.0.0,2022-3-4 0:47:36,35.00,0.00,0.00,17.618,0.820,-4.472,13.146,18.438,0.00,0.00,0.00,0.00,0.00,0.00,0.00,0.00,0.00,0.00,0.00,0.00,0.00,0.00,0.00,0.00,0.00
20650,DL:0.1.0:AT.1.0.0,2022-3-4 0:47:42,35.00,0.00,0.00,17.653,0.783,-4.507,13.146,18.437,0.00,0.00,0.00,0.00,0.00,0.00,0.00,0.00,0.00,0.00,0.00,0.00,0.00,0.00,0.00,0.00,0.00
20650,DL:0.1.0:AT.1.0.0,2022-3-4 0:47:47,35.00,0.00,0.00,17.642,0.795,-4.497,13.146,18.438,0.00,0.00,0.00,0.00,0.00,0.00,0.00,0.00,0.00,0.00,0.00,0.00,0.00,0.00,0.00,0.00,0.00
20650,DL:0.1.0:AT.1.0.0,2022-3-4 0:47:54,35.00,0.00,0.00,17.641,0.797,-4.497,13.145,18.438,0.00,0.00,0.00,0.00,0.00,0.00,0.00,0.00,0.00,0.00,0.00,0.00,0.00,0.00,0.00,0.00,0.00
20650,DL:0.1.0:AT.1.0.0,2022-3-4 0:48:0,35.00,0.00,0.00,17.670,0.767,-4.528,13.142,18.437,0.00,0.00,0.00,0.00,0.00,0.00,0.00,0.00,0.00,0.00,0.00,0.00,0.00,0.00,0.00,0.00,0.00
20650,DL:0.1.0:AT.1.0.0,2022-3-4 0:48:5,35.00,0.00,0.00,17.671,0.767,-4.529,13.142,18.438,0.00,0.00,0.00,0.00,0.00,0.00,0.00,0.00,0.00,0.00,0.00,0.00,0.00,0.00,0.00,0.00,0.00
20650,DL:0.1.0:AT.1.0.0,2022-3-4 0:48:13,35.00,0.00,0.00,17.664,0.774,-4.522,13.142,18.438,0.00,0.00,0.00,0.00,0.00,0.00,0.00,0.00,0.00,0.00,0.00,0.00,0.00,0.00,0.00,0.00,0.00
20650,DL:0.1.0:AT.1.0.0,2022-3-4 0:48:18,35.00,0.00,0.00,17.668,0.770,-4.527,13.141,18.438,0.00,0.00,0.00,0.00,0.00,0.00,0.00,0.00,0.00,0.00,0.00,0.00,0.00,0.00,0.00,0.00,0.00
20650,DL:0.1.0:AT.1.0.0,2022-3-4 0:48:25,35.00,0.00,0.00,17.653,0.785,-4.513,13.140,18.438,0.00,0.00,0.00,0.00,0.00,0.00,0.00,0.00,0.00,0.00,0.00,0.00,0.00,0.00,0.00,0.00,0.00
20650,DL:0.1.0:AT.1.0.0,2022-3-4 0:48:30,35.00,0.00,0.00,17.663,0.774,-4.523,13.140,18.437,0.00,0.00,0.00,0.00,0.00,0.00,0.00,0.00,0.00,0.00,0.00,0.00,0.00,0.00,0.00,0.00,0.00
20650,DL:0.1.0:AT.1.0.0,2022-3-4 0:48:35,35.00,0.00,0.00,17.654,0.782,-4.516,13.139,18.437,0.00,0.00,0.00,0.00,0.00,0.00,0.00,0.00,0.00,0.00,0.00,0.00,0.00,0.00,0.00,0.00,0.00
20650,DL:0.1.0:AT.1.0.0,2022-3-4 0:48:41,35.00,0.00,0.00,17.672,0.765,-4.535,13.137,18.438,0.00,0.00,0.00,0.00,0.00,0.00,0.00,0.00,0.00,0.00,0.00,0.00,0.00,0.00,0.00,0.00,0.00
20650,DL:0.1.0:AT.1.0.0,2022-3-4 0:48:46,35.00,0.00,0.00,17.638,0.800,-4.500,13.137,18.438,0.00,0.00,0.00,0.00,0.00,0.00,0.00,0.00,0.00,0.00,0.00,0.00,0.00,0.00,0.00,0.00,0.00
20650,DL:0.1.0:AT.1.0.0,2022-3-4 0:48:51,35.00,0.00,0.00,17.645,0.793,-4.507,13.137,18.438,0.00,0.00,0.00,0.00,0.00,0.00,0.00,0.00,0.00,0.00,0.00,0.00,0.00,0.00,0.00,0.00,0.00
20650,DL:0.1.0:AT.1.0.0,2022-3-4 0:48:56,35.00,0.00,0.00,17.662,0.776,-4.525,13.136,18.438,0.00,0.00,0.00,0.00,0.00,0.00,0.00,0.00,0.00,0.00,0.00,0.00,0.00,0.00,0.00,0.00,0.00
20650,DL:0.1.0:AT.1.0.0,2022-3-4 0:49:3,35.00,0.00,0.00,17.634,0.804,-4.499,13.135,18.438,0.00,0.00,0.00,0.00,0.00,0.00,0.00,0.00,0.00,0.00,0.00,0.00,0.00,0.00,0.00,0.00,0.00
20650,DL:0.1.0:AT.1.0.0,2022-3-4 0:49:9,35.00,0.00,0.00,17.640,0.798,-4.506,13.134,18.438,0.00,0.00,0.00,0.00,0.00,0.00,0.00,0.00,0.00,0.00,0.00,0.00,0.00,0.00,0.00,0.00,0.00
20650,DL:0.1.0:AT.1.0.0,2022-3-4 0:49:18,35.00,0.00,0.00,17.636,0.801,-4.503,13.134,18.438,0.00,0.00,0.00,0.00,0.00,0.00,0.00,0.00,0.00,0.00,0.00,0.00,0.00,0.00,0.00,0.00,0.00
20650,DL:0.1.0:AT.1.0.0,2022-3-4 0:49:23,35.00,0.00,0.00,17.629,0.809,-4.497,13.133,18.438,0.00,0.00,0.00,0.00,0.00,0.00,0.00,0.00,0.00,0.00,0.00,0.00,0.00,0.00,0.00,0.00,0.00
20650,DL:0.1.0:AT.1.0.0,2022-3-4 0:49:30,35.00,0.00,0.00,17.648,0.789,-4.517,13.131,18.438,0.00,0.00,0.00,0.00,0.00,0.00,0.00,0.00,0.00,0.00,0.00,0.00,0.00,0.00,0.00,0.00,0.00
20650,DL:0.1.0:AT.1.0.0,2022-3-4 0:49:37,35.00,0.00,0.00,17.620,0.818,-4.488,13.131,18.438,0.00,0.00,0.00,0.00,0.00,0.00,0.00,0.00,0.00,0.00,0.00,0.00,0.00,0.00,0.00,0.00,0.00
20650,DL:0.1.0:AT.1.0.0,2022-3-4 0:49:46,35.00,0.00,0.00,17.650,0.788,-4.519,13.130,18.438,0.00,0.00,0.00,0.00,0.00,0.00,0.00,0.00,0.00,0.00,0.00,0.00,0.00,0.00,0.00,0.00,0.00
20650,DL:0.1.0:AT.1.0.0,2022-3-4 0:49:51,35.00,0.00,0.00,17.633,0.805,-4.503,13.130,18.438,0.00,0.00,0.00,0.00,0.00,0.00,0.00,0.00,0.00,0.00,0.00,0.00,0.00,0.00,0.00,0.00,0.00
20650,DL:0.1.0:AT.1.0.0,2022-3-4 0:49:56,35.00,0.00,0.00,17.666,0.771,-4.536,13.130,18.438,0.00,0.00,0.00,0.00,0.00,0.00,0.00,0.00,0.00,0.00,0.00,0.00,0.00,0.00,0.00,0.00,0.00
20650,DL:0.1.0:AT.1.0.0,2022-3-4 0:50:1,35.00,0.00,0.00,17.659,0.779,-4.530,13.129,18.438,0.00,0.00,0.00,0.00,0.00,0.00,0.00,0.00,0.00,0.00,0.00,0.00,0.00,0.00,0.00,0.00,0.00
20650,DL:0.1.0:AT.1.0.0,2022-3-4 0:50:6,35.00,0.00,0.00,17.641,0.797,-4.513,13.128,18.438,0.00,0.00,0.00,0.00,0.00,0.00,0.00,0.00,0.00,0.00,0.00,0.00,0.00,0.00,0.00,0.00,0.00
20650,DL:0.1.0:AT.1.0.0,2022-3-4 0:50:16,35.00,0.00,0.00,17.638,0.801,-4.511,13.127,18.439,0.00,0.00,0.00,0.00,0.00,0.00,0.00,0.00,0.00,0.00,0.00,0.00,0.00,0.00,0.00,0.00,0.00
20650,DL:0.1.0:AT.1.0.0,2022-3-4 0:50:21,35.00,0.00,0.00,17.636,0.801,-4.510,13.127,18.438,0.00,0.00,0.00,0.00,0.00,0.00,0.00,0.00,0.00,0.00,0.00,0.00,0.00,0.00,0.00,0.00,0.00
20650,DL:0.1.0:AT.1.0.0,2022-3-4 0:50:26,35.00,0.00,0.00,17.636,0.803,-4.510,13.127,18.439,0.00,0.00,0.00,0.00,0.00,0.00,0.00,0.00,0.00,0.00,0.00,0.00,0.00,0.00,0.00,0.00,0.00
20650,DL:0.1.0:AT.1.0.0,2022-3-4 0:50:32,35.00,0.00,0.00,17.648,0.791,-4.523,13.125,18.439,0.00,0.00,0.00,0.00,0.00,0.00,0.00,0.00,0.00,0.00,0.00,0.00,0.00,0.00,0.00,0.00,0.00
20650,DL:0.1.0:AT.1.0.0,2022-3-4 0:50:39,35.00,0.00,0.00,17.657,0.781,-4.533,13.124,18.438,0.00,0.00,0.00,0.00,0.00,0.00,0.00,0.00,0.00,0.00,0.00,0.00,0.00,0.00,0.00,0.00,0.00
20650,DL:0.1.0:AT.1.0.0,2022-3-4 0:50:44,35.00,0.00,0.00,17.668,0.770,-4.543,13.124,18.438,0.00,0.00,0.00,0.00,0.00,0.00,0.00,0.00,0.00,0.00,0.00,0.00,0.00,0.00,0.00,0.00,0.00
20650,DL:0.1.0:AT.1.0.0,2022-3-4 0:50:49,35.00,0.00,0.00,17.677,0.761,-4.554,13.123,18.438,0.00,0.00,0.00,0.00,0.00,0.00,0.00,0.00,0.00,0.00,0.00,0.00,0.00,0.00,0.00,0.00,0.00
20650,DL:0.1.0:AT.1.0.0,2022-3-4 0:50:54,35.00,0.00,0.00,17.688,0.750,-4.565,13.123,18.438,0.00,0.00,0.00,0.00,0.00,0.00,0.00,0.00,0.00,0.00,0.00,0.00,0.00,0.00,0.00,0.00,0.00
20650,DL:0.1.0:AT.1.0.0,2022-3-4 0:50:59,35.00,0.00,0.00,17.670,0.769,-4.548,13.122,18.439,0.00,0.00,0.00,0.00,0.00,0.00,0.00,0.00,0.00,0.00,0.00,0.00,0.00,0.00,0.00,0.00,0.00
20650,DL:0.1.0:AT.1.0.0,2022-3-4 0:51:4,35.00,0.00,0.00,17.665,0.774,-4.545,13.121,18.439,0.00,0.00,0.00,0.00,0.00,0.00,0.00,0.00,0.00,0.00,0.00,0.00,0.00,0.00,0.00,0.00,0.00
20650,DL:0.1.0:AT.1.0.0,2022-3-4 0:51:9,35.00,0.00,0.00,17.669,0.770,-4.548,13.121,18.439,0.00,0.00,0.00,0.00,0.00,0.00,0.00,0.00,0.00,0.00,0.00,0.00,0.00,0.00,0.00,0.00,0.00
20650,DL:0.1.0:AT.1.0.0,2022-3-4 0:51:17,35.00,0.00,0.00,17.665,0.773,-4.546,13.119,18.438,0.00,0.00,0.00,0.00,0.00,0.00,0.00,0.00,0.00,0.00,0.00,0.00,0.00,0.00,0.00,0.00,0.00
20650,DL:0.1.0:AT.1.0.0,2022-3-4 0:51:26,35.00,0.00,0.00,17.653,0.785,-4.534,13.119,18.438,0.00,0.00,0.00,0.00,0.00,0.00,0.00,0.00,0.00,0.00,0.00,0.00,0.00,0.00,0.00,0.00,0.00
20650,DL:0.1.0:AT.1.0.0,2022-3-4 0:51:33,35.00,0.00,0.00,17.653,0.785,-4.535,13.118,18.438,0.00,0.00,0.00,0.00,0.00,0.00,0.00,0.00,0.00,0.00,0.00,0.00,0.00,0.00,0.00,0.00,0.00
20650,DL:0.1.0:AT.1.0.0,2022-3-4 0:51:40,35.00,0.00,0.00,17.658,0.780,-4.541,13.117,18.438,0.00,0.00,0.00,0.00,0.00,0.00,0.00,0.00,0.00,0.00,0.00,0.00,0.00,0.00,0.00,0.00,0.00
20650,DL:0.1.0:AT.1.0.0,2022-3-4 0:51:48,35.00,0.00,0.00,17.645,0.794,-4.523,13.122,18.439,0.00,0.00,0.00,0.00,0.00,0.00,0.00,0.00,0.00,0.00,0.00,0.00,0.00,0.00,0.00,0.00,0.00
20650,DL:0.1.0:AT.1.0.0,2022-3-4 0:51:53,35.00,0.00,0.00,17.646,0.792,-4.525,13.121,18.438,0.00,0.00,0.00,0.00,0.00,0.00,0.00,0.00,0.00,0.00,0.00,0.00,0.00,0.00,0.00,0.00,0.00
20650,DL:0.1.0:AT.1.0.0,2022-3-4 0:52:0,35.00,0.00,0.00,17.632,0.806,-4.512,13.119,18.438,0.00,0.00,0.00,0.00,0.00,0.00,0.00,0.00,0.00,0.00,0.00,0.00,0.00,0.00,0.00,0.00,0.00
20650,DL:0.1.0:AT.1.0.0,2022-3-4 0:52:5,35.00,0.00,0.00,17.645,0.793,-4.525,13.119,18.438,0.00,0.00,0.00,0.00,0.00,0.00,0.00,0.00,0.00,0.00,0.00,0.00,0.00,0.00,0.00,0.00,0.00
20650,DL:0.1.0:AT.1.0.0,2022-3-4 0:52:11,35.00,0.00,0.00,17.638,0.800,-4.519,13.118,18.438,0.00,0.00,0.00,0.00,0.00,0.00,0.00,0.00,0.00,0.00,0.00,0.00,0.00,0.00,0.00,0.00,0.00
20650,DL:0.1.0:AT.1.0.0,2022-3-4 0:52:22,35.00,0.00,0.00,17.680,0.759,-4.563,13.117,18.439,0.00,0.00,0.00,0.00,0.00,0.00,0.00,0.00,0.00,0.00,0.00,0.00,0.00,0.00,0.00,0.00,0.00
20650,DL:0.1.0:AT.1.0.0,2022-3-4 0:52:28,35.00,0.00,0.00,17.662,0.777,-4.546,13.116,18.439,0.00,0.00,0.00,0.00,0.00,0.00,0.00,0.00,0.00,0.00,0.00,0.00,0.00,0.00,0.00,0.00,0.00
20650,DL:0.1.0:AT.1.0.0,2022-3-4 0:52:34,35.00,0.00,0.00,17.616,0.823,-4.500,13.116,18.439,0.00,0.00,0.00,0.00,0.00,0.00,0.00,0.00,0.00,0.00,0.00,0.00,0.00,0.00,0.00,0.00,0.00
20650,DL:0.1.0:AT.1.0.0,2022-3-4 0:52:39,35.00,0.00,0.00,17.633,0.805,-4.518,13.115,18.438,0.00,0.00,0.00,0.00,0.00,0.00,0.00,0.00,0.00,0.00,0.00,0.00,0.00,0.00,0.00,0.00,0.00
20650,DL:0.1.0:AT.1.0.0,2022-3-4 0:52:44,35.00,0.00,0.00,17.653,0.785,-4.539,13.115,18.438,0.00,0.00,0.00,0.00,0.00,0.00,0.00,0.00,0.00,0.00,0.00,0.00,0.00,0.00,0.00,0.00,0.00
20650,DL:0.1.0:AT.1.0.0,2022-3-4 0:52:52,35.00,0.00,0.00,17.654,0.783,-4.541,13.113,18.438,0.00,0.00,0.00,0.00,0.00,0.00,0.00,0.00,0.00,0.00,0.00,0.00,0.00,0.00,0.00,0.00,0.00
20650,DL:0.1.0:AT.1.0.0,2022-3-4 0:52:57,35.00,0.00,0.00,17.672,0.767,-4.559,13.113,18.439,0.00,0.00,0.00,0.00,0.00,0.00,0.00,0.00,0.00,0.00,0.00,0.00,0.00,0.00,0.00,0.00,0.00
20650,DL:0.1.0:AT.1.0.0,2022-3-4 0:53:2,35.00,0.00,0.00,17.636,0.803,-4.524,13.112,18.439,0.00,0.00,0.00,0.00,0.00,0.00,0.00,0.00,0.00,0.00,0.00,0.00,0.00,0.00,0.00,0.00,0.00
20650,DL:0.1.0:AT.1.0.0,2022-3-4 0:53:9,35.00,0.00,0.00,17.652,0.787,-4.540,13.112,18.439,0.00,0.00,0.00,0.00,0.00,0.00,0.00,0.00,0.00,0.00,0.00,0.00,0.00,0.00,0.00,0.00,0.00
20650,DL:0.1.0:AT.1.0.0,2022-3-4 0:53:14,35.00,0.00,0.00,17.617,0.822,-4.506,13.111,18.439,0.00,0.00,0.00,0.00,0.00,0.00,0.00,0.00,0.00,0.00,0.00,0.00,0.00,0.00,0.00,0.00,0.00
20650,DL:0.1.0:AT.1.0.0,2022-3-4 0:53:21,35.00,0.00,0.00,17.640,0.798,-4.530,13.110,18.438,0.00,0.00,0.00,0.00,0.00,0.00,0.00,0.00,0.00,0.00,0.00,0.00,0.00,0.00,0.00,0.00,0.00
20650,DL:0.1.0:AT.1.0.0,2022-3-4 0:53:26,35.00,0.00,0.00,17.648,0.791,-4.539,13.110,18.439,0.00,0.00,0.00,0.00,0.00,0.00,0.00,0.00,0.00,0.00,0.00,0.00,0.00,0.00,0.00,0.00,0.00
20650,DL:0.1.0:AT.1.0.0,2022-3-4 0:53:33,35.00,0.00,0.00,17.665,0.774,-4.557,13.109,18.439,0.00,0.00,0.00,0.00,0.00,0.00,0.00,0.00,0.00,0.00,0.00,0.00,0.00,0.00,0.00,0.00,0.00
20650,DL:0.1.0:AT.1.0.0,2022-3-4 0:53:40,35.00,0.00,0.00,17.665,0.774,-4.557,13.109,18.439,0.00,0.00,0.00,0.00,0.00,0.00,0.00,0.00,0.00,0.00,0.00,0.00,0.00,0.00,0.00,0.00,0.00
20650,DL:0.1.0:AT.1.0.0,2022-3-4 0:53:47,35.00,0.00,0.00,17.665,0.774,-4.558,13.107,18.439,0.00,0.00,0.00,0.00,0.00,0.00,0.00,0.00,0.00,0.00,0.00,0.00,0.00,0.00,0.00,0.00,0.00
20650,DL:0.1.0:AT.1.0.0,2022-3-4 0:53:52,35.00,0.00,0.00,17.648,0.791,-4.542,13.106,18.439,0.00,0.00,0.00,0.00,0.00,0.00,0.00,0.00,0.00,0.00,0.00,0.00,0.00,0.00,0.00,0.00,0.00
20650,DL:0.1.0:AT.1.0.0,2022-3-4 0:53:57,35.00,0.00,0.00,17.636,0.803,-4.530,13.106,18.439,0.00,0.00,0.00,0.00,0.00,0.00,0.00,0.00,0.00,0.00,0.00,0.00,0.00,0.00,0.00,0.00,0.00
20650,DL:0.1.0:AT.1.0.0,2022-3-4 0:54:4,35.00,0.00,0.00,17.610,0.829,-4.505,13.105,18.439,0.00,0.00,0.00,0.00,0.00,0.00,0.00,0.00,0.00,0.00,0.00,0.00,0.00,0.00,0.00,0.00,0.00
20650,DL:0.1.0:AT.1.0.0,2022-3-4 0:54:9,35.00,0.00,0.00,17.644,0.795,-4.540,13.104,18.439,0.00,0.00,0.00,0.00,0.00,0.00,0.00,0.00,0.00,0.00,0.00,0.00,0.00,0.00,0.00,0.00,0.00
20650,DL:0.1.0:AT.1.0.0,2022-3-4 0:54:14,35.00,0.00,0.00,17.644,0.795,-4.540,13.104,18.439,0.00,0.00,0.00,0.00,0.00,0.00,0.00,0.00,0.00,0.00,0.00,0.00,0.00,0.00,0.00,0.00,0.00
20650,DL:0.1.0:AT.1.0.0,2022-3-4 0:54:25,35.00,0.00,0.00,17.610,0.829,-4.507,13.103,18.439,0.00,0.00,0.00,0.00,0.00,0.00,0.00,0.00,0.00,0.00,0.00,0.00,0.00,0.00,0.00,0.00,0.00
20650,DL:0.1.0:AT.1.0.0,2022-3-4 0:54:31,35.00,0.00,0.00,17.653,0.786,-4.551,13.103,18.439,0.00,0.00,0.00,0.00,0.00,0.00,0.00,0.00,0.00,0.00,0.00,0.00,0.00,0.00,0.00,0.00,0.00
20650,DL:0.1.0:AT.1.0.0,2022-3-4 0:54:38,35.00,0.00,0.00,17.609,0.830,-4.507,13.101,18.439,0.00,0.00,0.00,0.00,0.00,0.00,0.00,0.00,0.00,0.00,0.00,0.00,0.00,0.00,0.00,0.00,0.00
20650,DL:0.1.0:AT.1.0.0,2022-3-4 0:54:43,35.00,0.00,0.00,17.645,0.794,-4.545,13.100,18.439,0.00,0.00,0.00,0.00,0.00,0.00,0.00,0.00,0.00,0.00,0.00,0.00,0.00,0.00,0.00,0.00,0.00
20650,DL:0.1.0:AT.1.0.0,2022-3-4 0:54:48,35.00,0.00,0.00,17.662,0.777,-4.561,13.100,18.439,0.00,0.00,0.00,0.00,0.00,0.00,0.00,0.00,0.00,0.00,0.00,0.00,0.00,0.00,0.00,0.00,0.00
20650,DL:0.1.0:AT.1.0.0,2022-3-4 0:54:53,35.00,0.00,0.00,17.629,0.811,-4.529,13.100,18.440,0.00,0.00,0.00,0.00,0.00,0.00,0.00,0.00,0.00,0.00,0.00,0.00,0.00,0.00,0.00,0.00,0.00
20650,DL:0.1.0:AT.1.0.0,2022-3-4 0:54:58,35.00,0.00,0.00,17.632,0.807,-4.533,13.099,18.439,0.00,0.00,0.00,0.00,0.00,0.00,0.00,0.00,0.00,0.00,0.00,0.00,0.00,0.00,0.00,0.00,0.00
20650,DL:0.1.0:AT.1.0.0,2022-3-4 0:55:3,35.00,0.00,0.00,17.633,0.806,-4.534,13.099,18.439,0.00,0.00,0.00,0.00,0.00,0.00,0.00,0.00,0.00,0.00,0.00,0.00,0.00,0.00,0.00,0.00,0.00
20650,DL:0.1.0:AT.1.0.0,2022-3-4 0:55:9,35.00,0.00,0.00,17.639,0.800,-4.541,13.098,18.439,0.00,0.00,0.00,0.00,0.00,0.00,0.00,0.00,0.00,0.00,0.00,0.00,0.00,0.00,0.00,0.00,0.00
20650,DL:0.1.0:AT.1.0.0,2022-3-4 0:55:15,35.00,0.00,0.00,17.628,0.811,-4.531,13.097,18.439,0.00,0.00,0.00,0.00,0.00,0.00,0.00,0.00,0.00,0.00,0.00,0.00,0.00,0.00,0.00,0.00,0.00
20650,DL:0.1.0:AT.1.0.0,2022-3-4 0:55:20,35.00,0.00,0.00,17.624,0.815,-4.528,13.097,18.439,0.00,0.00,0.00,0.00,0.00,0.00,0.00,0.00,0.00,0.00,0.00,0.00,0.00,0.00,0.00,0.00,0.00
20650,DL:0.1.0:AT.1.0.0,2022-3-4 0:55:26,35.00,0.00,0.00,17.646,0.793,-4.549,13.097,18.439,0.00,0.00,0.00,0.00,0.00,0.00,0.00,0.00,0.00,0.00,0.00,0.00,0.00,0.00,0.00,0.00,0.00
20650,DL:0.1.0:AT.1.0.0,2022-3-4 0:55:32,34.75,0.00,0.00,17.657,0.782,-4.563,13.094,18.439,0.00,0.00,0.00,0.00,0.00,0.00,0.00,0.00,0.00,0.00,0.00,0.00,0.00,0.00,0.00,0.00,0.00
20650,DL:0.1.0:AT.1.0.0,2022-3-4 0:55:37,34.75,0.00,0.00,17.642,0.797,-4.548,13.094,18.439,0.00,0.00,0.00,0.00,0.00,0.00,0.00,0.00,0.00,0.00,0.00,0.00,0.00,0.00,0.00,0.00,0.00
20650,DL:0.1.0:AT.1.0.0,2022-3-4 0:55:43,34.75,0.00,0.00,17.662,0.777,-4.569,13.093,18.439,0.00,0.00,0.00,0.00,0.00,0.00,0.00,0.00,0.00,0.00,0.00,0.00,0.00,0.00,0.00,0.00,0.00
20650,DL:0.1.0:AT.1.0.0,2022-3-4 0:55:50,34.75,0.00,0.00,17.646,0.794,-4.553,13.093,18.440,0.00,0.00,0.00,0.00,0.00,0.00,0.00,0.00,0.00,0.00,0.00,0.00,0.00,0.00,0.00,0.00,0.00
20650,DL:0.1.0:AT.1.0.0,2022-3-4 0:56:32,34.75,0.00,0.00,17.623,0.815,-4.536,13.087,18.438,0.00,0.00,0.00,0.00,0.00,0.00,0.00,0.00,0.00,0.00,0.00,0.00,0.00,0.00,0.00,0.00,0.00
20650,DL:0.1.0:AT.1.0.0,2022-3-4 0:56:37,34.75,0.00,0.00,17.654,0.783,-4.569,13.086,18.438,0.00,0.00,0.00,0.00,0.00,0.00,0.00,0.00,0.00,0.00,0.00,0.00,0.00,0.00,0.00,0.00,0.00
20650,DL:0.1.0:AT.1.0.0,2022-3-4 0:56:44,34.75,0.00,0.00,17.627,0.811,-4.541,13.086,18.438,0.00,0.00,0.00,0.00,0.00,0.00,0.00,0.00,0.00,0.00,0.00,0.00,0.00,0.00,0.00,0.00,0.00
20650,DL:0.1.0:AT.1.0.0,2022-3-4 0:56:51,34.75,0.00,0.00,17.645,0.793,-4.560,13.085,18.438,0.00,0.00,0.00,0.00,0.00,0.00,0.00,0.00,0.00,0.00,0.00,0.00,0.00,0.00,0.00,0.00,0.00
20650,DL:0.1.0:AT.1.0.0,2022-3-4 0:57:1,34.75,0.00,0.00,17.616,0.823,-4.533,13.083,18.439,0.00,0.00,0.00,0.00,0.00,0.00,0.00,0.00,0.00,0.00,0.00,0.00,0.00,0.00,0.00,0.00,0.00
20650,DL:0.1.0:AT.1.0.0,2022-3-4 0:57:6,34.75,0.00,0.00,17.629,0.810,-4.546,13.083,18.439,0.00,0.00,0.00,0.00,0.00,0.00,0.00,0.00,0.00,0.00,0.00,0.00,0.00,0.00,0.00,0.00,0.00
20650,DL:0.1.0:AT.1.0.0,2022-3-4 0:57:12,34.75,0.00,0.00,17.624,0.814,-4.542,13.082,18.438,0.00,0.00,0.00,0.00,0.00,0.00,0.00,0.00,0.00,0.00,0.00,0.00,0.00,0.00,0.00,0.00,0.00
20650,DL:0.1.0:AT.1.0.0,2022-3-4 0:57:18,34.75,0.00,0.00,17.642,0.797,-4.560,13.082,18.439,0.00,0.00,0.00,0.00,0.00,0.00,0.00,0.00,0.00,0.00,0.00,0.00,0.00,0.00,0.00,0.00,0.00
20650,DL:0.1.0:AT.1.0.0,2022-3-4 0:57:25,34.75,0.00,0.00,17.644,0.794,-4.563,13.081,18.438,0.00,0.00,0.00,0.00,0.00,0.00,0.00,0.00,0.00,0.00,0.00,0.00,0.00,0.00,0.00,0.00,0.00
20650,DL:0.1.0:AT.1.0.0,2022-3-4 0:57:32,34.75,0.00,0.00,17.656,0.783,-4.576,13.080,18.439,0.00,0.00,0.00,0.00,0.00,0.00,0.00,0.00,0.00,0.00,0.00,0.00,0.00,0.00,0.00,0.00,0.00
20650,DL:0.1.0:AT.1.0.0,2022-3-4 0:57:39,34.75,0.00,0.00,17.639,0.800,-4.559,13.080,18.439,0.00,0.00,0.00,0.00,0.00,0.00,0.00,0.00,0.00,0.00,0.00,0.00,0.00,0.00,0.00,0.00,0.00
20650,DL:0.1.0:AT.1.0.0,2022-3-4 0:57:44,34.75,0.00,0.00,17.645,0.794,-4.567,13.077,18.439,0.00,0.00,0.00,0.00,0.00,0.00,0.00,0.00,0.00,0.00,0.00,0.00,0.00,0.00,0.00,0.00,0.00
20650,DL:0.1.0:AT.1.0.0,2022-3-4 0:57:49,34.75,0.00,0.00,17.633,0.806,-4.555,13.077,18.439,0.00,0.00,0.00,0.00,0.00,0.00,0.00,0.00,0.00,0.00,0.00,0.00,0.00,0.00,0.00,0.00,0.00
20650,DL:0.1.0:AT.1.0.0,2022-3-4 0:57:59,34.75,0.00,0.00,17.633,0.806,-4.557,13.076,18.439,0.00,0.00,0.00,0.00,0.00,0.00,0.00,0.00,0.00,0.00,0.00,0.00,0.00,0.00,0.00,0.00,0.00
20650,DL:0.1.0:AT.1.0.0,2022-3-4 0:58:10,34.75,0.00,0.00,17.618,0.821,-4.543,13.075,18.439,0.00,0.00,0.00,0.00,0.00,0.00,0.00,0.00,0.00,0.00,0.00,0.00,0.00,0.00,0.00,0.00,0.00
20650,DL:0.1.0:AT.1.0.0,2022-3-4 0:58:16,34.75,0.00,0.00,17.645,0.794,-4.571,13.074,18.439,0.00,0.00,0.00,0.00,0.00,0.00,0.00,0.00,0.00,0.00,0.00,0.00,0.00,0.00,0.00,0.00,0.00
20650,DL:0.1.0:AT.1.0.0,2022-3-4 0:58:23,34.75,0.00,0.00,17.638,0.801,-4.564,13.074,18.439,0.00,0.00,0.00,0.00,0.00,0.00,0.00,0.00,0.00,0.00,0.00,0.00,0.00,0.00,0.00,0.00,0.00
20650,DL:0.1.0:AT.1.0.0,2022-3-4 0:58:28,34.75,0.00,0.00,17.663,0.776,-4.590,13.073,18.439,0.00,0.00,0.00,0.00,0.00,0.00,0.00,0.00,0.00,0.00,0.00,0.00,0.00,0.00,0.00,0.00,0.00
20650,DL:0.1.0:AT.1.0.0,2022-3-4 0:58:34,34.75,0.00,0.00,17.651,0.788,-4.579,13.071,18.439,0.00,0.00,0.00,0.00,0.00,0.00,0.00,0.00,0.00,0.00,0.00,0.00,0.00,0.00,0.00,0.00,0.00
20650,DL:0.1.0:AT.1.0.0,2022-3-4 0:58:42,34.75,0.00,0.00,17.630,0.809,-4.559,13.071,18.439,0.00,0.00,0.00,0.00,0.00,0.00,0.00,0.00,0.00,0.00,0.00,0.00,0.00,0.00,0.00,0.00,0.00
20650,DL:0.1.0:AT.1.0.0,2022-3-4 0:58:47,34.75,0.00,0.00,17.636,0.803,-4.566,13.070,18.439,0.00,0.00,0.00,0.00,0.00,0.00,0.00,0.00,0.00,0.00,0.00,0.00,0.00,0.00,0.00,0.00,0.00
20650,DL:0.1.0:AT.1.0.0,2022-3-4 0:58:54,34.75,0.00,0.00,17.642,0.797,-4.572,13.070,18.439,0.00,0.00,0.00,0.00,0.00,0.00,0.00,0.00,0.00,0.00,0.00,0.00,0.00,0.00,0.00,0.00,0.00
20650,DL:0.1.0:AT.1.0.0,2022-3-4 0:59:1,34.75,0.00,0.00,17.642,0.797,-4.573,13.069,18.439,0.00,0.00,0.00,0.00,0.00,0.00,0.00,0.00,0.00,0.00,0.00,0.00,0.00,0.00,0.00,0.00,0.00
20650,DL:0.1.0:AT.1.0.0,2022-3-4 0:59:12,34.75,0.00,0.00,17.652,0.787,-4.584,13.068,18.439,0.00,0.00,0.00,0.00,0.00,0.00,0.00,0.00,0.00,0.00,0.00,0.00,0.00,0.00,0.00,0.00,0.00
20650,DL:0.1.0:AT.1.0.0,2022-3-4 0:59:17,34.75,0.00,0.00,17.628,0.811,-4.560,13.068,18.439,0.00,0.00,0.00,0.00,0.00,0.00,0.00,0.00,0.00,0.00,0.00,0.00,0.00,0.00,0.00,0.00,0.00
20650,DL:0.1.0:AT.1.0.0,2022-3-4 0:59:22,34.75,0.00,0.00,17.636,0.803,-4.570,13.067,18.439,0.00,0.00,0.00,0.00,0.00,0.00,0.00,0.00,0.00,0.00,0.00,0.00,0.00,0.00,0.00,0.00,0.00
20650,DL:0.1.0:AT.1.0.0,2022-3-4 0:59:27,34.75,0.00,0.00,17.636,0.804,-4.570,13.067,18.440,0.00,0.00,0.00,0.00,0.00,0.00,0.00,0.00,0.00,0.00,0.00,0.00,0.00,0.00,0.00,0.00,0.00
20650,DL:0.1.0:AT.1.0.0,2022-3-4 0:59:35,34.75,0.00,0.00,17.632,0.809,-4.566,13.065,18.440,0.00,0.00,0.00,0.00,0.00,0.00,0.00,0.00,0.00,0.00,0.00,0.00,0.00,0.00,0.00,0.00,0.00
20650,DL:0.1.0:AT.1.0.0,2022-3-4 0:59:43,34.75,0.00,0.00,17.628,0.812,-4.564,13.064,18.440,0.00,0.00,0.00,0.00,0.00,0.00,0.00,0.00,0.00,0.00,0.00,0.00,0.00,0.00,0.00,0.00,0.00
20650,DL:0.1.0:AT.1.0.0,2022-3-4 0:59:49,34.75,0.00,0.00,17.621,0.820,-4.557,13.064,18.440,0.00,0.00,0.00,0.00,0.00,0.00,0.00,0.00,0.00,0.00,0.00,0.00,0.00,0.00,0.00,0.00,0.00
20650,DL:0.1.0:AT.1.0.0,2022-3-4 0:59:56,34.75,0.00,0.00,17.597,0.844,-4.534,13.063,18.440,0.00,0.00,0.00,0.00,0.00,0.00,0.00,0.00,0.00,0.00,0.00,0.00,0.00,0.00,0.00,0.00,0.00
20650,DL:0.1.0:AT.1.0.0,2022-3-4 1:0:3,34.75,0.00,0.00,17.624,0.816,-4.563,13.062,18.440,0.00,0.00,0.00,0.00,0.00,0.00,0.00,0.00,0.00,0.00,0.00,0.00,0.00,0.00,0.00,0.00,0.00
20650,DL:0.1.0:AT.1.0.0,2022-3-4 1:0:10,34.75,0.00,0.00,17.628,0.812,-4.567,13.061,18.440,0.00,0.00,0.00,0.00,0.00,0.00,0.00,0.00,0.00,0.00,0.00,0.00,0.00,0.00,0.00,0.00,0.00
20650,DL:0.1.0:AT.1.0.0,2022-3-4 1:0:15,34.75,0.00,0.00,17.612,0.828,-4.552,13.061,18.440,0.00,0.00,0.00,0.00,0.00,0.00,0.00,0.00,0.00,0.00,0.00,0.00,0.00,0.00,0.00,0.00,0.00
20650,DL:0.1.0:AT.1.0.0,2022-3-4 1:0:21,34.75,0.00,0.00,17.622,0.817,-4.561,13.061,18.439,0.00,0.00,0.00,0.00,0.00,0.00,0.00,0.00,0.00,0.00,0.00,0.00,0.00,0.00,0.00,0.00,0.00
20650,DL:0.1.0:AT.1.0.0,2022-3-4 1:0:27,34.75,0.00,0.00,17.603,0.838,-4.543,13.059,18.440,0.00,0.00,0.00,0.00,0.00,0.00,0.00,0.00,0.00,0.00,0.00,0.00,0.00,0.00,0.00,0.00,0.00
20650,DL:0.1.0:AT.1.0.0,2022-3-4 1:0:32,34.75,0.00,0.00,17.646,0.794,-4.588,13.058,18.440,0.00,0.00,0.00,0.00,0.00,0.00,0.00,0.00,0.00,0.00,0.00,0.00,0.00,0.00,0.00,0.00,0.00
20650,DL:0.1.0:AT.1.0.0,2022-3-4 1:0:37,34.75,0.00,0.00,17.622,0.818,-4.564,13.058,18.440,0.00,0.00,0.00,0.00,0.00,0.00,0.00,0.00,0.00,0.00,0.00,0.00,0.00,0.00,0.00,0.00,0.00
20650,DL:0.1.0:AT.1.0.0,2022-3-4 1:0:44,34.75,0.00,0.00,17.632,0.807,-4.575,13.057,18.439,0.00,0.00,0.00,0.00,0.00,0.00,0.00,0.00,0.00,0.00,0.00,0.00,0.00,0.00,0.00,0.00,0.00
20650,DL:0.1.0:AT.1.0.0,2022-3-4 1:0:50,34.75,0.00,0.00,17.660,0.780,-4.605,13.056,18.440,0.00,0.00,0.00,0.00,0.00,0.00,0.00,0.00,0.00,0.00,0.00,0.00,0.00,0.00,0.00,0.00,0.00
20650,DL:0.1.0:AT.1.0.0,2022-3-4 1:0:58,34.75,0.00,0.00,17.642,0.798,-4.587,13.056,18.440,0.00,0.00,0.00,0.00,0.00,0.00,0.00,0.00,0.00,0.00,0.00,0.00,0.00,0.00,0.00,0.00,0.00
20650,DL:0.1.0:AT.1.0.0,2022-3-4 1:1:4,34.75,0.00,0.00,17.647,0.793,-4.593,13.055,18.440,0.00,0.00,0.00,0.00,0.00,0.00,0.00,0.00,0.00,0.00,0.00,0.00,0.00,0.00,0.00,0.00,0.00
20650,DL:0.1.0:AT.1.0.0,2022-3-4 1:1:10,34.75,0.00,0.00,17.668,0.773,-4.614,13.053,18.440,0.00,0.00,0.00,0.00,0.00,0.00,0.00,0.00,0.00,0.00,0.00,0.00,0.00,0.00,0.00,0.00,0.00
20650,DL:0.1.0:AT.1.0.0,2022-3-4 1:1:18,34.75,0.00,0.00,17.612,0.828,-4.560,13.052,18.440,0.00,0.00,0.00,0.00,0.00,0.00,0.00,0.00,0.00,0.00,0.00,0.00,0.00,0.00,0.00,0.00,0.00
20650,DL:0.1.0:AT.1.0.0,2022-3-4 1:1:25,34.75,0.00,0.00,17.608,0.834,-4.555,13.052,18.441,0.00,0.00,0.00,0.00,0.00,0.00,0.00,0.00,0.00,0.00,0.00,0.00,0.00,0.00,0.00,0.00,0.00
20650,DL:0.1.0:AT.1.0.0,2022-3-4 1:1:31,34.75,0.00,0.00,17.630,0.810,-4.577,13.053,18.440,0.00,0.00,0.00,0.00,0.00,0.00,0.00,0.00,0.00,0.00,0.00,0.00,0.00,0.00,0.00,0.00,0.00
20650,DL:0.1.0:AT.1.0.0,2022-3-4 1:1:36,34.75,0.00,0.00,17.628,0.812,-4.576,13.052,18.440,0.00,0.00,0.00,0.00,0.00,0.00,0.00,0.00,0.00,0.00,0.00,0.00,0.00,0.00,0.00,0.00,0.00
20650,DL:0.1.0:AT.1.0.0,2022-3-4 1:1:42,34.75,0.00,0.00,17.639,0.801,-4.585,13.053,18.440,0.00,0.00,0.00,0.00,0.00,0.00,0.00,0.00,0.00,0.00,0.00,0.00,0.00,0.00,0.00,0.00,0.00
20650,DL:0.1.0:AT.1.0.0,2022-3-4 1:1:49,34.75,0.00,0.00,17.629,0.812,-4.577,13.052,18.441,0.00,0.00,0.00,0.00,0.00,0.00,0.00,0.00,0.00,0.00,0.00,0.00,0.00,0.00,0.00,0.00,0.00
20650,DL:0.1.0:AT.1.0.0,2022-3-4 1:1:55,34.75,0.00,0.00,17.652,0.789,-4.600,13.052,18.441,0.00,0.00,0.00,0.00,0.00,0.00,0.00,0.00,0.00,0.00,0.00,0.00,0.00,0.00,0.00,0.00,0.00
20650,DL:0.1.0:AT.1.0.0,2022-3-4 1:2:2,34.75,0.00,0.00,17.600,0.841,-4.549,13.051,18.441,0.00,0.00,0.00,0.00,0.00,0.00,0.00,0.00,0.00,0.00,0.00,0.00,0.00,0.00,0.00,0.00,0.00
20650,DL:0.1.0:AT.1.0.0,2022-3-4 1:2:11,34.75,0.00,0.00,17.614,0.828,-4.564,13.050,18.441,0.00,0.00,0.00,0.00,0.00,0.00,0.00,0.00,0.00,0.00,0.00,0.00,0.00,0.00,0.00,0.00,0.00
20650,DL:0.1.0:AT.1.0.0,2022-3-4 1:2:16,34.75,0.00,0.00,17.653,0.788,-4.603,13.050,18.441,0.00,0.00,0.00,0.00,0.00,0.00,0.00,0.00,0.00,0.00,0.00,0.00,0.00,0.00,0.00,0.00,0.00
20650,DL:0.1.0:AT.1.0.0,2022-3-4 1:2:21,34.75,0.00,0.00,17.664,0.777,-4.614,13.050,18.441,0.00,0.00,0.00,0.00,0.00,0.00,0.00,0.00,0.00,0.00,0.00,0.00,0.00,0.00,0.00,0.00,0.00
20650,DL:0.1.0:AT.1.0.0,2022-3-4 1:2:26,34.75,0.00,0.00,17.623,0.820,-4.575,13.049,18.443,0.00,0.00,0.00,0.00,0.00,0.00,0.00,0.00,0.00,0.00,0.00,0.00,0.00,0.00,0.00,0.00,0.00
20650,DL:0.1.0:AT.1.0.0,2022-3-4 1:2:33,34.75,0.00,0.00,17.618,0.823,-4.570,13.049,18.441,0.00,0.00,0.00,0.00,0.00,0.00,0.00,0.00,0.00,0.00,0.00,0.00,0.00,0.00,0.00,0.00,0.00
20650,DL:0.1.0:AT.1.0.0,2022-3-4 1:2:38,34.75,0.00,0.00,17.639,0.803,-4.590,13.049,18.441,0.00,0.00,0.00,0.00,0.00,0.00,0.00,0.00,0.00,0.00,0.00,0.00,0.00,0.00,0.00,0.00,0.00
20650,DL:0.1.0:AT.1.0.0,2022-3-4 1:2:43,34.75,0.00,0.00,17.622,0.820,-4.576,13.046,18.441,0.00,0.00,0.00,0.00,0.00,0.00,0.00,0.00,0.00,0.00,0.00,0.00,0.00,0.00,0.00,0.00,0.00
20650,DL:0.1.0:AT.1.0.0,2022-3-4 1:2:50,34.75,0.00,0.00,17.635,0.806,-4.588,13.047,18.441,0.00,0.00,0.00,0.00,0.00,0.00,0.00,0.00,0.00,0.00,0.00,0.00,0.00,0.00,0.00,0.00,0.00
20650,DL:0.1.0:AT.1.0.0,2022-3-4 1:2:57,34.75,0.00,0.00,17.617,0.824,-4.571,13.046,18.441,0.00,0.00,0.00,0.00,0.00,0.00,0.00,0.00,0.00,0.00,0.00,0.00,0.00,0.00,0.00,0.00,0.00
20650,DL:0.1.0:AT.1.0.0,2022-3-4 1:3:4,34.75,0.00,0.00,17.644,0.798,-4.599,13.045,18.441,0.00,0.00,0.00,0.00,0.00,0.00,0.00,0.00,0.00,0.00,0.00,0.00,0.00,0.00,0.00,0.00,0.00
20650,DL:0.1.0:AT.1.0.0,2022-3-4 1:3:13,34.75,0.00,0.00,17.633,0.809,-4.589,13.044,18.441,0.00,0.00,0.00,0.00,0.00,0.00,0.00,0.00,0.00,0.00,0.00,0.00,0.00,0.00,0.00,0.00,0.00
20650,DL:0.1.0:AT.1.0.0,2022-3-4 1:3:18,34.75,0.00,0.00,17.647,0.794,-4.603,13.044,18.441,0.00,0.00,0.00,0.00,0.00,0.00,0.00,0.00,0.00,0.00,0.00,0.00,0.00,0.00,0.00,0.00,0.00
20650,DL:0.1.0:AT.1.0.0,2022-3-4 1:3:24,34.75,0.00,0.00,17.630,0.811,-4.588,13.043,18.441,0.00,0.00,0.00,0.00,0.00,0.00,0.00,0.00,0.00,0.00,0.00,0.00,0.00,0.00,0.00,0.00,0.00
20650,DL:0.1.0:AT.1.0.0,2022-3-4 1:3:31,34.75,0.00,0.00,17.654,0.787,-4.612,13.043,18.441,0.00,0.00,0.00,0.00,0.00,0.00,0.00,0.00,0.00,0.00,0.00,0.00,0.00,0.00,0.00,0.00,0.00
20650,DL:0.1.0:AT.1.0.0,2022-3-4 1:3:38,34.75,0.00,0.00,17.629,0.812,-4.587,13.043,18.441,0.00,0.00,0.00,0.00,0.00,0.00,0.00,0.00,0.00,0.00,0.00,0.00,0.00,0.00,0.00,0.00,0.00
20650,DL:0.1.0:AT.1.0.0,2022-3-4 1:3:45,34.75,0.00,0.00,17.646,0.795,-4.605,13.041,18.441,0.00,0.00,0.00,0.00,0.00,0.00,0.00,0.00,0.00,0.00,0.00,0.00,0.00,0.00,0.00,0.00,0.00
20650,DL:0.1.0:AT.1.0.0,2022-3-4 1:3:52,34.75,0.00,0.00,17.615,0.827,-4.575,13.040,18.441,0.00,0.00,0.00,0.00,0.00,0.00,0.00,0.00,0.00,0.00,0.00,0.00,0.00,0.00,0.00,0.00,0.00
20650,DL:0.1.0:AT.1.0.0,2022-3-4 1:3:58,34.75,0.00,0.00,17.660,0.782,-4.620,13.040,18.443,0.00,0.00,0.00,0.00,0.00,0.00,0.00,0.00,0.00,0.00,0.00,0.00,0.00,0.00,0.00,0.00,0.00
20650,DL:0.1.0:AT.1.0.0,2022-3-4 1:4:3,34.75,0.00,0.00,17.644,0.798,-4.603,13.040,18.441,0.00,0.00,0.00,0.00,0.00,0.00,0.00,0.00,0.00,0.00,0.00,0.00,0.00,0.00,0.00,0.00,0.00
20650,DL:0.1.0:AT.1.0.0,2022-3-4 1:4:9,34.75,0.00,0.00,17.660,0.782,-4.621,13.039,18.443,0.00,0.00,0.00,0.00,0.00,0.00,0.00,0.00,0.00,0.00,0.00,0.00,0.00,0.00,0.00,0.00,0.00
20650,DL:0.1.0:AT.1.0.0,2022-3-4 1:4:14,34.75,0.00,0.00,17.645,0.798,-4.600,13.045,18.443,0.00,0.00,0.00,0.00,0.00,0.00,0.00,0.00,0.00,0.00,0.00,0.00,0.00,0.00,0.00,0.00,0.00
20650,DL:0.1.0:AT.1.0.0,2022-3-4 1:4:19,34.75,0.00,0.00,17.650,0.793,-4.602,13.047,18.443,0.00,0.00,0.00,0.00,0.00,0.00,0.00,0.00,0.00,0.00,0.00,0.00,0.00,0.00,0.00,0.00,0.00
20650,DL:0.1.0:AT.1.0.0,2022-3-4 1:4:26,34.75,0.00,0.00,17.659,0.783,-4.609,13.050,18.443,0.00,0.00,0.00,0.00,0.00,0.00,0.00,0.00,0.00,0.00,0.00,0.00,0.00,0.00,0.00,0.00,0.00
20650,DL:0.1.0:AT.1.0.0,2022-3-4 1:4:33,34.75,0.00,0.00,17.638,0.805,-4.588,13.050,18.443,0.00,0.00,0.00,0.00,0.00,0.00,0.00,0.00,0.00,0.00,0.00,0.00,0.00,0.00,0.00,0.00,0.00
20650,DL:0.1.0:AT.1.0.0,2022-3-4 1:4:39,34.75,0.00,0.00,17.670,0.773,-4.620,13.050,18.443,0.00,0.00,0.00,0.00,0.00,0.00,0.00,0.00,0.00,0.00,0.00,0.00,0.00,0.00,0.00,0.00,0.00
20650,DL:0.1.0:AT.1.0.0,2022-3-4 1:4:44,34.75,0.00,0.00,17.630,0.812,-4.582,13.049,18.443,0.00,0.00,0.00,0.00,0.00,0.00,0.00,0.00,0.00,0.00,0.00,0.00,0.00,0.00,0.00,0.00,0.00
20650,DL:0.1.0:AT.1.0.0,2022-3-4 1:4:50,34.75,0.00,0.00,17.630,0.812,-4.583,13.047,18.443,0.00,0.00,0.00,0.00,0.00,0.00,0.00,0.00,0.00,0.00,0.00,0.00,0.00,0.00,0.00,0.00,0.00
20650,DL:0.1.0:AT.1.0.0,2022-3-4 1:4:56,34.75,0.00,0.00,17.656,0.787,-4.608,13.047,18.443,0.00,0.00,0.00,0.00,0.00,0.00,0.00,0.00,0.00,0.00,0.00,0.00,0.00,0.00,0.00,0.00,0.00
20650,DL:0.1.0:AT.1.0.0,2022-3-4 1:5:4,34.75,0.00,0.00,17.640,0.803,-4.595,13.045,18.443,0.00,0.00,0.00,0.00,0.00,0.00,0.00,0.00,0.00,0.00,0.00,0.00,0.00,0.00,0.00,0.00,0.00
20650,DL:0.1.0:AT.1.0.0,2022-3-4 1:5:10,34.75,0.00,0.00,17.609,0.834,-4.565,13.044,18.443,0.00,0.00,0.00,0.00,0.00,0.00,0.00,0.00,0.00,0.00,0.00,0.00,0.00,0.00,0.00,0.00,0.00
20650,DL:0.1.0:AT.1.0.0,2022-3-4 1:5:15,34.75,0.00,0.00,17.617,0.826,-4.573,13.044,18.443,0.00,0.00,0.00,0.00,0.00,0.00,0.00,0.00,0.00,0.00,0.00,0.00,0.00,0.00,0.00,0.00,0.00
20650,DL:0.1.0:AT.1.0.0,2022-3-4 1:5:20,34.75,0.00,0.00,17.651,0.792,-4.607,13.044,18.443,0.00,0.00,0.00,0.00,0.00,0.00,0.00,0.00,0.00,0.00,0.00,0.00,0.00,0.00,0.00,0.00,0.00
20650,DL:0.1.0:AT.1.0.0,2022-3-4 1:5:27,34.75,0.00,0.00,17.612,0.830,-4.571,13.041,18.443,0.00,0.00,0.00,0.00,0.00,0.00,0.00,0.00,0.00,0.00,0.00,0.00,0.00,0.00,0.00,0.00,0.00
20650,DL:0.1.0:AT.1.0.0,2022-3-4 1:5:33,34.75,0.00,0.00,17.639,0.804,-4.597,13.041,18.443,0.00,0.00,0.00,0.00,0.00,0.00,0.00,0.00,0.00,0.00,0.00,0.00,0.00,0.00,0.00,0.00,0.00
20650,DL:0.1.0:AT.1.0.0,2022-3-4 1:5:38,34.75,0.00,0.00,17.616,0.827,-4.575,13.041,18.443,0.00,0.00,0.00,0.00,0.00,0.00,0.00,0.00,0.00,0.00,0.00,0.00,0.00,0.00,0.00,0.00,0.00
20650,DL:0.1.0:AT.1.0.0,2022-3-4 1:5:46,34.75,0.00,0.00,17.609,0.835,-4.569,13.040,18.444,0.00,0.00,0.00,0.00,0.00,0.00,0.00,0.00,0.00,0.00,0.00,0.00,0.00,0.00,0.00,0.00,0.00
20650,DL:0.1.0:AT.1.0.0,2022-3-4 1:5:51,34.75,0.00,0.00,17.615,0.828,-4.575,13.040,18.443,0.00,0.00,0.00,0.00,0.00,0.00,0.00,0.00,0.00,0.00,0.00,0.00,0.00,0.00,0.00,0.00,0.00
20650,DL:0.1.0:AT.1.0.0,2022-3-4 1:5:58,34.75,0.00,0.00,17.672,0.771,-4.632,13.040,18.444,0.00,0.00,0.00,0.00,0.00,0.00,0.00,0.00,0.00,0.00,0.00,0.00,0.00,0.00,0.00,0.00,0.00
20650,DL:0.1.0:AT.1.0.0,2022-3-4 1:6:5,34.75,0.00,0.00,17.611,0.833,-4.573,13.038,18.444,0.00,0.00,0.00,0.00,0.00,0.00,0.00,0.00,0.00,0.00,0.00,0.00,0.00,0.00,0.00,0.00,0.00
20650,DL:0.1.0:AT.1.0.0,2022-3-4 1:6:10,34.75,0.00,0.00,17.651,0.793,-4.614,13.037,18.444,0.00,0.00,0.00,0.00,0.00,0.00,0.00,0.00,0.00,0.00,0.00,0.00,0.00,0.00,0.00,0.00,0.00
20650,DL:0.1.0:AT.1.0.0,2022-3-4 1:6:17,34.75,0.00,0.00,17.650,0.794,-4.613,13.037,18.444,0.00,0.00,0.00,0.00,0.00,0.00,0.00,0.00,0.00,0.00,0.00,0.00,0.00,0.00,0.00,0.00,0.00
20650,DL:0.1.0:AT.1.0.0,2022-3-4 1:6:25,34.75,0.00,0.00,17.611,0.832,-4.576,13.035,18.443,0.00,0.00,0.00,0.00,0.00,0.00,0.00,0.00,0.00,0.00,0.00,0.00,0.00,0.00,0.00,0.00,0.00
20650,DL:0.1.0:AT.1.0.0,2022-3-4 1:6:32,34.75,0.00,0.00,17.645,0.798,-4.609,13.035,18.443,0.00,0.00,0.00,0.00,0.00,0.00,0.00,0.00,0.00,0.00,0.00,0.00,0.00,0.00,0.00,0.00,0.00
20650,DL:0.1.0:AT.1.0.0,2022-3-4 1:6:37,34.75,0.00,0.00,17.630,0.812,-4.596,13.034,18.443,0.00,0.00,0.00,0.00,0.00,0.00,0.00,0.00,0.00,0.00,0.00,0.00,0.00,0.00,0.00,0.00,0.00
20650,DL:0.1.0:AT.1.0.0,2022-3-4 1:6:43,34.75,0.00,0.00,17.624,0.820,-4.591,13.033,18.444,0.00,0.00,0.00,0.00,0.00,0.00,0.00,0.00,0.00,0.00,0.00,0.00,0.00,0.00,0.00,0.00,0.00
20650,DL:0.1.0:AT.1.0.0,2022-3-4 1:6:48,34.75,0.00,0.00,17.617,0.827,-4.584,13.033,18.444,0.00,0.00,0.00,0.00,0.00,0.00,0.00,0.00,0.00,0.00,0.00,0.00,0.00,0.00,0.00,0.00,0.00
20650,DL:0.1.0:AT.1.0.0,2022-3-4 1:6:53,34.75,0.00,0.00,17.600,0.842,-4.567,13.033,18.443,0.00,0.00,0.00,0.00,0.00,0.00,0.00,0.00,0.00,0.00,0.00,0.00,0.00,0.00,0.00,0.00,0.00
20650,DL:0.1.0:AT.1.0.0,2022-3-4 1:7:0,34.75,0.00,0.00,17.646,0.798,-4.613,13.033,18.444,0.00,0.00,0.00,0.00,0.00,0.00,0.00,0.00,0.00,0.00,0.00,0.00,0.00,0.00,0.00,0.00,0.00
20650,DL:0.1.0:AT.1.0.0,2022-3-4 1:7:7,34.75,0.00,0.00,17.642,0.801,-4.612,13.031,18.444,0.00,0.00,0.00,0.00,0.00,0.00,0.00,0.00,0.00,0.00,0.00,0.00,0.00,0.00,0.00,0.00,0.00
20650,DL:0.1.0:AT.1.0.0,2022-3-4 1:7:13,34.75,0.00,0.00,17.615,0.829,-4.584,13.031,18.444,0.00,0.00,0.00,0.00,0.00,0.00,0.00,0.00,0.00,0.00,0.00,0.00,0.00,0.00,0.00,0.00,0.00
20650,DL:0.1.0:AT.1.0.0,2022-3-4 1:7:18,34.50,0.00,0.00,17.662,0.782,-4.631,13.031,18.444,0.00,0.00,0.00,0.00,0.00,0.00,0.00,0.00,0.00,0.00,0.00,0.00,0.00,0.00,0.00,0.00,0.00
20650,DL:0.1.0:AT.1.0.0,2022-3-4 1:7:24,34.50,0.00,0.00,17.662,0.782,-4.632,13.029,18.444,0.00,0.00,0.00,0.00,0.00,0.00,0.00,0.00,0.00,0.00,0.00,0.00,0.00,0.00,0.00,0.00,0.00
20650,DL:0.1.0:AT.1.0.0,2022-3-4 1:7:29,34.50,0.00,0.00,17.653,0.791,-4.624,13.029,18.444,0.00,0.00,0.00,0.00,0.00,0.00,0.00,0.00,0.00,0.00,0.00,0.00,0.00,0.00,0.00,0.00,0.00
20650,DL:0.1.0:AT.1.0.0,2022-3-4 1:7:35,34.50,0.00,0.00,17.657,0.787,-4.627,13.029,18.444,0.00,0.00,0.00,0.00,0.00,0.00,0.00,0.00,0.00,0.00,0.00,0.00,0.00,0.00,0.00,0.00,0.00
20650,DL:0.1.0:AT.1.0.0,2022-3-4 1:7:42,34.50,0.00,0.00,17.642,0.803,-4.614,13.028,18.445,0.00,0.00,0.00,0.00,0.00,0.00,0.00,0.00,0.00,0.00,0.00,0.00,0.00,0.00,0.00,0.00,0.00
20650,DL:0.1.0:AT.1.0.0,2022-3-4 1:7:48,34.50,0.00,0.00,17.657,0.788,-4.630,13.027,18.445,0.00,0.00,0.00,0.00,0.00,0.00,0.00,0.00,0.00,0.00,0.00,0.00,0.00,0.00,0.00,0.00,0.00
20650,DL:0.1.0:AT.1.0.0,2022-3-4 1:7:53,34.50,0.00,0.00,17.669,0.776,-4.642,13.027,18.445,0.00,0.00,0.00,0.00,0.00,0.00,0.00,0.00,0.00,0.00,0.00,0.00,0.00,0.00,0.00,0.00,0.00
20650,DL:0.1.0:AT.1.0.0,2022-3-4 1:8:0,34.50,0.00,0.00,17.664,0.781,-4.638,13.026,18.445,0.00,0.00,0.00,0.00,0.00,0.00,0.00,0.00,0.00,0.00,0.00,0.00,0.00,0.00,0.00,0.00,0.00
20650,DL:0.1.0:AT.1.0.0,2022-3-4 1:8:7,34.50,0.00,0.00,17.671,0.774,-4.646,13.026,18.445,0.00,0.00,0.00,0.00,0.00,0.00,0.00,0.00,0.00,0.00,0.00,0.00,0.00,0.00,0.00,0.00,0.00
20650,DL:0.1.0:AT.1.0.0,2022-3-4 1:8:14,34.50,0.00,0.00,17.627,0.818,-4.601,13.026,18.445,0.00,0.00,0.00,0.00,0.00,0.00,0.00,0.00,0.00,0.00,0.00,0.00,0.00,0.00,0.00,0.00,0.00
20650,DL:0.1.0:AT.1.0.0,2022-3-4 1:8:19,34.50,0.00,0.00,17.660,0.785,-4.635,13.026,18.445,0.00,0.00,0.00,0.00,0.00,0.00,0.00,0.00,0.00,0.00,0.00,0.00,0.00,0.00,0.00,0.00,0.00
20650,DL:0.1.0:AT.1.0.0,2022-3-4 1:8:24,34.50,0.00,0.00,17.648,0.797,-4.624,13.025,18.445,0.00,0.00,0.00,0.00,0.00,0.00,0.00,0.00,0.00,0.00,0.00,0.00,0.00,0.00,0.00,0.00,0.00
20650,DL:0.1.0:AT.1.0.0,2022-3-4 1:8:32,34.50,0.00,0.00,17.639,0.806,-4.615,13.023,18.445,0.00,0.00,0.00,0.00,0.00,0.00,0.00,0.00,0.00,0.00,0.00,0.00,0.00,0.00,0.00,0.00,0.00
20650,DL:0.1.0:AT.1.0.0,2022-3-4 1:8:39,34.50,0.00,0.00,17.632,0.814,-4.608,13.023,18.445,0.00,0.00,0.00,0.00,0.00,0.00,0.00,0.00,0.00,0.00,0.00,0.00,0.00,0.00,0.00,0.00,0.00
20650,DL:0.1.0:AT.1.0.0,2022-3-4 1:8:46,34.50,0.00,0.00,17.671,0.775,-4.648,13.023,18.446,0.00,0.00,0.00,0.00,0.00,0.00,0.00,0.00,0.00,0.00,0.00,0.00,0.00,0.00,0.00,0.00,0.00
20650,DL:0.1.0:AT.1.0.0,2022-3-4 1:8:52,34.50,0.00,0.00,17.669,0.776,-4.647,13.022,18.445,0.00,0.00,0.00,0.00,0.00,0.00,0.00,0.00,0.00,0.00,0.00,0.00,0.00,0.00,0.00,0.00,0.00
20650,DL:0.1.0:AT.1.0.0,2022-3-4 1:8:57,34.50,0.00,0.00,17.651,0.795,-4.629,13.022,18.446,0.00,0.00,0.00,0.00,0.00,0.00,0.00,0.00,0.00,0.00,0.00,0.00,0.00,0.00,0.00,0.00,0.00
20650,DL:0.1.0:AT.1.0.0,2022-3-4 1:9:4,34.50,0.00,0.00,17.663,0.783,-4.641,13.022,18.446,0.00,0.00,0.00,0.00,0.00,0.00,0.00,0.00,0.00,0.00,0.00,0.00,0.00,0.00,0.00,0.00,0.00
20650,DL:0.1.0:AT.1.0.0,2022-3-4 1:9:11,34.50,0.00,0.00,17.650,0.797,-4.629,13.021,18.446,0.00,0.00,0.00,0.00,0.00,0.00,0.00,0.00,0.00,0.00,0.00,0.00,0.00,0.00,0.00,0.00,0.00
20650,DL:0.1.0:AT.1.0.0,2022-3-4 1:9:18,34.50,0.00,0.00,17.659,0.787,-4.640,13.020,18.446,0.00,0.00,0.00,0.00,0.00,0.00,0.00,0.00,0.00,0.00,0.00,0.00,0.00,0.00,0.00,0.00,0.00
20650,DL:0.1.0:AT.1.0.0,2022-3-4 1:9:25,34.50,0.00,0.00,17.660,0.785,-4.637,13.023,18.445,0.00,0.00,0.00,0.00,0.00,0.00,0.00,0.00,0.00,0.00,0.00,0.00,0.00,0.00,0.00,0.00,0.00
20650,DL:0.1.0:AT.1.0.0,2022-3-4 1:9:32,34.50,0.00,0.00,17.646,0.800,-4.623,13.023,18.446,0.00,0.00,0.00,0.00,0.00,0.00,0.00,0.00,0.00,0.00,0.00,0.00,0.00,0.00,0.00,0.00,0.00
20650,DL:0.1.0:AT.1.0.0,2022-3-4 1:9:39,34.50,0.00,0.00,17.650,0.795,-4.627,13.022,18.445,0.00,0.00,0.00,0.00,0.00,0.00,0.00,0.00,0.00,0.00,0.00,0.00,0.00,0.00,0.00,0.00,0.00
20650,DL:0.1.0:AT.1.0.0,2022-3-4 1:9:46,34.50,0.00,0.00,17.636,0.810,-4.615,13.021,18.446,0.00,0.00,0.00,0.00,0.00,0.00,0.00,0.00,0.00,0.00,0.00,0.00,0.00,0.00,0.00,0.00,0.00
20650,DL:0.1.0:AT.1.0.0,2022-3-4 1:9:54,34.50,0.00,0.00,17.647,0.799,-4.627,13.020,18.446,0.00,0.00,0.00,0.00,0.00,0.00,0.00,0.00,0.00,0.00,0.00,0.00,0.00,0.00,0.00,0.00,0.00
20650,DL:0.1.0:AT.1.0.0,2022-3-4 1:10:0,34.50,0.00,0.00,17.642,0.804,-4.623,13.020,18.446,0.00,0.00,0.00,0.00,0.00,0.00,0.00,0.00,0.00,0.00,0.00,0.00,0.00,0.00,0.00,0.00,0.00
20650,DL:0.1.0:AT.1.0.0,2022-3-4 1:10:6,34.50,0.00,0.00,17.641,0.806,-4.623,13.019,18.447,0.00,0.00,0.00,0.00,0.00,0.00,0.00,0.00,0.00,0.00,0.00,0.00,0.00,0.00,0.00,0.00,0.00
20650,DL:0.1.0:AT.1.0.0,2022-3-4 1:10:13,34.50,0.00,0.00,17.617,0.829,-4.600,13.017,18.446,0.00,0.00,0.00,0.00,0.00,0.00,0.00,0.00,0.00,0.00,0.00,0.00,0.00,0.00,0.00,0.00,0.00
20650,DL:0.1.0:AT.1.0.0,2022-3-4 1:10:18,34.50,0.00,0.00,17.651,0.795,-4.634,13.017,18.446,0.00,0.00,0.00,0.00,0.00,0.00,0.00,0.00,0.00,0.00,0.00,0.00,0.00,0.00,0.00,0.00,0.00
20650,DL:0.1.0:AT.1.0.0,2022-3-4 1:10:29,34.50,0.00,0.00,17.617,0.830,-4.601,13.016,18.447,0.00,0.00,0.00,0.00,0.00,0.00,0.00,0.00,0.00,0.00,0.00,0.00,0.00,0.00,0.00,0.00,0.00
20650,DL:0.1.0:AT.1.0.0,2022-3-4 1:10:34,34.50,0.00,0.00,17.653,0.794,-4.637,13.016,18.447,0.00,0.00,0.00,0.00,0.00,0.00,0.00,0.00,0.00,0.00,0.00,0.00,0.00,0.00,0.00,0.00,0.00
20650,DL:0.1.0:AT.1.0.0,2022-3-4 1:10:41,34.50,0.00,0.00,17.634,0.812,-4.618,13.016,18.446,0.00,0.00,0.00,0.00,0.00,0.00,0.00,0.00,0.00,0.00,0.00,0.00,0.00,0.00,0.00,0.00,0.00
20650,DL:0.1.0:AT.1.0.0,2022-3-4 1:10:48,34.50,0.00,0.00,17.644,0.804,-4.629,13.015,18.447,0.00,0.00,0.00,0.00,0.00,0.00,0.00,0.00,0.00,0.00,0.00,0.00,0.00,0.00,0.00,0.00,0.00
20650,DL:0.1.0:AT.1.0.0,2022-3-4 1:10:59,34.50,0.00,0.00,17.654,0.793,-4.641,13.014,18.447,0.00,0.00,0.00,0.00,0.00,0.00,0.00,0.00,0.00,0.00,0.00,0.00,0.00,0.00,0.00,0.00,0.00
20650,DL:0.1.0:AT.1.0.0,2022-3-4 1:11:5,34.50,0.00,0.00,17.677,0.769,-4.665,13.012,18.446,0.00,0.00,0.00,0.00,0.00,0.00,0.00,0.00,0.00,0.00,0.00,0.00,0.00,0.00,0.00,0.00,0.00
20650,DL:0.1.0:AT.1.0.0,2022-3-4 1:11:12,34.50,0.00,0.00,17.644,0.804,-4.630,13.014,18.447,0.00,0.00,0.00,0.00,0.00,0.00,0.00,0.00,0.00,0.00,0.00,0.00,0.00,0.00,0.00,0.00,0.00
20650,DL:0.1.0:AT.1.0.0,2022-3-4 1:11:17,34.50,0.00,0.00,17.647,0.800,-4.634,13.014,18.447,0.00,0.00,0.00,0.00,0.00,0.00,0.00,0.00,0.00,0.00,0.00,0.00,0.00,0.00,0.00,0.00,0.00
20650,DL:0.1.0:AT.1.0.0,2022-3-4 1:11:22,34.50,0.00,0.00,17.640,0.807,-4.626,13.014,18.447,0.00,0.00,0.00,0.00,0.00,0.00,0.00,0.00,0.00,0.00,0.00,0.00,0.00,0.00,0.00,0.00,0.00
20650,DL:0.1.0:AT.1.0.0,2022-3-4 1:11:30,34.50,0.00,0.00,17.684,0.763,-4.672,13.012,18.447,0.00,0.00,0.00,0.00,0.00,0.00,0.00,0.00,0.00,0.00,0.00,0.00,0.00,0.00,0.00,0.00,0.00
20650,DL:0.1.0:AT.1.0.0,2022-3-4 1:11:36,34.50,0.00,0.00,17.640,0.807,-4.629,13.011,18.447,0.00,0.00,0.00,0.00,0.00,0.00,0.00,0.00,0.00,0.00,0.00,0.00,0.00,0.00,0.00,0.00,0.00
20650,DL:0.1.0:AT.1.0.0,2022-3-4 1:11:41,34.50,0.00,0.00,17.672,0.776,-4.661,13.011,18.449,0.00,0.00,0.00,0.00,0.00,0.00,0.00,0.00,0.00,0.00,0.00,0.00,0.00,0.00,0.00,0.00,0.00
20650,DL:0.1.0:AT.1.0.0,2022-3-4 1:11:46,34.50,0.00,0.00,17.648,0.800,-4.637,13.011,18.449,0.00,0.00,0.00,0.00,0.00,0.00,0.00,0.00,0.00,0.00,0.00,0.00,0.00,0.00,0.00,0.00,0.00
20650,DL:0.1.0:AT.1.0.0,2022-3-4 1:11:53,34.50,0.00,0.00,17.635,0.812,-4.624,13.011,18.447,0.00,0.00,0.00,0.00,0.00,0.00,0.00,0.00,0.00,0.00,0.00,0.00,0.00,0.00,0.00,0.00,0.00
20650,DL:0.1.0:AT.1.0.0,2022-3-4 1:12:0,34.50,0.00,0.00,17.627,0.821,-4.617,13.010,18.447,0.00,0.00,0.00,0.00,0.00,0.00,0.00,0.00,0.00,0.00,0.00,0.00,0.00,0.00,0.00,0.00,0.00
20650,DL:0.1.0:AT.1.0.0,2022-3-4 1:12:6,34.50,0.00,0.00,17.628,0.821,-4.618,13.010,18.449,0.00,0.00,0.00,0.00,0.00,0.00,0.00,0.00,0.00,0.00,0.00,0.00,0.00,0.00,0.00,0.00,0.00
20650,DL:0.1.0:AT.1.0.0,2022-3-4 1:12:14,34.50,0.00,0.00,17.642,0.805,-4.634,13.009,18.447,0.00,0.00,0.00,0.00,0.00,0.00,0.00,0.00,0.00,0.00,0.00,0.00,0.00,0.00,0.00,0.00,0.00
20650,DL:0.1.0:AT.1.0.0,2022-3-4 1:12:20,34.50,0.00,0.00,17.611,0.838,-4.602,13.009,18.449,0.00,0.00,0.00,0.00,0.00,0.00,0.00,0.00,0.00,0.00,0.00,0.00,0.00,0.00,0.00,0.00,0.00
20650,DL:0.1.0:AT.1.0.0,2022-3-4 1:12:25,34.50,0.00,0.00,17.653,0.795,-4.644,13.009,18.449,0.00,0.00,0.00,0.00,0.00,0.00,0.00,0.00,0.00,0.00,0.00,0.00,0.00,0.00,0.00,0.00,0.00
20650,DL:0.1.0:AT.1.0.0,2022-3-4 1:12:32,34.50,0.00,0.00,17.684,0.764,-4.677,13.008,18.449,0.00,0.00,0.00,0.00,0.00,0.00,0.00,0.00,0.00,0.00,0.00,0.00,0.00,0.00,0.00,0.00,0.00
20650,DL:0.1.0:AT.1.0.0,2022-3-4 1:12:37,34.50,0.00,0.00,17.646,0.803,-4.638,13.008,18.449,0.00,0.00,0.00,0.00,0.00,0.00,0.00,0.00,0.00,0.00,0.00,0.00,0.00,0.00,0.00,0.00,0.00
20650,DL:0.1.0:AT.1.0.0,2022-3-4 1:12:42,34.50,0.00,0.00,17.635,0.814,-4.627,13.008,18.449,0.00,0.00,0.00,0.00,0.00,0.00,0.00,0.00,0.00,0.00,0.00,0.00,0.00,0.00,0.00,0.00,0.00
20650,DL:0.1.0:AT.1.0.0,2022-3-4 1:12:47,34.50,0.00,0.00,17.628,0.821,-4.621,13.006,18.449,0.00,0.00,0.00,0.00,0.00,0.00,0.00,0.00,0.00,0.00,0.00,0.00,0.00,0.00,0.00,0.00,0.00
20650,DL:0.1.0:AT.1.0.0,2022-3-4 1:12:54,34.50,0.00,0.00,17.630,0.818,-4.624,13.006,18.449,0.00,0.00,0.00,0.00,0.00,0.00,0.00,0.00,0.00,0.00,0.00,0.00,0.00,0.00,0.00,0.00,0.00
20650,DL:0.1.0:AT.1.0.0,2022-3-4 1:13:5,34.50,0.00,0.00,17.640,0.809,-4.634,13.006,18.449,0.00,0.00,0.00,0.00,0.00,0.00,0.00,0.00,0.00,0.00,0.00,0.00,0.00,0.00,0.00,0.00,0.00
20650,DL:0.1.0:AT.1.0.0,2022-3-4 1:13:11,34.50,0.00,0.00,17.639,0.810,-4.634,13.005,18.449,0.00,0.00,0.00,0.00,0.00,0.00,0.00,0.00,0.00,0.00,0.00,0.00,0.00,0.00,0.00,0.00,0.00
20650,DL:0.1.0:AT.1.0.0,2022-3-4 1:13:17,34.50,0.00,0.00,17.647,0.801,-4.643,13.004,18.449,0.00,0.00,0.00,0.00,0.00,0.00,0.00,0.00,0.00,0.00,0.00,0.00,0.00,0.00,0.00,0.00,0.00
20650,DL:0.1.0:AT.1.0.0,2022-3-4 1:13:22,34.50,0.00,0.00,17.628,0.821,-4.623,13.005,18.449,0.00,0.00,0.00,0.00,0.00,0.00,0.00,0.00,0.00,0.00,0.00,0.00,0.00,0.00,0.00,0.00,0.00
20650,DL:0.1.0:AT.1.0.0,2022-3-4 1:13:27,34.50,0.00,0.00,17.635,0.814,-4.631,13.004,18.449,0.00,0.00,0.00,0.00,0.00,0.00,0.00,0.00,0.00,0.00,0.00,0.00,0.00,0.00,0.00,0.00,0.00
20650,DL:0.1.0:AT.1.0.0,2022-3-4 1:13:32,34.50,0.00,0.00,17.641,0.807,-4.637,13.004,18.449,0.00,0.00,0.00,0.00,0.00,0.00,0.00,0.00,0.00,0.00,0.00,0.00,0.00,0.00,0.00,0.00,0.00
20650,DL:0.1.0:AT.1.0.0,2022-3-4 1:13:39,34.50,0.00,0.00,17.683,0.765,-4.680,13.003,18.449,0.00,0.00,0.00,0.00,0.00,0.00,0.00,0.00,0.00,0.00,0.00,0.00,0.00,0.00,0.00,0.00,0.00
20650,DL:0.1.0:AT.1.0.0,2022-3-4 1:13:46,34.50,0.00,0.00,17.652,0.798,-4.649,13.003,18.450,0.00,0.00,0.00,0.00,0.00,0.00,0.00,0.00,0.00,0.00,0.00,0.00,0.00,0.00,0.00,0.00,0.00
20650,DL:0.1.0:AT.1.0.0,2022-3-4 1:13:53,34.50,0.00,0.00,17.656,0.793,-4.654,13.002,18.449,0.00,0.00,0.00,0.00,0.00,0.00,0.00,0.00,0.00,0.00,0.00,0.00,0.00,0.00,0.00,0.00,0.00
20650,DL:0.1.0:AT.1.0.0,2022-3-4 1:13:59,34.50,0.00,0.00,17.659,0.791,-4.658,13.002,18.450,0.00,0.00,0.00,0.00,0.00,0.00,0.00,0.00,0.00,0.00,0.00,0.00,0.00,0.00,0.00,0.00,0.00
20650,DL:0.1.0:AT.1.0.0,2022-3-4 1:14:4,34.50,0.00,0.00,17.642,0.807,-4.642,13.000,18.450,0.00,0.00,0.00,0.00,0.00,0.00,0.00,0.00,0.00,0.00,0.00,0.00,0.00,0.00,0.00,0.00,0.00
20650,DL:0.1.0:AT.1.0.0,2022-3-4 1:14:10,34.50,0.00,0.00,17.623,0.827,-4.623,13.000,18.450,0.00,0.00,0.00,0.00,0.00,0.00,0.00,0.00,0.00,0.00,0.00,0.00,0.00,0.00,0.00,0.00,0.00
20650,DL:0.1.0:AT.1.0.0,2022-3-4 1:14:16,34.50,0.00,0.00,17.639,0.811,-4.638,13.000,18.450,0.00,0.00,0.00,0.00,0.00,0.00,0.00,0.00,0.00,0.00,0.00,0.00,0.00,0.00,0.00,0.00,0.00
20650,DL:0.1.0:AT.1.0.0,2022-3-4 1:14:21,34.50,0.00,0.00,17.647,0.803,-4.648,12.999,18.450,0.00,0.00,0.00,0.00,0.00,0.00,0.00,0.00,0.00,0.00,0.00,0.00,0.00,0.00,0.00,0.00,0.00
20650,DL:0.1.0:AT.1.0.0,2022-3-4 1:14:30,34.50,0.00,0.00,17.633,0.816,-4.634,12.999,18.449,0.00,0.00,0.00,0.00,0.00,0.00,0.00,0.00,0.00,0.00,0.00,0.00,0.00,0.00,0.00,0.00,0.00
20650,DL:0.1.0:AT.1.0.0,2022-3-4 1:14:37,34.50,0.00,0.00,17.626,0.823,-4.626,12.999,18.449,0.00,0.00,0.00,0.00,0.00,0.00,0.00,0.00,0.00,0.00,0.00,0.00,0.00,0.00,0.00,0.00,0.00
20650,DL:0.1.0:AT.1.0.0,2022-3-4 1:14:44,34.50,0.00,0.00,17.630,0.818,-4.632,12.998,18.449,0.00,0.00,0.00,0.00,0.00,0.00,0.00,0.00,0.00,0.00,0.00,0.00,0.00,0.00,0.00,0.00,0.00
20650,DL:0.1.0:AT.1.0.0,2022-3-4 1:14:51,34.50,0.00,0.00,17.633,0.817,-4.635,12.998,18.450,0.00,0.00,0.00,0.00,0.00,0.00,0.00,0.00,0.00,0.00,0.00,0.00,0.00,0.00,0.00,0.00,0.00
20650,DL:0.1.0:AT.1.0.0,2022-3-4 1:14:58,34.50,0.00,0.00,17.629,0.821,-4.632,12.997,18.450,0.00,0.00,0.00,0.00,0.00,0.00,0.00,0.00,0.00,0.00,0.00,0.00,0.00,0.00,0.00,0.00,0.00
20650,DL:0.1.0:AT.1.0.0,2022-3-4 1:15:6,34.50,0.00,0.00,17.612,0.838,-4.617,12.996,18.450,0.00,0.00,0.00,0.00,0.00,0.00,0.00,0.00,0.00,0.00,0.00,0.00,0.00,0.00,0.00,0.00,0.00
20650,DL:0.1.0:AT.1.0.0,2022-3-4 1:15:12,34.50,0.00,0.00,17.614,0.836,-4.618,12.996,18.450,0.00,0.00,0.00,0.00,0.00,0.00,0.00,0.00,0.00,0.00,0.00,0.00,0.00,0.00,0.00,0.00,0.00
20650,DL:0.1.0:AT.1.0.0,2022-3-4 1:15:18,34.50,0.00,0.00,17.615,0.835,-4.619,12.996,18.450,0.00,0.00,0.00,0.00,0.00,0.00,0.00,0.00,0.00,0.00,0.00,0.00,0.00,0.00,0.00,0.00,0.00
20650,DL:0.1.0:AT.1.0.0,2022-3-4 1:15:25,34.50,0.00,0.00,17.612,0.838,-4.618,12.994,18.450,0.00,0.00,0.00,0.00,0.00,0.00,0.00,0.00,0.00,0.00,0.00,0.00,0.00,0.00,0.00,0.00,0.00
20650,DL:0.1.0:AT.1.0.0,2022-3-4 1:15:32,34.50,0.00,0.00,17.626,0.824,-4.631,12.994,18.450,0.00,0.00,0.00,0.00,0.00,0.00,0.00,0.00,0.00,0.00,0.00,0.00,0.00,0.00,0.00,0.00,0.00
20650,DL:0.1.0:AT.1.0.0,2022-3-4 1:15:40,34.50,0.00,0.00,17.648,0.801,-4.655,12.993,18.450,0.00,0.00,0.00,0.00,0.00,0.00,0.00,0.00,0.00,0.00,0.00,0.00,0.00,0.00,0.00,0.00,0.00
20650,DL:0.1.0:AT.1.0.0,2022-3-4 1:15:46,34.50,0.00,0.00,17.663,0.787,-4.670,12.993,18.450,0.00,0.00,0.00,0.00,0.00,0.00,0.00,0.00,0.00,0.00,0.00,0.00,0.00,0.00,0.00,0.00,0.00
20650,DL:0.1.0:AT.1.0.0,2022-3-4 1:15:53,34.50,0.00,0.00,17.651,0.799,-4.659,12.992,18.450,0.00,0.00,0.00,0.00,0.00,0.00,0.00,0.00,0.00,0.00,0.00,0.00,0.00,0.00,0.00,0.00,0.00
20650,DL:0.1.0:AT.1.0.0,2022-3-4 1:15:59,34.50,0.00,0.00,17.636,0.814,-4.647,12.990,18.450,0.00,0.00,0.00,0.00,0.00,0.00,0.00,0.00,0.00,0.00,0.00,0.00,0.00,0.00,0.00,0.00,0.00
20650,DL:0.1.0:AT.1.0.0,2022-3-4 1:16:4,34.50,0.00,0.00,17.633,0.817,-4.643,12.990,18.450,0.00,0.00,0.00,0.00,0.00,0.00,0.00,0.00,0.00,0.00,0.00,0.00,0.00,0.00,0.00,0.00,0.00
20650,DL:0.1.0:AT.1.0.0,2022-3-4 1:16:10,34.50,0.00,0.00,17.644,0.806,-4.655,12.988,18.450,0.00,0.00,0.00,0.00,0.00,0.00,0.00,0.00,0.00,0.00,0.00,0.00,0.00,0.00,0.00,0.00,0.00
20650,DL:0.1.0:AT.1.0.0,2022-3-4 1:16:16,34.50,0.00,0.00,17.662,0.788,-4.673,12.988,18.450,0.00,0.00,0.00,0.00,0.00,0.00,0.00,0.00,0.00,0.00,0.00,0.00,0.00,0.00,0.00,0.00,0.00
20650,DL:0.1.0:AT.1.0.0,2022-3-4 1:16:21,34.50,0.00,0.00,17.657,0.793,-4.670,12.987,18.450,0.00,0.00,0.00,0.00,0.00,0.00,0.00,0.00,0.00,0.00,0.00,0.00,0.00,0.00,0.00,0.00,0.00
20650,DL:0.1.0:AT.1.0.0,2022-3-4 1:16:30,34.50,0.00,0.00,17.677,0.773,-4.690,12.987,18.450,0.00,0.00,0.00,0.00,0.00,0.00,0.00,0.00,0.00,0.00,0.00,0.00,0.00,0.00,0.00,0.00,0.00
20650,DL:0.1.0:AT.1.0.0,2022-3-4 1:16:35,34.50,0.00,0.00,17.681,0.769,-4.695,12.986,18.450,0.00,0.00,0.00,0.00,0.00,0.00,0.00,0.00,0.00,0.00,0.00,0.00,0.00,0.00,0.00,0.00,0.00
20650,DL:0.1.0:AT.1.0.0,2022-3-4 1:16:41,34.50,0.00,0.00,17.638,0.814,-4.653,12.985,18.451,0.00,0.00,0.00,0.00,0.00,0.00,0.00,0.00,0.00,0.00,0.00,0.00,0.00,0.00,0.00,0.00,0.00
20650,DL:0.1.0:AT.1.0.0,2022-3-4 1:16:47,34.50,0.00,0.00,17.662,0.789,-4.678,12.984,18.451,0.00,0.00,0.00,0.00,0.00,0.00,0.00,0.00,0.00,0.00,0.00,0.00,0.00,0.00,0.00,0.00,0.00
20650,DL:0.1.0:AT.1.0.0,2022-3-4 1:16:54,34.50,0.00,0.00,17.666,0.783,-4.683,12.984,18.450,0.00,0.00,0.00,0.00,0.00,0.00,0.00,0.00,0.00,0.00,0.00,0.00,0.00,0.00,0.00,0.00,0.00
20650,DL:0.1.0:AT.1.0.0,2022-3-4 1:16:59,34.50,0.00,0.00,17.650,0.800,-4.666,12.984,18.450,0.00,0.00,0.00,0.00,0.00,0.00,0.00,0.00,0.00,0.00,0.00,0.00,0.00,0.00,0.00,0.00,0.00
20650,DL:0.1.0:AT.1.0.0,2022-3-4 1:17:4,34.50,0.00,0.00,17.650,0.800,-4.668,12.981,18.450,0.00,0.00,0.00,0.00,0.00,0.00,0.00,0.00,0.00,0.00,0.00,0.00,0.00,0.00,0.00,0.00,0.00
20650,DL:0.1.0:AT.1.0.0,2022-3-4 1:17:9,34.50,0.00,0.00,17.652,0.799,-4.670,12.982,18.451,0.00,0.00,0.00,0.00,0.00,0.00,0.00,0.00,0.00,0.00,0.00,0.00,0.00,0.00,0.00,0.00,0.00
20650,DL:0.1.0:AT.1.0.0,2022-3-4 1:17:15,34.50,0.00,0.00,17.659,0.791,-4.678,12.981,18.450,0.00,0.00,0.00,0.00,0.00,0.00,0.00,0.00,0.00,0.00,0.00,0.00,0.00,0.00,0.00,0.00,0.00
20650,DL:0.1.0:AT.1.0.0,2022-3-4 1:17:21,34.50,0.00,0.00,17.659,0.791,-4.679,12.980,18.450,0.00,0.00,0.00,0.00,0.00,0.00,0.00,0.00,0.00,0.00,0.00,0.00,0.00,0.00,0.00,0.00,0.00
20650,DL:0.1.0:AT.1.0.0,2022-3-4 1:17:28,34.50,0.00,0.00,17.641,0.810,-4.662,12.979,18.451,0.00,0.00,0.00,0.00,0.00,0.00,0.00,0.00,0.00,0.00,0.00,0.00,0.00,0.00,0.00,0.00,0.00
20650,DL:0.1.0:AT.1.0.0,2022-3-4 1:17:35,34.50,0.00,0.00,17.677,0.774,-4.698,12.979,18.451,0.00,0.00,0.00,0.00,0.00,0.00,0.00,0.00,0.00,0.00,0.00,0.00,0.00,0.00,0.00,0.00,0.00
20650,DL:0.1.0:AT.1.0.0,2022-3-4 1:17:42,34.50,0.00,0.00,17.669,0.781,-4.692,12.976,18.450,0.00,0.00,0.00,0.00,0.00,0.00,0.00,0.00,0.00,0.00,0.00,0.00,0.00,0.00,0.00,0.00,0.00
20650,DL:0.1.0:AT.1.0.0,2022-3-4 1:17:49,34.50,0.00,0.00,17.660,0.789,-4.685,12.975,18.450,0.00,0.00,0.00,0.00,0.00,0.00,0.00,0.00,0.00,0.00,0.00,0.00,0.00,0.00,0.00,0.00,0.00
20650,DL:0.1.0:AT.1.0.0,2022-3-4 1:17:56,34.50,0.00,0.00,17.676,0.774,-4.701,12.975,18.450,0.00,0.00,0.00,0.00,0.00,0.00,0.00,0.00,0.00,0.00,0.00,0.00,0.00,0.00,0.00,0.00,0.00
20650,DL:0.1.0:AT.1.0.0,2022-3-4 1:18:2,34.50,0.00,0.00,17.658,0.792,-4.684,12.974,18.450,0.00,0.00,0.00,0.00,0.00,0.00,0.00,0.00,0.00,0.00,0.00,0.00,0.00,0.00,0.00,0.00,0.00
20650,DL:0.1.0:AT.1.0.0,2022-3-4 1:18:14,34.50,0.00,0.00,17.642,0.807,-4.671,12.972,18.450,0.00,0.00,0.00,0.00,0.00,0.00,0.00,0.00,0.00,0.00,0.00,0.00,0.00,0.00,0.00,0.00,0.00
20650,DL:0.1.0:AT.1.0.0,2022-3-4 1:18:19,34.50,0.00,0.00,17.647,0.804,-4.676,12.972,18.451,0.00,0.00,0.00,0.00,0.00,0.00,0.00,0.00,0.00,0.00,0.00,0.00,0.00,0.00,0.00,0.00,0.00
20650,DL:0.1.0:AT.1.0.0,2022-3-4 1:18:26,34.50,0.00,0.00,17.680,0.771,-4.709,12.970,18.451,0.00,0.00,0.00,0.00,0.00,0.00,0.00,0.00,0.00,0.00,0.00,0.00,0.00,0.00,0.00,0.00,0.00
20650,DL:0.1.0:AT.1.0.0,2022-3-4 1:18:33,34.50,0.00,0.00,17.634,0.817,-4.664,12.970,18.451,0.00,0.00,0.00,0.00,0.00,0.00,0.00,0.00,0.00,0.00,0.00,0.00,0.00,0.00,0.00,0.00,0.00
20650,DL:0.1.0:AT.1.0.0,2022-3-4 1:18:44,34.50,0.00,0.00,17.662,0.789,-4.692,12.969,18.451,0.00,0.00,0.00,0.00,0.00,0.00,0.00,0.00,0.00,0.00,0.00,0.00,0.00,0.00,0.00,0.00,0.00
20650,DL:0.1.0:AT.1.0.0,2022-3-4 1:18:50,34.50,0.00,0.00,17.653,0.798,-4.685,12.968,18.451,0.00,0.00,0.00,0.00,0.00,0.00,0.00,0.00,0.00,0.00,0.00,0.00,0.00,0.00,0.00,0.00,0.00
20650,DL:0.1.0:AT.1.0.0,2022-3-4 1:18:57,34.50,0.00,0.00,17.650,0.801,-4.682,12.968,18.451,0.00,0.00,0.00,0.00,0.00,0.00,0.00,0.00,0.00,0.00,0.00,0.00,0.00,0.00,0.00,0.00,0.00
20650,DL:0.1.0:AT.1.0.0,2022-3-4 1:19:4,34.50,0.00,0.00,17.654,0.798,-4.686,12.968,18.452,0.00,0.00,0.00,0.00,0.00,0.00,0.00,0.00,0.00,0.00,0.00,0.00,0.00,0.00,0.00,0.00,0.00
20650,DL:0.1.0:AT.1.0.0,2022-3-4 1:19:12,34.50,0.00,0.00,17.663,0.788,-4.697,12.966,18.451,0.00,0.00,0.00,0.00,0.00,0.00,0.00,0.00,0.00,0.00,0.00,0.00,0.00,0.00,0.00,0.00,0.00
20650,DL:0.1.0:AT.1.0.0,2022-3-4 1:19:18,34.50,0.00,0.00,17.648,0.803,-4.683,12.966,18.451,0.00,0.00,0.00,0.00,0.00,0.00,0.00,0.00,0.00,0.00,0.00,0.00,0.00,0.00,0.00,0.00,0.00
20650,DL:0.1.0:AT.1.0.0,2022-3-4 1:19:24,34.50,0.00,0.00,17.652,0.799,-4.688,12.964,18.451,0.00,0.00,0.00,0.00,0.00,0.00,0.00,0.00,0.00,0.00,0.00,0.00,0.00,0.00,0.00,0.00,0.00
20650,DL:0.1.0:AT.1.0.0,2022-3-4 1:19:31,34.50,0.00,0.00,17.653,0.798,-4.690,12.963,18.451,0.00,0.00,0.00,0.00,0.00,0.00,0.00,0.00,0.00,0.00,0.00,0.00,0.00,0.00,0.00,0.00,0.00
20650,DL:0.1.0:AT.1.0.0,2022-3-4 1:19:38,34.50,0.00,0.00,17.650,0.803,-4.686,12.963,18.452,0.00,0.00,0.00,0.00,0.00,0.00,0.00,0.00,0.00,0.00,0.00,0.00,0.00,0.00,0.00,0.00,0.00
20650,DL:0.1.0:AT.1.0.0,2022-3-4 1:19:45,34.50,0.00,0.00,17.648,0.804,-4.686,12.962,18.452,0.00,0.00,0.00,0.00,0.00,0.00,0.00,0.00,0.00,0.00,0.00,0.00,0.00,0.00,0.00,0.00,0.00
20650,DL:0.1.0:AT.1.0.0,2022-3-4 1:19:50,34.50,0.00,0.00,17.633,0.818,-4.671,12.962,18.451,0.00,0.00,0.00,0.00,0.00,0.00,0.00,0.00,0.00,0.00,0.00,0.00,0.00,0.00,0.00,0.00,0.00
20650,DL:0.1.0:AT.1.0.0,2022-3-4 1:19:55,34.50,0.00,0.00,17.674,0.779,-4.712,12.962,18.452,0.00,0.00,0.00,0.00,0.00,0.00,0.00,0.00,0.00,0.00,0.00,0.00,0.00,0.00,0.00,0.00,0.00
20650,DL:0.1.0:AT.1.0.0,2022-3-4 1:20:2,34.50,0.00,0.00,17.674,0.779,-4.713,12.961,18.452,0.00,0.00,0.00,0.00,0.00,0.00,0.00,0.00,0.00,0.00,0.00,0.00,0.00,0.00,0.00,0.00,0.00
20650,DL:0.1.0:AT.1.0.0,2022-3-4 1:20:7,34.50,0.00,0.00,17.645,0.809,-4.679,12.966,18.453,0.00,0.00,0.00,0.00,0.00,0.00,0.00,0.00,0.00,0.00,0.00,0.00,0.00,0.00,0.00,0.00,0.00
20650,DL:0.1.0:AT.1.0.0,2022-3-4 1:20:13,34.50,0.00,0.00,17.663,0.789,-4.698,12.964,18.452,0.00,0.00,0.00,0.00,0.00,0.00,0.00,0.00,0.00,0.00,0.00,0.00,0.00,0.00,0.00,0.00,0.00
20650,DL:0.1.0:AT.1.0.0,2022-3-4 1:20:18,34.50,0.00,0.00,17.654,0.799,-4.690,12.964,18.453,0.00,0.00,0.00,0.00,0.00,0.00,0.00,0.00,0.00,0.00,0.00,0.00,0.00,0.00,0.00,0.00,0.00
20650,DL:0.1.0:AT.1.0.0,2022-3-4 1:20:23,34.50,0.00,0.00,17.663,0.791,-4.700,12.963,18.453,0.00,0.00,0.00,0.00,0.00,0.00,0.00,0.00,0.00,0.00,0.00,0.00,0.00,0.00,0.00,0.00,0.00
20650,DL:0.1.0:AT.1.0.0,2022-3-4 1:20:29,34.50,0.00,0.00,17.682,0.770,-4.720,12.962,18.452,0.00,0.00,0.00,0.00,0.00,0.00,0.00,0.00,0.00,0.00,0.00,0.00,0.00,0.00,0.00,0.00,0.00
20650,DL:0.1.0:AT.1.0.0,2022-3-4 1:20:34,34.50,0.00,0.00,17.666,0.786,-4.704,12.962,18.452,0.00,0.00,0.00,0.00,0.00,0.00,0.00,0.00,0.00,0.00,0.00,0.00,0.00,0.00,0.00,0.00,0.00
20650,DL:0.1.0:AT.1.0.0,2022-3-4 1:20:40,34.50,0.00,0.00,17.676,0.777,-4.714,12.962,18.453,0.00,0.00,0.00,0.00,0.00,0.00,0.00,0.00,0.00,0.00,0.00,0.00,0.00,0.00,0.00,0.00,0.00
20650,DL:0.1.0:AT.1.0.0,2022-3-4 1:20:45,34.50,0.00,0.00,17.669,0.783,-4.708,12.961,18.452,0.00,0.00,0.00,0.00,0.00,0.00,0.00,0.00,0.00,0.00,0.00,0.00,0.00,0.00,0.00,0.00,0.00
20650,DL:0.1.0:AT.1.0.0,2022-3-4 1:20:50,34.50,0.00,0.00,17.669,0.785,-4.708,12.961,18.453,0.00,0.00,0.00,0.00,0.00,0.00,0.00,0.00,0.00,0.00,0.00,0.00,0.00,0.00,0.00,0.00,0.00
20650,DL:0.1.0:AT.1.0.0,2022-3-4 1:20:55,34.50,0.00,0.00,17.656,0.798,-4.696,12.960,18.453,0.00,0.00,0.00,0.00,0.00,0.00,0.00,0.00,0.00,0.00,0.00,0.00,0.00,0.00,0.00,0.00,0.00
20650,DL:0.1.0:AT.1.0.0,2022-3-4 1:21:0,34.50,0.00,0.00,17.629,0.824,-4.670,12.960,18.453,0.00,0.00,0.00,0.00,0.00,0.00,0.00,0.00,0.00,0.00,0.00,0.00,0.00,0.00,0.00,0.00,0.00
20650,DL:0.1.0:AT.1.0.0,2022-3-4 1:21:5,34.50,0.00,0.00,17.653,0.800,-4.695,12.958,18.453,0.00,0.00,0.00,0.00,0.00,0.00,0.00,0.00,0.00,0.00,0.00,0.00,0.00,0.00,0.00,0.00,0.00
20650,DL:0.1.0:AT.1.0.0,2022-3-4 1:21:11,34.50,0.00,0.00,17.647,0.806,-4.689,12.958,18.453,0.00,0.00,0.00,0.00,0.00,0.00,0.00,0.00,0.00,0.00,0.00,0.00,0.00,0.00,0.00,0.00,0.00
20650,DL:0.1.0:AT.1.0.0,2022-3-4 1:21:17,34.50,0.00,0.00,17.639,0.815,-4.680,12.958,18.453,0.00,0.00,0.00,0.00,0.00,0.00,0.00,0.00,0.00,0.00,0.00,0.00,0.00,0.00,0.00,0.00,0.00
20650,DL:0.1.0:AT.1.0.0,2022-3-4 1:21:22,34.50,0.00,0.00,17.642,0.811,-4.686,12.956,18.453,0.00,0.00,0.00,0.00,0.00,0.00,0.00,0.00,0.00,0.00,0.00,0.00,0.00,0.00,0.00,0.00,0.00
20650,DL:0.1.0:AT.1.0.0,2022-3-4 1:21:28,34.50,0.00,0.00,17.614,0.840,-4.658,12.956,18.453,0.00,0.00,0.00,0.00,0.00,0.00,0.00,0.00,0.00,0.00,0.00,0.00,0.00,0.00,0.00,0.00,0.00
20650,DL:0.1.0:AT.1.0.0,2022-3-4 1:21:34,34.50,0.00,0.00,17.628,0.826,-4.672,12.956,18.453,0.00,0.00,0.00,0.00,0.00,0.00,0.00,0.00,0.00,0.00,0.00,0.00,0.00,0.00,0.00,0.00,0.00
20650,DL:0.1.0:AT.1.0.0,2022-3-4 1:21:39,34.50,0.00,0.00,17.603,0.851,-4.648,12.955,18.453,0.00,0.00,0.00,0.00,0.00,0.00,0.00,0.00,0.00,0.00,0.00,0.00,0.00,0.00,0.00,0.00,0.00
20650,DL:0.1.0:AT.1.0.0,2022-3-4 1:21:45,34.50,0.00,0.00,17.658,0.797,-4.703,12.955,18.455,0.00,0.00,0.00,0.00,0.00,0.00,0.00,0.00,0.00,0.00,0.00,0.00,0.00,0.00,0.00,0.00,0.00
20650,DL:0.1.0:AT.1.0.0,2022-3-4 1:21:51,34.50,0.00,0.00,17.662,0.793,-4.707,12.955,18.455,0.00,0.00,0.00,0.00,0.00,0.00,0.00,0.00,0.00,0.00,0.00,0.00,0.00,0.00,0.00,0.00,0.00
20650,DL:0.1.0:AT.1.0.0,2022-3-4 1:21:58,34.50,0.00,0.00,17.639,0.816,-4.685,12.954,18.455,0.00,0.00,0.00,0.00,0.00,0.00,0.00,0.00,0.00,0.00,0.00,0.00,0.00,0.00,0.00,0.00,0.00
20650,DL:0.1.0:AT.1.0.0,2022-3-4 1:22:8,34.50,0.00,0.00,17.653,0.801,-4.700,12.954,18.455,0.00,0.00,0.00,0.00,0.00,0.00,0.00,0.00,0.00,0.00,0.00,0.00,0.00,0.00,0.00,0.00,0.00
20650,DL:0.1.0:AT.1.0.0,2022-3-4 1:22:16,34.50,0.00,0.00,17.648,0.806,-4.695,12.954,18.455,0.00,0.00,0.00,0.00,0.00,0.00,0.00,0.00,0.00,0.00,0.00,0.00,0.00,0.00,0.00,0.00,0.00
20650,DL:0.1.0:AT.1.0.0,2022-3-4 1:22:22,34.50,0.00,0.00,17.671,0.783,-4.719,12.952,18.455,0.00,0.00,0.00,0.00,0.00,0.00,0.00,0.00,0.00,0.00,0.00,0.00,0.00,0.00,0.00,0.00,0.00
20650,DL:0.1.0:AT.1.0.0,2022-3-4 1:22:29,34.50,0.00,0.00,17.687,0.768,-4.736,12.951,18.455,0.00,0.00,0.00,0.00,0.00,0.00,0.00,0.00,0.00,0.00,0.00,0.00,0.00,0.00,0.00,0.00,0.00
20650,DL:0.1.0:AT.1.0.0,2022-3-4 1:22:34,34.50,0.00,0.00,17.689,0.767,-4.738,12.951,18.456,0.00,0.00,0.00,0.00,0.00,0.00,0.00,0.00,0.00,0.00,0.00,0.00,0.00,0.00,0.00,0.00,0.00
20650,DL:0.1.0:AT.1.0.0,2022-3-4 1:22:40,34.50,0.00,0.00,17.670,0.786,-4.720,12.950,18.456,0.00,0.00,0.00,0.00,0.00,0.00,0.00,0.00,0.00,0.00,0.00,0.00,0.00,0.00,0.00,0.00,0.00
20650,DL:0.1.0:AT.1.0.0,2022-3-4 1:22:47,34.50,0.00,0.00,17.646,0.810,-4.696,12.950,18.456,0.00,0.00,0.00,0.00,0.00,0.00,0.00,0.00,0.00,0.00,0.00,0.00,0.00,0.00,0.00,0.00,0.00
20650,DL:0.1.0:AT.1.0.0,2022-3-4 1:22:53,34.50,0.00,0.00,17.689,0.767,-4.739,12.950,18.456,0.00,0.00,0.00,0.00,0.00,0.00,0.00,0.00,0.00,0.00,0.00,0.00,0.00,0.00,0.00,0.00,0.00
20650,DL:0.1.0:AT.1.0.0,2022-3-4 1:23:0,34.50,0.00,0.00,17.692,0.764,-4.743,12.949,18.456,0.00,0.00,0.00,0.00,0.00,0.00,0.00,0.00,0.00,0.00,0.00,0.00,0.00,0.00,0.00,0.00,0.00
20650,DL:0.1.0:AT.1.0.0,2022-3-4 1:23:7,34.50,0.00,0.00,17.698,0.758,-4.749,12.949,18.456,0.00,0.00,0.00,0.00,0.00,0.00,0.00,0.00,0.00,0.00,0.00,0.00,0.00,0.00,0.00,0.00,0.00
20650,DL:0.1.0:AT.1.0.0,2022-3-4 1:23:18,34.50,0.00,0.00,17.670,0.787,-4.721,12.949,18.457,0.00,0.00,0.00,0.00,0.00,0.00,0.00,0.00,0.00,0.00,0.00,0.00,0.00,0.00,0.00,0.00,0.00
20650,DL:0.1.0:AT.1.0.0,2022-3-4 1:23:24,34.50,0.00,0.00,17.695,0.761,-4.745,12.950,18.456,0.00,0.00,0.00,0.00,0.00,0.00,0.00,0.00,0.00,0.00,0.00,0.00,0.00,0.00,0.00,0.00,0.00
20650,DL:0.1.0:AT.1.0.0,2022-3-4 1:23:31,34.50,0.00,0.00,17.657,0.799,-4.708,12.949,18.456,0.00,0.00,0.00,0.00,0.00,0.00,0.00,0.00,0.00,0.00,0.00,0.00,0.00,0.00,0.00,0.00,0.00
20650,DL:0.1.0:AT.1.0.0,2022-3-4 1:23:38,34.50,0.00,0.00,17.659,0.797,-4.713,12.946,18.456,0.00,0.00,0.00,0.00,0.00,0.00,0.00,0.00,0.00,0.00,0.00,0.00,0.00,0.00,0.00,0.00,0.00
20650,DL:0.1.0:AT.1.0.0,2022-3-4 1:23:46,34.50,0.00,0.00,17.688,0.768,-4.742,12.946,18.456,0.00,0.00,0.00,0.00,0.00,0.00,0.00,0.00,0.00,0.00,0.00,0.00,0.00,0.00,0.00,0.00,0.00
20650,DL:0.1.0:AT.1.0.0,2022-3-4 1:23:51,34.50,0.00,0.00,17.650,0.806,-4.703,12.946,18.456,0.00,0.00,0.00,0.00,0.00,0.00,0.00,0.00,0.00,0.00,0.00,0.00,0.00,0.00,0.00,0.00,0.00
20650,DL:0.1.0:AT.1.0.0,2022-3-4 1:23:58,34.50,0.00,0.00,17.668,0.789,-4.721,12.946,18.457,0.00,0.00,0.00,0.00,0.00,0.00,0.00,0.00,0.00,0.00,0.00,0.00,0.00,0.00,0.00,0.00,0.00
20650,DL:0.1.0:AT.1.0.0,2022-3-4 1:24:5,34.50,0.00,0.00,17.683,0.773,-4.737,12.946,18.456,0.00,0.00,0.00,0.00,0.00,0.00,0.00,0.00,0.00,0.00,0.00,0.00,0.00,0.00,0.00,0.00,0.00
20650,DL:0.1.0:AT.1.0.0,2022-3-4 1:24:12,34.50,0.00,0.00,17.660,0.797,-4.715,12.945,18.457,0.00,0.00,0.00,0.00,0.00,0.00,0.00,0.00,0.00,0.00,0.00,0.00,0.00,0.00,0.00,0.00,0.00
20650,DL:0.1.0:AT.1.0.0,2022-3-4 1:24:19,34.50,0.00,0.00,17.672,0.785,-4.727,12.945,18.457,0.00,0.00,0.00,0.00,0.00,0.00,0.00,0.00,0.00,0.00,0.00,0.00,0.00,0.00,0.00,0.00,0.00
20650,DL:0.1.0:AT.1.0.0,2022-3-4 1:24:26,34.50,0.00,0.00,17.683,0.774,-4.738,12.945,18.457,0.00,0.00,0.00,0.00,0.00,0.00,0.00,0.00,0.00,0.00,0.00,0.00,0.00,0.00,0.00,0.00,0.00
20650,DL:0.1.0:AT.1.0.0,2022-3-4 1:24:31,34.50,0.00,0.00,17.677,0.780,-4.733,12.944,18.457,0.00,0.00,0.00,0.00,0.00,0.00,0.00,0.00,0.00,0.00,0.00,0.00,0.00,0.00,0.00,0.00,0.00
20650,DL:0.1.0:AT.1.0.0,2022-3-4 1:24:36,34.50,0.00,0.00,17.638,0.820,-4.694,12.944,18.457,0.00,0.00,0.00,0.00,0.00,0.00,0.00,0.00,0.00,0.00,0.00,0.00,0.00,0.00,0.00,0.00,0.00
20650,DL:0.1.0:AT.1.0.0,2022-3-4 1:24:41,34.50,0.00,0.00,17.620,0.839,-4.676,12.944,18.458,0.00,0.00,0.00,0.00,0.00,0.00,0.00,0.00,0.00,0.00,0.00,0.00,0.00,0.00,0.00,0.00,0.00
20650,DL:0.1.0:AT.1.0.0,2022-3-4 1:24:47,34.50,0.00,0.00,17.666,0.792,-4.722,12.944,18.458,0.00,0.00,0.00,0.00,0.00,0.00,0.00,0.00,0.00,0.00,0.00,0.00,0.00,0.00,0.00,0.00,0.00
20650,DL:0.1.0:AT.1.0.0,2022-3-4 1:24:53,34.50,0.00,0.00,17.646,0.811,-4.703,12.943,18.457,0.00,0.00,0.00,0.00,0.00,0.00,0.00,0.00,0.00,0.00,0.00,0.00,0.00,0.00,0.00,0.00,0.00
20650,DL:0.1.0:AT.1.0.0,2022-3-4 1:24:58,34.50,0.00,0.00,17.647,0.810,-4.704,12.943,18.457,0.00,0.00,0.00,0.00,0.00,0.00,0.00,0.00,0.00,0.00,0.00,0.00,0.00,0.00,0.00,0.00,0.00
20650,DL:0.1.0:AT.1.0.0,2022-3-4 1:25:3,34.50,0.00,0.00,17.635,0.822,-4.694,12.942,18.457,0.00,0.00,0.00,0.00,0.00,0.00,0.00,0.00,0.00,0.00,0.00,0.00,0.00,0.00,0.00,0.00,0.00
20650,DL:0.1.0:AT.1.0.0,2022-3-4 1:25:9,34.50,0.00,0.00,17.641,0.817,-4.700,12.942,18.458,0.00,0.00,0.00,0.00,0.00,0.00,0.00,0.00,0.00,0.00,0.00,0.00,0.00,0.00,0.00,0.00,0.00
20650,DL:0.1.0:AT.1.0.0,2022-3-4 1:25:14,34.50,0.00,0.00,17.641,0.817,-4.700,12.942,18.458,0.00,0.00,0.00,0.00,0.00,0.00,0.00,0.00,0.00,0.00,0.00,0.00,0.00,0.00,0.00,0.00,0.00
20650,DL:0.1.0:AT.1.0.0,2022-3-4 1:25:19,34.50,0.00,0.00,17.647,0.811,-4.706,12.942,18.458,0.00,0.00,0.00,0.00,0.00,0.00,0.00,0.00,0.00,0.00,0.00,0.00,0.00,0.00,0.00,0.00,0.00
20650,DL:0.1.0:AT.1.0.0,2022-3-4 1:25:24,34.50,0.00,0.00,17.650,0.810,-4.709,12.940,18.460,0.00,0.00,0.00,0.00,0.00,0.00,0.00,0.00,0.00,0.00,0.00,0.00,0.00,0.00,0.00,0.00,0.00
20650,DL:0.1.0:AT.1.0.0,2022-3-4 1:25:29,34.50,0.00,0.00,17.644,0.815,-4.703,12.940,18.458,0.00,0.00,0.00,0.00,0.00,0.00,0.00,0.00,0.00,0.00,0.00,0.00,0.00,0.00,0.00,0.00,0.00
20650,DL:0.1.0:AT.1.0.0,2022-3-4 1:25:34,34.50,0.00,0.00,17.620,0.839,-4.680,12.939,18.458,0.00,0.00,0.00,0.00,0.00,0.00,0.00,0.00,0.00,0.00,0.00,0.00,0.00,0.00,0.00,0.00,0.00
20650,DL:0.1.0:AT.1.0.0,2022-3-4 1:25:40,34.50,0.00,0.00,17.630,0.828,-4.691,12.939,18.458,0.00,0.00,0.00,0.00,0.00,0.00,0.00,0.00,0.00,0.00,0.00,0.00,0.00,0.00,0.00,0.00,0.00
20650,DL:0.1.0:AT.1.0.0,2022-3-4 1:25:45,34.50,0.00,0.00,17.640,0.818,-4.700,12.940,18.458,0.00,0.00,0.00,0.00,0.00,0.00,0.00,0.00,0.00,0.00,0.00,0.00,0.00,0.00,0.00,0.00,0.00
20650,DL:0.1.0:AT.1.0.0,2022-3-4 1:25:52,34.50,0.00,0.00,17.670,0.788,-4.731,12.939,18.458,0.00,0.00,0.00,0.00,0.00,0.00,0.00,0.00,0.00,0.00,0.00,0.00,0.00,0.00,0.00,0.00,0.00
20650,DL:0.1.0:AT.1.0.0,2022-3-4 1:26:1,34.50,0.00,0.00,17.662,0.797,-4.724,12.938,18.458,0.00,0.00,0.00,0.00,0.00,0.00,0.00,0.00,0.00,0.00,0.00,0.00,0.00,0.00,0.00,0.00,0.00
20650,DL:0.1.0:AT.1.0.0,2022-3-4 1:26:8,34.50,0.00,0.00,17.658,0.800,-4.721,12.937,18.458,0.00,0.00,0.00,0.00,0.00,0.00,0.00,0.00,0.00,0.00,0.00,0.00,0.00,0.00,0.00,0.00,0.00
20650,DL:0.1.0:AT.1.0.0,2022-3-4 1:26:13,34.50,0.00,0.00,17.645,0.814,-4.708,12.937,18.458,0.00,0.00,0.00,0.00,0.00,0.00,0.00,0.00,0.00,0.00,0.00,0.00,0.00,0.00,0.00,0.00,0.00
20650,DL:0.1.0:AT.1.0.0,2022-3-4 1:26:23,34.50,0.00,0.00,17.639,0.820,-4.703,12.936,18.458,0.00,0.00,0.00,0.00,0.00,0.00,0.00,0.00,0.00,0.00,0.00,0.00,0.00,0.00,0.00,0.00,0.00
20650,DL:0.1.0:AT.1.0.0,2022-3-4 1:26:29,34.50,0.00,0.00,17.663,0.795,-4.728,12.934,18.458,0.00,0.00,0.00,0.00,0.00,0.00,0.00,0.00,0.00,0.00,0.00,0.00,0.00,0.00,0.00,0.00,0.00
20650,DL:0.1.0:AT.1.0.0,2022-3-4 1:26:36,34.50,0.00,0.00,17.665,0.793,-4.732,12.933,18.458,0.00,0.00,0.00,0.00,0.00,0.00,0.00,0.00,0.00,0.00,0.00,0.00,0.00,0.00,0.00,0.00,0.00
20650,DL:0.1.0:AT.1.0.0,2022-3-4 1:26:43,34.50,0.00,0.00,17.682,0.776,-4.749,12.933,18.458,0.00,0.00,0.00,0.00,0.00,0.00,0.00,0.00,0.00,0.00,0.00,0.00,0.00,0.00,0.00,0.00,0.00
20650,DL:0.1.0:AT.1.0.0,2022-3-4 1:26:55,34.50,0.00,0.00,17.674,0.785,-4.743,12.931,18.458,0.00,0.00,0.00,0.00,0.00,0.00,0.00,0.00,0.00,0.00,0.00,0.00,0.00,0.00,0.00,0.00,0.00
20650,DL:0.1.0:AT.1.0.0,2022-3-4 1:27:0,34.50,0.00,0.00,17.650,0.809,-4.720,12.930,18.458,0.00,0.00,0.00,0.00,0.00,0.00,0.00,0.00,0.00,0.00,0.00,0.00,0.00,0.00,0.00,0.00,0.00
20650,DL:0.1.0:AT.1.0.0,2022-3-4 1:27:5,34.50,0.00,0.00,17.632,0.827,-4.703,12.928,18.458,0.00,0.00,0.00,0.00,0.00,0.00,0.00,0.00,0.00,0.00,0.00,0.00,0.00,0.00,0.00,0.00,0.00
20650,DL:0.1.0:AT.1.0.0,2022-3-4 1:27:10,34.50,0.00,0.00,17.664,0.795,-4.736,12.928,18.460,0.00,0.00,0.00,0.00,0.00,0.00,0.00,0.00,0.00,0.00,0.00,0.00,0.00,0.00,0.00,0.00,0.00
20650,DL:0.1.0:AT.1.0.0,2022-3-4 1:27:17,34.50,0.00,0.00,17.638,0.821,-4.710,12.927,18.458,0.00,0.00,0.00,0.00,0.00,0.00,0.00,0.00,0.00,0.00,0.00,0.00,0.00,0.00,0.00,0.00,0.00
20650,DL:0.1.0:AT.1.0.0,2022-3-4 1:27:22,34.50,0.00,0.00,17.653,0.805,-4.726,12.927,18.458,0.00,0.00,0.00,0.00,0.00,0.00,0.00,0.00,0.00,0.00,0.00,0.00,0.00,0.00,0.00,0.00,0.00
20650,DL:0.1.0:AT.1.0.0,2022-3-4 1:27:27,34.50,0.00,0.00,17.627,0.833,-4.701,12.926,18.460,0.00,0.00,0.00,0.00,0.00,0.00,0.00,0.00,0.00,0.00,0.00,0.00,0.00,0.00,0.00,0.00,0.00
20650,DL:0.1.0:AT.1.0.0,2022-3-4 1:27:32,34.50,0.00,0.00,17.663,0.797,-4.737,12.926,18.460,0.00,0.00,0.00,0.00,0.00,0.00,0.00,0.00,0.00,0.00,0.00,0.00,0.00,0.00,0.00,0.00,0.00
20650,DL:0.1.0:AT.1.0.0,2022-3-4 1:27:38,34.50,0.00,0.00,17.653,0.806,-4.731,12.922,18.460,0.00,0.00,0.00,0.00,0.00,0.00,0.00,0.00,0.00,0.00,0.00,0.00,0.00,0.00,0.00,0.00,0.00
20650,DL:0.1.0:AT.1.0.0,2022-3-4 1:27:44,34.50,0.00,0.00,17.657,0.803,-4.736,12.921,18.460,0.00,0.00,0.00,0.00,0.00,0.00,0.00,0.00,0.00,0.00,0.00,0.00,0.00,0.00,0.00,0.00,0.00
20650,DL:0.1.0:AT.1.0.0,2022-3-4 1:27:56,34.50,0.00,0.00,17.670,0.789,-4.749,12.921,18.460,0.00,0.00,0.00,0.00,0.00,0.00,0.00,0.00,0.00,0.00,0.00,0.00,0.00,0.00,0.00,0.00,0.00
20650,DL:0.1.0:AT.1.0.0,2022-3-4 1:28:1,34.50,0.00,0.00,17.648,0.811,-4.728,12.920,18.460,0.00,0.00,0.00,0.00,0.00,0.00,0.00,0.00,0.00,0.00,0.00,0.00,0.00,0.00,0.00,0.00,0.00
20650,DL:0.1.0:AT.1.0.0,2022-3-4 1:28:8,34.50,0.00,0.00,17.682,0.779,-4.762,12.920,18.461,0.00,0.00,0.00,0.00,0.00,0.00,0.00,0.00,0.00,0.00,0.00,0.00,0.00,0.00,0.00,0.00,0.00
20650,DL:0.1.0:AT.1.0.0,2022-3-4 1:28:15,34.50,0.00,0.00,17.672,0.787,-4.755,12.918,18.460,0.00,0.00,0.00,0.00,0.00,0.00,0.00,0.00,0.00,0.00,0.00,0.00,0.00,0.00,0.00,0.00,0.00
20650,DL:0.1.0:AT.1.0.0,2022-3-4 1:28:23,34.50,0.00,0.00,17.669,0.792,-4.752,12.916,18.461,0.00,0.00,0.00,0.00,0.00,0.00,0.00,0.00,0.00,0.00,0.00,0.00,0.00,0.00,0.00,0.00,0.00
20650,DL:0.1.0:AT.1.0.0,2022-3-4 1:28:29,34.50,0.00,0.00,17.681,0.780,-4.766,12.915,18.461,0.00,0.00,0.00,0.00,0.00,0.00,0.00,0.00,0.00,0.00,0.00,0.00,0.00,0.00,0.00,0.00,0.00
20650,DL:0.1.0:AT.1.0.0,2022-3-4 1:28:36,34.50,0.00,0.00,17.671,0.789,-4.756,12.915,18.461,0.00,0.00,0.00,0.00,0.00,0.00,0.00,0.00,0.00,0.00,0.00,0.00,0.00,0.00,0.00,0.00,0.00
20650,DL:0.1.0:AT.1.0.0,2022-3-4 1:28:42,34.50,0.00,0.00,17.663,0.798,-4.749,12.914,18.461,0.00,0.00,0.00,0.00,0.00,0.00,0.00,0.00,0.00,0.00,0.00,0.00,0.00,0.00,0.00,0.00,0.00
20650,DL:0.1.0:AT.1.0.0,2022-3-4 1:28:53,34.50,0.00,0.00,17.634,0.828,-4.721,12.913,18.462,0.00,0.00,0.00,0.00,0.00,0.00,0.00,0.00,0.00,0.00,0.00,0.00,0.00,0.00,0.00,0.00,0.00
20650,DL:0.1.0:AT.1.0.0,2022-3-4 1:28:59,34.50,0.00,0.00,17.657,0.805,-4.745,12.912,18.462,0.00,0.00,0.00,0.00,0.00,0.00,0.00,0.00,0.00,0.00,0.00,0.00,0.00,0.00,0.00,0.00,0.00
20650,DL:0.1.0:AT.1.0.0,2022-3-4 1:29:6,34.50,0.00,0.00,17.683,0.777,-4.772,12.912,18.461,0.00,0.00,0.00,0.00,0.00,0.00,0.00,0.00,0.00,0.00,0.00,0.00,0.00,0.00,0.00,0.00,0.00
20650,DL:0.1.0:AT.1.0.0,2022-3-4 1:29:13,34.50,0.00,0.00,17.662,0.799,-4.751,12.910,18.461,0.00,0.00,0.00,0.00,0.00,0.00,0.00,0.00,0.00,0.00,0.00,0.00,0.00,0.00,0.00,0.00,0.00
20650,DL:0.1.0:AT.1.0.0,2022-3-4 1:29:18,34.50,0.00,0.00,17.646,0.815,-4.737,12.909,18.461,0.00,0.00,0.00,0.00,0.00,0.00,0.00,0.00,0.00,0.00,0.00,0.00,0.00,0.00,0.00,0.00,0.00
20650,DL:0.1.0:AT.1.0.0,2022-3-4 1:29:28,34.50,0.00,0.00,17.669,0.793,-4.761,12.908,18.462,0.00,0.00,0.00,0.00,0.00,0.00,0.00,0.00,0.00,0.00,0.00,0.00,0.00,0.00,0.00,0.00,0.00
20650,DL:0.1.0:AT.1.0.0,2022-3-4 1:29:34,34.50,0.00,0.00,17.668,0.794,-4.761,12.907,18.462,0.00,0.00,0.00,0.00,0.00,0.00,0.00,0.00,0.00,0.00,0.00,0.00,0.00,0.00,0.00,0.00,0.00
20650,DL:0.1.0:AT.1.0.0,2022-3-4 1:29:41,34.50,0.00,0.00,17.672,0.789,-4.766,12.907,18.462,0.00,0.00,0.00,0.00,0.00,0.00,0.00,0.00,0.00,0.00,0.00,0.00,0.00,0.00,0.00,0.00,0.00
20650,DL:0.1.0:AT.1.0.0,2022-3-4 1:29:47,34.50,0.00,0.00,17.670,0.792,-4.763,12.907,18.462,0.00,0.00,0.00,0.00,0.00,0.00,0.00,0.00,0.00,0.00,0.00,0.00,0.00,0.00,0.00,0.00,0.00
20650,DL:0.1.0:AT.1.0.0,2022-3-4 1:29:54,34.50,0.00,0.00,17.723,0.740,-4.817,12.906,18.463,0.00,0.00,0.00,0.00,0.00,0.00,0.00,0.00,0.00,0.00,0.00,0.00,0.00,0.00,0.00,0.00,0.00
20650,DL:0.1.0:AT.1.0.0,2022-3-4 1:29:59,34.50,0.00,0.00,17.677,0.786,-4.773,12.904,18.463,0.00,0.00,0.00,0.00,0.00,0.00,0.00,0.00,0.00,0.00,0.00,0.00,0.00,0.00,0.00,0.00,0.00
20650,DL:0.1.0:AT.1.0.0,2022-3-4 1:30:4,34.50,0.00,0.00,17.684,0.779,-4.780,12.904,18.463,0.00,0.00,0.00,0.00,0.00,0.00,0.00,0.00,0.00,0.00,0.00,0.00,0.00,0.00,0.00,0.00,0.00
20650,DL:0.1.0:AT.1.0.0,2022-3-4 1:30:11,34.50,0.00,0.00,17.683,0.780,-4.779,12.904,18.463,0.00,0.00,0.00,0.00,0.00,0.00,0.00,0.00,0.00,0.00,0.00,0.00,0.00,0.00,0.00,0.00,0.00
20650,DL:0.1.0:AT.1.0.0,2022-3-4 1:30:16,34.50,0.00,0.00,17.700,0.764,-4.797,12.903,18.464,0.00,0.00,0.00,0.00,0.00,0.00,0.00,0.00,0.00,0.00,0.00,0.00,0.00,0.00,0.00,0.00,0.00
20650,DL:0.1.0:AT.1.0.0,2022-3-4 1:30:21,34.50,0.00,0.00,17.670,0.794,-4.768,12.902,18.464,0.00,0.00,0.00,0.00,0.00,0.00,0.00,0.00,0.00,0.00,0.00,0.00,0.00,0.00,0.00,0.00,0.00
20650,DL:0.1.0:AT.1.0.0,2022-3-4 1:30:26,34.50,0.00,0.00,17.689,0.774,-4.787,12.902,18.463,0.00,0.00,0.00,0.00,0.00,0.00,0.00,0.00,0.00,0.00,0.00,0.00,0.00,0.00,0.00,0.00,0.00
20650,DL:0.1.0:AT.1.0.0,2022-3-4 1:30:33,34.50,0.00,0.00,17.664,0.800,-4.762,12.902,18.464,0.00,0.00,0.00,0.00,0.00,0.00,0.00,0.00,0.00,0.00,0.00,0.00,0.00,0.00,0.00,0.00,0.00
20650,DL:0.1.0:AT.1.0.0,2022-3-4 1:30:39,34.50,0.00,0.00,17.654,0.810,-4.754,12.901,18.464,0.00,0.00,0.00,0.00,0.00,0.00,0.00,0.00,0.00,0.00,0.00,0.00,0.00,0.00,0.00,0.00,0.00
20650,DL:0.1.0:AT.1.0.0,2022-3-4 1:30:45,34.50,0.00,0.00,17.652,0.812,-4.751,12.901,18.464,0.00,0.00,0.00,0.00,0.00,0.00,0.00,0.00,0.00,0.00,0.00,0.00,0.00,0.00,0.00,0.00,0.00
20650,DL:0.1.0:AT.1.0.0,2022-3-4 1:30:52,34.50,0.00,0.00,17.659,0.805,-4.758,12.901,18.464,0.00,0.00,0.00,0.00,0.00,0.00,0.00,0.00,0.00,0.00,0.00,0.00,0.00,0.00,0.00,0.00,0.00
20650,DL:0.1.0:AT.1.0.0,2022-3-4 1:30:59,34.50,0.00,0.00,17.641,0.824,-4.740,12.901,18.466,0.00,0.00,0.00,0.00,0.00,0.00,0.00,0.00,0.00,0.00,0.00,0.00,0.00,0.00,0.00,0.00,0.00
20650,DL:0.1.0:AT.1.0.0,2022-3-4 1:31:6,34.50,0.00,0.00,17.664,0.801,-4.764,12.900,18.466,0.00,0.00,0.00,0.00,0.00,0.00,0.00,0.00,0.00,0.00,0.00,0.00,0.00,0.00,0.00,0.00,0.00
20650,DL:0.1.0:AT.1.0.0,2022-3-4 1:31:11,34.50,0.00,0.00,17.671,0.794,-4.772,12.900,18.466,0.00,0.00,0.00,0.00,0.00,0.00,0.00,0.00,0.00,0.00,0.00,0.00,0.00,0.00,0.00,0.00,0.00
20650,DL:0.1.0:AT.1.0.0,2022-3-4 1:31:16,34.50,0.00,0.00,17.663,0.801,-4.764,12.898,18.464,0.00,0.00,0.00,0.00,0.00,0.00,0.00,0.00,0.00,0.00,0.00,0.00,0.00,0.00,0.00,0.00,0.00
20650,DL:0.1.0:AT.1.0.0,2022-3-4 1:31:23,34.50,0.00,0.00,17.654,0.811,-4.756,12.898,18.466,0.00,0.00,0.00,0.00,0.00,0.00,0.00,0.00,0.00,0.00,0.00,0.00,0.00,0.00,0.00,0.00,0.00
20650,DL:0.1.0:AT.1.0.0,2022-3-4 1:31:30,34.50,0.00,0.00,17.671,0.794,-4.774,12.897,18.466,0.00,0.00,0.00,0.00,0.00,0.00,0.00,0.00,0.00,0.00,0.00,0.00,0.00,0.00,0.00,0.00,0.00
20650,DL:0.1.0:AT.1.0.0,2022-3-4 1:31:35,34.50,0.00,0.00,17.639,0.826,-4.742,12.897,18.464,0.00,0.00,0.00,0.00,0.00,0.00,0.00,0.00,0.00,0.00,0.00,0.00,0.00,0.00,0.00,0.00,0.00
20650,DL:0.1.0:AT.1.0.0,2022-3-4 1:31:40,34.50,0.00,0.00,17.654,0.811,-4.757,12.897,18.466,0.00,0.00,0.00,0.00,0.00,0.00,0.00,0.00,0.00,0.00,0.00,0.00,0.00,0.00,0.00,0.00,0.00
20650,DL:0.1.0:AT.1.0.0,2022-3-4 1:31:47,34.50,0.00,0.00,17.682,0.783,-4.786,12.896,18.466,0.00,0.00,0.00,0.00,0.00,0.00,0.00,0.00,0.00,0.00,0.00,0.00,0.00,0.00,0.00,0.00,0.00
20650,DL:0.1.0:AT.1.0.0,2022-3-4 1:31:54,34.50,0.00,0.00,17.676,0.789,-4.780,12.896,18.466,0.00,0.00,0.00,0.00,0.00,0.00,0.00,0.00,0.00,0.00,0.00,0.00,0.00,0.00,0.00,0.00,0.00
20650,DL:0.1.0:AT.1.0.0,2022-3-4 1:32:0,34.50,0.00,0.00,17.664,0.801,-4.769,12.895,18.466,0.00,0.00,0.00,0.00,0.00,0.00,0.00,0.00,0.00,0.00,0.00,0.00,0.00,0.00,0.00,0.00,0.00
20650,DL:0.1.0:AT.1.0.0,2022-3-4 1:32:8,34.50,0.00,0.00,17.694,0.771,-4.799,12.895,18.466,0.00,0.00,0.00,0.00,0.00,0.00,0.00,0.00,0.00,0.00,0.00,0.00,0.00,0.00,0.00,0.00,0.00
20650,DL:0.1.0:AT.1.0.0,2022-3-4 1:32:15,34.50,0.00,0.00,17.638,0.828,-4.744,12.894,18.466,0.00,0.00,0.00,0.00,0.00,0.00,0.00,0.00,0.00,0.00,0.00,0.00,0.00,0.00,0.00,0.00,0.00
20650,DL:0.1.0:AT.1.0.0,2022-3-4 1:32:21,34.50,0.00,0.00,17.660,0.805,-4.767,12.894,18.466,0.00,0.00,0.00,0.00,0.00,0.00,0.00,0.00,0.00,0.00,0.00,0.00,0.00,0.00,0.00,0.00,0.00
20650,DL:0.1.0:AT.1.0.0,2022-3-4 1:32:26,34.50,0.00,0.00,17.690,0.775,-4.798,12.892,18.466,0.00,0.00,0.00,0.00,0.00,0.00,0.00,0.00,0.00,0.00,0.00,0.00,0.00,0.00,0.00,0.00,0.00
20650,DL:0.1.0:AT.1.0.0,2022-3-4 1:32:32,34.50,0.00,0.00,17.683,0.782,-4.792,12.891,18.466,0.00,0.00,0.00,0.00,0.00,0.00,0.00,0.00,0.00,0.00,0.00,0.00,0.00,0.00,0.00,0.00,0.00
20650,DL:0.1.0:AT.1.0.0,2022-3-4 1:32:38,34.50,0.00,0.00,17.690,0.776,-4.801,12.890,18.467,0.00,0.00,0.00,0.00,0.00,0.00,0.00,0.00,0.00,0.00,0.00,0.00,0.00,0.00,0.00,0.00,0.00
20650,DL:0.1.0:AT.1.0.0,2022-3-4 1:32:46,34.50,0.00,0.00,17.677,0.789,-4.787,12.890,18.467,0.00,0.00,0.00,0.00,0.00,0.00,0.00,0.00,0.00,0.00,0.00,0.00,0.00,0.00,0.00,0.00,0.00
20650,DL:0.1.0:AT.1.0.0,2022-3-4 1:32:55,34.50,0.00,0.00,17.647,0.820,-4.760,12.888,18.467,0.00,0.00,0.00,0.00,0.00,0.00,0.00,0.00,0.00,0.00,0.00,0.00,0.00,0.00,0.00,0.00,0.00
20650,DL:0.1.0:AT.1.0.0,2022-3-4 1:33:2,34.50,0.00,0.00,17.652,0.815,-4.766,12.886,18.467,0.00,0.00,0.00,0.00,0.00,0.00,0.00,0.00,0.00,0.00,0.00,0.00,0.00,0.00,0.00,0.00,0.00
20650,DL:0.1.0:AT.1.0.0,2022-3-4 1:33:7,34.50,0.00,0.00,17.668,0.799,-4.780,12.888,18.467,0.00,0.00,0.00,0.00,0.00,0.00,0.00,0.00,0.00,0.00,0.00,0.00,0.00,0.00,0.00,0.00,0.00
20650,DL:0.1.0:AT.1.0.0,2022-3-4 1:33:13,34.50,0.00,0.00,17.668,0.799,-4.783,12.885,18.467,0.00,0.00,0.00,0.00,0.00,0.00,0.00,0.00,0.00,0.00,0.00,0.00,0.00,0.00,0.00,0.00,0.00
20650,DL:0.1.0:AT.1.0.0,2022-3-4 1:33:18,34.50,0.00,0.00,17.705,0.762,-4.820,12.885,18.467,0.00,0.00,0.00,0.00,0.00,0.00,0.00,0.00,0.00,0.00,0.00,0.00,0.00,0.00,0.00,0.00,0.00
20650,DL:0.1.0:AT.1.0.0,2022-3-4 1:33:23,34.50,0.00,0.00,17.692,0.775,-4.808,12.884,18.467,0.00,0.00,0.00,0.00,0.00,0.00,0.00,0.00,0.00,0.00,0.00,0.00,0.00,0.00,0.00,0.00,0.00
20650,DL:0.1.0:AT.1.0.0,2022-3-4 1:33:30,34.50,0.00,0.00,17.672,0.794,-4.789,12.884,18.467,0.00,0.00,0.00,0.00,0.00,0.00,0.00,0.00,0.00,0.00,0.00,0.00,0.00,0.00,0.00,0.00,0.00
20650,DL:0.1.0:AT.1.0.0,2022-3-4 1:33:38,34.50,0.00,0.00,17.682,0.785,-4.799,12.883,18.467,0.00,0.00,0.00,0.00,0.00,0.00,0.00,0.00,0.00,0.00,0.00,0.00,0.00,0.00,0.00,0.00,0.00
20650,DL:0.1.0:AT.1.0.0,2022-3-4 1:33:43,34.50,0.00,0.00,17.676,0.792,-4.795,12.882,18.468,0.00,0.00,0.00,0.00,0.00,0.00,0.00,0.00,0.00,0.00,0.00,0.00,0.00,0.00,0.00,0.00,0.00
20650,DL:0.1.0:AT.1.0.0,2022-3-4 1:33:50,34.50,0.00,0.00,17.663,0.804,-4.781,12.882,18.467,0.00,0.00,0.00,0.00,0.00,0.00,0.00,0.00,0.00,0.00,0.00,0.00,0.00,0.00,0.00,0.00,0.00
20650,DL:0.1.0:AT.1.0.0,2022-3-4 1:33:57,34.50,0.00,0.00,17.684,0.782,-4.804,12.880,18.467,0.00,0.00,0.00,0.00,0.00,0.00,0.00,0.00,0.00,0.00,0.00,0.00,0.00,0.00,0.00,0.00,0.00
20650,DL:0.1.0:AT.1.0.0,2022-3-4 1:34:2,34.50,0.00,0.00,17.689,0.779,-4.809,12.880,18.468,0.00,0.00,0.00,0.00,0.00,0.00,0.00,0.00,0.00,0.00,0.00,0.00,0.00,0.00,0.00,0.00,0.00
20650,DL:0.1.0:AT.1.0.0,2022-3-4 1:34:9,34.50,0.00,0.00,17.675,0.792,-4.796,12.879,18.467,0.00,0.00,0.00,0.00,0.00,0.00,0.00,0.00,0.00,0.00,0.00,0.00,0.00,0.00,0.00,0.00,0.00
20650,DL:0.1.0:AT.1.0.0,2022-3-4 1:34:14,34.50,0.00,0.00,17.657,0.811,-4.779,12.878,18.468,0.00,0.00,0.00,0.00,0.00,0.00,0.00,0.00,0.00,0.00,0.00,0.00,0.00,0.00,0.00,0.00,0.00
20650,DL:0.1.0:AT.1.0.0,2022-3-4 1:34:19,34.50,0.00,0.00,17.689,0.779,-4.811,12.878,18.468,0.00,0.00,0.00,0.00,0.00,0.00,0.00,0.00,0.00,0.00,0.00,0.00,0.00,0.00,0.00,0.00,0.00
20650,DL:0.1.0:AT.1.0.0,2022-3-4 1:34:25,34.50,0.00,0.00,17.677,0.791,-4.799,12.878,18.468,0.00,0.00,0.00,0.00,0.00,0.00,0.00,0.00,0.00,0.00,0.00,0.00,0.00,0.00,0.00,0.00,0.00
20650,DL:0.1.0:AT.1.0.0,2022-3-4 1:34:30,34.50,0.00,0.00,17.683,0.785,-4.807,12.877,18.468,0.00,0.00,0.00,0.00,0.00,0.00,0.00,0.00,0.00,0.00,0.00,0.00,0.00,0.00,0.00,0.00,0.00
20650,DL:0.1.0:AT.1.0.0,2022-3-4 1:34:35,34.50,0.00,0.00,17.665,0.803,-4.790,12.876,18.468,0.00,0.00,0.00,0.00,0.00,0.00,0.00,0.00,0.00,0.00,0.00,0.00,0.00,0.00,0.00,0.00,0.00
20650,DL:0.1.0:AT.1.0.0,2022-3-4 1:34:42,34.50,0.00,0.00,17.710,0.759,-4.835,12.874,18.469,0.00,0.00,0.00,0.00,0.00,0.00,0.00,0.00,0.00,0.00,0.00,0.00,0.00,0.00,0.00,0.00,0.00
20650,DL:0.1.0:AT.1.0.0,2022-3-4 1:34:48,34.50,0.00,0.00,17.675,0.794,-4.801,12.874,18.469,0.00,0.00,0.00,0.00,0.00,0.00,0.00,0.00,0.00,0.00,0.00,0.00,0.00,0.00,0.00,0.00,0.00
20650,DL:0.1.0:AT.1.0.0,2022-3-4 1:34:56,34.50,0.00,0.00,17.680,0.789,-4.808,12.872,18.469,0.00,0.00,0.00,0.00,0.00,0.00,0.00,0.00,0.00,0.00,0.00,0.00,0.00,0.00,0.00,0.00,0.00
20650,DL:0.1.0:AT.1.0.0,2022-3-4 1:35:3,34.50,0.00,0.00,17.707,0.762,-4.834,12.873,18.469,0.00,0.00,0.00,0.00,0.00,0.00,0.00,0.00,0.00,0.00,0.00,0.00,0.00,0.00,0.00,0.00,0.00
20650,DL:0.1.0:AT.1.0.0,2022-3-4 1:35:10,34.50,0.00,0.00,17.670,0.799,-4.799,12.871,18.469,0.00,0.00,0.00,0.00,0.00,0.00,0.00,0.00,0.00,0.00,0.00,0.00,0.00,0.00,0.00,0.00,0.00
20650,DL:0.1.0:AT.1.0.0,2022-3-4 1:35:15,34.50,0.00,0.00,17.666,0.803,-4.796,12.871,18.469,0.00,0.00,0.00,0.00,0.00,0.00,0.00,0.00,0.00,0.00,0.00,0.00,0.00,0.00,0.00,0.00,0.00
20650,DL:0.1.0:AT.1.0.0,2022-3-4 1:35:20,34.50,0.00,0.00,17.647,0.822,-4.776,12.871,18.469,0.00,0.00,0.00,0.00,0.00,0.00,0.00,0.00,0.00,0.00,0.00,0.00,0.00,0.00,0.00,0.00,0.00
20650,DL:0.1.0:AT.1.0.0,2022-3-4 1:35:26,34.50,0.00,0.00,17.651,0.818,-4.781,12.870,18.469,0.00,0.00,0.00,0.00,0.00,0.00,0.00,0.00,0.00,0.00,0.00,0.00,0.00,0.00,0.00,0.00,0.00
20650,DL:0.1.0:AT.1.0.0,2022-3-4 1:35:33,34.50,0.00,0.00,17.696,0.774,-4.827,12.870,18.470,0.00,0.00,0.00,0.00,0.00,0.00,0.00,0.00,0.00,0.00,0.00,0.00,0.00,0.00,0.00,0.00,0.00
20650,DL:0.1.0:AT.1.0.0,2022-3-4 1:35:41,34.50,0.00,0.00,17.672,0.797,-4.804,12.868,18.469,0.00,0.00,0.00,0.00,0.00,0.00,0.00,0.00,0.00,0.00,0.00,0.00,0.00,0.00,0.00,0.00,0.00
20650,DL:0.1.0:AT.1.0.0,2022-3-4 1:35:47,34.50,0.00,0.00,17.659,0.811,-4.792,12.867,18.470,0.00,0.00,0.00,0.00,0.00,0.00,0.00,0.00,0.00,0.00,0.00,0.00,0.00,0.00,0.00,0.00,0.00
20650,DL:0.1.0:AT.1.0.0,2022-3-4 1:35:54,34.50,0.00,0.00,17.676,0.794,-4.810,12.866,18.470,0.00,0.00,0.00,0.00,0.00,0.00,0.00,0.00,0.00,0.00,0.00,0.00,0.00,0.00,0.00,0.00,0.00
20650,DL:0.1.0:AT.1.0.0,2022-3-4 1:36:0,34.50,0.00,0.00,17.665,0.805,-4.799,12.866,18.470,0.00,0.00,0.00,0.00,0.00,0.00,0.00,0.00,0.00,0.00,0.00,0.00,0.00,0.00,0.00,0.00,0.00
20650,DL:0.1.0:AT.1.0.0,2022-3-4 1:36:7,34.50,0.00,0.00,17.699,0.773,-4.834,12.865,18.472,0.00,0.00,0.00,0.00,0.00,0.00,0.00,0.00,0.00,0.00,0.00,0.00,0.00,0.00,0.00,0.00,0.00
20650,DL:0.1.0:AT.1.0.0,2022-3-4 1:36:12,34.50,0.00,0.00,17.665,0.805,-4.802,12.863,18.470,0.00,0.00,0.00,0.00,0.00,0.00,0.00,0.00,0.00,0.00,0.00,0.00,0.00,0.00,0.00,0.00,0.00
20650,DL:0.1.0:AT.1.0.0,2022-3-4 1:36:18,34.50,0.00,0.00,17.694,0.777,-4.831,12.863,18.472,0.00,0.00,0.00,0.00,0.00,0.00,0.00,0.00,0.00,0.00,0.00,0.00,0.00,0.00,0.00,0.00,0.00
20650,DL:0.1.0:AT.1.0.0,2022-3-4 1:36:25,34.50,0.00,0.00,17.702,0.768,-4.840,12.862,18.470,0.00,0.00,0.00,0.00,0.00,0.00,0.00,0.00,0.00,0.00,0.00,0.00,0.00,0.00,0.00,0.00,0.00
20650,DL:0.1.0:AT.1.0.0,2022-3-4 1:36:34,34.50,0.00,0.00,17.669,0.803,-4.808,12.861,18.472,0.00,0.00,0.00,0.00,0.00,0.00,0.00,0.00,0.00,0.00,0.00,0.00,0.00,0.00,0.00,0.00,0.00
20650,DL:0.1.0:AT.1.0.0,2022-3-4 1:36:39,34.50,0.00,0.00,17.700,0.773,-4.838,12.862,18.473,0.00,0.00,0.00,0.00,0.00,0.00,0.00,0.00,0.00,0.00,0.00,0.00,0.00,0.00,0.00,0.00,0.00
20650,DL:0.1.0:AT.1.0.0,2022-3-4 1:36:45,34.50,0.00,0.00,17.702,0.769,-4.843,12.860,18.472,0.00,0.00,0.00,0.00,0.00,0.00,0.00,0.00,0.00,0.00,0.00,0.00,0.00,0.00,0.00,0.00,0.00
20650,DL:0.1.0:AT.1.0.0,2022-3-4 1:36:52,34.50,0.00,0.00,17.693,0.780,-4.833,12.860,18.473,0.00,0.00,0.00,0.00,0.00,0.00,0.00,0.00,0.00,0.00,0.00,0.00,0.00,0.00,0.00,0.00,0.00
20650,DL:0.1.0:AT.1.0.0,2022-3-4 1:36:58,34.50,0.00,0.00,17.681,0.792,-4.821,12.860,18.473,0.00,0.00,0.00,0.00,0.00,0.00,0.00,0.00,0.00,0.00,0.00,0.00,0.00,0.00,0.00,0.00,0.00
20650,DL:0.1.0:AT.1.0.0,2022-3-4 1:37:3,34.50,0.00,0.00,17.686,0.787,-4.827,12.859,18.473,0.00,0.00,0.00,0.00,0.00,0.00,0.00,0.00,0.00,0.00,0.00,0.00,0.00,0.00,0.00,0.00,0.00
20650,DL:0.1.0:AT.1.0.0,2022-3-4 1:37:9,34.50,0.00,0.00,17.699,0.774,-4.840,12.859,18.473,0.00,0.00,0.00,0.00,0.00,0.00,0.00,0.00,0.00,0.00,0.00,0.00,0.00,0.00,0.00,0.00,0.00
20650,DL:0.1.0:AT.1.0.0,2022-3-4 1:37:16,34.50,0.00,0.00,17.668,0.806,-4.810,12.857,18.474,0.00,0.00,0.00,0.00,0.00,0.00,0.00,0.00,0.00,0.00,0.00,0.00,0.00,0.00,0.00,0.00,0.00
20650,DL:0.1.0:AT.1.0.0,2022-3-4 1:37:21,34.50,0.00,0.00,17.692,0.783,-4.834,12.857,18.475,0.00,0.00,0.00,0.00,0.00,0.00,0.00,0.00,0.00,0.00,0.00,0.00,0.00,0.00,0.00,0.00,0.00
20650,DL:0.1.0:AT.1.0.0,2022-3-4 1:37:26,34.50,0.00,0.00,17.652,0.823,-4.796,12.856,18.475,0.00,0.00,0.00,0.00,0.00,0.00,0.00,0.00,0.00,0.00,0.00,0.00,0.00,0.00,0.00,0.00,0.00
20650,DL:0.1.0:AT.1.0.0,2022-3-4 1:37:32,34.50,0.00,0.00,17.664,0.810,-4.808,12.856,18.474,0.00,0.00,0.00,0.00,0.00,0.00,0.00,0.00,0.00,0.00,0.00,0.00,0.00,0.00,0.00,0.00,0.00
20650,DL:0.1.0:AT.1.0.0,2022-3-4 1:37:40,34.50,0.00,0.00,17.672,0.803,-4.817,12.855,18.475,0.00,0.00,0.00,0.00,0.00,0.00,0.00,0.00,0.00,0.00,0.00,0.00,0.00,0.00,0.00,0.00,0.00
20650,DL:0.1.0:AT.1.0.0,2022-3-4 1:37:46,34.50,0.00,0.00,17.657,0.818,-4.803,12.854,18.475,0.00,0.00,0.00,0.00,0.00,0.00,0.00,0.00,0.00,0.00,0.00,0.00,0.00,0.00,0.00,0.00,0.00
20650,DL:0.1.0:AT.1.0.0,2022-3-4 1:37:51,34.50,0.00,0.00,17.635,0.841,-4.781,12.854,18.476,0.00,0.00,0.00,0.00,0.00,0.00,0.00,0.00,0.00,0.00,0.00,0.00,0.00,0.00,0.00,0.00,0.00
20650,DL:0.1.0:AT.1.0.0,2022-3-4 1:37:57,34.50,0.00,0.00,17.656,0.821,-4.803,12.853,18.476,0.00,0.00,0.00,0.00,0.00,0.00,0.00,0.00,0.00,0.00,0.00,0.00,0.00,0.00,0.00,0.00,0.00
20650,DL:0.1.0:AT.1.0.0,2022-3-4 1:38:4,34.50,0.00,0.00,17.660,0.816,-4.808,12.853,18.476,0.00,0.00,0.00,0.00,0.00,0.00,0.00,0.00,0.00,0.00,0.00,0.00,0.00,0.00,0.00,0.00,0.00
20650,DL:0.1.0:AT.1.0.0,2022-3-4 1:38:9,34.50,0.00,0.00,17.651,0.826,-4.799,12.851,18.476,0.00,0.00,0.00,0.00,0.00,0.00,0.00,0.00,0.00,0.00,0.00,0.00,0.00,0.00,0.00,0.00,0.00
20650,DL:0.1.0:AT.1.0.0,2022-3-4 1:38:18,34.50,0.00,0.00,17.656,0.821,-4.804,12.851,18.476,0.00,0.00,0.00,0.00,0.00,0.00,0.00,0.00,0.00,0.00,0.00,0.00,0.00,0.00,0.00,0.00,0.00
20650,DL:0.1.0:AT.1.0.0,2022-3-4 1:38:24,34.50,0.00,0.00,17.677,0.799,-4.827,12.850,18.476,0.00,0.00,0.00,0.00,0.00,0.00,0.00,0.00,0.00,0.00,0.00,0.00,0.00,0.00,0.00,0.00,0.00
20650,DL:0.1.0:AT.1.0.0,2022-3-4 1:38:31,34.50,0.00,0.00,17.652,0.826,-4.802,12.850,18.478,0.00,0.00,0.00,0.00,0.00,0.00,0.00,0.00,0.00,0.00,0.00,0.00,0.00,0.00,0.00,0.00,0.00
20650,DL:0.1.0:AT.1.0.0,2022-3-4 1:38:38,34.50,0.00,0.00,17.663,0.815,-4.814,12.849,18.478,0.00,0.00,0.00,0.00,0.00,0.00,0.00,0.00,0.00,0.00,0.00,0.00,0.00,0.00,0.00,0.00,0.00
20650,DL:0.1.0:AT.1.0.0,2022-3-4 1:38:45,34.50,0.00,0.00,17.653,0.826,-4.805,12.848,18.479,0.00,0.00,0.00,0.00,0.00,0.00,0.00,0.00,0.00,0.00,0.00,0.00,0.00,0.00,0.00,0.00,0.00
20650,DL:0.1.0:AT.1.0.0,2022-3-4 1:38:52,34.50,0.00,0.00,17.664,0.814,-4.816,12.848,18.478,0.00,0.00,0.00,0.00,0.00,0.00,0.00,0.00,0.00,0.00,0.00,0.00,0.00,0.00,0.00,0.00,0.00
20650,DL:0.1.0:AT.1.0.0,2022-3-4 1:38:58,34.50,0.00,0.00,17.669,0.809,-4.821,12.848,18.478,0.00,0.00,0.00,0.00,0.00,0.00,0.00,0.00,0.00,0.00,0.00,0.00,0.00,0.00,0.00,0.00,0.00
20650,DL:0.1.0:AT.1.0.0,2022-3-4 1:39:3,34.50,0.00,0.00,17.692,0.786,-4.845,12.847,18.478,0.00,0.00,0.00,0.00,0.00,0.00,0.00,0.00,0.00,0.00,0.00,0.00,0.00,0.00,0.00,0.00,0.00
20650,DL:0.1.0:AT.1.0.0,2022-3-4 1:39:8,34.50,0.00,0.00,17.688,0.789,-4.841,12.847,18.478,0.00,0.00,0.00,0.00,0.00,0.00,0.00,0.00,0.00,0.00,0.00,0.00,0.00,0.00,0.00,0.00,0.00
20650,DL:0.1.0:AT.1.0.0,2022-3-4 1:39:15,34.50,0.00,0.00,17.692,0.787,-4.846,12.845,18.479,0.00,0.00,0.00,0.00,0.00,0.00,0.00,0.00,0.00,0.00,0.00,0.00,0.00,0.00,0.00,0.00,0.00
20650,DL:0.1.0:AT.1.0.0,2022-3-4 1:39:23,34.50,0.00,0.00,17.671,0.807,-4.826,12.845,18.479,0.00,0.00,0.00,0.00,0.00,0.00,0.00,0.00,0.00,0.00,0.00,0.00,0.00,0.00,0.00,0.00,0.00
20650,DL:0.1.0:AT.1.0.0,2022-3-4 1:39:29,34.50,0.00,0.00,17.689,0.789,-4.845,12.844,18.479,0.00,0.00,0.00,0.00,0.00,0.00,0.00,0.00,0.00,0.00,0.00,0.00,0.00,0.00,0.00,0.00,0.00
20650,DL:0.1.0:AT.1.0.0,2022-3-4 1:39:34,34.50,0.00,0.00,17.688,0.791,-4.844,12.844,18.479,0.00,0.00,0.00,0.00,0.00,0.00,0.00,0.00,0.00,0.00,0.00,0.00,0.00,0.00,0.00,0.00,0.00
20650,DL:0.1.0:AT.1.0.0,2022-3-4 1:39:39,34.50,0.00,0.00,17.684,0.794,-4.841,12.843,18.479,0.00,0.00,0.00,0.00,0.00,0.00,0.00,0.00,0.00,0.00,0.00,0.00,0.00,0.00,0.00,0.00,0.00
20650,DL:0.1.0:AT.1.0.0,2022-3-4 1:39:46,34.50,0.00,0.00,17.663,0.816,-4.821,12.842,18.479,0.00,0.00,0.00,0.00,0.00,0.00,0.00,0.00,0.00,0.00,0.00,0.00,0.00,0.00,0.00,0.00,0.00
20650,DL:0.1.0:AT.1.0.0,2022-3-4 1:39:54,34.50,0.00,0.00,17.684,0.795,-4.843,12.842,18.480,0.00,0.00,0.00,0.00,0.00,0.00,0.00,0.00,0.00,0.00,0.00,0.00,0.00,0.00,0.00,0.00,0.00
20650,DL:0.1.0:AT.1.0.0,2022-3-4 1:40:0,34.50,0.00,0.00,17.724,0.755,-4.883,12.841,18.479,0.00,0.00,0.00,0.00,0.00,0.00,0.00,0.00,0.00,0.00,0.00,0.00,0.00,0.00,0.00,0.00,0.00
20650,DL:0.1.0:AT.1.0.0,2022-3-4 1:40:7,34.50,0.00,0.00,17.688,0.791,-4.847,12.841,18.479,0.00,0.00,0.00,0.00,0.00,0.00,0.00,0.00,0.00,0.00,0.00,0.00,0.00,0.00,0.00,0.00,0.00
20650,DL:0.1.0:AT.1.0.0,2022-3-4 1:40:16,34.50,0.00,0.00,17.718,0.762,-4.879,12.839,18.480,0.00,0.00,0.00,0.00,0.00,0.00,0.00,0.00,0.00,0.00,0.00,0.00,0.00,0.00,0.00,0.00,0.00
20650,DL:0.1.0:AT.1.0.0,2022-3-4 1:40:24,34.50,0.00,0.00,17.698,0.783,-4.858,12.839,18.481,0.00,0.00,0.00,0.00,0.00,0.00,0.00,0.00,0.00,0.00,0.00,0.00,0.00,0.00,0.00,0.00,0.00
20650,DL:0.1.0:AT.1.0.0,2022-3-4 1:40:30,34.50,0.00,0.00,17.700,0.781,-4.862,12.838,18.481,0.00,0.00,0.00,0.00,0.00,0.00,0.00,0.00,0.00,0.00,0.00,0.00,0.00,0.00,0.00,0.00,0.00
20650,DL:0.1.0:AT.1.0.0,2022-3-4 1:40:37,34.50,0.00,0.00,17.714,0.767,-4.877,12.837,18.481,0.00,0.00,0.00,0.00,0.00,0.00,0.00,0.00,0.00,0.00,0.00,0.00,0.00,0.00,0.00,0.00,0.00
20650,DL:0.1.0:AT.1.0.0,2022-3-4 1:40:44,34.50,0.00,0.00,17.684,0.797,-4.847,12.837,18.481,0.00,0.00,0.00,0.00,0.00,0.00,0.00,0.00,0.00,0.00,0.00,0.00,0.00,0.00,0.00,0.00,0.00
20650,DL:0.1.0:AT.1.0.0,2022-3-4 1:40:49,34.50,0.00,0.00,17.695,0.787,-4.858,12.837,18.482,0.00,0.00,0.00,0.00,0.00,0.00,0.00,0.00,0.00,0.00,0.00,0.00,0.00,0.00,0.00,0.00,0.00
20650,DL:0.1.0:AT.1.0.0,2022-3-4 1:40:56,34.50,0.00,0.00,17.690,0.792,-4.855,12.836,18.482,0.00,0.00,0.00,0.00,0.00,0.00,0.00,0.00,0.00,0.00,0.00,0.00,0.00,0.00,0.00,0.00,0.00
20650,DL:0.1.0:AT.1.0.0,2022-3-4 1:41:4,34.50,0.00,0.00,17.692,0.792,-4.856,12.836,18.484,0.00,0.00,0.00,0.00,0.00,0.00,0.00,0.00,0.00,0.00,0.00,0.00,0.00,0.00,0.00,0.00,0.00
20650,DL:0.1.0:AT.1.0.0,2022-3-4 1:41:11,34.50,0.00,0.00,17.712,0.771,-4.869,12.843,18.484,0.00,0.00,0.00,0.00,0.00,0.00,0.00,0.00,0.00,0.00,0.00,0.00,0.00,0.00,0.00,0.00,0.00
20650,DL:0.1.0:AT.1.0.0,2022-3-4 1:41:18,34.50,0.00,0.00,17.706,0.777,-4.862,12.844,18.484,0.00,0.00,0.00,0.00,0.00,0.00,0.00,0.00,0.00,0.00,0.00,0.00,0.00,0.00,0.00,0.00,0.00
20650,DL:0.1.0:AT.1.0.0,2022-3-4 1:41:27,34.50,0.00,0.00,17.718,0.767,-4.871,12.847,18.485,0.00,0.00,0.00,0.00,0.00,0.00,0.00,0.00,0.00,0.00,0.00,0.00,0.00,0.00,0.00,0.00,0.00
20650,DL:0.1.0:AT.1.0.0,2022-3-4 1:41:32,34.50,0.00,0.00,17.694,0.789,-4.847,12.847,18.484,0.00,0.00,0.00,0.00,0.00,0.00,0.00,0.00,0.00,0.00,0.00,0.00,0.00,0.00,0.00,0.00,0.00
20650,DL:0.1.0:AT.1.0.0,2022-3-4 1:41:37,34.50,0.00,0.00,17.723,0.762,-4.876,12.847,18.485,0.00,0.00,0.00,0.00,0.00,0.00,0.00,0.00,0.00,0.00,0.00,0.00,0.00,0.00,0.00,0.00,0.00
20650,DL:0.1.0:AT.1.0.0,2022-3-4 1:41:42,34.50,0.00,0.00,17.716,0.769,-4.869,12.847,18.485,0.00,0.00,0.00,0.00,0.00,0.00,0.00,0.00,0.00,0.00,0.00,0.00,0.00,0.00,0.00,0.00,0.00
20650,DL:0.1.0:AT.1.0.0,2022-3-4 1:41:49,34.50,0.00,0.00,17.729,0.756,-4.883,12.845,18.485,0.00,0.00,0.00,0.00,0.00,0.00,0.00,0.00,0.00,0.00,0.00,0.00,0.00,0.00,0.00,0.00,0.00
20650,DL:0.1.0:AT.1.0.0,2022-3-4 1:41:57,34.50,0.00,0.00,17.704,0.780,-4.858,12.845,18.484,0.00,0.00,0.00,0.00,0.00,0.00,0.00,0.00,0.00,0.00,0.00,0.00,0.00,0.00,0.00,0.00,0.00
20650,DL:0.1.0:AT.1.0.0,2022-3-4 1:42:3,34.50,0.00,0.00,17.699,0.786,-4.855,12.844,18.485,0.00,0.00,0.00,0.00,0.00,0.00,0.00,0.00,0.00,0.00,0.00,0.00,0.00,0.00,0.00,0.00,0.00
20650,DL:0.1.0:AT.1.0.0,2022-3-4 1:42:9,34.50,0.00,0.00,17.710,0.775,-4.867,12.843,18.485,0.00,0.00,0.00,0.00,0.00,0.00,0.00,0.00,0.00,0.00,0.00,0.00,0.00,0.00,0.00,0.00,0.00
20650,DL:0.1.0:AT.1.0.0,2022-3-4 1:42:17,34.50,0.00,0.00,17.694,0.792,-4.851,12.843,18.486,0.00,0.00,0.00,0.00,0.00,0.00,0.00,0.00,0.00,0.00,0.00,0.00,0.00,0.00,0.00,0.00,0.00
20650,DL:0.1.0:AT.1.0.0,2022-3-4 1:42:23,34.50,0.00,0.00,17.701,0.785,-4.858,12.843,18.486,0.00,0.00,0.00,0.00,0.00,0.00,0.00,0.00,0.00,0.00,0.00,0.00,0.00,0.00,0.00,0.00,0.00
20650,DL:0.1.0:AT.1.0.0,2022-3-4 1:42:28,34.50,0.00,0.00,17.688,0.798,-4.846,12.842,18.486,0.00,0.00,0.00,0.00,0.00,0.00,0.00,0.00,0.00,0.00,0.00,0.00,0.00,0.00,0.00,0.00,0.00
20650,DL:0.1.0:AT.1.0.0,2022-3-4 1:42:34,34.50,0.00,0.00,17.714,0.773,-4.873,12.842,18.487,0.00,0.00,0.00,0.00,0.00,0.00,0.00,0.00,0.00,0.00,0.00,0.00,0.00,0.00,0.00,0.00,0.00
20650,DL:0.1.0:AT.1.0.0,2022-3-4 1:42:40,34.50,0.00,0.00,17.692,0.794,-4.851,12.841,18.486,0.00,0.00,0.00,0.00,0.00,0.00,0.00,0.00,0.00,0.00,0.00,0.00,0.00,0.00,0.00,0.00,0.00
20650,DL:0.1.0:AT.1.0.0,2022-3-4 1:42:47,34.50,0.00,0.00,17.713,0.774,-4.874,12.839,18.487,0.00,0.00,0.00,0.00,0.00,0.00,0.00,0.00,0.00,0.00,0.00,0.00,0.00,0.00,0.00,0.00,0.00
20650,DL:0.1.0:AT.1.0.0,2022-3-4 1:42:54,34.50,0.00,0.00,17.701,0.786,-4.862,12.839,18.487,0.00,0.00,0.00,0.00,0.00,0.00,0.00,0.00,0.00,0.00,0.00,0.00,0.00,0.00,0.00,0.00,0.00
20650,DL:0.1.0:AT.1.0.0,2022-3-4 1:43:1,34.50,0.00,0.00,17.710,0.777,-4.870,12.839,18.487,0.00,0.00,0.00,0.00,0.00,0.00,0.00,0.00,0.00,0.00,0.00,0.00,0.00,0.00,0.00,0.00,0.00
20650,DL:0.1.0:AT.1.0.0,2022-3-4 1:43:8,34.50,0.00,0.00,17.662,0.827,-4.823,12.838,18.488,0.00,0.00,0.00,0.00,0.00,0.00,0.00,0.00,0.00,0.00,0.00,0.00,0.00,0.00,0.00,0.00,0.00
20650,DL:0.1.0:AT.1.0.0,2022-3-4 1:43:13,34.50,0.00,0.00,17.689,0.798,-4.852,12.837,18.487,0.00,0.00,0.00,0.00,0.00,0.00,0.00,0.00,0.00,0.00,0.00,0.00,0.00,0.00,0.00,0.00,0.00
20650,DL:0.1.0:AT.1.0.0,2022-3-4 1:43:18,34.50,0.00,0.00,17.689,0.799,-4.852,12.837,18.488,0.00,0.00,0.00,0.00,0.00,0.00,0.00,0.00,0.00,0.00,0.00,0.00,0.00,0.00,0.00,0.00,0.00
20650,DL:0.1.0:AT.1.0.0,2022-3-4 1:43:25,34.50,0.00,0.00,17.694,0.795,-4.858,12.836,18.490,0.00,0.00,0.00,0.00,0.00,0.00,0.00,0.00,0.00,0.00,0.00,0.00,0.00,0.00,0.00,0.00,0.00
20650,DL:0.1.0:AT.1.0.0,2022-3-4 1:43:30,34.50,0.00,0.00,17.695,0.794,-4.859,12.836,18.490,0.00,0.00,0.00,0.00,0.00,0.00,0.00,0.00,0.00,0.00,0.00,0.00,0.00,0.00,0.00,0.00,0.00
20650,DL:0.1.0:AT.1.0.0,2022-3-4 1:43:35,34.50,0.00,0.00,17.675,0.815,-4.839,12.836,18.490,0.00,0.00,0.00,0.00,0.00,0.00,0.00,0.00,0.00,0.00,0.00,0.00,0.00,0.00,0.00,0.00,0.00
20650,DL:0.1.0:AT.1.0.0,2022-3-4 1:43:40,34.50,0.00,0.00,17.690,0.799,-4.856,12.835,18.490,0.00,0.00,0.00,0.00,0.00,0.00,0.00,0.00,0.00,0.00,0.00,0.00,0.00,0.00,0.00,0.00,0.00
20650,DL:0.1.0:AT.1.0.0,2022-3-4 1:43:45,34.50,0.00,0.00,17.690,0.799,-4.856,12.835,18.490,0.00,0.00,0.00,0.00,0.00,0.00,0.00,0.00,0.00,0.00,0.00,0.00,0.00,0.00,0.00,0.00,0.00
20650,DL:0.1.0:AT.1.0.0,2022-3-4 1:43:50,34.50,0.00,0.00,17.687,0.803,-4.852,12.835,18.490,0.00,0.00,0.00,0.00,0.00,0.00,0.00,0.00,0.00,0.00,0.00,0.00,0.00,0.00,0.00,0.00,0.00
20650,DL:0.1.0:AT.1.0.0,2022-3-4 1:43:55,34.50,0.00,0.00,17.675,0.815,-4.841,12.833,18.490,0.00,0.00,0.00,0.00,0.00,0.00,0.00,0.00,0.00,0.00,0.00,0.00,0.00,0.00,0.00,0.00,0.00
20650,DL:0.1.0:AT.1.0.0,2022-3-4 1:44:0,34.50,0.00,0.00,17.680,0.810,-4.846,12.833,18.490,0.00,0.00,0.00,0.00,0.00,0.00,0.00,0.00,0.00,0.00,0.00,0.00,0.00,0.00,0.00,0.00,0.00
20650,DL:0.1.0:AT.1.0.0,2022-3-4 1:44:6,34.50,0.00,0.00,17.677,0.812,-4.843,12.835,18.490,0.00,0.00,0.00,0.00,0.00,0.00,0.00,0.00,0.00,0.00,0.00,0.00,0.00,0.00,0.00,0.00,0.00
20650,DL:0.1.0:AT.1.0.0,2022-3-4 1:44:13,34.50,0.00,0.00,17.680,0.811,-4.847,12.832,18.491,0.00,0.00,0.00,0.00,0.00,0.00,0.00,0.00,0.00,0.00,0.00,0.00,0.00,0.00,0.00,0.00,0.00
20650,DL:0.1.0:AT.1.0.0,2022-3-4 1:44:18,34.50,0.00,0.00,17.662,0.829,-4.829,12.832,18.491,0.00,0.00,0.00,0.00,0.00,0.00,0.00,0.00,0.00,0.00,0.00,0.00,0.00,0.00,0.00,0.00,0.00
20650,DL:0.1.0:AT.1.0.0,2022-3-4 1:44:23,34.50,0.00,0.00,17.700,0.791,-4.868,12.832,18.491,0.00,0.00,0.00,0.00,0.00,0.00,0.00,0.00,0.00,0.00,0.00,0.00,0.00,0.00,0.00,0.00,0.00
20650,DL:0.1.0:AT.1.0.0,2022-3-4 1:44:28,34.50,0.00,0.00,17.694,0.797,-4.863,12.831,18.491,0.00,0.00,0.00,0.00,0.00,0.00,0.00,0.00,0.00,0.00,0.00,0.00,0.00,0.00,0.00,0.00,0.00
20650,DL:0.1.0:AT.1.0.0,2022-3-4 1:44:34,34.50,0.00,0.00,17.694,0.797,-4.863,12.831,18.491,0.00,0.00,0.00,0.00,0.00,0.00,0.00,0.00,0.00,0.00,0.00,0.00,0.00,0.00,0.00,0.00,0.00
20650,DL:0.1.0:AT.1.0.0,2022-3-4 1:44:43,34.50,0.00,0.00,17.683,0.807,-4.853,12.830,18.491,0.00,0.00,0.00,0.00,0.00,0.00,0.00,0.00,0.00,0.00,0.00,0.00,0.00,0.00,0.00,0.00,0.00
20650,DL:0.1.0:AT.1.0.0,2022-3-4 1:44:50,34.50,0.00,0.00,17.684,0.806,-4.855,12.830,18.491,0.00,0.00,0.00,0.00,0.00,0.00,0.00,0.00,0.00,0.00,0.00,0.00,0.00,0.00,0.00,0.00,0.00
20650,DL:0.1.0:AT.1.0.0,2022-3-4 1:44:57,34.50,0.00,0.00,17.690,0.800,-4.862,12.829,18.491,0.00,0.00,0.00,0.00,0.00,0.00,0.00,0.00,0.00,0.00,0.00,0.00,0.00,0.00,0.00,0.00,0.00
20650,DL:0.1.0:AT.1.0.0,2022-3-4 1:45:2,34.50,0.00,0.00,17.683,0.809,-4.855,12.829,18.492,0.00,0.00,0.00,0.00,0.00,0.00,0.00,0.00,0.00,0.00,0.00,0.00,0.00,0.00,0.00,0.00,0.00
20650,DL:0.1.0:AT.1.0.0,2022-3-4 1:45:7,34.50,0.00,0.00,17.682,0.810,-4.853,12.829,18.492,0.00,0.00,0.00,0.00,0.00,0.00,0.00,0.00,0.00,0.00,0.00,0.00,0.00,0.00,0.00,0.00,0.00
20650,DL:0.1.0:AT.1.0.0,2022-3-4 1:45:14,34.50,0.00,0.00,17.700,0.792,-4.873,12.827,18.492,0.00,0.00,0.00,0.00,0.00,0.00,0.00,0.00,0.00,0.00,0.00,0.00,0.00,0.00,0.00,0.00,0.00
20650,DL:0.1.0:AT.1.0.0,2022-3-4 1:45:21,34.50,0.00,0.00,17.688,0.804,-4.861,12.827,18.492,0.00,0.00,0.00,0.00,0.00,0.00,0.00,0.00,0.00,0.00,0.00,0.00,0.00,0.00,0.00,0.00,0.00
20650,DL:0.1.0:AT.1.0.0,2022-3-4 1:45:28,34.50,0.00,0.00,17.712,0.780,-4.886,12.826,18.492,0.00,0.00,0.00,0.00,0.00,0.00,0.00,0.00,0.00,0.00,0.00,0.00,0.00,0.00,0.00,0.00,0.00
20650,DL:0.1.0:AT.1.0.0,2022-3-4 1:45:33,34.50,0.00,0.00,17.725,0.768,-4.899,12.826,18.493,0.00,0.00,0.00,0.00,0.00,0.00,0.00,0.00,0.00,0.00,0.00,0.00,0.00,0.00,0.00,0.00,0.00
20650,DL:0.1.0:AT.1.0.0,2022-3-4 1:45:38,34.50,0.00,0.00,17.706,0.787,-4.880,12.826,18.493,0.00,0.00,0.00,0.00,0.00,0.00,0.00,0.00,0.00,0.00,0.00,0.00,0.00,0.00,0.00,0.00,0.00
20650,DL:0.1.0:AT.1.0.0,2022-3-4 1:45:45,34.50,0.00,0.00,17.675,0.817,-4.850,12.825,18.492,0.00,0.00,0.00,0.00,0.00,0.00,0.00,0.00,0.00,0.00,0.00,0.00,0.00,0.00,0.00,0.00,0.00
20650,DL:0.1.0:AT.1.0.0,2022-3-4 1:45:50,34.50,0.00,0.00,17.701,0.792,-4.876,12.825,18.493,0.00,0.00,0.00,0.00,0.00,0.00,0.00,0.00,0.00,0.00,0.00,0.00,0.00,0.00,0.00,0.00,0.00
20650,DL:0.1.0:AT.1.0.0,2022-3-4 1:45:55,34.50,0.00,0.00,17.695,0.798,-4.871,12.824,18.493,0.00,0.00,0.00,0.00,0.00,0.00,0.00,0.00,0.00,0.00,0.00,0.00,0.00,0.00,0.00,0.00,0.00
20650,DL:0.1.0:AT.1.0.0,2022-3-4 1:46:6,34.50,0.00,0.00,17.712,0.782,-4.888,12.824,18.494,0.00,0.00,0.00,0.00,0.00,0.00,0.00,0.00,0.00,0.00,0.00,0.00,0.00,0.00,0.00,0.00,0.00
20650,DL:0.1.0:AT.1.0.0,2022-3-4 1:46:12,34.50,0.00,0.00,17.706,0.788,-4.882,12.824,18.494,0.00,0.00,0.00,0.00,0.00,0.00,0.00,0.00,0.00,0.00,0.00,0.00,0.00,0.00,0.00,0.00,0.00
20650,DL:0.1.0:AT.1.0.0,2022-3-4 1:46:19,34.50,0.00,0.00,17.705,0.789,-4.882,12.823,18.494,0.00,0.00,0.00,0.00,0.00,0.00,0.00,0.00,0.00,0.00,0.00,0.00,0.00,0.00,0.00,0.00,0.00
20650,DL:0.1.0:AT.1.0.0,2022-3-4 1:46:26,34.50,0.00,0.00,17.711,0.783,-4.888,12.823,18.494,0.00,0.00,0.00,0.00,0.00,0.00,0.00,0.00,0.00,0.00,0.00,0.00,0.00,0.00,0.00,0.00,0.00
20650,DL:0.1.0:AT.1.0.0,2022-3-4 1:46:34,34.50,0.00,0.00,17.714,0.780,-4.893,12.821,18.494,0.00,0.00,0.00,0.00,0.00,0.00,0.00,0.00,0.00,0.00,0.00,0.00,0.00,0.00,0.00,0.00,0.00
20650,DL:0.1.0:AT.1.0.0,2022-3-4 1:46:40,34.50,0.00,0.00,17.708,0.787,-4.887,12.821,18.496,0.00,0.00,0.00,0.00,0.00,0.00,0.00,0.00,0.00,0.00,0.00,0.00,0.00,0.00,0.00,0.00,0.00
20650,DL:0.1.0:AT.1.0.0,2022-3-4 1:46:46,34.50,0.00,0.00,17.706,0.789,-4.886,12.820,18.496,0.00,0.00,0.00,0.00,0.00,0.00,0.00,0.00,0.00,0.00,0.00,0.00,0.00,0.00,0.00,0.00,0.00
20650,DL:0.1.0:AT.1.0.0,2022-3-4 1:46:53,34.50,0.00,0.00,17.712,0.783,-4.892,12.820,18.496,0.00,0.00,0.00,0.00,0.00,0.00,0.00,0.00,0.00,0.00,0.00,0.00,0.00,0.00,0.00,0.00,0.00
20650,DL:0.1.0:AT.1.0.0,2022-3-4 1:47:0,34.50,0.00,0.00,17.718,0.777,-4.899,12.819,18.496,0.00,0.00,0.00,0.00,0.00,0.00,0.00,0.00,0.00,0.00,0.00,0.00,0.00,0.00,0.00,0.00,0.00
20650,DL:0.1.0:AT.1.0.0,2022-3-4 1:47:5,34.50,0.00,0.00,17.739,0.757,-4.919,12.819,18.496,0.00,0.00,0.00,0.00,0.00,0.00,0.00,0.00,0.00,0.00,0.00,0.00,0.00,0.00,0.00,0.00,0.00
20650,DL:0.1.0:AT.1.0.0,2022-3-4 1:47:13,34.50,0.00,0.00,17.737,0.759,-4.917,12.820,18.497,0.00,0.00,0.00,0.00,0.00,0.00,0.00,0.00,0.00,0.00,0.00,0.00,0.00,0.00,0.00,0.00,0.00
20650,DL:0.1.0:AT.1.0.0,2022-3-4 1:47:18,34.50,0.00,0.00,17.717,0.780,-4.897,12.820,18.497,0.00,0.00,0.00,0.00,0.00,0.00,0.00,0.00,0.00,0.00,0.00,0.00,0.00,0.00,0.00,0.00,0.00
20650,DL:0.1.0:AT.1.0.0,2022-3-4 1:47:24,34.50,0.00,0.00,17.728,0.769,-4.907,12.820,18.497,0.00,0.00,0.00,0.00,0.00,0.00,0.00,0.00,0.00,0.00,0.00,0.00,0.00,0.00,0.00,0.00,0.00
20650,DL:0.1.0:AT.1.0.0,2022-3-4 1:47:31,34.50,0.00,0.00,17.708,0.788,-4.889,12.819,18.497,0.00,0.00,0.00,0.00,0.00,0.00,0.00,0.00,0.00,0.00,0.00,0.00,0.00,0.00,0.00,0.00,0.00
20650,DL:0.1.0:AT.1.0.0,2022-3-4 1:47:38,34.50,0.00,0.00,17.710,0.788,-4.891,12.819,18.498,0.00,0.00,0.00,0.00,0.00,0.00,0.00,0.00,0.00,0.00,0.00,0.00,0.00,0.00,0.00,0.00,0.00
20650,DL:0.1.0:AT.1.0.0,2022-3-4 1:47:45,34.50,0.00,0.00,17.700,0.798,-4.881,12.819,18.498,0.00,0.00,0.00,0.00,0.00,0.00,0.00,0.00,0.00,0.00,0.00,0.00,0.00,0.00,0.00,0.00,0.00
20650,DL:0.1.0:AT.1.0.0,2022-3-4 1:47:51,34.50,0.00,0.00,17.729,0.769,-4.910,12.819,18.498,0.00,0.00,0.00,0.00,0.00,0.00,0.00,0.00,0.00,0.00,0.00,0.00,0.00,0.00,0.00,0.00,0.00
20650,DL:0.1.0:AT.1.0.0,2022-3-4 1:47:58,34.50,0.00,0.00,17.714,0.785,-4.895,12.819,18.499,0.00,0.00,0.00,0.00,0.00,0.00,0.00,0.00,0.00,0.00,0.00,0.00,0.00,0.00,0.00,0.00,0.00
20650,DL:0.1.0:AT.1.0.0,2022-3-4 1:48:3,34.50,0.00,0.00,17.727,0.773,-4.909,12.818,18.499,0.00,0.00,0.00,0.00,0.00,0.00,0.00,0.00,0.00,0.00,0.00,0.00,0.00,0.00,0.00,0.00,0.00
20650,DL:0.1.0:AT.1.0.0,2022-3-4 1:48:8,34.50,0.00,0.00,17.722,0.777,-4.904,12.818,18.499,0.00,0.00,0.00,0.00,0.00,0.00,0.00,0.00,0.00,0.00,0.00,0.00,0.00,0.00,0.00,0.00,0.00
20650,DL:0.1.0:AT.1.0.0,2022-3-4 1:48:13,34.50,0.00,0.00,17.731,0.768,-4.913,12.818,18.499,0.00,0.00,0.00,0.00,0.00,0.00,0.00,0.00,0.00,0.00,0.00,0.00,0.00,0.00,0.00,0.00,0.00
20650,DL:0.1.0:AT.1.0.0,2022-3-4 1:48:18,34.50,0.00,0.00,17.740,0.761,-4.922,12.818,18.500,0.00,0.00,0.00,0.00,0.00,0.00,0.00,0.00,0.00,0.00,0.00,0.00,0.00,0.00,0.00,0.00,0.00
20650,DL:0.1.0:AT.1.0.0,2022-3-4 1:48:23,34.50,0.00,0.00,17.757,0.743,-4.940,12.817,18.499,0.00,0.00,0.00,0.00,0.00,0.00,0.00,0.00,0.00,0.00,0.00,0.00,0.00,0.00,0.00,0.00,0.00
20650,DL:0.1.0:AT.1.0.0,2022-3-4 1:48:28,34.50,0.00,0.00,17.710,0.789,-4.893,12.817,18.499,0.00,0.00,0.00,0.00,0.00,0.00,0.00,0.00,0.00,0.00,0.00,0.00,0.00,0.00,0.00,0.00,0.00
20650,DL:0.1.0:AT.1.0.0,2022-3-4 1:48:33,34.50,0.00,0.00,17.734,0.765,-4.917,12.817,18.499,0.00,0.00,0.00,0.00,0.00,0.00,0.00,0.00,0.00,0.00,0.00,0.00,0.00,0.00,0.00,0.00,0.00
20650,DL:0.1.0:AT.1.0.0,2022-3-4 1:48:38,34.50,0.00,0.00,17.724,0.775,-4.907,12.817,18.499,0.00,0.00,0.00,0.00,0.00,0.00,0.00,0.00,0.00,0.00,0.00,0.00,0.00,0.00,0.00,0.00,0.00
20650,DL:0.1.0:AT.1.0.0,2022-3-4 1:48:44,34.50,0.00,0.00,17.714,0.785,-4.899,12.815,18.499,0.00,0.00,0.00,0.00,0.00,0.00,0.00,0.00,0.00,0.00,0.00,0.00,0.00,0.00,0.00,0.00,0.00
20650,DL:0.1.0:AT.1.0.0,2022-3-4 1:48:50,34.50,0.00,0.00,17.725,0.774,-4.910,12.815,18.499,0.00,0.00,0.00,0.00,0.00,0.00,0.00,0.00,0.00,0.00,0.00,0.00,0.00,0.00,0.00,0.00,0.00
20650,DL:0.1.0:AT.1.0.0,2022-3-4 1:48:57,34.50,0.00,0.00,17.707,0.793,-4.892,12.815,18.500,0.00,0.00,0.00,0.00,0.00,0.00,0.00,0.00,0.00,0.00,0.00,0.00,0.00,0.00,0.00,0.00,0.00
20650,DL:0.1.0:AT.1.0.0,2022-3-4 1:49:4,34.50,0.00,0.00,17.724,0.776,-4.909,12.815,18.500,0.00,0.00,0.00,0.00,0.00,0.00,0.00,0.00,0.00,0.00,0.00,0.00,0.00,0.00,0.00,0.00,0.00
20650,DL:0.1.0:AT.1.0.0,2022-3-4 1:49:9,34.50,0.00,0.00,17.749,0.751,-4.935,12.814,18.500,0.00,0.00,0.00,0.00,0.00,0.00,0.00,0.00,0.00,0.00,0.00,0.00,0.00,0.00,0.00,0.00,0.00
20650,DL:0.1.0:AT.1.0.0,2022-3-4 1:49:14,34.50,0.00,0.00,17.729,0.771,-4.915,12.814,18.500,0.00,0.00,0.00,0.00,0.00,0.00,0.00,0.00,0.00,0.00,0.00,0.00,0.00,0.00,0.00,0.00,0.00
20650,DL:0.1.0:AT.1.0.0,2022-3-4 1:49:20,34.50,0.00,0.00,17.741,0.759,-4.927,12.814,18.500,0.00,0.00,0.00,0.00,0.00,0.00,0.00,0.00,0.00,0.00,0.00,0.00,0.00,0.00,0.00,0.00,0.00
20650,DL:0.1.0:AT.1.0.0,2022-3-4 1:49:28,34.50,0.00,0.00,17.743,0.757,-4.930,12.813,18.500,0.00,0.00,0.00,0.00,0.00,0.00,0.00,0.00,0.00,0.00,0.00,0.00,0.00,0.00,0.00,0.00,0.00
20650,DL:0.1.0:AT.1.0.0,2022-3-4 1:49:34,34.50,0.00,0.00,17.733,0.769,-4.919,12.813,18.502,0.00,0.00,0.00,0.00,0.00,0.00,0.00,0.00,0.00,0.00,0.00,0.00,0.00,0.00,0.00,0.00,0.00
20650,DL:0.1.0:AT.1.0.0,2022-3-4 1:49:42,34.50,0.00,0.00,17.735,0.767,-4.922,12.813,18.502,0.00,0.00,0.00,0.00,0.00,0.00,0.00,0.00,0.00,0.00,0.00,0.00,0.00,0.00,0.00,0.00,0.00
20650,DL:0.1.0:AT.1.0.0,2022-3-4 1:49:48,34.50,0.00,0.00,17.713,0.788,-4.900,12.813,18.502,0.00,0.00,0.00,0.00,0.00,0.00,0.00,0.00,0.00,0.00,0.00,0.00,0.00,0.00,0.00,0.00,0.00
20650,DL:0.1.0:AT.1.0.0,2022-3-4 1:49:54,34.50,0.00,0.00,17.725,0.777,-4.912,12.813,18.503,0.00,0.00,0.00,0.00,0.00,0.00,0.00,0.00,0.00,0.00,0.00,0.00,0.00,0.00,0.00,0.00,0.00
20650,DL:0.1.0:AT.1.0.0,2022-3-4 1:49:59,34.50,0.00,0.00,17.746,0.757,-4.934,12.812,18.503,0.00,0.00,0.00,0.00,0.00,0.00,0.00,0.00,0.00,0.00,0.00,0.00,0.00,0.00,0.00,0.00,0.00
20650,DL:0.1.0:AT.1.0.0,2022-3-4 1:50:5,34.50,0.00,0.00,17.742,0.761,-4.930,12.812,18.503,0.00,0.00,0.00,0.00,0.00,0.00,0.00,0.00,0.00,0.00,0.00,0.00,0.00,0.00,0.00,0.00,0.00
20650,DL:0.1.0:AT.1.0.0,2022-3-4 1:50:10,34.50,0.00,0.00,17.734,0.768,-4.923,12.811,18.502,0.00,0.00,0.00,0.00,0.00,0.00,0.00,0.00,0.00,0.00,0.00,0.00,0.00,0.00,0.00,0.00,0.00
20650,DL:0.1.0:AT.1.0.0,2022-3-4 1:50:15,34.50,0.00,0.00,17.713,0.788,-4.901,12.812,18.502,0.00,0.00,0.00,0.00,0.00,0.00,0.00,0.00,0.00,0.00,0.00,0.00,0.00,0.00,0.00,0.00,0.00
20650,DL:0.1.0:AT.1.0.0,2022-3-4 1:50:22,34.50,0.00,0.00,17.719,0.783,-4.909,12.811,18.503,0.00,0.00,0.00,0.00,0.00,0.00,0.00,0.00,0.00,0.00,0.00,0.00,0.00,0.00,0.00,0.00,0.00
20650,DL:0.1.0:AT.1.0.0,2022-3-4 1:50:29,34.50,0.00,0.00,17.692,0.811,-4.881,12.811,18.503,0.00,0.00,0.00,0.00,0.00,0.00,0.00,0.00,0.00,0.00,0.00,0.00,0.00,0.00,0.00,0.00,0.00
20650,DL:0.1.0:AT.1.0.0,2022-3-4 1:50:36,34.50,0.00,0.00,17.730,0.774,-4.921,12.809,18.504,0.00,0.00,0.00,0.00,0.00,0.00,0.00,0.00,0.00,0.00,0.00,0.00,0.00,0.00,0.00,0.00,0.00
20650,DL:0.1.0:AT.1.0.0,2022-3-4 1:50:43,34.50,0.00,0.00,17.748,0.756,-4.939,12.809,18.504,0.00,0.00,0.00,0.00,0.00,0.00,0.00,0.00,0.00,0.00,0.00,0.00,0.00,0.00,0.00,0.00,0.00
20650,DL:0.1.0:AT.1.0.0,2022-3-4 1:50:48,34.50,0.00,0.00,17.731,0.773,-4.921,12.811,18.504,0.00,0.00,0.00,0.00,0.00,0.00,0.00,0.00,0.00,0.00,0.00,0.00,0.00,0.00,0.00,0.00,0.00
20650,DL:0.1.0:AT.1.0.0,2022-3-4 1:50:53,34.50,0.00,0.00,17.725,0.779,-4.917,12.808,18.504,0.00,0.00,0.00,0.00,0.00,0.00,0.00,0.00,0.00,0.00,0.00,0.00,0.00,0.00,0.00,0.00,0.00
20650,DL:0.1.0:AT.1.0.0,2022-3-4 1:50:58,34.50,0.00,0.00,17.727,0.777,-4.918,12.808,18.504,0.00,0.00,0.00,0.00,0.00,0.00,0.00,0.00,0.00,0.00,0.00,0.00,0.00,0.00,0.00,0.00,0.00
20650,DL:0.1.0:AT.1.0.0,2022-3-4 1:51:3,34.50,0.00,0.00,17.725,0.780,-4.917,12.808,18.505,0.00,0.00,0.00,0.00,0.00,0.00,0.00,0.00,0.00,0.00,0.00,0.00,0.00,0.00,0.00,0.00,0.00
20650,DL:0.1.0:AT.1.0.0,2022-3-4 1:51:8,34.50,0.00,0.00,17.720,0.785,-4.912,12.808,18.505,0.00,0.00,0.00,0.00,0.00,0.00,0.00,0.00,0.00,0.00,0.00,0.00,0.00,0.00,0.00,0.00,0.00
20650,DL:0.1.0:AT.1.0.0,2022-3-4 1:51:15,34.50,0.00,0.00,17.735,0.770,-4.928,12.807,18.505,0.00,0.00,0.00,0.00,0.00,0.00,0.00,0.00,0.00,0.00,0.00,0.00,0.00,0.00,0.00,0.00,0.00
20650,DL:0.1.0:AT.1.0.0,2022-3-4 1:51:20,34.50,0.00,0.00,17.728,0.776,-4.922,12.806,18.504,0.00,0.00,0.00,0.00,0.00,0.00,0.00,0.00,0.00,0.00,0.00,0.00,0.00,0.00,0.00,0.00,0.00
20650,DL:0.1.0:AT.1.0.0,2022-3-4 1:51:27,34.50,0.00,0.00,17.737,0.768,-4.932,12.806,18.505,0.00,0.00,0.00,0.00,0.00,0.00,0.00,0.00,0.00,0.00,0.00,0.00,0.00,0.00,0.00,0.00,0.00
20650,DL:0.1.0:AT.1.0.0,2022-3-4 1:51:32,34.50,0.00,0.00,17.755,0.750,-4.950,12.806,18.505,0.00,0.00,0.00,0.00,0.00,0.00,0.00,0.00,0.00,0.00,0.00,0.00,0.00,0.00,0.00,0.00,0.00
20650,DL:0.1.0:AT.1.0.0,2022-3-4 1:51:37,34.50,0.00,0.00,17.728,0.779,-4.922,12.806,18.506,0.00,0.00,0.00,0.00,0.00,0.00,0.00,0.00,0.00,0.00,0.00,0.00,0.00,0.00,0.00,0.00,0.00
20650,DL:0.1.0:AT.1.0.0,2022-3-4 1:51:49,34.50,0.00,0.00,17.735,0.771,-4.932,12.803,18.506,0.00,0.00,0.00,0.00,0.00,0.00,0.00,0.00,0.00,0.00,0.00,0.00,0.00,0.00,0.00,0.00,0.00
20650,DL:0.1.0:AT.1.0.0,2022-3-4 1:51:54,34.50,0.00,0.00,17.739,0.767,-4.934,12.805,18.505,0.00,0.00,0.00,0.00,0.00,0.00,0.00,0.00,0.00,0.00,0.00,0.00,0.00,0.00,0.00,0.00,0.00
20650,DL:0.1.0:AT.1.0.0,2022-3-4 1:52:1,34.50,0.00,0.00,17.743,0.763,-4.940,12.803,18.506,0.00,0.00,0.00,0.00,0.00,0.00,0.00,0.00,0.00,0.00,0.00,0.00,0.00,0.00,0.00,0.00,0.00
20650,DL:0.1.0:AT.1.0.0,2022-3-4 1:52:8,34.50,0.00,0.00,17.717,0.789,-4.913,12.803,18.506,0.00,0.00,0.00,0.00,0.00,0.00,0.00,0.00,0.00,0.00,0.00,0.00,0.00,0.00,0.00,0.00,0.00
20650,DL:0.1.0:AT.1.0.0,2022-3-4 1:52:16,34.50,0.00,0.00,17.730,0.776,-4.928,12.802,18.506,0.00,0.00,0.00,0.00,0.00,0.00,0.00,0.00,0.00,0.00,0.00,0.00,0.00,0.00,0.00,0.00,0.00
20650,DL:0.1.0:AT.1.0.0,2022-3-4 1:52:22,34.50,0.00,0.00,17.716,0.791,-4.913,12.802,18.506,0.00,0.00,0.00,0.00,0.00,0.00,0.00,0.00,0.00,0.00,0.00,0.00,0.00,0.00,0.00,0.00,0.00
20650,DL:0.1.0:AT.1.0.0,2022-3-4 1:52:29,34.50,0.00,0.00,17.714,0.792,-4.913,12.801,18.506,0.00,0.00,0.00,0.00,0.00,0.00,0.00,0.00,0.00,0.00,0.00,0.00,0.00,0.00,0.00,0.00,0.00
20650,DL:0.1.0:AT.1.0.0,2022-3-4 1:52:36,34.50,0.00,0.00,17.720,0.786,-4.919,12.801,18.506,0.00,0.00,0.00,0.00,0.00,0.00,0.00,0.00,0.00,0.00,0.00,0.00,0.00,0.00,0.00,0.00,0.00
20650,DL:0.1.0:AT.1.0.0,2022-3-4 1:52:42,34.50,0.00,0.00,17.716,0.791,-4.916,12.800,18.506,0.00,0.00,0.00,0.00,0.00,0.00,0.00,0.00,0.00,0.00,0.00,0.00,0.00,0.00,0.00,0.00,0.00
20650,DL:0.1.0:AT.1.0.0,2022-3-4 1:52:47,34.50,0.00,0.00,17.692,0.816,-4.892,12.800,18.508,0.00,0.00,0.00,0.00,0.00,0.00,0.00,0.00,0.00,0.00,0.00,0.00,0.00,0.00,0.00,0.00,0.00
20650,DL:0.1.0:AT.1.0.0,2022-3-4 1:52:53,34.50,0.00,0.00,17.707,0.800,-4.907,12.800,18.508,0.00,0.00,0.00,0.00,0.00,0.00,0.00,0.00,0.00,0.00,0.00,0.00,0.00,0.00,0.00,0.00,0.00
20650,DL:0.1.0:AT.1.0.0,2022-3-4 1:52:58,34.50,0.00,0.00,17.700,0.809,-4.900,12.800,18.509,0.00,0.00,0.00,0.00,0.00,0.00,0.00,0.00,0.00,0.00,0.00,0.00,0.00,0.00,0.00,0.00,0.00
20650,DL:0.1.0:AT.1.0.0,2022-3-4 1:53:3,34.50,0.00,0.00,17.699,0.809,-4.900,12.799,18.508,0.00,0.00,0.00,0.00,0.00,0.00,0.00,0.00,0.00,0.00,0.00,0.00,0.00,0.00,0.00,0.00,0.00
20650,DL:0.1.0:AT.1.0.0,2022-3-4 1:53:13,34.50,0.00,0.00,17.724,0.785,-4.925,12.799,18.509,0.00,0.00,0.00,0.00,0.00,0.00,0.00,0.00,0.00,0.00,0.00,0.00,0.00,0.00,0.00,0.00,0.00
20650,DL:0.1.0:AT.1.0.0,2022-3-4 1:53:18,34.50,0.00,0.00,17.711,0.798,-4.913,12.797,18.509,0.00,0.00,0.00,0.00,0.00,0.00,0.00,0.00,0.00,0.00,0.00,0.00,0.00,0.00,0.00,0.00,0.00
20650,DL:0.1.0:AT.1.0.0,2022-3-4 1:53:23,34.50,0.00,0.00,17.719,0.789,-4.922,12.797,18.509,0.00,0.00,0.00,0.00,0.00,0.00,0.00,0.00,0.00,0.00,0.00,0.00,0.00,0.00,0.00,0.00,0.00
20650,DL:0.1.0:AT.1.0.0,2022-3-4 1:53:30,34.50,0.00,0.00,17.714,0.794,-4.918,12.796,18.509,0.00,0.00,0.00,0.00,0.00,0.00,0.00,0.00,0.00,0.00,0.00,0.00,0.00,0.00,0.00,0.00,0.00
20650,DL:0.1.0:AT.1.0.0,2022-3-4 1:53:35,34.50,0.00,0.00,17.717,0.792,-4.921,12.796,18.509,0.00,0.00,0.00,0.00,0.00,0.00,0.00,0.00,0.00,0.00,0.00,0.00,0.00,0.00,0.00,0.00,0.00
20650,DL:0.1.0:AT.1.0.0,2022-3-4 1:53:40,34.50,0.00,0.00,17.720,0.788,-4.924,12.796,18.509,0.00,0.00,0.00,0.00,0.00,0.00,0.00,0.00,0.00,0.00,0.00,0.00,0.00,0.00,0.00,0.00,0.00
20650,DL:0.1.0:AT.1.0.0,2022-3-4 1:53:52,34.50,0.00,0.00,17.718,0.792,-4.923,12.795,18.510,0.00,0.00,0.00,0.00,0.00,0.00,0.00,0.00,0.00,0.00,0.00,0.00,0.00,0.00,0.00,0.00,0.00
20650,DL:0.1.0:AT.1.0.0,2022-3-4 1:53:57,34.50,0.00,0.00,17.725,0.785,-4.930,12.795,18.510,0.00,0.00,0.00,0.00,0.00,0.00,0.00,0.00,0.00,0.00,0.00,0.00,0.00,0.00,0.00,0.00,0.00
20650,DL:0.1.0:AT.1.0.0,2022-3-4 1:54:4,34.50,0.00,0.00,17.733,0.777,-4.939,12.794,18.510,0.00,0.00,0.00,0.00,0.00,0.00,0.00,0.00,0.00,0.00,0.00,0.00,0.00,0.00,0.00,0.00,0.00
20650,DL:0.1.0:AT.1.0.0,2022-3-4 1:54:11,34.50,0.00,0.00,17.736,0.775,-4.944,12.793,18.511,0.00,0.00,0.00,0.00,0.00,0.00,0.00,0.00,0.00,0.00,0.00,0.00,0.00,0.00,0.00,0.00,0.00
20650,DL:0.1.0:AT.1.0.0,2022-3-4 1:54:22,34.50,0.00,0.00,17.735,0.776,-4.942,12.793,18.511,0.00,0.00,0.00,0.00,0.00,0.00,0.00,0.00,0.00,0.00,0.00,0.00,0.00,0.00,0.00,0.00,0.00
20650,DL:0.1.0:AT.1.0.0,2022-3-4 1:54:28,34.50,0.00,0.00,17.733,0.779,-4.940,12.793,18.511,0.00,0.00,0.00,0.00,0.00,0.00,0.00,0.00,0.00,0.00,0.00,0.00,0.00,0.00,0.00,0.00,0.00
20650,DL:0.1.0:AT.1.0.0,2022-3-4 1:54:35,34.50,0.00,0.00,17.725,0.786,-4.934,12.791,18.511,0.00,0.00,0.00,0.00,0.00,0.00,0.00,0.00,0.00,0.00,0.00,0.00,0.00,0.00,0.00,0.00,0.00
20650,DL:0.1.0:AT.1.0.0,2022-3-4 1:54:42,34.50,0.00,0.00,17.706,0.806,-4.915,12.791,18.512,0.00,0.00,0.00,0.00,0.00,0.00,0.00,0.00,0.00,0.00,0.00,0.00,0.00,0.00,0.00,0.00,0.00
20650,DL:0.1.0:AT.1.0.0,2022-3-4 1:54:51,34.50,0.00,0.00,17.725,0.786,-4.935,12.790,18.511,0.00,0.00,0.00,0.00,0.00,0.00,0.00,0.00,0.00,0.00,0.00,0.00,0.00,0.00,0.00,0.00,0.00
20650,DL:0.1.0:AT.1.0.0,2022-3-4 1:54:56,34.50,0.00,0.00,17.707,0.805,-4.917,12.790,18.512,0.00,0.00,0.00,0.00,0.00,0.00,0.00,0.00,0.00,0.00,0.00,0.00,0.00,0.00,0.00,0.00,0.00
20650,DL:0.1.0:AT.1.0.0,2022-3-4 1:55:1,34.50,0.00,0.00,17.729,0.783,-4.939,12.790,18.512,0.00,0.00,0.00,0.00,0.00,0.00,0.00,0.00,0.00,0.00,0.00,0.00,0.00,0.00,0.00,0.00,0.00
20650,DL:0.1.0:AT.1.0.0,2022-3-4 1:55:6,34.50,0.00,0.00,17.734,0.779,-4.944,12.790,18.512,0.00,0.00,0.00,0.00,0.00,0.00,0.00,0.00,0.00,0.00,0.00,0.00,0.00,0.00,0.00,0.00,0.00
20650,DL:0.1.0:AT.1.0.0,2022-3-4 1:55:11,34.50,0.00,0.00,17.713,0.799,-4.924,12.789,18.512,0.00,0.00,0.00,0.00,0.00,0.00,0.00,0.00,0.00,0.00,0.00,0.00,0.00,0.00,0.00,0.00,0.00
20650,DL:0.1.0:AT.1.0.0,2022-3-4 1:55:16,34.50,0.00,0.00,17.717,0.795,-4.928,12.789,18.512,0.00,0.00,0.00,0.00,0.00,0.00,0.00,0.00,0.00,0.00,0.00,0.00,0.00,0.00,0.00,0.00,0.00
20650,DL:0.1.0:AT.1.0.0,2022-3-4 1:55:24,34.50,0.00,0.00,17.743,0.769,-4.956,12.788,18.512,0.00,0.00,0.00,0.00,0.00,0.00,0.00,0.00,0.00,0.00,0.00,0.00,0.00,0.00,0.00,0.00,0.00
20650,DL:0.1.0:AT.1.0.0,2022-3-4 1:55:30,34.50,0.00,0.00,17.755,0.757,-4.968,12.788,18.512,0.00,0.00,0.00,0.00,0.00,0.00,0.00,0.00,0.00,0.00,0.00,0.00,0.00,0.00,0.00,0.00,0.00
20650,DL:0.1.0:AT.1.0.0,2022-3-4 1:55:37,34.50,0.00,0.00,17.745,0.768,-4.957,12.788,18.512,0.00,0.00,0.00,0.00,0.00,0.00,0.00,0.00,0.00,0.00,0.00,0.00,0.00,0.00,0.00,0.00,0.00
20650,DL:0.1.0:AT.1.0.0,2022-3-4 1:55:42,34.50,0.00,0.00,17.727,0.787,-4.940,12.787,18.514,0.00,0.00,0.00,0.00,0.00,0.00,0.00,0.00,0.00,0.00,0.00,0.00,0.00,0.00,0.00,0.00,0.00
20650,DL:0.1.0:AT.1.0.0,2022-3-4 1:55:47,34.50,0.00,0.00,17.710,0.804,-4.923,12.787,18.514,0.00,0.00,0.00,0.00,0.00,0.00,0.00,0.00,0.00,0.00,0.00,0.00,0.00,0.00,0.00,0.00,0.00
20650,DL:0.1.0:AT.1.0.0,2022-3-4 1:55:52,34.50,0.00,0.00,17.714,0.799,-4.929,12.785,18.514,0.00,0.00,0.00,0.00,0.00,0.00,0.00,0.00,0.00,0.00,0.00,0.00,0.00,0.00,0.00,0.00,0.00
20650,DL:0.1.0:AT.1.0.0,2022-3-4 1:55:57,34.50,0.00,0.00,17.728,0.786,-4.942,12.785,18.514,0.00,0.00,0.00,0.00,0.00,0.00,0.00,0.00,0.00,0.00,0.00,0.00,0.00,0.00,0.00,0.00,0.00
20650,DL:0.1.0:AT.1.0.0,2022-3-4 1:56:4,34.50,0.00,0.00,17.717,0.798,-4.933,12.784,18.515,0.00,0.00,0.00,0.00,0.00,0.00,0.00,0.00,0.00,0.00,0.00,0.00,0.00,0.00,0.00,0.00,0.00
20650,DL:0.1.0:AT.1.0.0,2022-3-4 1:56:11,34.50,0.00,0.00,17.740,0.775,-4.956,12.784,18.515,0.00,0.00,0.00,0.00,0.00,0.00,0.00,0.00,0.00,0.00,0.00,0.00,0.00,0.00,0.00,0.00,0.00
20650,DL:0.1.0:AT.1.0.0,2022-3-4 1:56:18,34.50,0.00,0.00,17.749,0.765,-4.966,12.783,18.515,0.00,0.00,0.00,0.00,0.00,0.00,0.00,0.00,0.00,0.00,0.00,0.00,0.00,0.00,0.00,0.00,0.00
20650,DL:0.1.0:AT.1.0.0,2022-3-4 1:56:23,34.50,0.00,0.00,17.716,0.799,-4.933,12.783,18.515,0.00,0.00,0.00,0.00,0.00,0.00,0.00,0.00,0.00,0.00,0.00,0.00,0.00,0.00,0.00,0.00,0.00
20650,DL:0.1.0:AT.1.0.0,2022-3-4 1:56:28,34.50,0.00,0.00,17.733,0.783,-4.950,12.783,18.516,0.00,0.00,0.00,0.00,0.00,0.00,0.00,0.00,0.00,0.00,0.00,0.00,0.00,0.00,0.00,0.00,0.00
20650,DL:0.1.0:AT.1.0.0,2022-3-4 1:56:35,34.50,0.00,0.00,17.737,0.777,-4.954,12.783,18.515,0.00,0.00,0.00,0.00,0.00,0.00,0.00,0.00,0.00,0.00,0.00,0.00,0.00,0.00,0.00,0.00,0.00
20650,DL:0.1.0:AT.1.0.0,2022-3-4 1:56:42,34.50,0.00,0.00,17.716,0.800,-4.934,12.782,18.516,0.00,0.00,0.00,0.00,0.00,0.00,0.00,0.00,0.00,0.00,0.00,0.00,0.00,0.00,0.00,0.00,0.00
20650,DL:0.1.0:AT.1.0.0,2022-3-4 1:56:48,34.50,0.00,0.00,17.714,0.801,-4.934,12.781,18.516,0.00,0.00,0.00,0.00,0.00,0.00,0.00,0.00,0.00,0.00,0.00,0.00,0.00,0.00,0.00,0.00,0.00
20650,DL:0.1.0:AT.1.0.0,2022-3-4 1:56:54,34.50,0.00,0.00,17.719,0.797,-4.939,12.781,18.516,0.00,0.00,0.00,0.00,0.00,0.00,0.00,0.00,0.00,0.00,0.00,0.00,0.00,0.00,0.00,0.00,0.00
20650,DL:0.1.0:AT.1.0.0,2022-3-4 1:57:2,34.50,0.00,0.00,17.720,0.797,-4.940,12.781,18.517,0.00,0.00,0.00,0.00,0.00,0.00,0.00,0.00,0.00,0.00,0.00,0.00,0.00,0.00,0.00,0.00,0.00
20650,DL:0.1.0:AT.1.0.0,2022-3-4 1:57:9,34.50,0.00,0.00,17.711,0.805,-4.932,12.779,18.516,0.00,0.00,0.00,0.00,0.00,0.00,0.00,0.00,0.00,0.00,0.00,0.00,0.00,0.00,0.00,0.00,0.00
20650,DL:0.1.0:AT.1.0.0,2022-3-4 1:57:16,34.50,0.00,0.00,17.731,0.785,-4.952,12.779,18.516,0.00,0.00,0.00,0.00,0.00,0.00,0.00,0.00,0.00,0.00,0.00,0.00,0.00,0.00,0.00,0.00,0.00
20650,DL:0.1.0:AT.1.0.0,2022-3-4 1:57:24,34.50,0.00,0.00,17.735,0.782,-4.957,12.778,18.517,0.00,0.00,0.00,0.00,0.00,0.00,0.00,0.00,0.00,0.00,0.00,0.00,0.00,0.00,0.00,0.00,0.00
20650,DL:0.1.0:AT.1.0.0,2022-3-4 1:57:29,34.50,0.00,0.00,17.741,0.775,-4.963,12.778,18.516,0.00,0.00,0.00,0.00,0.00,0.00,0.00,0.00,0.00,0.00,0.00,0.00,0.00,0.00,0.00,0.00,0.00
20650,DL:0.1.0:AT.1.0.0,2022-3-4 1:57:36,34.50,0.00,0.00,17.729,0.788,-4.952,12.777,18.517,0.00,0.00,0.00,0.00,0.00,0.00,0.00,0.00,0.00,0.00,0.00,0.00,0.00,0.00,0.00,0.00,0.00
20650,DL:0.1.0:AT.1.0.0,2022-3-4 1:57:43,34.50,0.00,0.00,17.728,0.789,-4.952,12.776,18.517,0.00,0.00,0.00,0.00,0.00,0.00,0.00,0.00,0.00,0.00,0.00,0.00,0.00,0.00,0.00,0.00,0.00
20650,DL:0.1.0:AT.1.0.0,2022-3-4 1:57:50,34.50,0.00,0.00,17.719,0.798,-4.944,12.776,18.517,0.00,0.00,0.00,0.00,0.00,0.00,0.00,0.00,0.00,0.00,0.00,0.00,0.00,0.00,0.00,0.00,0.00
20650,DL:0.1.0:AT.1.0.0,2022-3-4 1:57:58,34.50,0.00,0.00,17.739,0.780,-4.963,12.776,18.518,0.00,0.00,0.00,0.00,0.00,0.00,0.00,0.00,0.00,0.00,0.00,0.00,0.00,0.00,0.00,0.00,0.00
20650,DL:0.1.0:AT.1.0.0,2022-3-4 1:58:7,34.50,0.00,0.00,17.728,0.791,-4.953,12.775,18.518,0.00,0.00,0.00,0.00,0.00,0.00,0.00,0.00,0.00,0.00,0.00,0.00,0.00,0.00,0.00,0.00,0.00
20650,DL:0.1.0:AT.1.0.0,2022-3-4 1:58:14,34.50,0.00,0.00,17.722,0.797,-4.948,12.773,18.518,0.00,0.00,0.00,0.00,0.00,0.00,0.00,0.00,0.00,0.00,0.00,0.00,0.00,0.00,0.00,0.00,0.00
20650,DL:0.1.0:AT.1.0.0,2022-3-4 1:58:21,34.50,0.00,0.00,17.733,0.786,-4.959,12.773,18.518,0.00,0.00,0.00,0.00,0.00,0.00,0.00,0.00,0.00,0.00,0.00,0.00,0.00,0.00,0.00,0.00,0.00
20650,DL:0.1.0:AT.1.0.0,2022-3-4 1:58:28,34.50,0.00,0.00,17.736,0.783,-4.963,12.773,18.520,0.00,0.00,0.00,0.00,0.00,0.00,0.00,0.00,0.00,0.00,0.00,0.00,0.00,0.00,0.00,0.00,0.00
20650,DL:0.1.0:AT.1.0.0,2022-3-4 1:58:33,34.50,0.00,0.00,17.716,0.804,-4.944,12.772,18.520,0.00,0.00,0.00,0.00,0.00,0.00,0.00,0.00,0.00,0.00,0.00,0.00,0.00,0.00,0.00,0.00,0.00
20650,DL:0.1.0:AT.1.0.0,2022-3-4 1:58:38,34.50,0.00,0.00,17.713,0.806,-4.941,12.772,18.520,0.00,0.00,0.00,0.00,0.00,0.00,0.00,0.00,0.00,0.00,0.00,0.00,0.00,0.00,0.00,0.00,0.00
20650,DL:0.1.0:AT.1.0.0,2022-3-4 1:58:45,34.50,0.00,0.00,17.745,0.775,-4.972,12.772,18.520,0.00,0.00,0.00,0.00,0.00,0.00,0.00,0.00,0.00,0.00,0.00,0.00,0.00,0.00,0.00,0.00,0.00
20650,DL:0.1.0:AT.1.0.0,2022-3-4 1:58:51,34.50,0.00,0.00,17.725,0.795,-4.954,12.771,18.521,0.00,0.00,0.00,0.00,0.00,0.00,0.00,0.00,0.00,0.00,0.00,0.00,0.00,0.00,0.00,0.00,0.00
20650,DL:0.1.0:AT.1.0.0,2022-3-4 1:58:59,34.50,0.00,0.00,17.692,0.828,-4.922,12.770,18.520,0.00,0.00,0.00,0.00,0.00,0.00,0.00,0.00,0.00,0.00,0.00,0.00,0.00,0.00,0.00,0.00,0.00
20650,DL:0.1.0:AT.1.0.0,2022-3-4 1:59:5,34.50,0.00,0.00,17.711,0.809,-4.940,12.771,18.520,0.00,0.00,0.00,0.00,0.00,0.00,0.00,0.00,0.00,0.00,0.00,0.00,0.00,0.00,0.00,0.00,0.00
20650,DL:0.1.0:AT.1.0.0,2022-3-4 1:59:12,34.50,0.00,0.00,17.735,0.786,-4.965,12.770,18.521,0.00,0.00,0.00,0.00,0.00,0.00,0.00,0.00,0.00,0.00,0.00,0.00,0.00,0.00,0.00,0.00,0.00
20650,DL:0.1.0:AT.1.0.0,2022-3-4 1:59:19,34.50,0.00,0.00,17.695,0.826,-4.927,12.769,18.521,0.00,0.00,0.00,0.00,0.00,0.00,0.00,0.00,0.00,0.00,0.00,0.00,0.00,0.00,0.00,0.00,0.00
20650,DL:0.1.0:AT.1.0.0,2022-3-4 1:59:29,34.50,0.00,0.00,17.719,0.801,-4.951,12.769,18.521,0.00,0.00,0.00,0.00,0.00,0.00,0.00,0.00,0.00,0.00,0.00,0.00,0.00,0.00,0.00,0.00,0.00
20650,DL:0.1.0:AT.1.0.0,2022-3-4 1:59:36,34.50,0.00,0.00,17.689,0.833,-4.921,12.769,18.522,0.00,0.00,0.00,0.00,0.00,0.00,0.00,0.00,0.00,0.00,0.00,0.00,0.00,0.00,0.00,0.00,0.00
20650,DL:0.1.0:AT.1.0.0,2022-3-4 1:59:41,34.50,0.00,0.00,17.727,0.794,-4.959,12.767,18.521,0.00,0.00,0.00,0.00,0.00,0.00,0.00,0.00,0.00,0.00,0.00,0.00,0.00,0.00,0.00,0.00,0.00
20650,DL:0.1.0:AT.1.0.0,2022-3-4 1:59:46,34.50,0.00,0.00,17.735,0.787,-4.969,12.766,18.522,0.00,0.00,0.00,0.00,0.00,0.00,0.00,0.00,0.00,0.00,0.00,0.00,0.00,0.00,0.00,0.00,0.00
20650,DL:0.1.0:AT.1.0.0,2022-3-4 1:59:51,34.50,0.00,0.00,17.707,0.815,-4.941,12.766,18.522,0.00,0.00,0.00,0.00,0.00,0.00,0.00,0.00,0.00,0.00,0.00,0.00,0.00,0.00,0.00,0.00,0.00
20650,DL:0.1.0:AT.1.0.0,2022-3-4 1:59:57,34.50,0.00,0.00,17.727,0.795,-4.960,12.766,18.522,0.00,0.00,0.00,0.00,0.00,0.00,0.00,0.00,0.00,0.00,0.00,0.00,0.00,0.00,0.00,0.00,0.00
20650,DL:0.1.0:AT.1.0.0,2022-3-4 2:0:3,34.50,0.00,0.00,17.712,0.810,-4.946,12.766,18.522,0.00,0.00,0.00,0.00,0.00,0.00,0.00,0.00,0.00,0.00,0.00,0.00,0.00,0.00,0.00,0.00,0.00
20650,DL:0.1.0:AT.1.0.0,2022-3-4 2:0:10,34.50,0.00,0.00,17.747,0.776,-4.981,12.766,18.523,0.00,0.00,0.00,0.00,0.00,0.00,0.00,0.00,0.00,0.00,0.00,0.00,0.00,0.00,0.00,0.00,0.00
20650,DL:0.1.0:AT.1.0.0,2022-3-4 2:0:15,34.50,0.00,0.00,17.702,0.821,-4.938,12.765,18.523,0.00,0.00,0.00,0.00,0.00,0.00,0.00,0.00,0.00,0.00,0.00,0.00,0.00,0.00,0.00,0.00,0.00
20650,DL:0.1.0:AT.1.0.0,2022-3-4 2:0:20,34.50,0.00,0.00,17.729,0.794,-4.964,12.765,18.523,0.00,0.00,0.00,0.00,0.00,0.00,0.00,0.00,0.00,0.00,0.00,0.00,0.00,0.00,0.00,0.00,0.00
20650,DL:0.1.0:AT.1.0.0,2022-3-4 2:0:28,34.50,0.00,0.00,17.699,0.824,-4.934,12.765,18.523,0.00,0.00,0.00,0.00,0.00,0.00,0.00,0.00,0.00,0.00,0.00,0.00,0.00,0.00,0.00,0.00,0.00
20650,DL:0.1.0:AT.1.0.0,2022-3-4 2:0:34,34.50,0.00,0.00,17.733,0.792,-4.969,12.764,18.524,0.00,0.00,0.00,0.00,0.00,0.00,0.00,0.00,0.00,0.00,0.00,0.00,0.00,0.00,0.00,0.00,0.00
20650,DL:0.1.0:AT.1.0.0,2022-3-4 2:0:39,34.50,0.00,0.00,17.736,0.788,-4.972,12.764,18.524,0.00,0.00,0.00,0.00,0.00,0.00,0.00,0.00,0.00,0.00,0.00,0.00,0.00,0.00,0.00,0.00,0.00
20650,DL:0.1.0:AT.1.0.0,2022-3-4 2:0:44,34.50,0.00,0.00,17.724,0.800,-4.960,12.764,18.524,0.00,0.00,0.00,0.00,0.00,0.00,0.00,0.00,0.00,0.00,0.00,0.00,0.00,0.00,0.00,0.00,0.00
20650,DL:0.1.0:AT.1.0.0,2022-3-4 2:0:51,34.50,0.00,0.00,17.699,0.826,-4.938,12.761,18.524,0.00,0.00,0.00,0.00,0.00,0.00,0.00,0.00,0.00,0.00,0.00,0.00,0.00,0.00,0.00,0.00,0.00
20650,DL:0.1.0:AT.1.0.0,2022-3-4 2:0:59,34.50,0.00,0.00,17.745,0.781,-4.983,12.761,18.526,0.00,0.00,0.00,0.00,0.00,0.00,0.00,0.00,0.00,0.00,0.00,0.00,0.00,0.00,0.00,0.00,0.00
20650,DL:0.1.0:AT.1.0.0,2022-3-4 2:1:5,34.50,0.00,0.00,17.712,0.812,-4.951,12.761,18.524,0.00,0.00,0.00,0.00,0.00,0.00,0.00,0.00,0.00,0.00,0.00,0.00,0.00,0.00,0.00,0.00,0.00
20650,DL:0.1.0:AT.1.0.0,2022-3-4 2:1:12,34.50,0.00,0.00,17.719,0.805,-4.958,12.761,18.524,0.00,0.00,0.00,0.00,0.00,0.00,0.00,0.00,0.00,0.00,0.00,0.00,0.00,0.00,0.00,0.00,0.00
20650,DL:0.1.0:AT.1.0.0,2022-3-4 2:1:19,34.50,0.00,0.00,17.740,0.786,-4.980,12.760,18.526,0.00,0.00,0.00,0.00,0.00,0.00,0.00,0.00,0.00,0.00,0.00,0.00,0.00,0.00,0.00,0.00,0.00
20650,DL:0.1.0:AT.1.0.0,2022-3-4 2:1:26,34.50,0.00,0.00,17.746,0.779,-4.986,12.760,18.524,0.00,0.00,0.00,0.00,0.00,0.00,0.00,0.00,0.00,0.00,0.00,0.00,0.00,0.00,0.00,0.00,0.00
20650,DL:0.1.0:AT.1.0.0,2022-3-4 2:1:33,34.50,0.00,0.00,17.731,0.794,-4.972,12.759,18.526,0.00,0.00,0.00,0.00,0.00,0.00,0.00,0.00,0.00,0.00,0.00,0.00,0.00,0.00,0.00,0.00,0.00
20650,DL:0.1.0:AT.1.0.0,2022-3-4 2:1:39,34.50,0.00,0.00,17.734,0.792,-4.976,12.758,18.526,0.00,0.00,0.00,0.00,0.00,0.00,0.00,0.00,0.00,0.00,0.00,0.00,0.00,0.00,0.00,0.00,0.00
20650,DL:0.1.0:AT.1.0.0,2022-3-4 2:1:46,34.50,0.00,0.00,17.742,0.785,-4.984,12.758,18.527,0.00,0.00,0.00,0.00,0.00,0.00,0.00,0.00,0.00,0.00,0.00,0.00,0.00,0.00,0.00,0.00,0.00
20650,DL:0.1.0:AT.1.0.0,2022-3-4 2:1:53,34.50,0.00,0.00,17.733,0.794,-4.975,12.758,18.527,0.00,0.00,0.00,0.00,0.00,0.00,0.00,0.00,0.00,0.00,0.00,0.00,0.00,0.00,0.00,0.00,0.00
20650,DL:0.1.0:AT.1.0.0,2022-3-4 2:2:1,34.50,0.00,0.00,17.754,0.773,-4.998,12.757,18.527,0.00,0.00,0.00,0.00,0.00,0.00,0.00,0.00,0.00,0.00,0.00,0.00,0.00,0.00,0.00,0.00,0.00
20650,DL:0.1.0:AT.1.0.0,2022-3-4 2:2:7,34.50,0.00,0.00,17.759,0.768,-5.002,12.757,18.527,0.00,0.00,0.00,0.00,0.00,0.00,0.00,0.00,0.00,0.00,0.00,0.00,0.00,0.00,0.00,0.00,0.00
20650,DL:0.1.0:AT.1.0.0,2022-3-4 2:2:13,34.50,0.00,0.00,17.751,0.777,-4.995,12.755,18.528,0.00,0.00,0.00,0.00,0.00,0.00,0.00,0.00,0.00,0.00,0.00,0.00,0.00,0.00,0.00,0.00,0.00
20650,DL:0.1.0:AT.1.0.0,2022-3-4 2:2:20,34.50,0.00,0.00,17.747,0.781,-4.992,12.755,18.528,0.00,0.00,0.00,0.00,0.00,0.00,0.00,0.00,0.00,0.00,0.00,0.00,0.00,0.00,0.00,0.00,0.00
20650,DL:0.1.0:AT.1.0.0,2022-3-4 2:2:27,34.50,0.00,0.00,17.761,0.767,-5.006,12.755,18.528,0.00,0.00,0.00,0.00,0.00,0.00,0.00,0.00,0.00,0.00,0.00,0.00,0.00,0.00,0.00,0.00,0.00
20650,DL:0.1.0:AT.1.0.0,2022-3-4 2:2:32,34.50,0.00,0.00,17.765,0.764,-5.011,12.754,18.529,0.00,0.00,0.00,0.00,0.00,0.00,0.00,0.00,0.00,0.00,0.00,0.00,0.00,0.00,0.00,0.00,0.00
20650,DL:0.1.0:AT.1.0.0,2022-3-4 2:2:37,34.50,0.00,0.00,17.766,0.762,-5.011,12.755,18.528,0.00,0.00,0.00,0.00,0.00,0.00,0.00,0.00,0.00,0.00,0.00,0.00,0.00,0.00,0.00,0.00,0.00
20650,DL:0.1.0:AT.1.0.0,2022-3-4 2:2:42,34.50,0.00,0.00,17.754,0.775,-5.000,12.754,18.529,0.00,0.00,0.00,0.00,0.00,0.00,0.00,0.00,0.00,0.00,0.00,0.00,0.00,0.00,0.00,0.00,0.00
20650,DL:0.1.0:AT.1.0.0,2022-3-4 2:2:47,34.50,0.00,0.00,17.754,0.775,-5.000,12.754,18.529,0.00,0.00,0.00,0.00,0.00,0.00,0.00,0.00,0.00,0.00,0.00,0.00,0.00,0.00,0.00,0.00,0.00
20650,DL:0.1.0:AT.1.0.0,2022-3-4 2:2:55,34.50,0.00,0.00,17.757,0.774,-5.004,12.753,18.530,0.00,0.00,0.00,0.00,0.00,0.00,0.00,0.00,0.00,0.00,0.00,0.00,0.00,0.00,0.00,0.00,0.00
20650,DL:0.1.0:AT.1.0.0,2022-3-4 2:3:0,34.50,0.00,0.00,17.755,0.775,-5.002,12.753,18.530,0.00,0.00,0.00,0.00,0.00,0.00,0.00,0.00,0.00,0.00,0.00,0.00,0.00,0.00,0.00,0.00,0.00
20650,DL:0.1.0:AT.1.0.0,2022-3-4 2:3:5,34.50,0.00,0.00,17.767,0.763,-5.016,12.752,18.530,0.00,0.00,0.00,0.00,0.00,0.00,0.00,0.00,0.00,0.00,0.00,0.00,0.00,0.00,0.00,0.00,0.00
20650,DL:0.1.0:AT.1.0.0,2022-3-4 2:3:12,34.50,0.00,0.00,17.748,0.782,-4.996,12.752,18.530,0.00,0.00,0.00,0.00,0.00,0.00,0.00,0.00,0.00,0.00,0.00,0.00,0.00,0.00,0.00,0.00,0.00
20650,DL:0.1.0:AT.1.0.0,2022-3-4 2:3:17,34.50,0.00,0.00,17.741,0.789,-4.989,12.752,18.530,0.00,0.00,0.00,0.00,0.00,0.00,0.00,0.00,0.00,0.00,0.00,0.00,0.00,0.00,0.00,0.00,0.00
20650,DL:0.1.0:AT.1.0.0,2022-3-4 2:3:22,34.50,0.00,0.00,17.766,0.764,-5.014,12.752,18.530,0.00,0.00,0.00,0.00,0.00,0.00,0.00,0.00,0.00,0.00,0.00,0.00,0.00,0.00,0.00,0.00,0.00
20650,DL:0.1.0:AT.1.0.0,2022-3-4 2:3:27,34.50,0.00,0.00,17.745,0.786,-4.994,12.751,18.530,0.00,0.00,0.00,0.00,0.00,0.00,0.00,0.00,0.00,0.00,0.00,0.00,0.00,0.00,0.00,0.00,0.00
20650,DL:0.1.0:AT.1.0.0,2022-3-4 2:3:33,34.50,0.00,0.00,17.759,0.773,-5.010,12.749,18.532,0.00,0.00,0.00,0.00,0.00,0.00,0.00,0.00,0.00,0.00,0.00,0.00,0.00,0.00,0.00,0.00,0.00
20650,DL:0.1.0:AT.1.0.0,2022-3-4 2:3:40,34.50,0.00,0.00,17.755,0.775,-5.006,12.749,18.530,0.00,0.00,0.00,0.00,0.00,0.00,0.00,0.00,0.00,0.00,0.00,0.00,0.00,0.00,0.00,0.00,0.00
20650,DL:0.1.0:AT.1.0.0,2022-3-4 2:3:46,34.50,0.00,0.00,17.740,0.791,-4.990,12.749,18.530,0.00,0.00,0.00,0.00,0.00,0.00,0.00,0.00,0.00,0.00,0.00,0.00,0.00,0.00,0.00,0.00,0.00
20650,DL:0.1.0:AT.1.0.0,2022-3-4 2:3:51,34.50,0.00,0.00,17.771,0.759,-5.022,12.749,18.530,0.00,0.00,0.00,0.00,0.00,0.00,0.00,0.00,0.00,0.00,0.00,0.00,0.00,0.00,0.00,0.00,0.00
20650,DL:0.1.0:AT.1.0.0,2022-3-4 2:3:56,34.50,0.00,0.00,17.781,0.750,-5.032,12.748,18.530,0.00,0.00,0.00,0.00,0.00,0.00,0.00,0.00,0.00,0.00,0.00,0.00,0.00,0.00,0.00,0.00,0.00
20650,DL:0.1.0:AT.1.0.0,2022-3-4 2:4:4,34.50,0.00,0.00,17.777,0.755,-5.029,12.748,18.532,0.00,0.00,0.00,0.00,0.00,0.00,0.00,0.00,0.00,0.00,0.00,0.00,0.00,0.00,0.00,0.00,0.00
20650,DL:0.1.0:AT.1.0.0,2022-3-4 2:4:10,34.50,0.00,0.00,17.758,0.774,-5.010,12.748,18.532,0.00,0.00,0.00,0.00,0.00,0.00,0.00,0.00,0.00,0.00,0.00,0.00,0.00,0.00,0.00,0.00,0.00
20650,DL:0.1.0:AT.1.0.0,2022-3-4 2:4:17,34.50,0.00,0.00,17.769,0.764,-5.022,12.747,18.533,0.00,0.00,0.00,0.00,0.00,0.00,0.00,0.00,0.00,0.00,0.00,0.00,0.00,0.00,0.00,0.00,0.00
20650,DL:0.1.0:AT.1.0.0,2022-3-4 2:4:24,34.50,0.00,0.00,17.737,0.794,-4.990,12.747,18.532,0.00,0.00,0.00,0.00,0.00,0.00,0.00,0.00,0.00,0.00,0.00,0.00,0.00,0.00,0.00,0.00,0.00
20650,DL:0.1.0:AT.1.0.0,2022-3-4 2:4:31,34.50,0.00,0.00,17.742,0.791,-4.996,12.746,18.533,0.00,0.00,0.00,0.00,0.00,0.00,0.00,0.00,0.00,0.00,0.00,0.00,0.00,0.00,0.00,0.00,0.00
20650,DL:0.1.0:AT.1.0.0,2022-3-4 2:4:38,34.50,0.00,0.00,17.713,0.820,-4.969,12.745,18.533,0.00,0.00,0.00,0.00,0.00,0.00,0.00,0.00,0.00,0.00,0.00,0.00,0.00,0.00,0.00,0.00,0.00
20650,DL:0.1.0:AT.1.0.0,2022-3-4 2:4:43,34.50,0.00,0.00,17.733,0.800,-4.987,12.746,18.533,0.00,0.00,0.00,0.00,0.00,0.00,0.00,0.00,0.00,0.00,0.00,0.00,0.00,0.00,0.00,0.00,0.00
20650,DL:0.1.0:AT.1.0.0,2022-3-4 2:4:48,34.50,0.00,0.00,17.757,0.777,-5.012,12.745,18.534,0.00,0.00,0.00,0.00,0.00,0.00,0.00,0.00,0.00,0.00,0.00,0.00,0.00,0.00,0.00,0.00,0.00
20650,DL:0.1.0:AT.1.0.0,2022-3-4 2:4:55,34.50,0.00,0.00,17.736,0.798,-4.992,12.745,18.534,0.00,0.00,0.00,0.00,0.00,0.00,0.00,0.00,0.00,0.00,0.00,0.00,0.00,0.00,0.00,0.00,0.00
20650,DL:0.1.0:AT.1.0.0,2022-3-4 2:5:2,34.50,0.00,0.00,17.739,0.795,-4.994,12.745,18.534,0.00,0.00,0.00,0.00,0.00,0.00,0.00,0.00,0.00,0.00,0.00,0.00,0.00,0.00,0.00,0.00,0.00
20650,DL:0.1.0:AT.1.0.0,2022-3-4 2:5:8,34.50,0.00,0.00,17.748,0.786,-5.005,12.743,18.534,0.00,0.00,0.00,0.00,0.00,0.00,0.00,0.00,0.00,0.00,0.00,0.00,0.00,0.00,0.00,0.00,0.00
20650,DL:0.1.0:AT.1.0.0,2022-3-4 2:5:13,34.50,0.00,0.00,17.712,0.822,-4.970,12.742,18.534,0.00,0.00,0.00,0.00,0.00,0.00,0.00,0.00,0.00,0.00,0.00,0.00,0.00,0.00,0.00,0.00,0.00
20650,DL:0.1.0:AT.1.0.0,2022-3-4 2:5:19,34.50,0.00,0.00,17.728,0.806,-4.986,12.742,18.534,0.00,0.00,0.00,0.00,0.00,0.00,0.00,0.00,0.00,0.00,0.00,0.00,0.00,0.00,0.00,0.00,0.00
20650,DL:0.1.0:AT.1.0.0,2022-3-4 2:5:24,34.50,0.00,0.00,17.739,0.795,-4.996,12.742,18.534,0.00,0.00,0.00,0.00,0.00,0.00,0.00,0.00,0.00,0.00,0.00,0.00,0.00,0.00,0.00,0.00,0.00
20650,DL:0.1.0:AT.1.0.0,2022-3-4 2:5:29,34.50,0.00,0.00,17.747,0.788,-5.005,12.742,18.535,0.00,0.00,0.00,0.00,0.00,0.00,0.00,0.00,0.00,0.00,0.00,0.00,0.00,0.00,0.00,0.00,0.00
20650,DL:0.1.0:AT.1.0.0,2022-3-4 2:5:37,34.50,0.00,0.00,17.735,0.800,-4.994,12.741,18.535,0.00,0.00,0.00,0.00,0.00,0.00,0.00,0.00,0.00,0.00,0.00,0.00,0.00,0.00,0.00,0.00,0.00
20650,DL:0.1.0:AT.1.0.0,2022-3-4 2:5:42,34.50,0.00,0.00,17.746,0.789,-5.005,12.741,18.535,0.00,0.00,0.00,0.00,0.00,0.00,0.00,0.00,0.00,0.00,0.00,0.00,0.00,0.00,0.00,0.00,0.00
20650,DL:0.1.0:AT.1.0.0,2022-3-4 2:5:50,34.50,0.00,0.00,17.741,0.794,-5.001,12.740,18.535,0.00,0.00,0.00,0.00,0.00,0.00,0.00,0.00,0.00,0.00,0.00,0.00,0.00,0.00,0.00,0.00,0.00
20650,DL:0.1.0:AT.1.0.0,2022-3-4 2:5:55,34.50,0.00,0.00,17.728,0.807,-4.987,12.741,18.535,0.00,0.00,0.00,0.00,0.00,0.00,0.00,0.00,0.00,0.00,0.00,0.00,0.00,0.00,0.00,0.00,0.00
20650,DL:0.1.0:AT.1.0.0,2022-3-4 2:6:0,34.50,0.00,0.00,17.747,0.788,-5.008,12.739,18.535,0.00,0.00,0.00,0.00,0.00,0.00,0.00,0.00,0.00,0.00,0.00,0.00,0.00,0.00,0.00,0.00,0.00
20650,DL:0.1.0:AT.1.0.0,2022-3-4 2:6:7,34.50,0.00,0.00,17.751,0.786,-5.012,12.739,18.536,0.00,0.00,0.00,0.00,0.00,0.00,0.00,0.00,0.00,0.00,0.00,0.00,0.00,0.00,0.00,0.00,0.00
20650,DL:0.1.0:AT.1.0.0,2022-3-4 2:6:14,34.50,0.00,0.00,17.749,0.787,-5.011,12.739,18.536,0.00,0.00,0.00,0.00,0.00,0.00,0.00,0.00,0.00,0.00,0.00,0.00,0.00,0.00,0.00,0.00,0.00
20650,DL:0.1.0:AT.1.0.0,2022-3-4 2:6:20,34.50,0.00,0.00,17.730,0.806,-4.990,12.740,18.536,0.00,0.00,0.00,0.00,0.00,0.00,0.00,0.00,0.00,0.00,0.00,0.00,0.00,0.00,0.00,0.00,0.00
20650,DL:0.1.0:AT.1.0.0,2022-3-4 2:6:27,34.50,0.00,0.00,17.737,0.799,-4.998,12.740,18.536,0.00,0.00,0.00,0.00,0.00,0.00,0.00,0.00,0.00,0.00,0.00,0.00,0.00,0.00,0.00,0.00,0.00
20650,DL:0.1.0:AT.1.0.0,2022-3-4 2:6:34,34.50,0.00,0.00,17.719,0.818,-4.981,12.739,18.538,0.00,0.00,0.00,0.00,0.00,0.00,0.00,0.00,0.00,0.00,0.00,0.00,0.00,0.00,0.00,0.00,0.00
20650,DL:0.1.0:AT.1.0.0,2022-3-4 2:6:41,34.50,0.00,0.00,17.729,0.807,-4.990,12.739,18.536,0.00,0.00,0.00,0.00,0.00,0.00,0.00,0.00,0.00,0.00,0.00,0.00,0.00,0.00,0.00,0.00,0.00
20650,DL:0.1.0:AT.1.0.0,2022-3-4 2:6:48,34.50,0.00,0.00,17.742,0.795,-5.004,12.739,18.538,0.00,0.00,0.00,0.00,0.00,0.00,0.00,0.00,0.00,0.00,0.00,0.00,0.00,0.00,0.00,0.00,0.00
20650,DL:0.1.0:AT.1.0.0,2022-3-4 2:6:55,34.50,0.00,0.00,17.748,0.791,-5.010,12.739,18.539,0.00,0.00,0.00,0.00,0.00,0.00,0.00,0.00,0.00,0.00,0.00,0.00,0.00,0.00,0.00,0.00,0.00
20650,DL:0.1.0:AT.1.0.0,2022-3-4 2:7:1,34.50,0.00,0.00,17.747,0.791,-5.010,12.737,18.538,0.00,0.00,0.00,0.00,0.00,0.00,0.00,0.00,0.00,0.00,0.00,0.00,0.00,0.00,0.00,0.00,0.00
20650,DL:0.1.0:AT.1.0.0,2022-3-4 2:7:9,34.50,0.00,0.00,17.740,0.799,-5.002,12.737,18.539,0.00,0.00,0.00,0.00,0.00,0.00,0.00,0.00,0.00,0.00,0.00,0.00,0.00,0.00,0.00,0.00,0.00
20650,DL:0.1.0:AT.1.0.0,2022-3-4 2:7:14,34.50,0.00,0.00,17.776,0.762,-5.040,12.736,18.538,0.00,0.00,0.00,0.00,0.00,0.00,0.00,0.00,0.00,0.00,0.00,0.00,0.00,0.00,0.00,0.00,0.00
20650,DL:0.1.0:AT.1.0.0,2022-3-4 2:7:19,34.50,0.00,0.00,17.764,0.775,-5.026,12.737,18.539,0.00,0.00,0.00,0.00,0.00,0.00,0.00,0.00,0.00,0.00,0.00,0.00,0.00,0.00,0.00,0.00,0.00
20650,DL:0.1.0:AT.1.0.0,2022-3-4 2:7:24,34.50,0.00,0.00,17.740,0.799,-5.004,12.736,18.539,0.00,0.00,0.00,0.00,0.00,0.00,0.00,0.00,0.00,0.00,0.00,0.00,0.00,0.00,0.00,0.00,0.00
20650,DL:0.1.0:AT.1.0.0,2022-3-4 2:7:29,34.50,0.00,0.00,17.773,0.767,-5.038,12.735,18.540,0.00,0.00,0.00,0.00,0.00,0.00,0.00,0.00,0.00,0.00,0.00,0.00,0.00,0.00,0.00,0.00,0.00
20650,DL:0.1.0:AT.1.0.0,2022-3-4 2:7:37,34.50,0.00,0.00,17.748,0.791,-5.012,12.736,18.539,0.00,0.00,0.00,0.00,0.00,0.00,0.00,0.00,0.00,0.00,0.00,0.00,0.00,0.00,0.00,0.00,0.00
20650,DL:0.1.0:AT.1.0.0,2022-3-4 2:7:42,34.50,0.00,0.00,17.765,0.775,-5.030,12.735,18.540,0.00,0.00,0.00,0.00,0.00,0.00,0.00,0.00,0.00,0.00,0.00,0.00,0.00,0.00,0.00,0.00,0.00
20650,DL:0.1.0:AT.1.0.0,2022-3-4 2:7:49,34.50,0.00,0.00,17.758,0.782,-5.023,12.735,18.540,0.00,0.00,0.00,0.00,0.00,0.00,0.00,0.00,0.00,0.00,0.00,0.00,0.00,0.00,0.00,0.00,0.00
20650,DL:0.1.0:AT.1.0.0,2022-3-4 2:7:54,34.50,0.00,0.00,17.772,0.768,-5.037,12.735,18.540,0.00,0.00,0.00,0.00,0.00,0.00,0.00,0.00,0.00,0.00,0.00,0.00,0.00,0.00,0.00,0.00,0.00
20650,DL:0.1.0:AT.1.0.0,2022-3-4 2:7:59,34.50,0.00,0.00,17.743,0.797,-5.008,12.735,18.540,0.00,0.00,0.00,0.00,0.00,0.00,0.00,0.00,0.00,0.00,0.00,0.00,0.00,0.00,0.00,0.00,0.00
20650,DL:0.1.0:AT.1.0.0,2022-3-4 2:8:7,34.50,0.00,0.00,17.765,0.775,-5.031,12.734,18.540,0.00,0.00,0.00,0.00,0.00,0.00,0.00,0.00,0.00,0.00,0.00,0.00,0.00,0.00,0.00,0.00,0.00
20650,DL:0.1.0:AT.1.0.0,2022-3-4 2:8:13,34.50,0.00,0.00,17.763,0.779,-5.029,12.734,18.541,0.00,0.00,0.00,0.00,0.00,0.00,0.00,0.00,0.00,0.00,0.00,0.00,0.00,0.00,0.00,0.00,0.00
20650,DL:0.1.0:AT.1.0.0,2022-3-4 2:8:20,34.50,0.00,0.00,17.764,0.777,-5.031,12.733,18.541,0.00,0.00,0.00,0.00,0.00,0.00,0.00,0.00,0.00,0.00,0.00,0.00,0.00,0.00,0.00,0.00,0.00
20650,DL:0.1.0:AT.1.0.0,2022-3-4 2:8:27,34.50,0.00,0.00,17.739,0.803,-5.006,12.733,18.541,0.00,0.00,0.00,0.00,0.00,0.00,0.00,0.00,0.00,0.00,0.00,0.00,0.00,0.00,0.00,0.00,0.00
20650,DL:0.1.0:AT.1.0.0,2022-3-4 2:8:34,34.50,0.00,0.00,17.757,0.785,-5.024,12.733,18.541,0.00,0.00,0.00,0.00,0.00,0.00,0.00,0.00,0.00,0.00,0.00,0.00,0.00,0.00,0.00,0.00,0.00
20650,DL:0.1.0:AT.1.0.0,2022-3-4 2:8:41,34.50,0.00,0.00,17.759,0.782,-5.026,12.733,18.541,0.00,0.00,0.00,0.00,0.00,0.00,0.00,0.00,0.00,0.00,0.00,0.00,0.00,0.00,0.00,0.00,0.00
20650,DL:0.1.0:AT.1.0.0,2022-3-4 2:8:47,34.50,0.00,0.00,17.758,0.783,-5.025,12.733,18.541,0.00,0.00,0.00,0.00,0.00,0.00,0.00,0.00,0.00,0.00,0.00,0.00,0.00,0.00,0.00,0.00,0.00
20650,DL:0.1.0:AT.1.0.0,2022-3-4 2:8:54,34.50,0.00,0.00,17.759,0.783,-5.028,12.731,18.542,0.00,0.00,0.00,0.00,0.00,0.00,0.00,0.00,0.00,0.00,0.00,0.00,0.00,0.00,0.00,0.00,0.00
20650,DL:0.1.0:AT.1.0.0,2022-3-4 2:9:1,34.50,0.00,0.00,17.772,0.769,-5.041,12.731,18.541,0.00,0.00,0.00,0.00,0.00,0.00,0.00,0.00,0.00,0.00,0.00,0.00,0.00,0.00,0.00,0.00,0.00
20650,DL:0.1.0:AT.1.0.0,2022-3-4 2:9:6,34.50,0.00,0.00,17.791,0.751,-5.061,12.730,18.542,0.00,0.00,0.00,0.00,0.00,0.00,0.00,0.00,0.00,0.00,0.00,0.00,0.00,0.00,0.00,0.00,0.00
20650,DL:0.1.0:AT.1.0.0,2022-3-4 2:9:11,34.50,0.00,0.00,17.767,0.775,-5.037,12.730,18.542,0.00,0.00,0.00,0.00,0.00,0.00,0.00,0.00,0.00,0.00,0.00,0.00,0.00,0.00,0.00,0.00,0.00
20650,DL:0.1.0:AT.1.0.0,2022-3-4 2:9:16,34.50,0.00,0.00,17.793,0.750,-5.062,12.730,18.542,0.00,0.00,0.00,0.00,0.00,0.00,0.00,0.00,0.00,0.00,0.00,0.00,0.00,0.00,0.00,0.00,0.00
20650,DL:0.1.0:AT.1.0.0,2022-3-4 2:9:22,34.50,0.00,0.00,17.777,0.765,-5.047,12.730,18.542,0.00,0.00,0.00,0.00,0.00,0.00,0.00,0.00,0.00,0.00,0.00,0.00,0.00,0.00,0.00,0.00,0.00
20650,DL:0.1.0:AT.1.0.0,2022-3-4 2:9:28,34.50,0.00,0.00,17.758,0.785,-5.028,12.730,18.542,0.00,0.00,0.00,0.00,0.00,0.00,0.00,0.00,0.00,0.00,0.00,0.00,0.00,0.00,0.00,0.00,0.00
20650,DL:0.1.0:AT.1.0.0,2022-3-4 2:9:35,34.50,0.00,0.00,17.760,0.785,-5.031,12.729,18.545,0.00,0.00,0.00,0.00,0.00,0.00,0.00,0.00,0.00,0.00,0.00,0.00,0.00,0.00,0.00,0.00,0.00
20650,DL:0.1.0:AT.1.0.0,2022-3-4 2:9:41,34.50,0.00,0.00,17.748,0.795,-5.019,12.729,18.544,0.00,0.00,0.00,0.00,0.00,0.00,0.00,0.00,0.00,0.00,0.00,0.00,0.00,0.00,0.00,0.00,0.00
20650,DL:0.1.0:AT.1.0.0,2022-3-4 2:9:46,34.50,0.00,0.00,17.775,0.769,-5.047,12.728,18.544,0.00,0.00,0.00,0.00,0.00,0.00,0.00,0.00,0.00,0.00,0.00,0.00,0.00,0.00,0.00,0.00,0.00
20650,DL:0.1.0:AT.1.0.0,2022-3-4 2:9:52,34.50,0.00,0.00,17.766,0.777,-5.038,12.728,18.544,0.00,0.00,0.00,0.00,0.00,0.00,0.00,0.00,0.00,0.00,0.00,0.00,0.00,0.00,0.00,0.00,0.00
20650,DL:0.1.0:AT.1.0.0,2022-3-4 2:9:59,34.50,0.00,0.00,17.788,0.757,-5.060,12.728,18.545,0.00,0.00,0.00,0.00,0.00,0.00,0.00,0.00,0.00,0.00,0.00,0.00,0.00,0.00,0.00,0.00,0.00
20650,DL:0.1.0:AT.1.0.0,2022-3-4 2:10:6,34.50,0.00,0.00,17.802,0.741,-5.075,12.728,18.544,0.00,0.00,0.00,0.00,0.00,0.00,0.00,0.00,0.00,0.00,0.00,0.00,0.00,0.00,0.00,0.00,0.00
20650,DL:0.1.0:AT.1.0.0,2022-3-4 2:10:13,34.50,0.00,0.00,17.769,0.776,-5.042,12.727,18.545,0.00,0.00,0.00,0.00,0.00,0.00,0.00,0.00,0.00,0.00,0.00,0.00,0.00,0.00,0.00,0.00,0.00
20650,DL:0.1.0:AT.1.0.0,2022-3-4 2:10:20,34.50,0.00,0.00,17.760,0.785,-5.034,12.727,18.545,0.00,0.00,0.00,0.00,0.00,0.00,0.00,0.00,0.00,0.00,0.00,0.00,0.00,0.00,0.00,0.00,0.00
20650,DL:0.1.0:AT.1.0.0,2022-3-4 2:10:25,34.50,0.00,0.00,17.748,0.797,-5.022,12.727,18.545,0.00,0.00,0.00,0.00,0.00,0.00,0.00,0.00,0.00,0.00,0.00,0.00,0.00,0.00,0.00,0.00,0.00
20650,DL:0.1.0:AT.1.0.0,2022-3-4 2:10:30,34.50,0.00,0.00,17.754,0.791,-5.029,12.725,18.545,0.00,0.00,0.00,0.00,0.00,0.00,0.00,0.00,0.00,0.00,0.00,0.00,0.00,0.00,0.00,0.00,0.00
20650,DL:0.1.0:AT.1.0.0,2022-3-4 2:10:35,34.50,0.00,0.00,17.767,0.779,-5.042,12.725,18.546,0.00,0.00,0.00,0.00,0.00,0.00,0.00,0.00,0.00,0.00,0.00,0.00,0.00,0.00,0.00,0.00,0.00
20650,DL:0.1.0:AT.1.0.0,2022-3-4 2:10:40,34.50,0.00,0.00,17.775,0.771,-5.049,12.725,18.546,0.00,0.00,0.00,0.00,0.00,0.00,0.00,0.00,0.00,0.00,0.00,0.00,0.00,0.00,0.00,0.00,0.00
20650,DL:0.1.0:AT.1.0.0,2022-3-4 2:10:45,34.50,0.00,0.00,17.776,0.769,-5.052,12.724,18.545,0.00,0.00,0.00,0.00,0.00,0.00,0.00,0.00,0.00,0.00,0.00,0.00,0.00,0.00,0.00,0.00,0.00
20650,DL:0.1.0:AT.1.0.0,2022-3-4 2:10:51,34.50,0.00,0.00,17.776,0.769,-5.052,12.724,18.545,0.00,0.00,0.00,0.00,0.00,0.00,0.00,0.00,0.00,0.00,0.00,0.00,0.00,0.00,0.00,0.00,0.00
20650,DL:0.1.0:AT.1.0.0,2022-3-4 2:10:56,34.50,0.00,0.00,17.769,0.777,-5.044,12.724,18.546,0.00,0.00,0.00,0.00,0.00,0.00,0.00,0.00,0.00,0.00,0.00,0.00,0.00,0.00,0.00,0.00,0.00
20650,DL:0.1.0:AT.1.0.0,2022-3-4 2:11:3,34.50,0.00,0.00,17.779,0.767,-5.055,12.724,18.546,0.00,0.00,0.00,0.00,0.00,0.00,0.00,0.00,0.00,0.00,0.00,0.00,0.00,0.00,0.00,0.00,0.00
20650,DL:0.1.0:AT.1.0.0,2022-3-4 2:11:8,34.50,0.00,0.00,17.781,0.765,-5.058,12.723,18.546,0.00,0.00,0.00,0.00,0.00,0.00,0.00,0.00,0.00,0.00,0.00,0.00,0.00,0.00,0.00,0.00,0.00
20650,DL:0.1.0:AT.1.0.0,2022-3-4 2:11:15,34.50,0.00,0.00,17.752,0.795,-5.029,12.723,18.547,0.00,0.00,0.00,0.00,0.00,0.00,0.00,0.00,0.00,0.00,0.00,0.00,0.00,0.00,0.00,0.00,0.00
20650,DL:0.1.0:AT.1.0.0,2022-3-4 2:11:22,34.50,0.00,0.00,17.765,0.782,-5.043,12.722,18.547,0.00,0.00,0.00,0.00,0.00,0.00,0.00,0.00,0.00,0.00,0.00,0.00,0.00,0.00,0.00,0.00,0.00
20650,DL:0.1.0:AT.1.0.0,2022-3-4 2:11:27,34.50,0.00,0.00,17.766,0.780,-5.044,12.722,18.546,0.00,0.00,0.00,0.00,0.00,0.00,0.00,0.00,0.00,0.00,0.00,0.00,0.00,0.00,0.00,0.00,0.00
20650,DL:0.1.0:AT.1.0.0,2022-3-4 2:11:32,34.50,0.00,0.00,17.767,0.780,-5.046,12.722,18.547,0.00,0.00,0.00,0.00,0.00,0.00,0.00,0.00,0.00,0.00,0.00,0.00,0.00,0.00,0.00,0.00,0.00
20650,DL:0.1.0:AT.1.0.0,2022-3-4 2:11:37,34.50,0.00,0.00,17.770,0.777,-5.049,12.720,18.547,0.00,0.00,0.00,0.00,0.00,0.00,0.00,0.00,0.00,0.00,0.00,0.00,0.00,0.00,0.00,0.00,0.00
20650,DL:0.1.0:AT.1.0.0,2022-3-4 2:11:46,34.50,0.00,0.00,17.777,0.770,-5.058,12.719,18.547,0.00,0.00,0.00,0.00,0.00,0.00,0.00,0.00,0.00,0.00,0.00,0.00,0.00,0.00,0.00,0.00,0.00
20650,DL:0.1.0:AT.1.0.0,2022-3-4 2:11:52,34.50,0.00,0.00,17.765,0.782,-5.046,12.719,18.547,0.00,0.00,0.00,0.00,0.00,0.00,0.00,0.00,0.00,0.00,0.00,0.00,0.00,0.00,0.00,0.00,0.00
20650,DL:0.1.0:AT.1.0.0,2022-3-4 2:11:57,34.50,0.00,0.00,17.765,0.782,-5.046,12.719,18.547,0.00,0.00,0.00,0.00,0.00,0.00,0.00,0.00,0.00,0.00,0.00,0.00,0.00,0.00,0.00,0.00,0.00
20650,DL:0.1.0:AT.1.0.0,2022-3-4 2:12:2,34.50,0.00,0.00,17.753,0.795,-5.034,12.719,18.548,0.00,0.00,0.00,0.00,0.00,0.00,0.00,0.00,0.00,0.00,0.00,0.00,0.00,0.00,0.00,0.00,0.00
20650,DL:0.1.0:AT.1.0.0,2022-3-4 2:12:8,34.50,0.00,0.00,17.763,0.786,-5.044,12.718,18.548,0.00,0.00,0.00,0.00,0.00,0.00,0.00,0.00,0.00,0.00,0.00,0.00,0.00,0.00,0.00,0.00,0.00
20650,DL:0.1.0:AT.1.0.0,2022-3-4 2:12:15,34.50,0.00,0.00,17.783,0.765,-5.065,12.718,18.548,0.00,0.00,0.00,0.00,0.00,0.00,0.00,0.00,0.00,0.00,0.00,0.00,0.00,0.00,0.00,0.00,0.00
20650,DL:0.1.0:AT.1.0.0,2022-3-4 2:12:23,34.25,0.00,0.00,17.806,0.743,-5.089,12.717,18.548,0.00,0.00,0.00,0.00,0.00,0.00,0.00,0.00,0.00,0.00,0.00,0.00,0.00,0.00,0.00,0.00,0.00
20650,DL:0.1.0:AT.1.0.0,2022-3-4 2:12:30,34.25,0.00,0.00,17.766,0.782,-5.050,12.716,18.548,0.00,0.00,0.00,0.00,0.00,0.00,0.00,0.00,0.00,0.00,0.00,0.00,0.00,0.00,0.00,0.00,0.00
20650,DL:0.1.0:AT.1.0.0,2022-3-4 2:12:36,34.25,0.00,0.00,17.754,0.794,-5.037,12.717,18.548,0.00,0.00,0.00,0.00,0.00,0.00,0.00,0.00,0.00,0.00,0.00,0.00,0.00,0.00,0.00,0.00,0.00
20650,DL:0.1.0:AT.1.0.0,2022-3-4 2:12:41,34.25,0.00,0.00,17.730,0.818,-5.014,12.716,18.548,0.00,0.00,0.00,0.00,0.00,0.00,0.00,0.00,0.00,0.00,0.00,0.00,0.00,0.00,0.00,0.00,0.00
20650,DL:0.1.0:AT.1.0.0,2022-3-4 2:12:48,34.25,0.00,0.00,17.767,0.781,-5.053,12.714,18.548,0.00,0.00,0.00,0.00,0.00,0.00,0.00,0.00,0.00,0.00,0.00,0.00,0.00,0.00,0.00,0.00,0.00
20650,DL:0.1.0:AT.1.0.0,2022-3-4 2:12:54,34.25,0.00,0.00,17.761,0.787,-5.046,12.716,18.548,0.00,0.00,0.00,0.00,0.00,0.00,0.00,0.00,0.00,0.00,0.00,0.00,0.00,0.00,0.00,0.00,0.00
20650,DL:0.1.0:AT.1.0.0,2022-3-4 2:12:59,34.25,0.00,0.00,17.760,0.788,-5.046,12.714,18.548,0.00,0.00,0.00,0.00,0.00,0.00,0.00,0.00,0.00,0.00,0.00,0.00,0.00,0.00,0.00,0.00,0.00
20650,DL:0.1.0:AT.1.0.0,2022-3-4 2:13:4,34.25,0.00,0.00,17.778,0.770,-5.065,12.713,18.548,0.00,0.00,0.00,0.00,0.00,0.00,0.00,0.00,0.00,0.00,0.00,0.00,0.00,0.00,0.00,0.00,0.00
20650,DL:0.1.0:AT.1.0.0,2022-3-4 2:13:9,34.25,0.00,0.00,17.765,0.785,-5.052,12.713,18.550,0.00,0.00,0.00,0.00,0.00,0.00,0.00,0.00,0.00,0.00,0.00,0.00,0.00,0.00,0.00,0.00,0.00
20650,DL:0.1.0:AT.1.0.0,2022-3-4 2:13:18,34.25,0.00,0.00,17.734,0.815,-5.020,12.713,18.548,0.00,0.00,0.00,0.00,0.00,0.00,0.00,0.00,0.00,0.00,0.00,0.00,0.00,0.00,0.00,0.00,0.00
20650,DL:0.1.0:AT.1.0.0,2022-3-4 2:13:23,34.25,0.00,0.00,17.764,0.785,-5.052,12.712,18.548,0.00,0.00,0.00,0.00,0.00,0.00,0.00,0.00,0.00,0.00,0.00,0.00,0.00,0.00,0.00,0.00,0.00
20650,DL:0.1.0:AT.1.0.0,2022-3-4 2:13:28,34.25,0.00,0.00,17.742,0.807,-5.031,12.711,18.550,0.00,0.00,0.00,0.00,0.00,0.00,0.00,0.00,0.00,0.00,0.00,0.00,0.00,0.00,0.00,0.00,0.00
20650,DL:0.1.0:AT.1.0.0,2022-3-4 2:13:35,34.25,0.00,0.00,17.737,0.812,-5.026,12.711,18.550,0.00,0.00,0.00,0.00,0.00,0.00,0.00,0.00,0.00,0.00,0.00,0.00,0.00,0.00,0.00,0.00,0.00
20650,DL:0.1.0:AT.1.0.0,2022-3-4 2:13:42,34.25,0.00,0.00,17.757,0.793,-5.046,12.711,18.550,0.00,0.00,0.00,0.00,0.00,0.00,0.00,0.00,0.00,0.00,0.00,0.00,0.00,0.00,0.00,0.00,0.00
20650,DL:0.1.0:AT.1.0.0,2022-3-4 2:13:50,34.25,0.00,0.00,17.758,0.793,-5.047,12.711,18.551,0.00,0.00,0.00,0.00,0.00,0.00,0.00,0.00,0.00,0.00,0.00,0.00,0.00,0.00,0.00,0.00,0.00
20650,DL:0.1.0:AT.1.0.0,2022-3-4 2:13:55,34.25,0.00,0.00,17.763,0.788,-5.053,12.710,18.551,0.00,0.00,0.00,0.00,0.00,0.00,0.00,0.00,0.00,0.00,0.00,0.00,0.00,0.00,0.00,0.00,0.00
20650,DL:0.1.0:AT.1.0.0,2022-3-4 2:14:2,34.25,0.00,0.00,17.771,0.780,-5.061,12.710,18.551,0.00,0.00,0.00,0.00,0.00,0.00,0.00,0.00,0.00,0.00,0.00,0.00,0.00,0.00,0.00,0.00,0.00
20650,DL:0.1.0:AT.1.0.0,2022-3-4 2:14:9,34.25,0.00,0.00,17.787,0.764,-5.078,12.708,18.551,0.00,0.00,0.00,0.00,0.00,0.00,0.00,0.00,0.00,0.00,0.00,0.00,0.00,0.00,0.00,0.00,0.00
20650,DL:0.1.0:AT.1.0.0,2022-3-4 2:14:14,34.25,0.00,0.00,17.775,0.776,-5.066,12.708,18.551,0.00,0.00,0.00,0.00,0.00,0.00,0.00,0.00,0.00,0.00,0.00,0.00,0.00,0.00,0.00,0.00,0.00
20650,DL:0.1.0:AT.1.0.0,2022-3-4 2:15:7,34.25,0.00,0.00,17.737,0.816,-5.034,12.704,18.553,0.00,0.00,0.00,0.00,0.00,0.00,0.00,0.00,0.00,0.00,0.00,0.00,0.00,0.00,0.00,0.00,0.00
20650,DL:0.1.0:AT.1.0.0,2022-3-4 2:16:1,34.25,0.00,0.00,17.781,0.774,-5.081,12.700,18.554,0.00,0.00,0.00,0.00,0.00,0.00,0.00,0.00,0.00,0.00,0.00,0.00,0.00,0.00,0.00,0.00,0.00
20650,DL:0.1.0:AT.1.0.0,2022-3-4 2:16:6,34.25,0.00,0.00,17.787,0.768,-5.085,12.701,18.554,0.00,0.00,0.00,0.00,0.00,0.00,0.00,0.00,0.00,0.00,0.00,0.00,0.00,0.00,0.00,0.00,0.00
20650,DL:0.1.0:AT.1.0.0,2022-3-4 2:16:12,34.25,0.00,0.00,17.737,0.817,-5.037,12.700,18.554,0.00,0.00,0.00,0.00,0.00,0.00,0.00,0.00,0.00,0.00,0.00,0.00,0.00,0.00,0.00,0.00,0.00
20650,DL:0.1.0:AT.1.0.0,2022-3-4 2:16:19,34.25,0.00,0.00,17.770,0.785,-5.070,12.700,18.554,0.00,0.00,0.00,0.00,0.00,0.00,0.00,0.00,0.00,0.00,0.00,0.00,0.00,0.00,0.00,0.00,0.00
20650,DL:0.1.0:AT.1.0.0,2022-3-4 2:16:25,34.25,0.00,0.00,17.749,0.805,-5.050,12.699,18.554,0.00,0.00,0.00,0.00,0.00,0.00,0.00,0.00,0.00,0.00,0.00,0.00,0.00,0.00,0.00,0.00,0.00
20650,DL:0.1.0:AT.1.0.0,2022-3-4 2:16:30,34.25,0.00,0.00,17.771,0.785,-5.072,12.699,18.556,0.00,0.00,0.00,0.00,0.00,0.00,0.00,0.00,0.00,0.00,0.00,0.00,0.00,0.00,0.00,0.00,0.00
20650,DL:0.1.0:AT.1.0.0,2022-3-4 2:16:36,34.50,0.00,0.00,17.779,0.776,-5.081,12.699,18.556,0.00,0.00,0.00,0.00,0.00,0.00,0.00,0.00,0.00,0.00,0.00,0.00,0.00,0.00,0.00,0.00,0.00
20650,DL:0.1.0:AT.1.0.0,2022-3-4 2:16:43,34.50,0.00,0.00,17.771,0.785,-5.073,12.698,18.556,0.00,0.00,0.00,0.00,0.00,0.00,0.00,0.00,0.00,0.00,0.00,0.00,0.00,0.00,0.00,0.00,0.00
20650,DL:0.1.0:AT.1.0.0,2022-3-4 2:16:48,34.50,0.00,0.00,17.777,0.779,-5.081,12.696,18.556,0.00,0.00,0.00,0.00,0.00,0.00,0.00,0.00,0.00,0.00,0.00,0.00,0.00,0.00,0.00,0.00,0.00
20650,DL:0.1.0:AT.1.0.0,2022-3-4 2:16:54,34.50,0.00,0.00,17.746,0.811,-5.049,12.696,18.557,0.00,0.00,0.00,0.00,0.00,0.00,0.00,0.00,0.00,0.00,0.00,0.00,0.00,0.00,0.00,0.00,0.00
20650,DL:0.1.0:AT.1.0.0,2022-3-4 2:16:59,34.50,0.00,0.00,17.787,0.770,-5.089,12.698,18.557,0.00,0.00,0.00,0.00,0.00,0.00,0.00,0.00,0.00,0.00,0.00,0.00,0.00,0.00,0.00,0.00,0.00
20650,DL:0.1.0:AT.1.0.0,2022-3-4 2:17:4,34.50,0.00,0.00,17.758,0.798,-5.061,12.696,18.556,0.00,0.00,0.00,0.00,0.00,0.00,0.00,0.00,0.00,0.00,0.00,0.00,0.00,0.00,0.00,0.00,0.00
20650,DL:0.1.0:AT.1.0.0,2022-3-4 2:17:9,34.50,0.00,0.00,17.771,0.785,-5.075,12.696,18.556,0.00,0.00,0.00,0.00,0.00,0.00,0.00,0.00,0.00,0.00,0.00,0.00,0.00,0.00,0.00,0.00,0.00
20650,DL:0.1.0:AT.1.0.0,2022-3-4 2:17:14,34.50,0.00,0.00,17.781,0.775,-5.085,12.695,18.556,0.00,0.00,0.00,0.00,0.00,0.00,0.00,0.00,0.00,0.00,0.00,0.00,0.00,0.00,0.00,0.00,0.00
20650,DL:0.1.0:AT.1.0.0,2022-3-4 2:17:21,34.50,0.00,0.00,17.776,0.782,-5.081,12.695,18.558,0.00,0.00,0.00,0.00,0.00,0.00,0.00,0.00,0.00,0.00,0.00,0.00,0.00,0.00,0.00,0.00,0.00
20650,DL:0.1.0:AT.1.0.0,2022-3-4 2:17:28,34.50,0.00,0.00,17.765,0.792,-5.071,12.694,18.557,0.00,0.00,0.00,0.00,0.00,0.00,0.00,0.00,0.00,0.00,0.00,0.00,0.00,0.00,0.00,0.00,0.00
20650,DL:0.1.0:AT.1.0.0,2022-3-4 2:17:39,34.50,0.00,0.00,17.790,0.768,-5.097,12.693,18.558,0.00,0.00,0.00,0.00,0.00,0.00,0.00,0.00,0.00,0.00,0.00,0.00,0.00,0.00,0.00,0.00,0.00
20650,DL:0.1.0:AT.1.0.0,2022-3-4 2:17:45,34.50,0.00,0.00,17.755,0.803,-5.062,12.693,18.558,0.00,0.00,0.00,0.00,0.00,0.00,0.00,0.00,0.00,0.00,0.00,0.00,0.00,0.00,0.00,0.00,0.00
20650,DL:0.1.0:AT.1.0.0,2022-3-4 2:17:51,34.50,0.00,0.00,17.775,0.783,-5.082,12.693,18.558,0.00,0.00,0.00,0.00,0.00,0.00,0.00,0.00,0.00,0.00,0.00,0.00,0.00,0.00,0.00,0.00,0.00
20650,DL:0.1.0:AT.1.0.0,2022-3-4 2:17:56,34.50,0.00,0.00,17.785,0.774,-5.093,12.693,18.559,0.00,0.00,0.00,0.00,0.00,0.00,0.00,0.00,0.00,0.00,0.00,0.00,0.00,0.00,0.00,0.00,0.00
20650,DL:0.1.0:AT.1.0.0,2022-3-4 2:18:2,34.50,0.00,0.00,17.803,0.755,-5.112,12.692,18.558,0.00,0.00,0.00,0.00,0.00,0.00,0.00,0.00,0.00,0.00,0.00,0.00,0.00,0.00,0.00,0.00,0.00
20650,DL:0.1.0:AT.1.0.0,2022-3-4 2:18:7,34.50,0.00,0.00,17.759,0.799,-5.067,12.692,18.558,0.00,0.00,0.00,0.00,0.00,0.00,0.00,0.00,0.00,0.00,0.00,0.00,0.00,0.00,0.00,0.00,0.00
20650,DL:0.1.0:AT.1.0.0,2022-3-4 2:18:12,34.50,0.00,0.00,17.751,0.809,-5.055,12.695,18.559,0.00,0.00,0.00,0.00,0.00,0.00,0.00,0.00,0.00,0.00,0.00,0.00,0.00,0.00,0.00,0.00,0.00
20650,DL:0.1.0:AT.1.0.0,2022-3-4 2:18:19,34.50,0.00,0.00,17.753,0.806,-5.055,12.698,18.559,0.00,0.00,0.00,0.00,0.00,0.00,0.00,0.00,0.00,0.00,0.00,0.00,0.00,0.00,0.00,0.00,0.00
20650,DL:0.1.0:AT.1.0.0,2022-3-4 2:18:24,34.50,0.00,0.00,17.765,0.794,-5.065,12.700,18.559,0.00,0.00,0.00,0.00,0.00,0.00,0.00,0.00,0.00,0.00,0.00,0.00,0.00,0.00,0.00,0.00,0.00
20650,DL:0.1.0:AT.1.0.0,2022-3-4 2:18:30,34.50,0.00,0.00,17.782,0.777,-5.081,12.701,18.559,0.00,0.00,0.00,0.00,0.00,0.00,0.00,0.00,0.00,0.00,0.00,0.00,0.00,0.00,0.00,0.00,0.00
20650,DL:0.1.0:AT.1.0.0,2022-3-4 2:18:35,34.50,0.00,0.00,17.748,0.811,-5.047,12.701,18.559,0.00,0.00,0.00,0.00,0.00,0.00,0.00,0.00,0.00,0.00,0.00,0.00,0.00,0.00,0.00,0.00,0.00
20650,DL:0.1.0:AT.1.0.0,2022-3-4 2:18:40,34.50,0.00,0.00,17.758,0.803,-5.055,12.702,18.560,0.00,0.00,0.00,0.00,0.00,0.00,0.00,0.00,0.00,0.00,0.00,0.00,0.00,0.00,0.00,0.00,0.00
20650,DL:0.1.0:AT.1.0.0,2022-3-4 2:18:47,34.50,0.00,0.00,17.755,0.805,-5.053,12.702,18.560,0.00,0.00,0.00,0.00,0.00,0.00,0.00,0.00,0.00,0.00,0.00,0.00,0.00,0.00,0.00,0.00,0.00
20650,DL:0.1.0:AT.1.0.0,2022-3-4 2:18:53,34.50,0.00,0.00,17.782,0.779,-5.081,12.701,18.560,0.00,0.00,0.00,0.00,0.00,0.00,0.00,0.00,0.00,0.00,0.00,0.00,0.00,0.00,0.00,0.00,0.00
20650,DL:0.1.0:AT.1.0.0,2022-3-4 2:18:58,34.50,0.00,0.00,17.796,0.765,-5.096,12.700,18.562,0.00,0.00,0.00,0.00,0.00,0.00,0.00,0.00,0.00,0.00,0.00,0.00,0.00,0.00,0.00,0.00,0.00
20650,DL:0.1.0:AT.1.0.0,2022-3-4 2:19:3,34.50,0.00,0.00,17.759,0.803,-5.059,12.700,18.562,0.00,0.00,0.00,0.00,0.00,0.00,0.00,0.00,0.00,0.00,0.00,0.00,0.00,0.00,0.00,0.00,0.00
20650,DL:0.1.0:AT.1.0.0,2022-3-4 2:19:8,34.50,0.00,0.00,17.787,0.776,-5.087,12.700,18.563,0.00,0.00,0.00,0.00,0.00,0.00,0.00,0.00,0.00,0.00,0.00,0.00,0.00,0.00,0.00,0.00,0.00
20650,DL:0.1.0:AT.1.0.0,2022-3-4 2:19:14,34.50,0.00,0.00,17.788,0.774,-5.089,12.699,18.562,0.00,0.00,0.00,0.00,0.00,0.00,0.00,0.00,0.00,0.00,0.00,0.00,0.00,0.00,0.00,0.00,0.00
20650,DL:0.1.0:AT.1.0.0,2022-3-4 2:19:21,34.50,0.00,0.00,17.777,0.785,-5.079,12.698,18.562,0.00,0.00,0.00,0.00,0.00,0.00,0.00,0.00,0.00,0.00,0.00,0.00,0.00,0.00,0.00,0.00,0.00
20650,DL:0.1.0:AT.1.0.0,2022-3-4 2:19:26,34.50,0.00,0.00,17.782,0.780,-5.084,12.698,18.562,0.00,0.00,0.00,0.00,0.00,0.00,0.00,0.00,0.00,0.00,0.00,0.00,0.00,0.00,0.00,0.00,0.00
20650,DL:0.1.0:AT.1.0.0,2022-3-4 2:19:31,34.50,0.00,0.00,17.782,0.781,-5.084,12.698,18.563,0.00,0.00,0.00,0.00,0.00,0.00,0.00,0.00,0.00,0.00,0.00,0.00,0.00,0.00,0.00,0.00,0.00
20650,DL:0.1.0:AT.1.0.0,2022-3-4 2:19:39,34.50,0.00,0.00,17.770,0.792,-5.073,12.696,18.562,0.00,0.00,0.00,0.00,0.00,0.00,0.00,0.00,0.00,0.00,0.00,0.00,0.00,0.00,0.00,0.00,0.00
20650,DL:0.1.0:AT.1.0.0,2022-3-4 2:19:45,34.50,0.00,0.00,17.761,0.800,-5.066,12.695,18.562,0.00,0.00,0.00,0.00,0.00,0.00,0.00,0.00,0.00,0.00,0.00,0.00,0.00,0.00,0.00,0.00,0.00
20650,DL:0.1.0:AT.1.0.0,2022-3-4 2:19:52,34.50,0.00,0.00,17.739,0.824,-5.043,12.695,18.563,0.00,0.00,0.00,0.00,0.00,0.00,0.00,0.00,0.00,0.00,0.00,0.00,0.00,0.00,0.00,0.00,0.00
20650,DL:0.1.0:AT.1.0.0,2022-3-4 2:19:58,34.50,0.00,0.00,17.759,0.804,-5.064,12.695,18.563,0.00,0.00,0.00,0.00,0.00,0.00,0.00,0.00,0.00,0.00,0.00,0.00,0.00,0.00,0.00,0.00,0.00
20650,DL:0.1.0:AT.1.0.0,2022-3-4 2:20:9,34.50,0.00,0.00,17.753,0.810,-5.059,12.694,18.563,0.00,0.00,0.00,0.00,0.00,0.00,0.00,0.00,0.00,0.00,0.00,0.00,0.00,0.00,0.00,0.00,0.00
20650,DL:0.1.0:AT.1.0.0,2022-3-4 2:20:15,34.50,0.00,0.00,17.740,0.823,-5.046,12.694,18.563,0.00,0.00,0.00,0.00,0.00,0.00,0.00,0.00,0.00,0.00,0.00,0.00,0.00,0.00,0.00,0.00,0.00
20650,DL:0.1.0:AT.1.0.0,2022-3-4 2:20:20,34.50,0.00,0.00,17.754,0.809,-5.061,12.693,18.563,0.00,0.00,0.00,0.00,0.00,0.00,0.00,0.00,0.00,0.00,0.00,0.00,0.00,0.00,0.00,0.00,0.00
20650,DL:0.1.0:AT.1.0.0,2022-3-4 2:20:26,34.50,0.00,0.00,17.749,0.814,-5.056,12.693,18.563,0.00,0.00,0.00,0.00,0.00,0.00,0.00,0.00,0.00,0.00,0.00,0.00,0.00,0.00,0.00,0.00,0.00
20650,DL:0.1.0:AT.1.0.0,2022-3-4 2:20:32,34.50,0.00,0.00,17.757,0.806,-5.064,12.693,18.563,0.00,0.00,0.00,0.00,0.00,0.00,0.00,0.00,0.00,0.00,0.00,0.00,0.00,0.00,0.00,0.00,0.00
20650,DL:0.1.0:AT.1.0.0,2022-3-4 2:20:37,34.50,0.00,0.00,17.767,0.795,-5.075,12.693,18.563,0.00,0.00,0.00,0.00,0.00,0.00,0.00,0.00,0.00,0.00,0.00,0.00,0.00,0.00,0.00,0.00,0.00
20650,DL:0.1.0:AT.1.0.0,2022-3-4 2:20:43,34.50,0.00,0.00,17.772,0.791,-5.081,12.692,18.563,0.00,0.00,0.00,0.00,0.00,0.00,0.00,0.00,0.00,0.00,0.00,0.00,0.00,0.00,0.00,0.00,0.00
20650,DL:0.1.0:AT.1.0.0,2022-3-4 2:20:48,34.50,0.00,0.00,17.776,0.788,-5.085,12.690,18.564,0.00,0.00,0.00,0.00,0.00,0.00,0.00,0.00,0.00,0.00,0.00,0.00,0.00,0.00,0.00,0.00,0.00
20650,DL:0.1.0:AT.1.0.0,2022-3-4 2:20:53,34.50,0.00,0.00,17.773,0.791,-5.082,12.692,18.564,0.00,0.00,0.00,0.00,0.00,0.00,0.00,0.00,0.00,0.00,0.00,0.00,0.00,0.00,0.00,0.00,0.00
20650,DL:0.1.0:AT.1.0.0,2022-3-4 2:21:0,34.50,0.00,0.00,17.801,0.763,-5.111,12.690,18.564,0.00,0.00,0.00,0.00,0.00,0.00,0.00,0.00,0.00,0.00,0.00,0.00,0.00,0.00,0.00,0.00,0.00
20650,DL:0.1.0:AT.1.0.0,2022-3-4 2:21:7,34.50,0.00,0.00,17.803,0.761,-5.114,12.689,18.564,0.00,0.00,0.00,0.00,0.00,0.00,0.00,0.00,0.00,0.00,0.00,0.00,0.00,0.00,0.00,0.00,0.00
20650,DL:0.1.0:AT.1.0.0,2022-3-4 2:21:14,34.50,0.00,0.00,17.779,0.785,-5.089,12.690,18.564,0.00,0.00,0.00,0.00,0.00,0.00,0.00,0.00,0.00,0.00,0.00,0.00,0.00,0.00,0.00,0.00,0.00
20650,DL:0.1.0:AT.1.0.0,2022-3-4 2:21:20,34.50,0.00,0.00,17.794,0.771,-5.105,12.689,18.565,0.00,0.00,0.00,0.00,0.00,0.00,0.00,0.00,0.00,0.00,0.00,0.00,0.00,0.00,0.00,0.00,0.00
20650,DL:0.1.0:AT.1.0.0,2022-3-4 2:21:27,34.50,0.00,0.00,17.779,0.786,-5.091,12.688,18.565,0.00,0.00,0.00,0.00,0.00,0.00,0.00,0.00,0.00,0.00,0.00,0.00,0.00,0.00,0.00,0.00,0.00
20650,DL:0.1.0:AT.1.0.0,2022-3-4 2:21:34,34.50,0.00,0.00,17.777,0.789,-5.089,12.688,18.566,0.00,0.00,0.00,0.00,0.00,0.00,0.00,0.00,0.00,0.00,0.00,0.00,0.00,0.00,0.00,0.00,0.00
20650,DL:0.1.0:AT.1.0.0,2022-3-4 2:21:39,34.50,0.00,0.00,17.769,0.798,-5.081,12.688,18.566,0.00,0.00,0.00,0.00,0.00,0.00,0.00,0.00,0.00,0.00,0.00,0.00,0.00,0.00,0.00,0.00,0.00
20650,DL:0.1.0:AT.1.0.0,2022-3-4 2:21:45,34.50,0.00,0.00,17.795,0.770,-5.107,12.688,18.565,0.00,0.00,0.00,0.00,0.00,0.00,0.00,0.00,0.00,0.00,0.00,0.00,0.00,0.00,0.00,0.00,0.00
20650,DL:0.1.0:AT.1.0.0,2022-3-4 2:21:51,34.50,0.00,0.00,17.796,0.770,-5.109,12.687,18.566,0.00,0.00,0.00,0.00,0.00,0.00,0.00,0.00,0.00,0.00,0.00,0.00,0.00,0.00,0.00,0.00,0.00
20650,DL:0.1.0:AT.1.0.0,2022-3-4 2:21:56,34.50,0.00,0.00,17.770,0.797,-5.084,12.686,18.566,0.00,0.00,0.00,0.00,0.00,0.00,0.00,0.00,0.00,0.00,0.00,0.00,0.00,0.00,0.00,0.00,0.00
20650,DL:0.1.0:AT.1.0.0,2022-3-4 2:22:1,34.50,0.00,0.00,17.801,0.765,-5.114,12.687,18.566,0.00,0.00,0.00,0.00,0.00,0.00,0.00,0.00,0.00,0.00,0.00,0.00,0.00,0.00,0.00,0.00,0.00
20650,DL:0.1.0:AT.1.0.0,2022-3-4 2:22:7,34.50,0.00,0.00,17.784,0.782,-5.099,12.686,18.566,0.00,0.00,0.00,0.00,0.00,0.00,0.00,0.00,0.00,0.00,0.00,0.00,0.00,0.00,0.00,0.00,0.00
20650,DL:0.1.0:AT.1.0.0,2022-3-4 2:22:12,34.50,0.00,0.00,17.781,0.787,-5.094,12.687,18.568,0.00,0.00,0.00,0.00,0.00,0.00,0.00,0.00,0.00,0.00,0.00,0.00,0.00,0.00,0.00,0.00,0.00
20650,DL:0.1.0:AT.1.0.0,2022-3-4 2:22:19,34.50,0.00,0.00,17.784,0.783,-5.099,12.686,18.568,0.00,0.00,0.00,0.00,0.00,0.00,0.00,0.00,0.00,0.00,0.00,0.00,0.00,0.00,0.00,0.00,0.00
20650,DL:0.1.0:AT.1.0.0,2022-3-4 2:22:26,34.50,0.00,0.00,17.803,0.764,-5.119,12.684,18.568,0.00,0.00,0.00,0.00,0.00,0.00,0.00,0.00,0.00,0.00,0.00,0.00,0.00,0.00,0.00,0.00,0.00
20650,DL:0.1.0:AT.1.0.0,2022-3-4 2:22:31,34.50,0.00,0.00,17.767,0.801,-5.083,12.684,18.569,0.00,0.00,0.00,0.00,0.00,0.00,0.00,0.00,0.00,0.00,0.00,0.00,0.00,0.00,0.00,0.00,0.00
20650,DL:0.1.0:AT.1.0.0,2022-3-4 2:22:36,34.50,0.00,0.00,17.773,0.795,-5.090,12.683,18.569,0.00,0.00,0.00,0.00,0.00,0.00,0.00,0.00,0.00,0.00,0.00,0.00,0.00,0.00,0.00,0.00,0.00
20650,DL:0.1.0:AT.1.0.0,2022-3-4 2:22:42,34.50,0.00,0.00,17.767,0.804,-5.084,12.683,18.571,0.00,0.00,0.00,0.00,0.00,0.00,0.00,0.00,0.00,0.00,0.00,0.00,0.00,0.00,0.00,0.00,0.00
20650,DL:0.1.0:AT.1.0.0,2022-3-4 2:22:49,34.50,0.00,0.00,17.805,0.765,-5.123,12.682,18.570,0.00,0.00,0.00,0.00,0.00,0.00,0.00,0.00,0.00,0.00,0.00,0.00,0.00,0.00,0.00,0.00,0.00
20650,DL:0.1.0:AT.1.0.0,2022-3-4 2:22:56,34.50,0.00,0.00,17.777,0.793,-5.094,12.683,18.570,0.00,0.00,0.00,0.00,0.00,0.00,0.00,0.00,0.00,0.00,0.00,0.00,0.00,0.00,0.00,0.00,0.00
20650,DL:0.1.0:AT.1.0.0,2022-3-4 2:23:1,34.50,0.00,0.00,17.777,0.793,-5.095,12.682,18.570,0.00,0.00,0.00,0.00,0.00,0.00,0.00,0.00,0.00,0.00,0.00,0.00,0.00,0.00,0.00,0.00,0.00
20650,DL:0.1.0:AT.1.0.0,2022-3-4 2:23:7,34.50,0.00,0.00,17.781,0.789,-5.099,12.682,18.570,0.00,0.00,0.00,0.00,0.00,0.00,0.00,0.00,0.00,0.00,0.00,0.00,0.00,0.00,0.00,0.00,0.00
20650,DL:0.1.0:AT.1.0.0,2022-3-4 2:23:13,34.50,0.00,0.00,17.778,0.792,-5.097,12.681,18.570,0.00,0.00,0.00,0.00,0.00,0.00,0.00,0.00,0.00,0.00,0.00,0.00,0.00,0.00,0.00,0.00,0.00
20650,DL:0.1.0:AT.1.0.0,2022-3-4 2:23:20,34.50,0.00,0.00,17.766,0.804,-5.085,12.681,18.570,0.00,0.00,0.00,0.00,0.00,0.00,0.00,0.00,0.00,0.00,0.00,0.00,0.00,0.00,0.00,0.00,0.00
20650,DL:0.1.0:AT.1.0.0,2022-3-4 2:23:26,34.50,0.00,0.00,17.777,0.793,-5.096,12.681,18.570,0.00,0.00,0.00,0.00,0.00,0.00,0.00,0.00,0.00,0.00,0.00,0.00,0.00,0.00,0.00,0.00,0.00
20650,DL:0.1.0:AT.1.0.0,2022-3-4 2:23:33,34.50,0.00,0.00,17.795,0.775,-5.115,12.680,18.570,0.00,0.00,0.00,0.00,0.00,0.00,0.00,0.00,0.00,0.00,0.00,0.00,0.00,0.00,0.00,0.00,0.00
20650,DL:0.1.0:AT.1.0.0,2022-3-4 2:23:39,34.50,0.00,0.00,17.769,0.801,-5.089,12.680,18.570,0.00,0.00,0.00,0.00,0.00,0.00,0.00,0.00,0.00,0.00,0.00,0.00,0.00,0.00,0.00,0.00,0.00
20650,DL:0.1.0:AT.1.0.0,2022-3-4 2:23:47,34.50,0.00,0.00,17.778,0.793,-5.100,12.678,18.571,0.00,0.00,0.00,0.00,0.00,0.00,0.00,0.00,0.00,0.00,0.00,0.00,0.00,0.00,0.00,0.00,0.00
20650,DL:0.1.0:AT.1.0.0,2022-3-4 2:23:52,34.50,0.00,0.00,17.795,0.777,-5.117,12.678,18.572,0.00,0.00,0.00,0.00,0.00,0.00,0.00,0.00,0.00,0.00,0.00,0.00,0.00,0.00,0.00,0.00,0.00
20650,DL:0.1.0:AT.1.0.0,2022-3-4 2:23:57,34.50,0.00,0.00,17.782,0.789,-5.105,12.677,18.571,0.00,0.00,0.00,0.00,0.00,0.00,0.00,0.00,0.00,0.00,0.00,0.00,0.00,0.00,0.00,0.00,0.00
20650,DL:0.1.0:AT.1.0.0,2022-3-4 2:24:5,34.25,0.00,0.00,17.773,0.798,-5.096,12.677,18.571,0.00,0.00,0.00,0.00,0.00,0.00,0.00,0.00,0.00,0.00,0.00,0.00,0.00,0.00,0.00,0.00,0.00
20650,DL:0.1.0:AT.1.0.0,2022-3-4 2:24:10,34.25,0.00,0.00,17.736,0.836,-5.060,12.676,18.572,0.00,0.00,0.00,0.00,0.00,0.00,0.00,0.00,0.00,0.00,0.00,0.00,0.00,0.00,0.00,0.00,0.00
20650,DL:0.1.0:AT.1.0.0,2022-3-4 2:24:15,34.25,0.00,0.00,17.758,0.814,-5.082,12.676,18.571,0.00,0.00,0.00,0.00,0.00,0.00,0.00,0.00,0.00,0.00,0.00,0.00,0.00,0.00,0.00,0.00,0.00
20650,DL:0.1.0:AT.1.0.0,2022-3-4 2:24:22,34.25,0.00,0.00,17.770,0.803,-5.094,12.676,18.572,0.00,0.00,0.00,0.00,0.00,0.00,0.00,0.00,0.00,0.00,0.00,0.00,0.00,0.00,0.00,0.00,0.00
20650,DL:0.1.0:AT.1.0.0,2022-3-4 2:24:27,34.25,0.00,0.00,17.761,0.811,-5.085,12.676,18.572,0.00,0.00,0.00,0.00,0.00,0.00,0.00,0.00,0.00,0.00,0.00,0.00,0.00,0.00,0.00,0.00,0.00
20650,DL:0.1.0:AT.1.0.0,2022-3-4 2:24:32,34.25,0.00,0.00,17.755,0.817,-5.081,12.675,18.572,0.00,0.00,0.00,0.00,0.00,0.00,0.00,0.00,0.00,0.00,0.00,0.00,0.00,0.00,0.00,0.00,0.00
20650,DL:0.1.0:AT.1.0.0,2022-3-4 2:24:37,34.25,0.00,0.00,17.755,0.818,-5.081,12.675,18.574,0.00,0.00,0.00,0.00,0.00,0.00,0.00,0.00,0.00,0.00,0.00,0.00,0.00,0.00,0.00,0.00,0.00
20650,DL:0.1.0:AT.1.0.0,2022-3-4 2:24:42,34.25,0.00,0.00,17.793,0.781,-5.118,12.675,18.574,0.00,0.00,0.00,0.00,0.00,0.00,0.00,0.00,0.00,0.00,0.00,0.00,0.00,0.00,0.00,0.00,0.00
20650,DL:0.1.0:AT.1.0.0,2022-3-4 2:24:49,34.25,0.00,0.00,17.794,0.780,-5.120,12.674,18.574,0.00,0.00,0.00,0.00,0.00,0.00,0.00,0.00,0.00,0.00,0.00,0.00,0.00,0.00,0.00,0.00,0.00
20650,DL:0.1.0:AT.1.0.0,2022-3-4 2:24:56,34.25,0.00,0.00,17.758,0.816,-5.084,12.674,18.574,0.00,0.00,0.00,0.00,0.00,0.00,0.00,0.00,0.00,0.00,0.00,0.00,0.00,0.00,0.00,0.00,0.00
20650,DL:0.1.0:AT.1.0.0,2022-3-4 2:25:3,34.25,0.00,0.00,17.777,0.797,-5.105,12.672,18.574,0.00,0.00,0.00,0.00,0.00,0.00,0.00,0.00,0.00,0.00,0.00,0.00,0.00,0.00,0.00,0.00,0.00
20650,DL:0.1.0:AT.1.0.0,2022-3-4 2:25:11,34.25,0.00,0.00,17.764,0.811,-5.091,12.672,18.575,0.00,0.00,0.00,0.00,0.00,0.00,0.00,0.00,0.00,0.00,0.00,0.00,0.00,0.00,0.00,0.00,0.00
20650,DL:0.1.0:AT.1.0.0,2022-3-4 2:25:16,34.25,0.00,0.00,17.795,0.780,-5.123,12.672,18.575,0.00,0.00,0.00,0.00,0.00,0.00,0.00,0.00,0.00,0.00,0.00,0.00,0.00,0.00,0.00,0.00,0.00
20650,DL:0.1.0:AT.1.0.0,2022-3-4 2:25:22,34.25,0.00,0.00,17.800,0.775,-5.127,12.672,18.575,0.00,0.00,0.00,0.00,0.00,0.00,0.00,0.00,0.00,0.00,0.00,0.00,0.00,0.00,0.00,0.00,0.00
20650,DL:0.1.0:AT.1.0.0,2022-3-4 2:25:30,34.25,0.00,0.00,17.777,0.799,-5.106,12.671,18.576,0.00,0.00,0.00,0.00,0.00,0.00,0.00,0.00,0.00,0.00,0.00,0.00,0.00,0.00,0.00,0.00,0.00
20650,DL:0.1.0:AT.1.0.0,2022-3-4 2:25:35,34.25,0.00,0.00,17.801,0.775,-5.131,12.670,18.576,0.00,0.00,0.00,0.00,0.00,0.00,0.00,0.00,0.00,0.00,0.00,0.00,0.00,0.00,0.00,0.00,0.00
20650,DL:0.1.0:AT.1.0.0,2022-3-4 2:25:41,34.25,0.00,0.00,17.770,0.806,-5.100,12.670,18.576,0.00,0.00,0.00,0.00,0.00,0.00,0.00,0.00,0.00,0.00,0.00,0.00,0.00,0.00,0.00,0.00,0.00
20650,DL:0.1.0:AT.1.0.0,2022-3-4 2:25:46,34.25,0.00,0.00,17.779,0.798,-5.109,12.670,18.577,0.00,0.00,0.00,0.00,0.00,0.00,0.00,0.00,0.00,0.00,0.00,0.00,0.00,0.00,0.00,0.00,0.00
20650,DL:0.1.0:AT.1.0.0,2022-3-4 2:25:51,34.25,0.00,0.00,17.767,0.810,-5.097,12.670,18.577,0.00,0.00,0.00,0.00,0.00,0.00,0.00,0.00,0.00,0.00,0.00,0.00,0.00,0.00,0.00,0.00,0.00
20650,DL:0.1.0:AT.1.0.0,2022-3-4 2:25:57,34.25,0.00,0.00,17.757,0.822,-5.088,12.669,18.578,0.00,0.00,0.00,0.00,0.00,0.00,0.00,0.00,0.00,0.00,0.00,0.00,0.00,0.00,0.00,0.00,0.00
20650,DL:0.1.0:AT.1.0.0,2022-3-4 2:26:2,34.25,0.00,0.00,17.767,0.811,-5.099,12.669,18.578,0.00,0.00,0.00,0.00,0.00,0.00,0.00,0.00,0.00,0.00,0.00,0.00,0.00,0.00,0.00,0.00,0.00
20650,DL:0.1.0:AT.1.0.0,2022-3-4 2:26:7,34.25,0.00,0.00,17.748,0.829,-5.079,12.669,18.577,0.00,0.00,0.00,0.00,0.00,0.00,0.00,0.00,0.00,0.00,0.00,0.00,0.00,0.00,0.00,0.00,0.00
20650,DL:0.1.0:AT.1.0.0,2022-3-4 2:26:13,34.25,0.00,0.00,17.795,0.782,-5.127,12.668,18.577,0.00,0.00,0.00,0.00,0.00,0.00,0.00,0.00,0.00,0.00,0.00,0.00,0.00,0.00,0.00,0.00,0.00
20650,DL:0.1.0:AT.1.0.0,2022-3-4 2:26:18,34.25,0.00,0.00,17.761,0.816,-5.094,12.668,18.577,0.00,0.00,0.00,0.00,0.00,0.00,0.00,0.00,0.00,0.00,0.00,0.00,0.00,0.00,0.00,0.00,0.00
20650,DL:0.1.0:AT.1.0.0,2022-3-4 2:26:25,34.25,0.00,0.00,17.781,0.797,-5.113,12.668,18.577,0.00,0.00,0.00,0.00,0.00,0.00,0.00,0.00,0.00,0.00,0.00,0.00,0.00,0.00,0.00,0.00,0.00
20650,DL:0.1.0:AT.1.0.0,2022-3-4 2:26:35,34.25,0.00,0.00,17.769,0.810,-5.102,12.666,18.578,0.00,0.00,0.00,0.00,0.00,0.00,0.00,0.00,0.00,0.00,0.00,0.00,0.00,0.00,0.00,0.00,0.00
20650,DL:0.1.0:AT.1.0.0,2022-3-4 2:26:40,34.25,0.00,0.00,17.783,0.794,-5.117,12.666,18.577,0.00,0.00,0.00,0.00,0.00,0.00,0.00,0.00,0.00,0.00,0.00,0.00,0.00,0.00,0.00,0.00,0.00
20650,DL:0.1.0:AT.1.0.0,2022-3-4 2:26:45,34.25,0.00,0.00,17.772,0.805,-5.107,12.665,18.577,0.00,0.00,0.00,0.00,0.00,0.00,0.00,0.00,0.00,0.00,0.00,0.00,0.00,0.00,0.00,0.00,0.00
20650,DL:0.1.0:AT.1.0.0,2022-3-4 2:26:50,34.25,0.00,0.00,17.788,0.791,-5.123,12.665,18.578,0.00,0.00,0.00,0.00,0.00,0.00,0.00,0.00,0.00,0.00,0.00,0.00,0.00,0.00,0.00,0.00,0.00
20650,DL:0.1.0:AT.1.0.0,2022-3-4 2:26:56,34.25,0.00,0.00,17.785,0.793,-5.120,12.665,18.578,0.00,0.00,0.00,0.00,0.00,0.00,0.00,0.00,0.00,0.00,0.00,0.00,0.00,0.00,0.00,0.00,0.00
20650,DL:0.1.0:AT.1.0.0,2022-3-4 2:27:2,34.25,0.00,0.00,17.776,0.803,-5.112,12.664,18.578,0.00,0.00,0.00,0.00,0.00,0.00,0.00,0.00,0.00,0.00,0.00,0.00,0.00,0.00,0.00,0.00,0.00
20650,DL:0.1.0:AT.1.0.0,2022-3-4 2:27:9,34.25,0.00,0.00,17.785,0.793,-5.120,12.665,18.578,0.00,0.00,0.00,0.00,0.00,0.00,0.00,0.00,0.00,0.00,0.00,0.00,0.00,0.00,0.00,0.00,0.00
20650,DL:0.1.0:AT.1.0.0,2022-3-4 2:27:16,34.25,0.00,0.00,17.790,0.789,-5.126,12.664,18.580,0.00,0.00,0.00,0.00,0.00,0.00,0.00,0.00,0.00,0.00,0.00,0.00,0.00,0.00,0.00,0.00,0.00
20650,DL:0.1.0:AT.1.0.0,2022-3-4 2:27:21,34.25,0.00,0.00,17.787,0.793,-5.123,12.664,18.580,0.00,0.00,0.00,0.00,0.00,0.00,0.00,0.00,0.00,0.00,0.00,0.00,0.00,0.00,0.00,0.00,0.00
20650,DL:0.1.0:AT.1.0.0,2022-3-4 2:27:27,34.25,0.00,0.00,17.754,0.826,-5.091,12.663,18.580,0.00,0.00,0.00,0.00,0.00,0.00,0.00,0.00,0.00,0.00,0.00,0.00,0.00,0.00,0.00,0.00,0.00
20650,DL:0.1.0:AT.1.0.0,2022-3-4 2:27:33,34.25,0.00,0.00,17.785,0.794,-5.123,12.663,18.580,0.00,0.00,0.00,0.00,0.00,0.00,0.00,0.00,0.00,0.00,0.00,0.00,0.00,0.00,0.00,0.00,0.00
20650,DL:0.1.0:AT.1.0.0,2022-3-4 2:27:38,34.25,0.00,0.00,17.815,0.764,-5.154,12.662,18.580,0.00,0.00,0.00,0.00,0.00,0.00,0.00,0.00,0.00,0.00,0.00,0.00,0.00,0.00,0.00,0.00,0.00
20650,DL:0.1.0:AT.1.0.0,2022-3-4 2:27:44,34.25,0.00,0.00,17.787,0.794,-5.125,12.662,18.581,0.00,0.00,0.00,0.00,0.00,0.00,0.00,0.00,0.00,0.00,0.00,0.00,0.00,0.00,0.00,0.00,0.00
20650,DL:0.1.0:AT.1.0.0,2022-3-4 2:27:50,34.25,0.00,0.00,17.802,0.779,-5.141,12.662,18.581,0.00,0.00,0.00,0.00,0.00,0.00,0.00,0.00,0.00,0.00,0.00,0.00,0.00,0.00,0.00,0.00,0.00
20650,DL:0.1.0:AT.1.0.0,2022-3-4 2:27:57,34.25,0.00,0.00,17.812,0.770,-5.150,12.662,18.582,0.00,0.00,0.00,0.00,0.00,0.00,0.00,0.00,0.00,0.00,0.00,0.00,0.00,0.00,0.00,0.00,0.00
20650,DL:0.1.0:AT.1.0.0,2022-3-4 2:28:4,34.25,0.00,0.00,17.811,0.771,-5.150,12.660,18.582,0.00,0.00,0.00,0.00,0.00,0.00,0.00,0.00,0.00,0.00,0.00,0.00,0.00,0.00,0.00,0.00,0.00
20650,DL:0.1.0:AT.1.0.0,2022-3-4 2:28:9,34.25,0.00,0.00,17.771,0.810,-5.112,12.659,18.581,0.00,0.00,0.00,0.00,0.00,0.00,0.00,0.00,0.00,0.00,0.00,0.00,0.00,0.00,0.00,0.00,0.00
20650,DL:0.1.0:AT.1.0.0,2022-3-4 2:28:18,34.25,0.00,0.00,17.820,0.762,-5.161,12.659,18.582,0.00,0.00,0.00,0.00,0.00,0.00,0.00,0.00,0.00,0.00,0.00,0.00,0.00,0.00,0.00,0.00,0.00
20650,DL:0.1.0:AT.1.0.0,2022-3-4 2:28:24,34.25,0.00,0.00,17.827,0.755,-5.168,12.659,18.582,0.00,0.00,0.00,0.00,0.00,0.00,0.00,0.00,0.00,0.00,0.00,0.00,0.00,0.00,0.00,0.00,0.00
20650,DL:0.1.0:AT.1.0.0,2022-3-4 2:28:29,34.25,0.00,0.00,17.812,0.770,-5.154,12.658,18.582,0.00,0.00,0.00,0.00,0.00,0.00,0.00,0.00,0.00,0.00,0.00,0.00,0.00,0.00,0.00,0.00,0.00
20650,DL:0.1.0:AT.1.0.0,2022-3-4 2:28:35,34.25,0.00,0.00,17.781,0.801,-5.123,12.658,18.582,0.00,0.00,0.00,0.00,0.00,0.00,0.00,0.00,0.00,0.00,0.00,0.00,0.00,0.00,0.00,0.00,0.00
20650,DL:0.1.0:AT.1.0.0,2022-3-4 2:28:40,34.25,0.00,0.00,17.782,0.801,-5.124,12.658,18.583,0.00,0.00,0.00,0.00,0.00,0.00,0.00,0.00,0.00,0.00,0.00,0.00,0.00,0.00,0.00,0.00,0.00
20650,DL:0.1.0:AT.1.0.0,2022-3-4 2:28:49,34.25,0.00,0.00,17.795,0.787,-5.138,12.657,18.582,0.00,0.00,0.00,0.00,0.00,0.00,0.00,0.00,0.00,0.00,0.00,0.00,0.00,0.00,0.00,0.00,0.00
20650,DL:0.1.0:AT.1.0.0,2022-3-4 2:28:55,34.25,0.00,0.00,17.802,0.781,-5.145,12.657,18.583,0.00,0.00,0.00,0.00,0.00,0.00,0.00,0.00,0.00,0.00,0.00,0.00,0.00,0.00,0.00,0.00,0.00
20650,DL:0.1.0:AT.1.0.0,2022-3-4 2:29:2,34.25,0.00,0.00,17.795,0.788,-5.138,12.657,18.583,0.00,0.00,0.00,0.00,0.00,0.00,0.00,0.00,0.00,0.00,0.00,0.00,0.00,0.00,0.00,0.00,0.00
20650,DL:0.1.0:AT.1.0.0,2022-3-4 2:29:7,34.25,0.00,0.00,17.809,0.774,-5.154,12.656,18.583,0.00,0.00,0.00,0.00,0.00,0.00,0.00,0.00,0.00,0.00,0.00,0.00,0.00,0.00,0.00,0.00,0.00
20650,DL:0.1.0:AT.1.0.0,2022-3-4 2:29:13,34.25,0.00,0.00,17.817,0.767,-5.161,12.656,18.583,0.00,0.00,0.00,0.00,0.00,0.00,0.00,0.00,0.00,0.00,0.00,0.00,0.00,0.00,0.00,0.00,0.00
20650,DL:0.1.0:AT.1.0.0,2022-3-4 2:29:18,34.25,0.00,0.00,17.793,0.792,-5.138,12.654,18.584,0.00,0.00,0.00,0.00,0.00,0.00,0.00,0.00,0.00,0.00,0.00,0.00,0.00,0.00,0.00,0.00,0.00
20650,DL:0.1.0:AT.1.0.0,2022-3-4 2:29:26,34.25,0.00,0.00,17.795,0.789,-5.141,12.654,18.584,0.00,0.00,0.00,0.00,0.00,0.00,0.00,0.00,0.00,0.00,0.00,0.00,0.00,0.00,0.00,0.00,0.00
20650,DL:0.1.0:AT.1.0.0,2022-3-4 2:29:31,34.25,0.00,0.00,17.781,0.804,-5.126,12.654,18.584,0.00,0.00,0.00,0.00,0.00,0.00,0.00,0.00,0.00,0.00,0.00,0.00,0.00,0.00,0.00,0.00,0.00
20650,DL:0.1.0:AT.1.0.0,2022-3-4 2:29:36,34.25,0.00,0.00,17.793,0.792,-5.138,12.654,18.584,0.00,0.00,0.00,0.00,0.00,0.00,0.00,0.00,0.00,0.00,0.00,0.00,0.00,0.00,0.00,0.00,0.00
20650,DL:0.1.0:AT.1.0.0,2022-3-4 2:29:43,34.25,0.00,0.00,17.789,0.795,-5.135,12.654,18.584,0.00,0.00,0.00,0.00,0.00,0.00,0.00,0.00,0.00,0.00,0.00,0.00,0.00,0.00,0.00,0.00,0.00
20650,DL:0.1.0:AT.1.0.0,2022-3-4 2:29:51,34.25,0.00,0.00,17.797,0.787,-5.144,12.653,18.584,0.00,0.00,0.00,0.00,0.00,0.00,0.00,0.00,0.00,0.00,0.00,0.00,0.00,0.00,0.00,0.00,0.00
20650,DL:0.1.0:AT.1.0.0,2022-3-4 2:29:57,34.25,0.00,0.00,17.777,0.807,-5.124,12.653,18.584,0.00,0.00,0.00,0.00,0.00,0.00,0.00,0.00,0.00,0.00,0.00,0.00,0.00,0.00,0.00,0.00,0.00
20650,DL:0.1.0:AT.1.0.0,2022-3-4 2:30:4,34.25,0.00,0.00,17.809,0.775,-5.157,12.652,18.584,0.00,0.00,0.00,0.00,0.00,0.00,0.00,0.00,0.00,0.00,0.00,0.00,0.00,0.00,0.00,0.00,0.00
20650,DL:0.1.0:AT.1.0.0,2022-3-4 2:30:10,34.25,0.00,0.00,17.805,0.781,-5.153,12.652,18.586,0.00,0.00,0.00,0.00,0.00,0.00,0.00,0.00,0.00,0.00,0.00,0.00,0.00,0.00,0.00,0.00,0.00
20650,DL:0.1.0:AT.1.0.0,2022-3-4 2:30:15,34.25,0.00,0.00,17.843,0.743,-5.192,12.651,18.586,0.00,0.00,0.00,0.00,0.00,0.00,0.00,0.00,0.00,0.00,0.00,0.00,0.00,0.00,0.00,0.00,0.00
20650,DL:0.1.0:AT.1.0.0,2022-3-4 2:30:20,34.25,0.00,0.00,17.782,0.804,-5.131,12.651,18.586,0.00,0.00,0.00,0.00,0.00,0.00,0.00,0.00,0.00,0.00,0.00,0.00,0.00,0.00,0.00,0.00,0.00
20650,DL:0.1.0:AT.1.0.0,2022-3-4 2:30:28,34.25,0.00,0.00,17.745,0.841,-5.094,12.651,18.586,0.00,0.00,0.00,0.00,0.00,0.00,0.00,0.00,0.00,0.00,0.00,0.00,0.00,0.00,0.00,0.00,0.00
20650,DL:0.1.0:AT.1.0.0,2022-3-4 2:30:35,34.25,0.00,0.00,17.769,0.818,-5.119,12.650,18.587,0.00,0.00,0.00,0.00,0.00,0.00,0.00,0.00,0.00,0.00,0.00,0.00,0.00,0.00,0.00,0.00,0.00
20650,DL:0.1.0:AT.1.0.0,2022-3-4 2:30:41,34.25,0.00,0.00,17.782,0.805,-5.132,12.650,18.587,0.00,0.00,0.00,0.00,0.00,0.00,0.00,0.00,0.00,0.00,0.00,0.00,0.00,0.00,0.00,0.00,0.00
20650,DL:0.1.0:AT.1.0.0,2022-3-4 2:30:52,34.25,0.00,0.00,17.776,0.811,-5.127,12.648,18.587,0.00,0.00,0.00,0.00,0.00,0.00,0.00,0.00,0.00,0.00,0.00,0.00,0.00,0.00,0.00,0.00,0.00
20650,DL:0.1.0:AT.1.0.0,2022-3-4 2:30:58,34.25,0.00,0.00,17.809,0.777,-5.161,12.648,18.587,0.00,0.00,0.00,0.00,0.00,0.00,0.00,0.00,0.00,0.00,0.00,0.00,0.00,0.00,0.00,0.00,0.00
20650,DL:0.1.0:AT.1.0.0,2022-3-4 2:31:5,34.25,0.00,0.00,17.757,0.830,-5.108,12.648,18.587,0.00,0.00,0.00,0.00,0.00,0.00,0.00,0.00,0.00,0.00,0.00,0.00,0.00,0.00,0.00,0.00,0.00
20650,DL:0.1.0:AT.1.0.0,2022-3-4 2:31:12,34.25,0.00,0.00,17.821,0.765,-5.172,12.650,18.587,0.00,0.00,0.00,0.00,0.00,0.00,0.00,0.00,0.00,0.00,0.00,0.00,0.00,0.00,0.00,0.00,0.00
20650,DL:0.1.0:AT.1.0.0,2022-3-4 2:31:21,34.25,0.00,0.00,17.809,0.779,-5.160,12.650,18.588,0.00,0.00,0.00,0.00,0.00,0.00,0.00,0.00,0.00,0.00,0.00,0.00,0.00,0.00,0.00,0.00,0.00
20650,DL:0.1.0:AT.1.0.0,2022-3-4 2:31:26,34.25,0.00,0.00,17.801,0.786,-5.153,12.648,18.587,0.00,0.00,0.00,0.00,0.00,0.00,0.00,0.00,0.00,0.00,0.00,0.00,0.00,0.00,0.00,0.00,0.00
20650,DL:0.1.0:AT.1.0.0,2022-3-4 2:31:33,34.25,0.00,0.00,17.782,0.806,-5.133,12.648,18.588,0.00,0.00,0.00,0.00,0.00,0.00,0.00,0.00,0.00,0.00,0.00,0.00,0.00,0.00,0.00,0.00,0.00
20650,DL:0.1.0:AT.1.0.0,2022-3-4 2:31:40,34.25,0.00,0.00,17.767,0.821,-5.119,12.648,18.588,0.00,0.00,0.00,0.00,0.00,0.00,0.00,0.00,0.00,0.00,0.00,0.00,0.00,0.00,0.00,0.00,0.00
20650,DL:0.1.0:AT.1.0.0,2022-3-4 2:31:47,34.25,0.00,0.00,17.785,0.804,-5.138,12.647,18.589,0.00,0.00,0.00,0.00,0.00,0.00,0.00,0.00,0.00,0.00,0.00,0.00,0.00,0.00,0.00,0.00,0.00
20650,DL:0.1.0:AT.1.0.0,2022-3-4 2:31:52,34.25,0.00,0.00,17.795,0.794,-5.148,12.647,18.589,0.00,0.00,0.00,0.00,0.00,0.00,0.00,0.00,0.00,0.00,0.00,0.00,0.00,0.00,0.00,0.00,0.00
20650,DL:0.1.0:AT.1.0.0,2022-3-4 2:31:57,34.25,0.00,0.00,17.797,0.792,-5.151,12.646,18.589,0.00,0.00,0.00,0.00,0.00,0.00,0.00,0.00,0.00,0.00,0.00,0.00,0.00,0.00,0.00,0.00,0.00
20650,DL:0.1.0:AT.1.0.0,2022-3-4 2:32:3,34.25,0.00,0.00,17.787,0.803,-5.141,12.646,18.589,0.00,0.00,0.00,0.00,0.00,0.00,0.00,0.00,0.00,0.00,0.00,0.00,0.00,0.00,0.00,0.00,0.00
20650,DL:0.1.0:AT.1.0.0,2022-3-4 2:32:10,34.25,0.00,0.00,17.778,0.811,-5.132,12.646,18.589,0.00,0.00,0.00,0.00,0.00,0.00,0.00,0.00,0.00,0.00,0.00,0.00,0.00,0.00,0.00,0.00,0.00
20650,DL:0.1.0:AT.1.0.0,2022-3-4 2:32:17,34.25,0.00,0.00,17.782,0.809,-5.136,12.646,18.590,0.00,0.00,0.00,0.00,0.00,0.00,0.00,0.00,0.00,0.00,0.00,0.00,0.00,0.00,0.00,0.00,0.00
20650,DL:0.1.0:AT.1.0.0,2022-3-4 2:32:24,34.25,0.00,0.00,17.802,0.788,-5.156,12.646,18.590,0.00,0.00,0.00,0.00,0.00,0.00,0.00,0.00,0.00,0.00,0.00,0.00,0.00,0.00,0.00,0.00,0.00
20650,DL:0.1.0:AT.1.0.0,2022-3-4 2:32:29,34.25,0.00,0.00,17.778,0.812,-5.133,12.645,18.590,0.00,0.00,0.00,0.00,0.00,0.00,0.00,0.00,0.00,0.00,0.00,0.00,0.00,0.00,0.00,0.00,0.00
20650,DL:0.1.0:AT.1.0.0,2022-3-4 2:32:34,34.25,0.00,0.00,17.779,0.811,-5.133,12.646,18.590,0.00,0.00,0.00,0.00,0.00,0.00,0.00,0.00,0.00,0.00,0.00,0.00,0.00,0.00,0.00,0.00,0.00
20650,DL:0.1.0:AT.1.0.0,2022-3-4 2:32:39,34.25,0.00,0.00,17.777,0.814,-5.132,12.645,18.590,0.00,0.00,0.00,0.00,0.00,0.00,0.00,0.00,0.00,0.00,0.00,0.00,0.00,0.00,0.00,0.00,0.00
20650,DL:0.1.0:AT.1.0.0,2022-3-4 2:32:45,34.25,0.00,0.00,17.770,0.821,-5.125,12.645,18.590,0.00,0.00,0.00,0.00,0.00,0.00,0.00,0.00,0.00,0.00,0.00,0.00,0.00,0.00,0.00,0.00,0.00
20650,DL:0.1.0:AT.1.0.0,2022-3-4 2:32:50,34.25,0.00,0.00,17.776,0.815,-5.131,12.645,18.590,0.00,0.00,0.00,0.00,0.00,0.00,0.00,0.00,0.00,0.00,0.00,0.00,0.00,0.00,0.00,0.00,0.00
20650,DL:0.1.0:AT.1.0.0,2022-3-4 2:32:55,34.25,0.00,0.00,17.776,0.816,-5.131,12.645,18.592,0.00,0.00,0.00,0.00,0.00,0.00,0.00,0.00,0.00,0.00,0.00,0.00,0.00,0.00,0.00,0.00,0.00
20650,DL:0.1.0:AT.1.0.0,2022-3-4 2:33:0,34.25,0.00,0.00,17.793,0.799,-5.149,12.644,18.592,0.00,0.00,0.00,0.00,0.00,0.00,0.00,0.00,0.00,0.00,0.00,0.00,0.00,0.00,0.00,0.00,0.00
20650,DL:0.1.0:AT.1.0.0,2022-3-4 2:33:5,34.25,0.00,0.00,17.813,0.779,-5.169,12.644,18.592,0.00,0.00,0.00,0.00,0.00,0.00,0.00,0.00,0.00,0.00,0.00,0.00,0.00,0.00,0.00,0.00,0.00
20650,DL:0.1.0:AT.1.0.0,2022-3-4 2:33:10,34.25,0.00,0.00,17.802,0.789,-5.159,12.644,18.592,0.00,0.00,0.00,0.00,0.00,0.00,0.00,0.00,0.00,0.00,0.00,0.00,0.00,0.00,0.00,0.00,0.00
20650,DL:0.1.0:AT.1.0.0,2022-3-4 2:33:16,34.25,0.00,0.00,17.767,0.824,-5.124,12.644,18.592,0.00,0.00,0.00,0.00,0.00,0.00,0.00,0.00,0.00,0.00,0.00,0.00,0.00,0.00,0.00,0.00,0.00
20650,DL:0.1.0:AT.1.0.0,2022-3-4 2:33:21,34.25,0.00,0.00,17.795,0.797,-5.151,12.644,18.592,0.00,0.00,0.00,0.00,0.00,0.00,0.00,0.00,0.00,0.00,0.00,0.00,0.00,0.00,0.00,0.00,0.00
20650,DL:0.1.0:AT.1.0.0,2022-3-4 2:33:26,34.25,0.00,0.00,17.808,0.785,-5.166,12.642,18.593,0.00,0.00,0.00,0.00,0.00,0.00,0.00,0.00,0.00,0.00,0.00,0.00,0.00,0.00,0.00,0.00,0.00
20650,DL:0.1.0:AT.1.0.0,2022-3-4 2:33:31,34.25,0.00,0.00,17.842,0.751,-5.199,12.642,18.593,0.00,0.00,0.00,0.00,0.00,0.00,0.00,0.00,0.00,0.00,0.00,0.00,0.00,0.00,0.00,0.00,0.00
20650,DL:0.1.0:AT.1.0.0,2022-3-4 2:33:36,34.25,0.00,0.00,17.802,0.791,-5.161,12.641,18.593,0.00,0.00,0.00,0.00,0.00,0.00,0.00,0.00,0.00,0.00,0.00,0.00,0.00,0.00,0.00,0.00,0.00
20650,DL:0.1.0:AT.1.0.0,2022-3-4 2:33:43,34.25,0.00,0.00,17.787,0.807,-5.145,12.641,18.594,0.00,0.00,0.00,0.00,0.00,0.00,0.00,0.00,0.00,0.00,0.00,0.00,0.00,0.00,0.00,0.00,0.00
20650,DL:0.1.0:AT.1.0.0,2022-3-4 2:33:50,34.25,0.00,0.00,17.773,0.821,-5.132,12.641,18.594,0.00,0.00,0.00,0.00,0.00,0.00,0.00,0.00,0.00,0.00,0.00,0.00,0.00,0.00,0.00,0.00,0.00
20650,DL:0.1.0:AT.1.0.0,2022-3-4 2:33:57,34.25,0.00,0.00,17.771,0.823,-5.131,12.640,18.594,0.00,0.00,0.00,0.00,0.00,0.00,0.00,0.00,0.00,0.00,0.00,0.00,0.00,0.00,0.00,0.00,0.00
20650,DL:0.1.0:AT.1.0.0,2022-3-4 2:34:3,34.25,0.00,0.00,17.783,0.811,-5.143,12.640,18.594,0.00,0.00,0.00,0.00,0.00,0.00,0.00,0.00,0.00,0.00,0.00,0.00,0.00,0.00,0.00,0.00,0.00
20650,DL:0.1.0:AT.1.0.0,2022-3-4 2:34:10,34.25,0.00,0.00,17.806,0.788,-5.166,12.640,18.594,0.00,0.00,0.00,0.00,0.00,0.00,0.00,0.00,0.00,0.00,0.00,0.00,0.00,0.00,0.00,0.00,0.00
20650,DL:0.1.0:AT.1.0.0,2022-3-4 2:34:17,34.25,0.00,0.00,17.805,0.789,-5.165,12.640,18.594,0.00,0.00,0.00,0.00,0.00,0.00,0.00,0.00,0.00,0.00,0.00,0.00,0.00,0.00,0.00,0.00,0.00
20650,DL:0.1.0:AT.1.0.0,2022-3-4 2:34:22,34.25,0.00,0.00,17.787,0.807,-5.149,12.638,18.594,0.00,0.00,0.00,0.00,0.00,0.00,0.00,0.00,0.00,0.00,0.00,0.00,0.00,0.00,0.00,0.00,0.00
20650,DL:0.1.0:AT.1.0.0,2022-3-4 2:34:31,34.25,0.00,0.00,17.795,0.800,-5.156,12.639,18.595,0.00,0.00,0.00,0.00,0.00,0.00,0.00,0.00,0.00,0.00,0.00,0.00,0.00,0.00,0.00,0.00,0.00
20650,DL:0.1.0:AT.1.0.0,2022-3-4 2:34:38,34.25,0.00,0.00,17.799,0.795,-5.161,12.638,18.594,0.00,0.00,0.00,0.00,0.00,0.00,0.00,0.00,0.00,0.00,0.00,0.00,0.00,0.00,0.00,0.00,0.00
20650,DL:0.1.0:AT.1.0.0,2022-3-4 2:34:45,34.25,0.00,0.00,17.815,0.780,-5.179,12.636,18.595,0.00,0.00,0.00,0.00,0.00,0.00,0.00,0.00,0.00,0.00,0.00,0.00,0.00,0.00,0.00,0.00,0.00
20650,DL:0.1.0:AT.1.0.0,2022-3-4 2:34:50,34.25,0.00,0.00,17.812,0.783,-5.175,12.636,18.595,0.00,0.00,0.00,0.00,0.00,0.00,0.00,0.00,0.00,0.00,0.00,0.00,0.00,0.00,0.00,0.00,0.00
20650,DL:0.1.0:AT.1.0.0,2022-3-4 2:34:55,34.25,0.00,0.00,17.843,0.752,-5.207,12.636,18.595,0.00,0.00,0.00,0.00,0.00,0.00,0.00,0.00,0.00,0.00,0.00,0.00,0.00,0.00,0.00,0.00,0.00
20650,DL:0.1.0:AT.1.0.0,2022-3-4 2:35:2,34.25,0.00,0.00,17.783,0.812,-5.147,12.636,18.595,0.00,0.00,0.00,0.00,0.00,0.00,0.00,0.00,0.00,0.00,0.00,0.00,0.00,0.00,0.00,0.00,0.00
20650,DL:0.1.0:AT.1.0.0,2022-3-4 2:35:8,34.25,0.00,0.00,17.784,0.812,-5.148,12.636,18.596,0.00,0.00,0.00,0.00,0.00,0.00,0.00,0.00,0.00,0.00,0.00,0.00,0.00,0.00,0.00,0.00,0.00
20650,DL:0.1.0:AT.1.0.0,2022-3-4 2:35:13,34.25,0.00,0.00,17.771,0.827,-5.135,12.636,18.598,0.00,0.00,0.00,0.00,0.00,0.00,0.00,0.00,0.00,0.00,0.00,0.00,0.00,0.00,0.00,0.00,0.00
20650,DL:0.1.0:AT.1.0.0,2022-3-4 2:35:19,34.25,0.00,0.00,17.806,0.791,-5.171,12.635,18.596,0.00,0.00,0.00,0.00,0.00,0.00,0.00,0.00,0.00,0.00,0.00,0.00,0.00,0.00,0.00,0.00,0.00
20650,DL:0.1.0:AT.1.0.0,2022-3-4 2:35:24,34.25,0.00,0.00,17.793,0.805,-5.157,12.635,18.598,0.00,0.00,0.00,0.00,0.00,0.00,0.00,0.00,0.00,0.00,0.00,0.00,0.00,0.00,0.00,0.00,0.00
20650,DL:0.1.0:AT.1.0.0,2022-3-4 2:35:33,34.25,0.00,0.00,17.818,0.780,-5.184,12.634,18.598,0.00,0.00,0.00,0.00,0.00,0.00,0.00,0.00,0.00,0.00,0.00,0.00,0.00,0.00,0.00,0.00,0.00
20650,DL:0.1.0:AT.1.0.0,2022-3-4 2:35:39,34.25,0.00,0.00,17.794,0.805,-5.160,12.634,18.599,0.00,0.00,0.00,0.00,0.00,0.00,0.00,0.00,0.00,0.00,0.00,0.00,0.00,0.00,0.00,0.00,0.00
20650,DL:0.1.0:AT.1.0.0,2022-3-4 2:35:46,34.25,0.00,0.00,17.785,0.812,-5.153,12.633,18.598,0.00,0.00,0.00,0.00,0.00,0.00,0.00,0.00,0.00,0.00,0.00,0.00,0.00,0.00,0.00,0.00,0.00
20650,DL:0.1.0:AT.1.0.0,2022-3-4 2:35:53,34.25,0.00,0.00,17.772,0.826,-5.139,12.633,18.598,0.00,0.00,0.00,0.00,0.00,0.00,0.00,0.00,0.00,0.00,0.00,0.00,0.00,0.00,0.00,0.00,0.00
20650,DL:0.1.0:AT.1.0.0,2022-3-4 2:36:1,34.25,0.00,0.00,17.772,0.826,-5.141,12.632,18.598,0.00,0.00,0.00,0.00,0.00,0.00,0.00,0.00,0.00,0.00,0.00,0.00,0.00,0.00,0.00,0.00,0.00
20650,DL:0.1.0:AT.1.0.0,2022-3-4 2:36:7,34.25,0.00,0.00,17.802,0.797,-5.171,12.632,18.599,0.00,0.00,0.00,0.00,0.00,0.00,0.00,0.00,0.00,0.00,0.00,0.00,0.00,0.00,0.00,0.00,0.00
20650,DL:0.1.0:AT.1.0.0,2022-3-4 2:36:12,34.25,0.00,0.00,17.801,0.798,-5.169,12.632,18.599,0.00,0.00,0.00,0.00,0.00,0.00,0.00,0.00,0.00,0.00,0.00,0.00,0.00,0.00,0.00,0.00,0.00
20650,DL:0.1.0:AT.1.0.0,2022-3-4 2:36:17,34.25,0.00,0.00,17.808,0.791,-5.178,12.630,18.599,0.00,0.00,0.00,0.00,0.00,0.00,0.00,0.00,0.00,0.00,0.00,0.00,0.00,0.00,0.00,0.00,0.00
20650,DL:0.1.0:AT.1.0.0,2022-3-4 2:36:24,34.25,0.00,0.00,17.805,0.795,-5.174,12.630,18.600,0.00,0.00,0.00,0.00,0.00,0.00,0.00,0.00,0.00,0.00,0.00,0.00,0.00,0.00,0.00,0.00,0.00
20650,DL:0.1.0:AT.1.0.0,2022-3-4 2:36:32,34.25,0.00,0.00,17.790,0.810,-5.161,12.629,18.600,0.00,0.00,0.00,0.00,0.00,0.00,0.00,0.00,0.00,0.00,0.00,0.00,0.00,0.00,0.00,0.00,0.00
20650,DL:0.1.0:AT.1.0.0,2022-3-4 2:36:37,34.25,0.00,0.00,17.843,0.757,-5.214,12.629,18.600,0.00,0.00,0.00,0.00,0.00,0.00,0.00,0.00,0.00,0.00,0.00,0.00,0.00,0.00,0.00,0.00,0.00
20650,DL:0.1.0:AT.1.0.0,2022-3-4 2:36:42,34.25,0.00,0.00,17.785,0.815,-5.157,12.628,18.600,0.00,0.00,0.00,0.00,0.00,0.00,0.00,0.00,0.00,0.00,0.00,0.00,0.00,0.00,0.00,0.00,0.00
20650,DL:0.1.0:AT.1.0.0,2022-3-4 2:36:48,34.25,0.00,0.00,17.791,0.809,-5.163,12.628,18.600,0.00,0.00,0.00,0.00,0.00,0.00,0.00,0.00,0.00,0.00,0.00,0.00,0.00,0.00,0.00,0.00,0.00
20650,DL:0.1.0:AT.1.0.0,2022-3-4 2:36:54,34.25,0.00,0.00,17.809,0.791,-5.181,12.628,18.600,0.00,0.00,0.00,0.00,0.00,0.00,0.00,0.00,0.00,0.00,0.00,0.00,0.00,0.00,0.00,0.00,0.00
20650,DL:0.1.0:AT.1.0.0,2022-3-4 2:37:2,34.25,0.00,0.00,17.806,0.794,-5.179,12.627,18.600,0.00,0.00,0.00,0.00,0.00,0.00,0.00,0.00,0.00,0.00,0.00,0.00,0.00,0.00,0.00,0.00,0.00
20650,DL:0.1.0:AT.1.0.0,2022-3-4 2:37:8,34.25,0.00,0.00,17.815,0.786,-5.189,12.627,18.601,0.00,0.00,0.00,0.00,0.00,0.00,0.00,0.00,0.00,0.00,0.00,0.00,0.00,0.00,0.00,0.00,0.00
20650,DL:0.1.0:AT.1.0.0,2022-3-4 2:37:15,34.25,0.00,0.00,17.824,0.777,-5.197,12.627,18.601,0.00,0.00,0.00,0.00,0.00,0.00,0.00,0.00,0.00,0.00,0.00,0.00,0.00,0.00,0.00,0.00,0.00
20650,DL:0.1.0:AT.1.0.0,2022-3-4 2:37:22,34.25,0.00,0.00,17.795,0.806,-5.169,12.626,18.601,0.00,0.00,0.00,0.00,0.00,0.00,0.00,0.00,0.00,0.00,0.00,0.00,0.00,0.00,0.00,0.00,0.00
20650,DL:0.1.0:AT.1.0.0,2022-3-4 2:37:29,34.25,0.00,0.00,17.800,0.803,-5.175,12.624,18.602,0.00,0.00,0.00,0.00,0.00,0.00,0.00,0.00,0.00,0.00,0.00,0.00,0.00,0.00,0.00,0.00,0.00
20650,DL:0.1.0:AT.1.0.0,2022-3-4 2:37:35,34.25,0.00,0.00,17.824,0.777,-5.199,12.624,18.601,0.00,0.00,0.00,0.00,0.00,0.00,0.00,0.00,0.00,0.00,0.00,0.00,0.00,0.00,0.00,0.00,0.00
20650,DL:0.1.0:AT.1.0.0,2022-3-4 2:37:42,34.25,0.00,0.00,17.800,0.801,-5.175,12.624,18.601,0.00,0.00,0.00,0.00,0.00,0.00,0.00,0.00,0.00,0.00,0.00,0.00,0.00,0.00,0.00,0.00,0.00
20650,DL:0.1.0:AT.1.0.0,2022-3-4 2:37:49,34.25,0.00,0.00,17.825,0.777,-5.202,12.623,18.602,0.00,0.00,0.00,0.00,0.00,0.00,0.00,0.00,0.00,0.00,0.00,0.00,0.00,0.00,0.00,0.00,0.00
20650,DL:0.1.0:AT.1.0.0,2022-3-4 2:37:56,34.25,0.00,0.00,17.793,0.810,-5.169,12.623,18.602,0.00,0.00,0.00,0.00,0.00,0.00,0.00,0.00,0.00,0.00,0.00,0.00,0.00,0.00,0.00,0.00,0.00
20650,DL:0.1.0:AT.1.0.0,2022-3-4 2:38:4,34.25,0.00,0.00,17.803,0.799,-5.180,12.623,18.602,0.00,0.00,0.00,0.00,0.00,0.00,0.00,0.00,0.00,0.00,0.00,0.00,0.00,0.00,0.00,0.00,0.00
20650,DL:0.1.0:AT.1.0.0,2022-3-4 2:38:10,34.25,0.00,0.00,17.821,0.781,-5.199,12.622,18.602,0.00,0.00,0.00,0.00,0.00,0.00,0.00,0.00,0.00,0.00,0.00,0.00,0.00,0.00,0.00,0.00,0.00
20650,DL:0.1.0:AT.1.0.0,2022-3-4 2:38:15,34.25,0.00,0.00,17.819,0.785,-5.198,12.621,18.604,0.00,0.00,0.00,0.00,0.00,0.00,0.00,0.00,0.00,0.00,0.00,0.00,0.00,0.00,0.00,0.00,0.00
20650,DL:0.1.0:AT.1.0.0,2022-3-4 2:38:20,34.25,0.00,0.00,17.811,0.793,-5.190,12.621,18.604,0.00,0.00,0.00,0.00,0.00,0.00,0.00,0.00,0.00,0.00,0.00,0.00,0.00,0.00,0.00,0.00,0.00
20650,DL:0.1.0:AT.1.0.0,2022-3-4 2:38:27,34.25,0.00,0.00,17.809,0.794,-5.189,12.621,18.604,0.00,0.00,0.00,0.00,0.00,0.00,0.00,0.00,0.00,0.00,0.00,0.00,0.00,0.00,0.00,0.00,0.00
20650,DL:0.1.0:AT.1.0.0,2022-3-4 2:38:35,34.25,0.00,0.00,17.838,0.767,-5.219,12.620,18.605,0.00,0.00,0.00,0.00,0.00,0.00,0.00,0.00,0.00,0.00,0.00,0.00,0.00,0.00,0.00,0.00,0.00
20650,DL:0.1.0:AT.1.0.0,2022-3-4 2:38:41,34.25,0.00,0.00,17.819,0.786,-5.199,12.620,18.605,0.00,0.00,0.00,0.00,0.00,0.00,0.00,0.00,0.00,0.00,0.00,0.00,0.00,0.00,0.00,0.00,0.00
20650,DL:0.1.0:AT.1.0.0,2022-3-4 2:38:47,34.25,0.00,0.00,17.808,0.797,-5.189,12.620,18.605,0.00,0.00,0.00,0.00,0.00,0.00,0.00,0.00,0.00,0.00,0.00,0.00,0.00,0.00,0.00,0.00,0.00
20650,DL:0.1.0:AT.1.0.0,2022-3-4 2:38:55,34.25,0.00,0.00,17.791,0.814,-5.173,12.618,18.605,0.00,0.00,0.00,0.00,0.00,0.00,0.00,0.00,0.00,0.00,0.00,0.00,0.00,0.00,0.00,0.00,0.00
20650,DL:0.1.0:AT.1.0.0,2022-3-4 2:39:1,34.25,0.00,0.00,17.814,0.791,-5.196,12.618,18.605,0.00,0.00,0.00,0.00,0.00,0.00,0.00,0.00,0.00,0.00,0.00,0.00,0.00,0.00,0.00,0.00,0.00
20650,DL:0.1.0:AT.1.0.0,2022-3-4 2:39:8,34.25,0.00,0.00,17.814,0.791,-5.197,12.617,18.605,0.00,0.00,0.00,0.00,0.00,0.00,0.00,0.00,0.00,0.00,0.00,0.00,0.00,0.00,0.00,0.00,0.00
20650,DL:0.1.0:AT.1.0.0,2022-3-4 2:39:13,34.25,0.00,0.00,17.817,0.788,-5.199,12.617,18.605,0.00,0.00,0.00,0.00,0.00,0.00,0.00,0.00,0.00,0.00,0.00,0.00,0.00,0.00,0.00,0.00,0.00
20650,DL:0.1.0:AT.1.0.0,2022-3-4 2:39:18,34.25,0.00,0.00,17.811,0.794,-5.193,12.617,18.605,0.00,0.00,0.00,0.00,0.00,0.00,0.00,0.00,0.00,0.00,0.00,0.00,0.00,0.00,0.00,0.00,0.00
20650,DL:0.1.0:AT.1.0.0,2022-3-4 2:39:25,34.25,0.00,0.00,17.836,0.770,-5.220,12.616,18.606,0.00,0.00,0.00,0.00,0.00,0.00,0.00,0.00,0.00,0.00,0.00,0.00,0.00,0.00,0.00,0.00,0.00
20650,DL:0.1.0:AT.1.0.0,2022-3-4 2:39:32,34.25,0.00,0.00,17.829,0.779,-5.214,12.615,18.607,0.00,0.00,0.00,0.00,0.00,0.00,0.00,0.00,0.00,0.00,0.00,0.00,0.00,0.00,0.00,0.00,0.00
20650,DL:0.1.0:AT.1.0.0,2022-3-4 2:39:39,34.25,0.00,0.00,17.860,0.747,-5.244,12.616,18.607,0.00,0.00,0.00,0.00,0.00,0.00,0.00,0.00,0.00,0.00,0.00,0.00,0.00,0.00,0.00,0.00,0.00
20650,DL:0.1.0:AT.1.0.0,2022-3-4 2:39:46,34.25,0.00,0.00,17.827,0.779,-5.213,12.615,18.606,0.00,0.00,0.00,0.00,0.00,0.00,0.00,0.00,0.00,0.00,0.00,0.00,0.00,0.00,0.00,0.00,0.00
20650,DL:0.1.0:AT.1.0.0,2022-3-4 2:39:51,34.25,0.00,0.00,17.832,0.776,-5.219,12.614,18.609,0.00,0.00,0.00,0.00,0.00,0.00,0.00,0.00,0.00,0.00,0.00,0.00,0.00,0.00,0.00,0.00,0.00
20650,DL:0.1.0:AT.1.0.0,2022-3-4 2:39:56,34.25,0.00,0.00,17.799,0.809,-5.185,12.614,18.607,0.00,0.00,0.00,0.00,0.00,0.00,0.00,0.00,0.00,0.00,0.00,0.00,0.00,0.00,0.00,0.00,0.00
20650,DL:0.1.0:AT.1.0.0,2022-3-4 2:40:3,34.25,0.00,0.00,17.805,0.804,-5.191,12.614,18.609,0.00,0.00,0.00,0.00,0.00,0.00,0.00,0.00,0.00,0.00,0.00,0.00,0.00,0.00,0.00,0.00,0.00
20650,DL:0.1.0:AT.1.0.0,2022-3-4 2:40:8,34.25,0.00,0.00,17.833,0.775,-5.221,12.612,18.609,0.00,0.00,0.00,0.00,0.00,0.00,0.00,0.00,0.00,0.00,0.00,0.00,0.00,0.00,0.00,0.00,0.00
20650,DL:0.1.0:AT.1.0.0,2022-3-4 2:40:13,34.25,0.00,0.00,17.819,0.789,-5.207,12.612,18.609,0.00,0.00,0.00,0.00,0.00,0.00,0.00,0.00,0.00,0.00,0.00,0.00,0.00,0.00,0.00,0.00,0.00
20650,DL:0.1.0:AT.1.0.0,2022-3-4 2:40:20,34.25,0.00,0.00,17.803,0.805,-5.191,12.612,18.609,0.00,0.00,0.00,0.00,0.00,0.00,0.00,0.00,0.00,0.00,0.00,0.00,0.00,0.00,0.00,0.00,0.00
20650,DL:0.1.0:AT.1.0.0,2022-3-4 2:40:26,34.25,0.00,0.00,17.832,0.777,-5.221,12.611,18.610,0.00,0.00,0.00,0.00,0.00,0.00,0.00,0.00,0.00,0.00,0.00,0.00,0.00,0.00,0.00,0.00,0.00
20650,DL:0.1.0:AT.1.0.0,2022-3-4 2:40:32,34.25,0.00,0.00,17.827,0.782,-5.216,12.611,18.610,0.00,0.00,0.00,0.00,0.00,0.00,0.00,0.00,0.00,0.00,0.00,0.00,0.00,0.00,0.00,0.00,0.00
20650,DL:0.1.0:AT.1.0.0,2022-3-4 2:40:38,34.25,0.00,0.00,17.829,0.781,-5.219,12.610,18.610,0.00,0.00,0.00,0.00,0.00,0.00,0.00,0.00,0.00,0.00,0.00,0.00,0.00,0.00,0.00,0.00,0.00
20650,DL:0.1.0:AT.1.0.0,2022-3-4 2:40:44,34.25,0.00,0.00,17.819,0.791,-5.209,12.610,18.610,0.00,0.00,0.00,0.00,0.00,0.00,0.00,0.00,0.00,0.00,0.00,0.00,0.00,0.00,0.00,0.00,0.00
20650,DL:0.1.0:AT.1.0.0,2022-3-4 2:40:50,34.25,0.00,0.00,17.835,0.775,-5.226,12.609,18.610,0.00,0.00,0.00,0.00,0.00,0.00,0.00,0.00,0.00,0.00,0.00,0.00,0.00,0.00,0.00,0.00,0.00
20650,DL:0.1.0:AT.1.0.0,2022-3-4 2:40:58,34.25,0.00,0.00,17.793,0.817,-5.184,12.609,18.610,0.00,0.00,0.00,0.00,0.00,0.00,0.00,0.00,0.00,0.00,0.00,0.00,0.00,0.00,0.00,0.00,0.00
20650,DL:0.1.0:AT.1.0.0,2022-3-4 2:41:3,34.25,0.00,0.00,17.817,0.793,-5.208,12.609,18.610,0.00,0.00,0.00,0.00,0.00,0.00,0.00,0.00,0.00,0.00,0.00,0.00,0.00,0.00,0.00,0.00,0.00
20650,DL:0.1.0:AT.1.0.0,2022-3-4 2:41:9,34.25,0.00,0.00,17.814,0.797,-5.205,12.609,18.611,0.00,0.00,0.00,0.00,0.00,0.00,0.00,0.00,0.00,0.00,0.00,0.00,0.00,0.00,0.00,0.00,0.00
20650,DL:0.1.0:AT.1.0.0,2022-3-4 2:41:15,34.25,0.00,0.00,17.837,0.774,-5.230,12.608,18.611,0.00,0.00,0.00,0.00,0.00,0.00,0.00,0.00,0.00,0.00,0.00,0.00,0.00,0.00,0.00,0.00,0.00
20650,DL:0.1.0:AT.1.0.0,2022-3-4 2:41:21,34.25,0.00,0.00,17.826,0.785,-5.219,12.608,18.611,0.00,0.00,0.00,0.00,0.00,0.00,0.00,0.00,0.00,0.00,0.00,0.00,0.00,0.00,0.00,0.00,0.00
20650,DL:0.1.0:AT.1.0.0,2022-3-4 2:41:28,34.25,0.00,0.00,17.784,0.827,-5.178,12.606,18.611,0.00,0.00,0.00,0.00,0.00,0.00,0.00,0.00,0.00,0.00,0.00,0.00,0.00,0.00,0.00,0.00,0.00
20650,DL:0.1.0:AT.1.0.0,2022-3-4 2:41:35,34.25,0.00,0.00,17.835,0.776,-5.230,12.605,18.611,0.00,0.00,0.00,0.00,0.00,0.00,0.00,0.00,0.00,0.00,0.00,0.00,0.00,0.00,0.00,0.00,0.00
20650,DL:0.1.0:AT.1.0.0,2022-3-4 2:41:40,34.25,0.00,0.00,17.825,0.787,-5.220,12.605,18.612,0.00,0.00,0.00,0.00,0.00,0.00,0.00,0.00,0.00,0.00,0.00,0.00,0.00,0.00,0.00,0.00,0.00
20650,DL:0.1.0:AT.1.0.0,2022-3-4 2:41:45,34.25,0.00,0.00,17.787,0.824,-5.183,12.604,18.611,0.00,0.00,0.00,0.00,0.00,0.00,0.00,0.00,0.00,0.00,0.00,0.00,0.00,0.00,0.00,0.00,0.00
20650,DL:0.1.0:AT.1.0.0,2022-3-4 2:41:50,34.25,0.00,0.00,17.836,0.775,-5.232,12.604,18.611,0.00,0.00,0.00,0.00,0.00,0.00,0.00,0.00,0.00,0.00,0.00,0.00,0.00,0.00,0.00,0.00,0.00
20650,DL:0.1.0:AT.1.0.0,2022-3-4 2:41:56,34.25,0.00,0.00,17.807,0.805,-5.203,12.604,18.612,0.00,0.00,0.00,0.00,0.00,0.00,0.00,0.00,0.00,0.00,0.00,0.00,0.00,0.00,0.00,0.00,0.00
20650,DL:0.1.0:AT.1.0.0,2022-3-4 2:42:1,34.25,0.00,0.00,17.800,0.812,-5.196,12.604,18.612,0.00,0.00,0.00,0.00,0.00,0.00,0.00,0.00,0.00,0.00,0.00,0.00,0.00,0.00,0.00,0.00,0.00
20650,DL:0.1.0:AT.1.0.0,2022-3-4 2:42:6,34.25,0.00,0.00,17.813,0.800,-5.209,12.604,18.613,0.00,0.00,0.00,0.00,0.00,0.00,0.00,0.00,0.00,0.00,0.00,0.00,0.00,0.00,0.00,0.00,0.00
20650,DL:0.1.0:AT.1.0.0,2022-3-4 2:42:13,34.25,0.00,0.00,17.844,0.769,-5.242,12.603,18.613,0.00,0.00,0.00,0.00,0.00,0.00,0.00,0.00,0.00,0.00,0.00,0.00,0.00,0.00,0.00,0.00,0.00
20650,DL:0.1.0:AT.1.0.0,2022-3-4 2:42:20,34.25,0.00,0.00,17.797,0.816,-5.196,12.602,18.613,0.00,0.00,0.00,0.00,0.00,0.00,0.00,0.00,0.00,0.00,0.00,0.00,0.00,0.00,0.00,0.00,0.00
20650,DL:0.1.0:AT.1.0.0,2022-3-4 2:42:26,34.25,0.00,0.00,17.826,0.787,-5.225,12.602,18.613,0.00,0.00,0.00,0.00,0.00,0.00,0.00,0.00,0.00,0.00,0.00,0.00,0.00,0.00,0.00,0.00,0.00
20650,DL:0.1.0:AT.1.0.0,2022-3-4 2:42:33,34.25,0.00,0.00,17.797,0.817,-5.196,12.602,18.615,0.00,0.00,0.00,0.00,0.00,0.00,0.00,0.00,0.00,0.00,0.00,0.00,0.00,0.00,0.00,0.00,0.00
20650,DL:0.1.0:AT.1.0.0,2022-3-4 2:42:44,34.25,0.00,0.00,17.836,0.779,-5.236,12.600,18.615,0.00,0.00,0.00,0.00,0.00,0.00,0.00,0.00,0.00,0.00,0.00,0.00,0.00,0.00,0.00,0.00,0.00
20650,DL:0.1.0:AT.1.0.0,2022-3-4 2:42:50,34.25,0.00,0.00,17.814,0.800,-5.215,12.599,18.615,0.00,0.00,0.00,0.00,0.00,0.00,0.00,0.00,0.00,0.00,0.00,0.00,0.00,0.00,0.00,0.00,0.00
20650,DL:0.1.0:AT.1.0.0,2022-3-4 2:42:57,34.25,0.00,0.00,17.807,0.807,-5.208,12.599,18.615,0.00,0.00,0.00,0.00,0.00,0.00,0.00,0.00,0.00,0.00,0.00,0.00,0.00,0.00,0.00,0.00,0.00
20650,DL:0.1.0:AT.1.0.0,2022-3-4 2:43:3,34.25,0.00,0.00,17.818,0.798,-5.220,12.598,18.616,0.00,0.00,0.00,0.00,0.00,0.00,0.00,0.00,0.00,0.00,0.00,0.00,0.00,0.00,0.00,0.00,0.00
20650,DL:0.1.0:AT.1.0.0,2022-3-4 2:43:8,34.25,0.00,0.00,17.839,0.776,-5.242,12.598,18.616,0.00,0.00,0.00,0.00,0.00,0.00,0.00,0.00,0.00,0.00,0.00,0.00,0.00,0.00,0.00,0.00,0.00
20650,DL:0.1.0:AT.1.0.0,2022-3-4 2:43:15,34.25,0.00,0.00,17.841,0.775,-5.243,12.598,18.616,0.00,0.00,0.00,0.00,0.00,0.00,0.00,0.00,0.00,0.00,0.00,0.00,0.00,0.00,0.00,0.00,0.00
20650,DL:0.1.0:AT.1.0.0,2022-3-4 2:43:20,34.25,0.00,0.00,17.824,0.792,-5.226,12.598,18.616,0.00,0.00,0.00,0.00,0.00,0.00,0.00,0.00,0.00,0.00,0.00,0.00,0.00,0.00,0.00,0.00,0.00
20650,DL:0.1.0:AT.1.0.0,2022-3-4 2:43:25,34.25,0.00,0.00,17.789,0.827,-5.191,12.598,18.616,0.00,0.00,0.00,0.00,0.00,0.00,0.00,0.00,0.00,0.00,0.00,0.00,0.00,0.00,0.00,0.00,0.00
20650,DL:0.1.0:AT.1.0.0,2022-3-4 2:43:31,34.25,0.00,0.00,17.802,0.814,-5.205,12.597,18.616,0.00,0.00,0.00,0.00,0.00,0.00,0.00,0.00,0.00,0.00,0.00,0.00,0.00,0.00,0.00,0.00,0.00
20650,DL:0.1.0:AT.1.0.0,2022-3-4 2:43:38,34.25,0.00,0.00,17.808,0.809,-5.213,12.596,18.617,0.00,0.00,0.00,0.00,0.00,0.00,0.00,0.00,0.00,0.00,0.00,0.00,0.00,0.00,0.00,0.00,0.00
20650,DL:0.1.0:AT.1.0.0,2022-3-4 2:43:43,34.25,0.00,0.00,17.833,0.783,-5.238,12.596,18.617,0.00,0.00,0.00,0.00,0.00,0.00,0.00,0.00,0.00,0.00,0.00,0.00,0.00,0.00,0.00,0.00,0.00
20650,DL:0.1.0:AT.1.0.0,2022-3-4 2:43:49,34.25,0.00,0.00,17.843,0.774,-5.248,12.596,18.617,0.00,0.00,0.00,0.00,0.00,0.00,0.00,0.00,0.00,0.00,0.00,0.00,0.00,0.00,0.00,0.00,0.00
20650,DL:0.1.0:AT.1.0.0,2022-3-4 2:43:55,34.25,0.00,0.00,17.826,0.792,-5.232,12.594,18.618,0.00,0.00,0.00,0.00,0.00,0.00,0.00,0.00,0.00,0.00,0.00,0.00,0.00,0.00,0.00,0.00,0.00
20650,DL:0.1.0:AT.1.0.0,2022-3-4 2:44:2,34.25,0.00,0.00,17.833,0.783,-5.239,12.594,18.617,0.00,0.00,0.00,0.00,0.00,0.00,0.00,0.00,0.00,0.00,0.00,0.00,0.00,0.00,0.00,0.00,0.00
20650,DL:0.1.0:AT.1.0.0,2022-3-4 2:44:9,34.25,0.00,0.00,17.790,0.827,-5.197,12.593,18.617,0.00,0.00,0.00,0.00,0.00,0.00,0.00,0.00,0.00,0.00,0.00,0.00,0.00,0.00,0.00,0.00,0.00
20650,DL:0.1.0:AT.1.0.0,2022-3-4 2:44:15,34.25,0.00,0.00,17.796,0.821,-5.203,12.593,18.617,0.00,0.00,0.00,0.00,0.00,0.00,0.00,0.00,0.00,0.00,0.00,0.00,0.00,0.00,0.00,0.00,0.00
20650,DL:0.1.0:AT.1.0.0,2022-3-4 2:44:26,34.25,0.00,0.00,17.811,0.807,-5.217,12.593,18.618,0.00,0.00,0.00,0.00,0.00,0.00,0.00,0.00,0.00,0.00,0.00,0.00,0.00,0.00,0.00,0.00,0.00
20650,DL:0.1.0:AT.1.0.0,2022-3-4 2:44:33,34.25,0.00,0.00,17.819,0.800,-5.227,12.592,18.619,0.00,0.00,0.00,0.00,0.00,0.00,0.00,0.00,0.00,0.00,0.00,0.00,0.00,0.00,0.00,0.00,0.00
20650,DL:0.1.0:AT.1.0.0,2022-3-4 2:44:40,34.25,0.00,0.00,17.813,0.805,-5.222,12.591,18.618,0.00,0.00,0.00,0.00,0.00,0.00,0.00,0.00,0.00,0.00,0.00,0.00,0.00,0.00,0.00,0.00,0.00
20650,DL:0.1.0:AT.1.0.0,2022-3-4 2:44:48,34.25,0.00,0.00,17.842,0.777,-5.251,12.591,18.619,0.00,0.00,0.00,0.00,0.00,0.00,0.00,0.00,0.00,0.00,0.00,0.00,0.00,0.00,0.00,0.00,0.00
20650,DL:0.1.0:AT.1.0.0,2022-3-4 2:44:54,34.25,0.00,0.00,17.814,0.806,-5.225,12.590,18.621,0.00,0.00,0.00,0.00,0.00,0.00,0.00,0.00,0.00,0.00,0.00,0.00,0.00,0.00,0.00,0.00,0.00
20650,DL:0.1.0:AT.1.0.0,2022-3-4 2:44:59,34.25,0.00,0.00,17.839,0.781,-5.250,12.590,18.621,0.00,0.00,0.00,0.00,0.00,0.00,0.00,0.00,0.00,0.00,0.00,0.00,0.00,0.00,0.00,0.00,0.00
20650,DL:0.1.0:AT.1.0.0,2022-3-4 2:45:4,34.25,0.00,0.00,17.814,0.806,-5.225,12.590,18.621,0.00,0.00,0.00,0.00,0.00,0.00,0.00,0.00,0.00,0.00,0.00,0.00,0.00,0.00,0.00,0.00,0.00
20650,DL:0.1.0:AT.1.0.0,2022-3-4 2:45:11,34.25,0.00,0.00,17.818,0.803,-5.228,12.590,18.621,0.00,0.00,0.00,0.00,0.00,0.00,0.00,0.00,0.00,0.00,0.00,0.00,0.00,0.00,0.00,0.00,0.00
20650,DL:0.1.0:AT.1.0.0,2022-3-4 2:45:16,34.25,0.00,0.00,17.799,0.822,-5.210,12.588,18.621,0.00,0.00,0.00,0.00,0.00,0.00,0.00,0.00,0.00,0.00,0.00,0.00,0.00,0.00,0.00,0.00,0.00
20650,DL:0.1.0:AT.1.0.0,2022-3-4 2:45:21,34.25,0.00,0.00,17.796,0.824,-5.208,12.588,18.621,0.00,0.00,0.00,0.00,0.00,0.00,0.00,0.00,0.00,0.00,0.00,0.00,0.00,0.00,0.00,0.00,0.00
20650,DL:0.1.0:AT.1.0.0,2022-3-4 2:45:27,34.25,0.00,0.00,17.799,0.823,-5.211,12.587,18.622,0.00,0.00,0.00,0.00,0.00,0.00,0.00,0.00,0.00,0.00,0.00,0.00,0.00,0.00,0.00,0.00,0.00
20650,DL:0.1.0:AT.1.0.0,2022-3-4 2:45:32,34.25,0.00,0.00,17.788,0.834,-5.199,12.588,18.622,0.00,0.00,0.00,0.00,0.00,0.00,0.00,0.00,0.00,0.00,0.00,0.00,0.00,0.00,0.00,0.00,0.00
20650,DL:0.1.0:AT.1.0.0,2022-3-4 2:45:38,34.25,0.00,0.00,17.824,0.798,-5.238,12.586,18.622,0.00,0.00,0.00,0.00,0.00,0.00,0.00,0.00,0.00,0.00,0.00,0.00,0.00,0.00,0.00,0.00,0.00
20650,DL:0.1.0:AT.1.0.0,2022-3-4 2:45:43,34.25,0.00,0.00,17.856,0.765,-5.270,12.586,18.622,0.00,0.00,0.00,0.00,0.00,0.00,0.00,0.00,0.00,0.00,0.00,0.00,0.00,0.00,0.00,0.00,0.00
20650,DL:0.1.0:AT.1.0.0,2022-3-4 2:45:48,34.25,0.00,0.00,17.836,0.786,-5.249,12.587,18.622,0.00,0.00,0.00,0.00,0.00,0.00,0.00,0.00,0.00,0.00,0.00,0.00,0.00,0.00,0.00,0.00,0.00
20650,DL:0.1.0:AT.1.0.0,2022-3-4 2:45:55,34.25,0.00,0.00,17.838,0.785,-5.254,12.585,18.623,0.00,0.00,0.00,0.00,0.00,0.00,0.00,0.00,0.00,0.00,0.00,0.00,0.00,0.00,0.00,0.00,0.00
20650,DL:0.1.0:AT.1.0.0,2022-3-4 2:46:0,34.25,0.00,0.00,17.820,0.799,-5.236,12.585,18.619,0.00,0.00,0.00,0.00,0.00,0.00,0.00,0.00,0.00,0.00,0.00,0.00,0.00,0.00,0.00,0.00,0.00
20650,DL:0.1.0:AT.1.0.0,2022-3-4 2:46:6,34.25,0.00,0.00,17.802,0.797,-5.216,12.586,18.599,0.00,0.00,0.00,0.00,0.00,0.00,0.00,0.00,0.00,0.00,0.00,0.00,0.00,0.00,0.00,0.00,0.00
20650,DL:0.1.0:AT.1.0.0,2022-3-4 2:46:12,34.25,0.00,0.00,17.779,0.815,-5.195,12.585,18.594,0.00,0.00,0.00,0.00,0.00,0.00,0.00,0.00,0.00,0.00,0.00,0.00,0.00,0.00,0.00,0.00,0.00
20650,DL:0.1.0:AT.1.0.0,2022-3-4 2:46:19,34.25,0.00,0.00,17.799,0.794,-5.215,12.584,18.593,0.00,0.00,0.00,0.00,0.00,0.00,0.00,0.00,0.00,0.00,0.00,0.00,0.00,0.00,0.00,0.00,0.00
20650,DL:0.1.0:AT.1.0.0,2022-3-4 2:46:24,34.25,0.00,0.00,17.763,0.829,-5.179,12.584,18.592,0.00,0.00,0.00,0.00,0.00,0.00,0.00,0.00,0.00,0.00,0.00,0.00,0.00,0.00,0.00,0.00,0.00
20650,DL:0.1.0:AT.1.0.0,2022-3-4 2:46:30,34.25,0.00,0.00,17.785,0.806,-5.203,12.582,18.592,0.00,0.00,0.00,0.00,0.00,0.00,0.00,0.00,0.00,0.00,0.00,0.00,0.00,0.00,0.00,0.00,0.00
20650,DL:0.1.0:AT.1.0.0,2022-3-4 2:46:35,34.25,0.00,0.00,17.811,0.782,-5.227,12.584,18.593,0.00,0.00,0.00,0.00,0.00,0.00,0.00,0.00,0.00,0.00,0.00,0.00,0.00,0.00,0.00,0.00,0.00
20650,DL:0.1.0:AT.1.0.0,2022-3-4 2:46:40,34.25,0.00,0.00,17.802,0.789,-5.220,12.582,18.592,0.00,0.00,0.00,0.00,0.00,0.00,0.00,0.00,0.00,0.00,0.00,0.00,0.00,0.00,0.00,0.00,0.00
20650,DL:0.1.0:AT.1.0.0,2022-3-4 2:46:51,34.25,0.00,0.00,17.806,0.786,-5.224,12.582,18.592,0.00,0.00,0.00,0.00,0.00,0.00,0.00,0.00,0.00,0.00,0.00,0.00,0.00,0.00,0.00,0.00,0.00
20650,DL:0.1.0:AT.1.0.0,2022-3-4 2:46:57,34.25,0.00,0.00,17.777,0.815,-5.197,12.580,18.592,0.00,0.00,0.00,0.00,0.00,0.00,0.00,0.00,0.00,0.00,0.00,0.00,0.00,0.00,0.00,0.00,0.00
20650,DL:0.1.0:AT.1.0.0,2022-3-4 2:47:5,34.25,0.00,0.00,17.781,0.811,-5.199,12.581,18.592,0.00,0.00,0.00,0.00,0.00,0.00,0.00,0.00,0.00,0.00,0.00,0.00,0.00,0.00,0.00,0.00,0.00
20650,DL:0.1.0:AT.1.0.0,2022-3-4 2:47:11,34.25,0.00,0.00,17.800,0.792,-5.220,12.580,18.592,0.00,0.00,0.00,0.00,0.00,0.00,0.00,0.00,0.00,0.00,0.00,0.00,0.00,0.00,0.00,0.00,0.00
20650,DL:0.1.0:AT.1.0.0,2022-3-4 2:47:16,34.25,0.00,0.00,17.777,0.814,-5.197,12.580,18.590,0.00,0.00,0.00,0.00,0.00,0.00,0.00,0.00,0.00,0.00,0.00,0.00,0.00,0.00,0.00,0.00,0.00
20650,DL:0.1.0:AT.1.0.0,2022-3-4 2:47:21,34.25,0.00,0.00,17.790,0.801,-5.210,12.580,18.592,0.00,0.00,0.00,0.00,0.00,0.00,0.00,0.00,0.00,0.00,0.00,0.00,0.00,0.00,0.00,0.00,0.00
20650,DL:0.1.0:AT.1.0.0,2022-3-4 2:47:26,34.25,0.00,0.00,17.761,0.830,-5.183,12.579,18.592,0.00,0.00,0.00,0.00,0.00,0.00,0.00,0.00,0.00,0.00,0.00,0.00,0.00,0.00,0.00,0.00,0.00
20650,DL:0.1.0:AT.1.0.0,2022-3-4 2:47:31,34.25,0.00,0.00,17.800,0.792,-5.222,12.578,18.592,0.00,0.00,0.00,0.00,0.00,0.00,0.00,0.00,0.00,0.00,0.00,0.00,0.00,0.00,0.00,0.00,0.00
20650,DL:0.1.0:AT.1.0.0,2022-3-4 2:47:38,34.25,0.00,0.00,17.791,0.801,-5.214,12.578,18.593,0.00,0.00,0.00,0.00,0.00,0.00,0.00,0.00,0.00,0.00,0.00,0.00,0.00,0.00,0.00,0.00,0.00
20650,DL:0.1.0:AT.1.0.0,2022-3-4 2:47:45,34.25,0.00,0.00,17.777,0.815,-5.199,12.578,18.592,0.00,0.00,0.00,0.00,0.00,0.00,0.00,0.00,0.00,0.00,0.00,0.00,0.00,0.00,0.00,0.00,0.00
20650,DL:0.1.0:AT.1.0.0,2022-3-4 2:47:51,34.25,0.00,0.00,17.793,0.800,-5.216,12.576,18.593,0.00,0.00,0.00,0.00,0.00,0.00,0.00,0.00,0.00,0.00,0.00,0.00,0.00,0.00,0.00,0.00,0.00
20650,DL:0.1.0:AT.1.0.0,2022-3-4 2:47:56,34.25,0.00,0.00,17.766,0.826,-5.190,12.576,18.592,0.00,0.00,0.00,0.00,0.00,0.00,0.00,0.00,0.00,0.00,0.00,0.00,0.00,0.00,0.00,0.00,0.00
20650,DL:0.1.0:AT.1.0.0,2022-3-4 2:48:1,34.25,0.00,0.00,17.741,0.851,-5.166,12.575,18.592,0.00,0.00,0.00,0.00,0.00,0.00,0.00,0.00,0.00,0.00,0.00,0.00,0.00,0.00,0.00,0.00,0.00
20650,DL:0.1.0:AT.1.0.0,2022-3-4 2:48:6,34.25,0.00,0.00,17.758,0.834,-5.181,12.576,18.592,0.00,0.00,0.00,0.00,0.00,0.00,0.00,0.00,0.00,0.00,0.00,0.00,0.00,0.00,0.00,0.00,0.00
20650,DL:0.1.0:AT.1.0.0,2022-3-4 2:48:11,34.25,0.00,0.00,17.795,0.797,-5.220,12.575,18.592,0.00,0.00,0.00,0.00,0.00,0.00,0.00,0.00,0.00,0.00,0.00,0.00,0.00,0.00,0.00,0.00,0.00
20650,DL:0.1.0:AT.1.0.0,2022-3-4 2:48:16,34.25,0.00,0.00,17.740,0.852,-5.165,12.575,18.592,0.00,0.00,0.00,0.00,0.00,0.00,0.00,0.00,0.00,0.00,0.00,0.00,0.00,0.00,0.00,0.00,0.00
20650,DL:0.1.0:AT.1.0.0,2022-3-4 2:48:23,34.25,0.00,0.00,17.764,0.829,-5.190,12.574,18.593,0.00,0.00,0.00,0.00,0.00,0.00,0.00,0.00,0.00,0.00,0.00,0.00,0.00,0.00,0.00,0.00,0.00
20650,DL:0.1.0:AT.1.0.0,2022-3-4 2:48:29,34.25,0.00,0.00,17.763,0.829,-5.189,12.574,18.592,0.00,0.00,0.00,0.00,0.00,0.00,0.00,0.00,0.00,0.00,0.00,0.00,0.00,0.00,0.00,0.00,0.00
20650,DL:0.1.0:AT.1.0.0,2022-3-4 2:48:37,34.25,0.00,0.00,17.763,0.830,-5.190,12.573,18.593,0.00,0.00,0.00,0.00,0.00,0.00,0.00,0.00,0.00,0.00,0.00,0.00,0.00,0.00,0.00,0.00,0.00
20650,DL:0.1.0:AT.1.0.0,2022-3-4 2:48:43,34.25,0.00,0.00,17.761,0.832,-5.189,12.573,18.593,0.00,0.00,0.00,0.00,0.00,0.00,0.00,0.00,0.00,0.00,0.00,0.00,0.00,0.00,0.00,0.00,0.00
20650,DL:0.1.0:AT.1.0.0,2022-3-4 2:48:54,34.25,0.00,0.00,17.760,0.833,-5.189,12.571,18.593,0.00,0.00,0.00,0.00,0.00,0.00,0.00,0.00,0.00,0.00,0.00,0.00,0.00,0.00,0.00,0.00,0.00
20650,DL:0.1.0:AT.1.0.0,2022-3-4 2:49:0,34.25,0.00,0.00,17.752,0.842,-5.180,12.571,18.594,0.00,0.00,0.00,0.00,0.00,0.00,0.00,0.00,0.00,0.00,0.00,0.00,0.00,0.00,0.00,0.00,0.00
20650,DL:0.1.0:AT.1.0.0,2022-3-4 2:49:5,34.25,0.00,0.00,17.776,0.817,-5.205,12.570,18.593,0.00,0.00,0.00,0.00,0.00,0.00,0.00,0.00,0.00,0.00,0.00,0.00,0.00,0.00,0.00,0.00,0.00
20650,DL:0.1.0:AT.1.0.0,2022-3-4 2:49:10,34.25,0.00,0.00,17.754,0.840,-5.184,12.570,18.594,0.00,0.00,0.00,0.00,0.00,0.00,0.00,0.00,0.00,0.00,0.00,0.00,0.00,0.00,0.00,0.00,0.00
20650,DL:0.1.0:AT.1.0.0,2022-3-4 2:49:18,34.25,0.00,0.00,17.775,0.821,-5.204,12.570,18.595,0.00,0.00,0.00,0.00,0.00,0.00,0.00,0.00,0.00,0.00,0.00,0.00,0.00,0.00,0.00,0.00,0.00
20650,DL:0.1.0:AT.1.0.0,2022-3-4 2:49:25,34.25,0.00,0.00,17.775,0.820,-5.205,12.569,18.594,0.00,0.00,0.00,0.00,0.00,0.00,0.00,0.00,0.00,0.00,0.00,0.00,0.00,0.00,0.00,0.00,0.00
20650,DL:0.1.0:AT.1.0.0,2022-3-4 2:49:31,34.25,0.00,0.00,17.772,0.822,-5.204,12.568,18.594,0.00,0.00,0.00,0.00,0.00,0.00,0.00,0.00,0.00,0.00,0.00,0.00,0.00,0.00,0.00,0.00,0.00
20650,DL:0.1.0:AT.1.0.0,2022-3-4 2:49:36,34.25,0.00,0.00,17.767,0.827,-5.198,12.569,18.594,0.00,0.00,0.00,0.00,0.00,0.00,0.00,0.00,0.00,0.00,0.00,0.00,0.00,0.00,0.00,0.00,0.00
20650,DL:0.1.0:AT.1.0.0,2022-3-4 2:49:41,34.25,0.00,0.00,17.803,0.792,-5.236,12.568,18.595,0.00,0.00,0.00,0.00,0.00,0.00,0.00,0.00,0.00,0.00,0.00,0.00,0.00,0.00,0.00,0.00,0.00
20650,DL:0.1.0:AT.1.0.0,2022-3-4 2:49:46,34.25,0.00,0.00,17.784,0.812,-5.217,12.567,18.596,0.00,0.00,0.00,0.00,0.00,0.00,0.00,0.00,0.00,0.00,0.00,0.00,0.00,0.00,0.00,0.00,0.00
20650,DL:0.1.0:AT.1.0.0,2022-3-4 2:49:53,34.25,0.00,0.00,17.799,0.798,-5.231,12.568,18.596,0.00,0.00,0.00,0.00,0.00,0.00,0.00,0.00,0.00,0.00,0.00,0.00,0.00,0.00,0.00,0.00,0.00
20650,DL:0.1.0:AT.1.0.0,2022-3-4 2:49:59,34.25,0.00,0.00,17.791,0.805,-5.225,12.567,18.596,0.00,0.00,0.00,0.00,0.00,0.00,0.00,0.00,0.00,0.00,0.00,0.00,0.00,0.00,0.00,0.00,0.00
20650,DL:0.1.0:AT.1.0.0,2022-3-4 2:50:4,34.25,0.00,0.00,17.814,0.783,-5.249,12.565,18.598,0.00,0.00,0.00,0.00,0.00,0.00,0.00,0.00,0.00,0.00,0.00,0.00,0.00,0.00,0.00,0.00,0.00
20650,DL:0.1.0:AT.1.0.0,2022-3-4 2:50:9,34.25,0.00,0.00,17.803,0.793,-5.238,12.565,18.596,0.00,0.00,0.00,0.00,0.00,0.00,0.00,0.00,0.00,0.00,0.00,0.00,0.00,0.00,0.00,0.00,0.00
20650,DL:0.1.0:AT.1.0.0,2022-3-4 2:50:14,34.25,0.00,0.00,17.791,0.805,-5.226,12.565,18.596,0.00,0.00,0.00,0.00,0.00,0.00,0.00,0.00,0.00,0.00,0.00,0.00,0.00,0.00,0.00,0.00,0.00
20650,DL:0.1.0:AT.1.0.0,2022-3-4 2:50:19,34.25,0.00,0.00,17.809,0.787,-5.245,12.564,18.596,0.00,0.00,0.00,0.00,0.00,0.00,0.00,0.00,0.00,0.00,0.00,0.00,0.00,0.00,0.00,0.00,0.00
20650,DL:0.1.0:AT.1.0.0,2022-3-4 2:50:24,34.25,0.00,0.00,17.789,0.807,-5.225,12.564,18.596,0.00,0.00,0.00,0.00,0.00,0.00,0.00,0.00,0.00,0.00,0.00,0.00,0.00,0.00,0.00,0.00,0.00
20650,DL:0.1.0:AT.1.0.0,2022-3-4 2:50:29,34.25,0.00,0.00,17.806,0.792,-5.242,12.564,18.598,0.00,0.00,0.00,0.00,0.00,0.00,0.00,0.00,0.00,0.00,0.00,0.00,0.00,0.00,0.00,0.00,0.00
20650,DL:0.1.0:AT.1.0.0,2022-3-4 2:50:34,34.25,0.00,0.00,17.784,0.814,-5.221,12.563,18.598,0.00,0.00,0.00,0.00,0.00,0.00,0.00,0.00,0.00,0.00,0.00,0.00,0.00,0.00,0.00,0.00,0.00
20650,DL:0.1.0:AT.1.0.0,2022-3-4 2:50:40,34.25,0.00,0.00,17.796,0.801,-5.233,12.563,18.598,0.00,0.00,0.00,0.00,0.00,0.00,0.00,0.00,0.00,0.00,0.00,0.00,0.00,0.00,0.00,0.00,0.00
20650,DL:0.1.0:AT.1.0.0,2022-3-4 2:50:45,34.25,0.00,0.00,17.793,0.805,-5.230,12.563,18.598,0.00,0.00,0.00,0.00,0.00,0.00,0.00,0.00,0.00,0.00,0.00,0.00,0.00,0.00,0.00,0.00,0.00
20650,DL:0.1.0:AT.1.0.0,2022-3-4 2:50:50,34.25,0.00,0.00,17.759,0.839,-5.197,12.562,18.598,0.00,0.00,0.00,0.00,0.00,0.00,0.00,0.00,0.00,0.00,0.00,0.00,0.00,0.00,0.00,0.00,0.00
20650,DL:0.1.0:AT.1.0.0,2022-3-4 2:50:57,34.25,0.00,0.00,17.784,0.815,-5.224,12.561,18.599,0.00,0.00,0.00,0.00,0.00,0.00,0.00,0.00,0.00,0.00,0.00,0.00,0.00,0.00,0.00,0.00,0.00
20650,DL:0.1.0:AT.1.0.0,2022-3-4 2:51:3,34.25,0.00,0.00,17.766,0.833,-5.205,12.561,18.599,0.00,0.00,0.00,0.00,0.00,0.00,0.00,0.00,0.00,0.00,0.00,0.00,0.00,0.00,0.00,0.00,0.00
20650,DL:0.1.0:AT.1.0.0,2022-3-4 2:51:8,34.25,0.00,0.00,17.806,0.793,-5.246,12.559,18.599,0.00,0.00,0.00,0.00,0.00,0.00,0.00,0.00,0.00,0.00,0.00,0.00,0.00,0.00,0.00,0.00,0.00
20650,DL:0.1.0:AT.1.0.0,2022-3-4 2:51:13,34.25,0.00,0.00,17.797,0.801,-5.238,12.559,18.599,0.00,0.00,0.00,0.00,0.00,0.00,0.00,0.00,0.00,0.00,0.00,0.00,0.00,0.00,0.00,0.00,0.00
20650,DL:0.1.0:AT.1.0.0,2022-3-4 2:51:18,34.25,0.00,0.00,17.806,0.794,-5.246,12.559,18.600,0.00,0.00,0.00,0.00,0.00,0.00,0.00,0.00,0.00,0.00,0.00,0.00,0.00,0.00,0.00,0.00,0.00
20650,DL:0.1.0:AT.1.0.0,2022-3-4 2:51:26,34.25,0.00,0.00,17.795,0.805,-5.237,12.558,18.600,0.00,0.00,0.00,0.00,0.00,0.00,0.00,0.00,0.00,0.00,0.00,0.00,0.00,0.00,0.00,0.00,0.00
20650,DL:0.1.0:AT.1.0.0,2022-3-4 2:51:31,34.25,0.00,0.00,17.813,0.787,-5.255,12.558,18.600,0.00,0.00,0.00,0.00,0.00,0.00,0.00,0.00,0.00,0.00,0.00,0.00,0.00,0.00,0.00,0.00,0.00
20650,DL:0.1.0:AT.1.0.0,2022-3-4 2:51:36,34.25,0.00,0.00,17.782,0.818,-5.224,12.558,18.600,0.00,0.00,0.00,0.00,0.00,0.00,0.00,0.00,0.00,0.00,0.00,0.00,0.00,0.00,0.00,0.00,0.00
20650,DL:0.1.0:AT.1.0.0,2022-3-4 2:51:41,34.25,0.00,0.00,17.789,0.810,-5.232,12.557,18.599,0.00,0.00,0.00,0.00,0.00,0.00,0.00,0.00,0.00,0.00,0.00,0.00,0.00,0.00,0.00,0.00,0.00
20650,DL:0.1.0:AT.1.0.0,2022-3-4 2:51:48,34.25,0.00,0.00,17.820,0.780,-5.263,12.557,18.600,0.00,0.00,0.00,0.00,0.00,0.00,0.00,0.00,0.00,0.00,0.00,0.00,0.00,0.00,0.00,0.00,0.00
20650,DL:0.1.0:AT.1.0.0,2022-3-4 2:51:56,34.25,0.00,0.00,17.812,0.789,-5.256,12.556,18.601,0.00,0.00,0.00,0.00,0.00,0.00,0.00,0.00,0.00,0.00,0.00,0.00,0.00,0.00,0.00,0.00,0.00
20650,DL:0.1.0:AT.1.0.0,2022-3-4 2:52:2,34.25,0.00,0.00,17.803,0.799,-5.249,12.555,18.602,0.00,0.00,0.00,0.00,0.00,0.00,0.00,0.00,0.00,0.00,0.00,0.00,0.00,0.00,0.00,0.00,0.00
20650,DL:0.1.0:AT.1.0.0,2022-3-4 2:52:7,34.25,0.00,0.00,17.833,0.769,-5.279,12.555,18.602,0.00,0.00,0.00,0.00,0.00,0.00,0.00,0.00,0.00,0.00,0.00,0.00,0.00,0.00,0.00,0.00,0.00
20650,DL:0.1.0:AT.1.0.0,2022-3-4 2:52:12,34.25,0.00,0.00,17.800,0.803,-5.245,12.555,18.602,0.00,0.00,0.00,0.00,0.00,0.00,0.00,0.00,0.00,0.00,0.00,0.00,0.00,0.00,0.00,0.00,0.00
20650,DL:0.1.0:AT.1.0.0,2022-3-4 2:52:19,34.25,0.00,0.00,17.782,0.821,-5.227,12.555,18.602,0.00,0.00,0.00,0.00,0.00,0.00,0.00,0.00,0.00,0.00,0.00,0.00,0.00,0.00,0.00,0.00,0.00
20650,DL:0.1.0:AT.1.0.0,2022-3-4 2:52:24,34.25,0.00,0.00,17.809,0.793,-5.256,12.553,18.602,0.00,0.00,0.00,0.00,0.00,0.00,0.00,0.00,0.00,0.00,0.00,0.00,0.00,0.00,0.00,0.00,0.00
20650,DL:0.1.0:AT.1.0.0,2022-3-4 2:52:29,34.25,0.00,0.00,17.795,0.807,-5.244,12.551,18.602,0.00,0.00,0.00,0.00,0.00,0.00,0.00,0.00,0.00,0.00,0.00,0.00,0.00,0.00,0.00,0.00,0.00
20650,DL:0.1.0:AT.1.0.0,2022-3-4 2:52:36,34.25,0.00,0.00,17.766,0.838,-5.215,12.551,18.604,0.00,0.00,0.00,0.00,0.00,0.00,0.00,0.00,0.00,0.00,0.00,0.00,0.00,0.00,0.00,0.00,0.00
20650,DL:0.1.0:AT.1.0.0,2022-3-4 2:52:42,34.25,0.00,0.00,17.779,0.824,-5.228,12.551,18.604,0.00,0.00,0.00,0.00,0.00,0.00,0.00,0.00,0.00,0.00,0.00,0.00,0.00,0.00,0.00,0.00,0.00
20650,DL:0.1.0:AT.1.0.0,2022-3-4 2:52:50,34.25,0.00,0.00,17.793,0.811,-5.243,12.550,18.604,0.00,0.00,0.00,0.00,0.00,0.00,0.00,0.00,0.00,0.00,0.00,0.00,0.00,0.00,0.00,0.00,0.00
20650,DL:0.1.0:AT.1.0.0,2022-3-4 2:52:57,34.25,0.00,0.00,17.797,0.807,-5.248,12.550,18.605,0.00,0.00,0.00,0.00,0.00,0.00,0.00,0.00,0.00,0.00,0.00,0.00,0.00,0.00,0.00,0.00,0.00
20650,DL:0.1.0:AT.1.0.0,2022-3-4 2:53:2,34.25,0.00,0.00,17.795,0.810,-5.245,12.550,18.605,0.00,0.00,0.00,0.00,0.00,0.00,0.00,0.00,0.00,0.00,0.00,0.00,0.00,0.00,0.00,0.00,0.00
20650,DL:0.1.0:AT.1.0.0,2022-3-4 2:53:7,34.25,0.00,0.00,17.805,0.800,-5.256,12.549,18.605,0.00,0.00,0.00,0.00,0.00,0.00,0.00,0.00,0.00,0.00,0.00,0.00,0.00,0.00,0.00,0.00,0.00
20650,DL:0.1.0:AT.1.0.0,2022-3-4 2:53:14,34.25,0.00,0.00,17.803,0.801,-5.256,12.547,18.605,0.00,0.00,0.00,0.00,0.00,0.00,0.00,0.00,0.00,0.00,0.00,0.00,0.00,0.00,0.00,0.00,0.00
20650,DL:0.1.0:AT.1.0.0,2022-3-4 2:53:20,34.25,0.00,0.00,17.803,0.803,-5.256,12.547,18.606,0.00,0.00,0.00,0.00,0.00,0.00,0.00,0.00,0.00,0.00,0.00,0.00,0.00,0.00,0.00,0.00,0.00
20650,DL:0.1.0:AT.1.0.0,2022-3-4 2:53:31,34.25,0.00,0.00,17.800,0.806,-5.254,12.546,18.606,0.00,0.00,0.00,0.00,0.00,0.00,0.00,0.00,0.00,0.00,0.00,0.00,0.00,0.00,0.00,0.00,0.00
20650,DL:0.1.0:AT.1.0.0,2022-3-4 2:53:36,34.25,0.00,0.00,17.801,0.805,-5.256,12.545,18.606,0.00,0.00,0.00,0.00,0.00,0.00,0.00,0.00,0.00,0.00,0.00,0.00,0.00,0.00,0.00,0.00,0.00
20650,DL:0.1.0:AT.1.0.0,2022-3-4 2:53:41,34.25,0.00,0.00,17.779,0.828,-5.234,12.545,18.607,0.00,0.00,0.00,0.00,0.00,0.00,0.00,0.00,0.00,0.00,0.00,0.00,0.00,0.00,0.00,0.00,0.00
20650,DL:0.1.0:AT.1.0.0,2022-3-4 2:53:46,34.25,0.00,0.00,17.836,0.771,-5.292,12.544,18.607,0.00,0.00,0.00,0.00,0.00,0.00,0.00,0.00,0.00,0.00,0.00,0.00,0.00,0.00,0.00,0.00,0.00
20650,DL:0.1.0:AT.1.0.0,2022-3-4 2:53:51,34.25,0.00,0.00,17.845,0.763,-5.303,12.543,18.609,0.00,0.00,0.00,0.00,0.00,0.00,0.00,0.00,0.00,0.00,0.00,0.00,0.00,0.00,0.00,0.00,0.00
20650,DL:0.1.0:AT.1.0.0,2022-3-4 2:53:56,34.25,0.00,0.00,17.819,0.789,-5.276,12.543,18.609,0.00,0.00,0.00,0.00,0.00,0.00,0.00,0.00,0.00,0.00,0.00,0.00,0.00,0.00,0.00,0.00,0.00
20650,DL:0.1.0:AT.1.0.0,2022-3-4 2:54:1,34.25,0.00,0.00,17.794,0.814,-5.252,12.541,18.607,0.00,0.00,0.00,0.00,0.00,0.00,0.00,0.00,0.00,0.00,0.00,0.00,0.00,0.00,0.00,0.00,0.00
20650,DL:0.1.0:AT.1.0.0,2022-3-4 2:54:7,34.25,0.00,0.00,17.801,0.807,-5.260,12.541,18.609,0.00,0.00,0.00,0.00,0.00,0.00,0.00,0.00,0.00,0.00,0.00,0.00,0.00,0.00,0.00,0.00,0.00
20650,DL:0.1.0:AT.1.0.0,2022-3-4 2:54:12,34.25,0.00,0.00,17.815,0.793,-5.274,12.541,18.609,0.00,0.00,0.00,0.00,0.00,0.00,0.00,0.00,0.00,0.00,0.00,0.00,0.00,0.00,0.00,0.00,0.00
20650,DL:0.1.0:AT.1.0.0,2022-3-4 2:54:19,34.25,0.00,0.00,17.807,0.803,-5.267,12.540,18.610,0.00,0.00,0.00,0.00,0.00,0.00,0.00,0.00,0.00,0.00,0.00,0.00,0.00,0.00,0.00,0.00,0.00
20650,DL:0.1.0:AT.1.0.0,2022-3-4 2:54:26,34.25,0.00,0.00,17.797,0.812,-5.258,12.539,18.610,0.00,0.00,0.00,0.00,0.00,0.00,0.00,0.00,0.00,0.00,0.00,0.00,0.00,0.00,0.00,0.00,0.00
20650,DL:0.1.0:AT.1.0.0,2022-3-4 2:54:32,34.25,0.00,0.00,17.797,0.812,-5.260,12.538,18.610,0.00,0.00,0.00,0.00,0.00,0.00,0.00,0.00,0.00,0.00,0.00,0.00,0.00,0.00,0.00,0.00,0.00
20650,DL:0.1.0:AT.1.0.0,2022-3-4 2:54:37,34.25,0.00,0.00,17.789,0.821,-5.251,12.538,18.610,0.00,0.00,0.00,0.00,0.00,0.00,0.00,0.00,0.00,0.00,0.00,0.00,0.00,0.00,0.00,0.00,0.00
20650,DL:0.1.0:AT.1.0.0,2022-3-4 2:54:42,34.25,0.00,0.00,17.797,0.814,-5.262,12.535,18.611,0.00,0.00,0.00,0.00,0.00,0.00,0.00,0.00,0.00,0.00,0.00,0.00,0.00,0.00,0.00,0.00,0.00
20650,DL:0.1.0:AT.1.0.0,2022-3-4 2:54:49,34.25,0.00,0.00,17.814,0.797,-5.279,12.535,18.611,0.00,0.00,0.00,0.00,0.00,0.00,0.00,0.00,0.00,0.00,0.00,0.00,0.00,0.00,0.00,0.00,0.00
20650,DL:0.1.0:AT.1.0.0,2022-3-4 2:54:56,34.25,0.00,0.00,17.827,0.785,-5.293,12.534,18.612,0.00,0.00,0.00,0.00,0.00,0.00,0.00,0.00,0.00,0.00,0.00,0.00,0.00,0.00,0.00,0.00,0.00
20650,DL:0.1.0:AT.1.0.0,2022-3-4 2:55:1,34.25,0.00,0.00,17.794,0.817,-5.260,12.534,18.611,0.00,0.00,0.00,0.00,0.00,0.00,0.00,0.00,0.00,0.00,0.00,0.00,0.00,0.00,0.00,0.00,0.00
20650,DL:0.1.0:AT.1.0.0,2022-3-4 2:55:7,34.25,0.00,0.00,17.778,0.834,-5.245,12.533,18.612,0.00,0.00,0.00,0.00,0.00,0.00,0.00,0.00,0.00,0.00,0.00,0.00,0.00,0.00,0.00,0.00,0.00
20650,DL:0.1.0:AT.1.0.0,2022-3-4 2:55:12,34.25,0.00,0.00,17.800,0.812,-5.268,12.532,18.612,0.00,0.00,0.00,0.00,0.00,0.00,0.00,0.00,0.00,0.00,0.00,0.00,0.00,0.00,0.00,0.00,0.00
20650,DL:0.1.0:AT.1.0.0,2022-3-4 2:55:17,34.25,0.00,0.00,17.769,0.844,-5.239,12.529,18.612,0.00,0.00,0.00,0.00,0.00,0.00,0.00,0.00,0.00,0.00,0.00,0.00,0.00,0.00,0.00,0.00,0.00
20650,DL:0.1.0:AT.1.0.0,2022-3-4 2:55:23,34.25,0.00,0.00,17.814,0.798,-5.285,12.529,18.612,0.00,0.00,0.00,0.00,0.00,0.00,0.00,0.00,0.00,0.00,0.00,0.00,0.00,0.00,0.00,0.00,0.00
20650,DL:0.1.0:AT.1.0.0,2022-3-4 2:55:34,34.25,0.00,0.00,17.795,0.818,-5.267,12.528,18.613,0.00,0.00,0.00,0.00,0.00,0.00,0.00,0.00,0.00,0.00,0.00,0.00,0.00,0.00,0.00,0.00,0.00
20650,DL:0.1.0:AT.1.0.0,2022-3-4 2:55:39,34.25,0.00,0.00,17.790,0.824,-5.264,12.526,18.615,0.00,0.00,0.00,0.00,0.00,0.00,0.00,0.00,0.00,0.00,0.00,0.00,0.00,0.00,0.00,0.00,0.00
20650,DL:0.1.0:AT.1.0.0,2022-3-4 2:55:44,34.25,0.00,0.00,17.776,0.838,-5.250,12.526,18.613,0.00,0.00,0.00,0.00,0.00,0.00,0.00,0.00,0.00,0.00,0.00,0.00,0.00,0.00,0.00,0.00,0.00
20650,DL:0.1.0:AT.1.0.0,2022-3-4 2:55:51,34.25,0.00,0.00,17.802,0.812,-5.278,12.525,18.615,0.00,0.00,0.00,0.00,0.00,0.00,0.00,0.00,0.00,0.00,0.00,0.00,0.00,0.00,0.00,0.00,0.00
20650,DL:0.1.0:AT.1.0.0,2022-3-4 2:55:56,34.25,0.00,0.00,17.772,0.842,-5.249,12.523,18.615,0.00,0.00,0.00,0.00,0.00,0.00,0.00,0.00,0.00,0.00,0.00,0.00,0.00,0.00,0.00,0.00,0.00
20650,DL:0.1.0:AT.1.0.0,2022-3-4 2:56:1,34.25,0.00,0.00,17.799,0.816,-5.275,12.523,18.615,0.00,0.00,0.00,0.00,0.00,0.00,0.00,0.00,0.00,0.00,0.00,0.00,0.00,0.00,0.00,0.00,0.00
20650,DL:0.1.0:AT.1.0.0,2022-3-4 2:56:8,34.25,0.00,0.00,17.841,0.775,-5.320,12.521,18.616,0.00,0.00,0.00,0.00,0.00,0.00,0.00,0.00,0.00,0.00,0.00,0.00,0.00,0.00,0.00,0.00,0.00
20650,DL:0.1.0:AT.1.0.0,2022-3-4 2:56:13,34.25,0.00,0.00,17.797,0.818,-5.276,12.521,18.616,0.00,0.00,0.00,0.00,0.00,0.00,0.00,0.00,0.00,0.00,0.00,0.00,0.00,0.00,0.00,0.00,0.00
20650,DL:0.1.0:AT.1.0.0,2022-3-4 2:56:18,34.25,0.00,0.00,17.796,0.820,-5.276,12.520,18.616,0.00,0.00,0.00,0.00,0.00,0.00,0.00,0.00,0.00,0.00,0.00,0.00,0.00,0.00,0.00,0.00,0.00
20650,DL:0.1.0:AT.1.0.0,2022-3-4 2:56:25,34.25,0.00,0.00,17.812,0.804,-5.294,12.517,18.616,0.00,0.00,0.00,0.00,0.00,0.00,0.00,0.00,0.00,0.00,0.00,0.00,0.00,0.00,0.00,0.00,0.00
20650,DL:0.1.0:AT.1.0.0,2022-3-4 2:56:32,34.25,0.00,0.00,17.795,0.822,-5.278,12.517,18.617,0.00,0.00,0.00,0.00,0.00,0.00,0.00,0.00,0.00,0.00,0.00,0.00,0.00,0.00,0.00,0.00,0.00
20650,DL:0.1.0:AT.1.0.0,2022-3-4 2:56:39,34.25,0.00,0.00,17.796,0.821,-5.280,12.516,18.617,0.00,0.00,0.00,0.00,0.00,0.00,0.00,0.00,0.00,0.00,0.00,0.00,0.00,0.00,0.00,0.00,0.00
20650,DL:0.1.0:AT.1.0.0,2022-3-4 2:56:45,34.25,0.00,0.00,17.807,0.811,-5.292,12.515,18.618,0.00,0.00,0.00,0.00,0.00,0.00,0.00,0.00,0.00,0.00,0.00,0.00,0.00,0.00,0.00,0.00,0.00
20650,DL:0.1.0:AT.1.0.0,2022-3-4 2:56:50,34.25,0.00,0.00,17.808,0.810,-5.293,12.515,18.618,0.00,0.00,0.00,0.00,0.00,0.00,0.00,0.00,0.00,0.00,0.00,0.00,0.00,0.00,0.00,0.00,0.00
20650,DL:0.1.0:AT.1.0.0,2022-3-4 2:56:55,34.25,0.00,0.00,17.802,0.816,-5.288,12.514,18.618,0.00,0.00,0.00,0.00,0.00,0.00,0.00,0.00,0.00,0.00,0.00,0.00,0.00,0.00,0.00,0.00,0.00
20650,DL:0.1.0:AT.1.0.0,2022-3-4 2:57:1,34.25,0.00,0.00,17.806,0.814,-5.293,12.513,18.619,0.00,0.00,0.00,0.00,0.00,0.00,0.00,0.00,0.00,0.00,0.00,0.00,0.00,0.00,0.00,0.00,0.00
20650,DL:0.1.0:AT.1.0.0,2022-3-4 2:57:10,34.25,0.00,0.00,17.823,0.797,-5.311,12.511,18.619,0.00,0.00,0.00,0.00,0.00,0.00,0.00,0.00,0.00,0.00,0.00,0.00,0.00,0.00,0.00,0.00,0.00
20650,DL:0.1.0:AT.1.0.0,2022-3-4 2:57:16,34.25,0.00,0.00,17.824,0.794,-5.314,12.510,18.618,0.00,0.00,0.00,0.00,0.00,0.00,0.00,0.00,0.00,0.00,0.00,0.00,0.00,0.00,0.00,0.00,0.00
20650,DL:0.1.0:AT.1.0.0,2022-3-4 2:57:21,34.25,0.00,0.00,17.826,0.794,-5.316,12.510,18.621,0.00,0.00,0.00,0.00,0.00,0.00,0.00,0.00,0.00,0.00,0.00,0.00,0.00,0.00,0.00,0.00,0.00
20650,DL:0.1.0:AT.1.0.0,2022-3-4 2:57:27,34.25,0.00,0.00,17.841,0.780,-5.332,12.509,18.621,0.00,0.00,0.00,0.00,0.00,0.00,0.00,0.00,0.00,0.00,0.00,0.00,0.00,0.00,0.00,0.00,0.00
20650,DL:0.1.0:AT.1.0.0,2022-3-4 2:57:38,34.25,0.00,0.00,17.830,0.793,-5.322,12.508,18.623,0.00,0.00,0.00,0.00,0.00,0.00,0.00,0.00,0.00,0.00,0.00,0.00,0.00,0.00,0.00,0.00,0.00
20650,DL:0.1.0:AT.1.0.0,2022-3-4 2:57:43,34.25,0.00,0.00,17.827,0.795,-5.320,12.508,18.623,0.00,0.00,0.00,0.00,0.00,0.00,0.00,0.00,0.00,0.00,0.00,0.00,0.00,0.00,0.00,0.00,0.00
20650,DL:0.1.0:AT.1.0.0,2022-3-4 2:57:51,34.25,0.00,0.00,17.813,0.809,-5.308,12.505,18.622,0.00,0.00,0.00,0.00,0.00,0.00,0.00,0.00,0.00,0.00,0.00,0.00,0.00,0.00,0.00,0.00,0.00
20650,DL:0.1.0:AT.1.0.0,2022-3-4 2:57:56,34.25,0.00,0.00,17.820,0.803,-5.315,12.505,18.623,0.00,0.00,0.00,0.00,0.00,0.00,0.00,0.00,0.00,0.00,0.00,0.00,0.00,0.00,0.00,0.00,0.00
20650,DL:0.1.0:AT.1.0.0,2022-3-4 2:58:1,34.25,0.00,0.00,17.844,0.779,-5.339,12.505,18.623,0.00,0.00,0.00,0.00,0.00,0.00,0.00,0.00,0.00,0.00,0.00,0.00,0.00,0.00,0.00,0.00,0.00
20650,DL:0.1.0:AT.1.0.0,2022-3-4 2:58:9,34.25,0.00,0.00,17.841,0.783,-5.336,12.504,18.624,0.00,0.00,0.00,0.00,0.00,0.00,0.00,0.00,0.00,0.00,0.00,0.00,0.00,0.00,0.00,0.00,0.00
20650,DL:0.1.0:AT.1.0.0,2022-3-4 2:58:15,34.25,0.00,0.00,17.849,0.775,-5.346,12.503,18.624,0.00,0.00,0.00,0.00,0.00,0.00,0.00,0.00,0.00,0.00,0.00,0.00,0.00,0.00,0.00,0.00,0.00
20650,DL:0.1.0:AT.1.0.0,2022-3-4 2:58:22,34.25,0.00,0.00,17.835,0.789,-5.333,12.502,18.624,0.00,0.00,0.00,0.00,0.00,0.00,0.00,0.00,0.00,0.00,0.00,0.00,0.00,0.00,0.00,0.00,0.00
20650,DL:0.1.0:AT.1.0.0,2022-3-4 2:58:29,34.25,0.00,0.00,17.854,0.770,-5.353,12.501,18.624,0.00,0.00,0.00,0.00,0.00,0.00,0.00,0.00,0.00,0.00,0.00,0.00,0.00,0.00,0.00,0.00,0.00
20650,DL:0.1.0:AT.1.0.0,2022-3-4 2:58:34,34.25,0.00,0.00,17.832,0.793,-5.330,12.502,18.625,0.00,0.00,0.00,0.00,0.00,0.00,0.00,0.00,0.00,0.00,0.00,0.00,0.00,0.00,0.00,0.00,0.00
20650,DL:0.1.0:AT.1.0.0,2022-3-4 2:58:40,34.25,0.00,0.00,17.832,0.794,-5.332,12.501,18.627,0.00,0.00,0.00,0.00,0.00,0.00,0.00,0.00,0.00,0.00,0.00,0.00,0.00,0.00,0.00,0.00,0.00
20650,DL:0.1.0:AT.1.0.0,2022-3-4 2:58:46,34.25,0.00,0.00,17.851,0.775,-5.352,12.499,18.627,0.00,0.00,0.00,0.00,0.00,0.00,0.00,0.00,0.00,0.00,0.00,0.00,0.00,0.00,0.00,0.00,0.00
20650,DL:0.1.0:AT.1.0.0,2022-3-4 2:58:51,34.25,0.00,0.00,17.857,0.768,-5.358,12.499,18.625,0.00,0.00,0.00,0.00,0.00,0.00,0.00,0.00,0.00,0.00,0.00,0.00,0.00,0.00,0.00,0.00,0.00
20650,DL:0.1.0:AT.1.0.0,2022-3-4 2:58:56,34.25,0.00,0.00,17.867,0.759,-5.369,12.498,18.627,0.00,0.00,0.00,0.00,0.00,0.00,0.00,0.00,0.00,0.00,0.00,0.00,0.00,0.00,0.00,0.00,0.00
20650,DL:0.1.0:AT.1.0.0,2022-3-4 2:59:3,34.25,0.00,0.00,17.836,0.791,-5.339,12.497,18.627,0.00,0.00,0.00,0.00,0.00,0.00,0.00,0.00,0.00,0.00,0.00,0.00,0.00,0.00,0.00,0.00,0.00
20650,DL:0.1.0:AT.1.0.0,2022-3-4 2:59:11,34.25,0.00,0.00,17.867,0.761,-5.371,12.496,18.628,0.00,0.00,0.00,0.00,0.00,0.00,0.00,0.00,0.00,0.00,0.00,0.00,0.00,0.00,0.00,0.00,0.00
20650,DL:0.1.0:AT.1.0.0,2022-3-4 2:59:16,34.25,0.00,0.00,17.849,0.779,-5.353,12.496,18.628,0.00,0.00,0.00,0.00,0.00,0.00,0.00,0.00,0.00,0.00,0.00,0.00,0.00,0.00,0.00,0.00,0.00
20650,DL:0.1.0:AT.1.0.0,2022-3-4 2:59:21,34.25,0.00,0.00,17.833,0.794,-5.339,12.495,18.628,0.00,0.00,0.00,0.00,0.00,0.00,0.00,0.00,0.00,0.00,0.00,0.00,0.00,0.00,0.00,0.00,0.00
20650,DL:0.1.0:AT.1.0.0,2022-3-4 2:59:27,34.25,0.00,0.00,17.829,0.798,-5.335,12.493,18.627,0.00,0.00,0.00,0.00,0.00,0.00,0.00,0.00,0.00,0.00,0.00,0.00,0.00,0.00,0.00,0.00,0.00
20650,DL:0.1.0:AT.1.0.0,2022-3-4 2:59:34,34.25,0.00,0.00,17.838,0.791,-5.346,12.492,18.629,0.00,0.00,0.00,0.00,0.00,0.00,0.00,0.00,0.00,0.00,0.00,0.00,0.00,0.00,0.00,0.00,0.00
20650,DL:0.1.0:AT.1.0.0,2022-3-4 2:59:45,34.25,0.00,0.00,17.823,0.806,-5.333,12.490,18.629,0.00,0.00,0.00,0.00,0.00,0.00,0.00,0.00,0.00,0.00,0.00,0.00,0.00,0.00,0.00,0.00,0.00
20650,DL:0.1.0:AT.1.0.0,2022-3-4 2:59:51,34.25,0.00,0.00,17.844,0.786,-5.354,12.490,18.630,0.00,0.00,0.00,0.00,0.00,0.00,0.00,0.00,0.00,0.00,0.00,0.00,0.00,0.00,0.00,0.00,0.00
20650,DL:0.1.0:AT.1.0.0,2022-3-4 2:59:57,34.25,0.00,0.00,17.842,0.787,-5.352,12.490,18.629,0.00,0.00,0.00,0.00,0.00,0.00,0.00,0.00,0.00,0.00,0.00,0.00,0.00,0.00,0.00,0.00,0.00
20650,DL:0.1.0:AT.1.0.0,2022-3-4 3:0:4,34.25,0.00,0.00,17.851,0.780,-5.364,12.487,18.631,0.00,0.00,0.00,0.00,0.00,0.00,0.00,0.00,0.00,0.00,0.00,0.00,0.00,0.00,0.00,0.00,0.00
20650,DL:0.1.0:AT.1.0.0,2022-3-4 3:0:12,34.25,0.00,0.00,17.844,0.787,-5.357,12.487,18.631,0.00,0.00,0.00,0.00,0.00,0.00,0.00,0.00,0.00,0.00,0.00,0.00,0.00,0.00,0.00,0.00,0.00
20650,DL:0.1.0:AT.1.0.0,2022-3-4 3:0:18,34.25,0.00,0.00,17.819,0.814,-5.333,12.486,18.633,0.00,0.00,0.00,0.00,0.00,0.00,0.00,0.00,0.00,0.00,0.00,0.00,0.00,0.00,0.00,0.00,0.00
20650,DL:0.1.0:AT.1.0.0,2022-3-4 3:0:25,34.25,0.00,0.00,17.856,0.776,-5.371,12.485,18.633,0.00,0.00,0.00,0.00,0.00,0.00,0.00,0.00,0.00,0.00,0.00,0.00,0.00,0.00,0.00,0.00,0.00
20650,DL:0.1.0:AT.1.0.0,2022-3-4 3:0:32,34.25,0.00,0.00,17.825,0.807,-5.340,12.485,18.633,0.00,0.00,0.00,0.00,0.00,0.00,0.00,0.00,0.00,0.00,0.00,0.00,0.00,0.00,0.00,0.00,0.00
20650,DL:0.1.0:AT.1.0.0,2022-3-4 3:0:39,34.25,0.00,0.00,17.848,0.786,-5.364,12.484,18.634,0.00,0.00,0.00,0.00,0.00,0.00,0.00,0.00,0.00,0.00,0.00,0.00,0.00,0.00,0.00,0.00,0.00
20650,DL:0.1.0:AT.1.0.0,2022-3-4 3:0:45,34.25,0.00,0.00,17.868,0.765,-5.385,12.484,18.634,0.00,0.00,0.00,0.00,0.00,0.00,0.00,0.00,0.00,0.00,0.00,0.00,0.00,0.00,0.00,0.00,0.00
20650,DL:0.1.0:AT.1.0.0,2022-3-4 3:0:52,34.25,0.00,0.00,17.839,0.795,-5.357,12.483,18.635,0.00,0.00,0.00,0.00,0.00,0.00,0.00,0.00,0.00,0.00,0.00,0.00,0.00,0.00,0.00,0.00,0.00
20650,DL:0.1.0:AT.1.0.0,2022-3-4 3:0:59,34.25,0.00,0.00,17.836,0.798,-5.354,12.481,18.634,0.00,0.00,0.00,0.00,0.00,0.00,0.00,0.00,0.00,0.00,0.00,0.00,0.00,0.00,0.00,0.00,0.00
20650,DL:0.1.0:AT.1.0.0,2022-3-4 3:1:6,34.25,0.00,0.00,17.820,0.815,-5.339,12.481,18.635,0.00,0.00,0.00,0.00,0.00,0.00,0.00,0.00,0.00,0.00,0.00,0.00,0.00,0.00,0.00,0.00,0.00
20650,DL:0.1.0:AT.1.0.0,2022-3-4 3:1:14,34.25,0.00,0.00,17.821,0.814,-5.341,12.480,18.635,0.00,0.00,0.00,0.00,0.00,0.00,0.00,0.00,0.00,0.00,0.00,0.00,0.00,0.00,0.00,0.00,0.00
20650,DL:0.1.0:AT.1.0.0,2022-3-4 3:1:20,34.25,0.00,0.00,17.820,0.815,-5.340,12.480,18.635,0.00,0.00,0.00,0.00,0.00,0.00,0.00,0.00,0.00,0.00,0.00,0.00,0.00,0.00,0.00,0.00,0.00
20650,DL:0.1.0:AT.1.0.0,2022-3-4 3:1:27,34.25,0.00,0.00,17.839,0.797,-5.360,12.479,18.636,0.00,0.00,0.00,0.00,0.00,0.00,0.00,0.00,0.00,0.00,0.00,0.00,0.00,0.00,0.00,0.00,0.00
20650,DL:0.1.0:AT.1.0.0,2022-3-4 3:1:33,34.25,0.00,0.00,17.878,0.759,-5.400,12.478,18.637,0.00,0.00,0.00,0.00,0.00,0.00,0.00,0.00,0.00,0.00,0.00,0.00,0.00,0.00,0.00,0.00,0.00
20650,DL:0.1.0:AT.1.0.0,2022-3-4 3:1:40,34.25,0.00,0.00,17.870,0.768,-5.392,12.478,18.637,0.00,0.00,0.00,0.00,0.00,0.00,0.00,0.00,0.00,0.00,0.00,0.00,0.00,0.00,0.00,0.00,0.00
20650,DL:0.1.0:AT.1.0.0,2022-3-4 3:1:45,34.25,0.00,0.00,17.842,0.797,-5.364,12.478,18.639,0.00,0.00,0.00,0.00,0.00,0.00,0.00,0.00,0.00,0.00,0.00,0.00,0.00,0.00,0.00,0.00,0.00
20650,DL:0.1.0:AT.1.0.0,2022-3-4 3:1:50,34.25,0.00,0.00,17.839,0.799,-5.362,12.478,18.639,0.00,0.00,0.00,0.00,0.00,0.00,0.00,0.00,0.00,0.00,0.00,0.00,0.00,0.00,0.00,0.00,0.00
20650,DL:0.1.0:AT.1.0.0,2022-3-4 3:1:55,34.25,0.00,0.00,17.859,0.780,-5.382,12.477,18.639,0.00,0.00,0.00,0.00,0.00,0.00,0.00,0.00,0.00,0.00,0.00,0.00,0.00,0.00,0.00,0.00,0.00
20650,DL:0.1.0:AT.1.0.0,2022-3-4 3:2:1,34.25,0.00,0.00,17.870,0.769,-5.393,12.477,18.639,0.00,0.00,0.00,0.00,0.00,0.00,0.00,0.00,0.00,0.00,0.00,0.00,0.00,0.00,0.00,0.00,0.00
20650,DL:0.1.0:AT.1.0.0,2022-3-4 3:2:6,34.25,0.00,0.00,17.845,0.793,-5.370,12.475,18.639,0.00,0.00,0.00,0.00,0.00,0.00,0.00,0.00,0.00,0.00,0.00,0.00,0.00,0.00,0.00,0.00,0.00
20650,DL:0.1.0:AT.1.0.0,2022-3-4 3:2:11,34.25,0.00,0.00,17.868,0.773,-5.393,12.475,18.641,0.00,0.00,0.00,0.00,0.00,0.00,0.00,0.00,0.00,0.00,0.00,0.00,0.00,0.00,0.00,0.00,0.00
20650,DL:0.1.0:AT.1.0.0,2022-3-4 3:2:19,34.25,0.00,0.00,17.873,0.767,-5.399,12.474,18.640,0.00,0.00,0.00,0.00,0.00,0.00,0.00,0.00,0.00,0.00,0.00,0.00,0.00,0.00,0.00,0.00,0.00
20650,DL:0.1.0:AT.1.0.0,2022-3-4 3:2:25,34.25,0.00,0.00,17.878,0.763,-5.404,12.474,18.641,0.00,0.00,0.00,0.00,0.00,0.00,0.00,0.00,0.00,0.00,0.00,0.00,0.00,0.00,0.00,0.00,0.00
20650,DL:0.1.0:AT.1.0.0,2022-3-4 3:2:31,34.25,0.00,0.00,17.867,0.775,-5.394,12.473,18.642,0.00,0.00,0.00,0.00,0.00,0.00,0.00,0.00,0.00,0.00,0.00,0.00,0.00,0.00,0.00,0.00,0.00
20650,DL:0.1.0:AT.1.0.0,2022-3-4 3:2:36,34.25,0.00,0.00,17.856,0.786,-5.383,12.473,18.642,0.00,0.00,0.00,0.00,0.00,0.00,0.00,0.00,0.00,0.00,0.00,0.00,0.00,0.00,0.00,0.00,0.00
20650,DL:0.1.0:AT.1.0.0,2022-3-4 3:2:42,34.25,0.00,0.00,17.843,0.799,-5.371,12.472,18.642,0.00,0.00,0.00,0.00,0.00,0.00,0.00,0.00,0.00,0.00,0.00,0.00,0.00,0.00,0.00,0.00,0.00
20650,DL:0.1.0:AT.1.0.0,2022-3-4 3:2:49,34.25,0.00,0.00,17.844,0.799,-5.373,12.472,18.643,0.00,0.00,0.00,0.00,0.00,0.00,0.00,0.00,0.00,0.00,0.00,0.00,0.00,0.00,0.00,0.00,0.00
20650,DL:0.1.0:AT.1.0.0,2022-3-4 3:2:56,34.25,0.00,0.00,17.877,0.767,-5.406,12.471,18.643,0.00,0.00,0.00,0.00,0.00,0.00,0.00,0.00,0.00,0.00,0.00,0.00,0.00,0.00,0.00,0.00,0.00
20650,DL:0.1.0:AT.1.0.0,2022-3-4 3:3:2,34.25,0.00,0.00,17.868,0.775,-5.399,12.469,18.643,0.00,0.00,0.00,0.00,0.00,0.00,0.00,0.00,0.00,0.00,0.00,0.00,0.00,0.00,0.00,0.00,0.00
20650,DL:0.1.0:AT.1.0.0,2022-3-4 3:3:9,34.25,0.00,0.00,17.871,0.773,-5.403,12.468,18.643,0.00,0.00,0.00,0.00,0.00,0.00,0.00,0.00,0.00,0.00,0.00,0.00,0.00,0.00,0.00,0.00,0.00
20650,DL:0.1.0:AT.1.0.0,2022-3-4 3:3:17,34.25,0.00,0.00,17.856,0.788,-5.389,12.467,18.645,0.00,0.00,0.00,0.00,0.00,0.00,0.00,0.00,0.00,0.00,0.00,0.00,0.00,0.00,0.00,0.00,0.00
20650,DL:0.1.0:AT.1.0.0,2022-3-4 3:3:23,34.25,0.00,0.00,17.885,0.759,-5.418,12.467,18.645,0.00,0.00,0.00,0.00,0.00,0.00,0.00,0.00,0.00,0.00,0.00,0.00,0.00,0.00,0.00,0.00,0.00
20650,DL:0.1.0:AT.1.0.0,2022-3-4 3:3:30,34.25,0.00,0.00,17.857,0.788,-5.391,12.467,18.646,0.00,0.00,0.00,0.00,0.00,0.00,0.00,0.00,0.00,0.00,0.00,0.00,0.00,0.00,0.00,0.00,0.00
20650,DL:0.1.0:AT.1.0.0,2022-3-4 3:3:37,34.25,0.00,0.00,17.885,0.762,-5.421,12.465,18.647,0.00,0.00,0.00,0.00,0.00,0.00,0.00,0.00,0.00,0.00,0.00,0.00,0.00,0.00,0.00,0.00,0.00
20650,DL:0.1.0:AT.1.0.0,2022-3-4 3:3:43,34.25,0.00,0.00,17.886,0.761,-5.422,12.465,18.647,0.00,0.00,0.00,0.00,0.00,0.00,0.00,0.00,0.00,0.00,0.00,0.00,0.00,0.00,0.00,0.00,0.00
20650,DL:0.1.0:AT.1.0.0,2022-3-4 3:3:50,34.25,0.00,0.00,17.859,0.788,-5.395,12.463,18.647,0.00,0.00,0.00,0.00,0.00,0.00,0.00,0.00,0.00,0.00,0.00,0.00,0.00,0.00,0.00,0.00,0.00
20650,DL:0.1.0:AT.1.0.0,2022-3-4 3:3:57,34.25,0.00,0.00,17.874,0.774,-5.412,12.462,18.648,0.00,0.00,0.00,0.00,0.00,0.00,0.00,0.00,0.00,0.00,0.00,0.00,0.00,0.00,0.00,0.00,0.00
20650,DL:0.1.0:AT.1.0.0,2022-3-4 3:4:7,34.25,0.00,0.00,17.886,0.763,-5.425,12.461,18.649,0.00,0.00,0.00,0.00,0.00,0.00,0.00,0.00,0.00,0.00,0.00,0.00,0.00,0.00,0.00,0.00,0.00
20650,DL:0.1.0:AT.1.0.0,2022-3-4 3:4:14,34.25,0.00,0.00,17.874,0.774,-5.415,12.460,18.648,0.00,0.00,0.00,0.00,0.00,0.00,0.00,0.00,0.00,0.00,0.00,0.00,0.00,0.00,0.00,0.00,0.00
20650,DL:0.1.0:AT.1.0.0,2022-3-4 3:4:19,34.25,0.00,0.00,17.865,0.783,-5.405,12.460,18.648,0.00,0.00,0.00,0.00,0.00,0.00,0.00,0.00,0.00,0.00,0.00,0.00,0.00,0.00,0.00,0.00,0.00
20650,DL:0.1.0:AT.1.0.0,2022-3-4 3:4:24,34.25,0.00,0.00,17.855,0.795,-5.395,12.460,18.651,0.00,0.00,0.00,0.00,0.00,0.00,0.00,0.00,0.00,0.00,0.00,0.00,0.00,0.00,0.00,0.00,0.00
20650,DL:0.1.0:AT.1.0.0,2022-3-4 3:4:31,34.25,0.00,0.00,17.894,0.757,-5.436,12.457,18.651,0.00,0.00,0.00,0.00,0.00,0.00,0.00,0.00,0.00,0.00,0.00,0.00,0.00,0.00,0.00,0.00,0.00
20650,DL:0.1.0:AT.1.0.0,2022-3-4 3:4:38,34.00,0.00,0.00,17.866,0.785,-5.409,12.457,18.651,0.00,0.00,0.00,0.00,0.00,0.00,0.00,0.00,0.00,0.00,0.00,0.00,0.00,0.00,0.00,0.00,0.00
20650,DL:0.1.0:AT.1.0.0,2022-3-4 3:4:45,34.00,0.00,0.00,17.891,0.761,-5.435,12.456,18.652,0.00,0.00,0.00,0.00,0.00,0.00,0.00,0.00,0.00,0.00,0.00,0.00,0.00,0.00,0.00,0.00,0.00
20650,DL:0.1.0:AT.1.0.0,2022-3-4 3:4:52,34.00,0.00,0.00,17.861,0.791,-5.405,12.456,18.652,0.00,0.00,0.00,0.00,0.00,0.00,0.00,0.00,0.00,0.00,0.00,0.00,0.00,0.00,0.00,0.00,0.00
20650,DL:0.1.0:AT.1.0.0,2022-3-4 3:4:57,34.00,0.00,0.00,17.889,0.764,-5.434,12.455,18.653,0.00,0.00,0.00,0.00,0.00,0.00,0.00,0.00,0.00,0.00,0.00,0.00,0.00,0.00,0.00,0.00,0.00
20650,DL:0.1.0:AT.1.0.0,2022-3-4 3:5:2,34.00,0.00,0.00,17.856,0.797,-5.401,12.455,18.653,0.00,0.00,0.00,0.00,0.00,0.00,0.00,0.00,0.00,0.00,0.00,0.00,0.00,0.00,0.00,0.00,0.00
20650,DL:0.1.0:AT.1.0.0,2022-3-4 3:5:9,34.00,0.00,0.00,17.863,0.791,-5.411,12.453,18.654,0.00,0.00,0.00,0.00,0.00,0.00,0.00,0.00,0.00,0.00,0.00,0.00,0.00,0.00,0.00,0.00,0.00
20650,DL:0.1.0:AT.1.0.0,2022-3-4 3:5:16,34.00,0.00,0.00,17.867,0.787,-5.416,12.451,18.654,0.00,0.00,0.00,0.00,0.00,0.00,0.00,0.00,0.00,0.00,0.00,0.00,0.00,0.00,0.00,0.00,0.00
20650,DL:0.1.0:AT.1.0.0,2022-3-4 3:5:21,34.00,0.00,0.00,17.865,0.791,-5.413,12.451,18.655,0.00,0.00,0.00,0.00,0.00,0.00,0.00,0.00,0.00,0.00,0.00,0.00,0.00,0.00,0.00,0.00,0.00
20650,DL:0.1.0:AT.1.0.0,2022-3-4 3:5:26,34.00,0.00,0.00,17.897,0.758,-5.446,12.451,18.655,0.00,0.00,0.00,0.00,0.00,0.00,0.00,0.00,0.00,0.00,0.00,0.00,0.00,0.00,0.00,0.00,0.00
20650,DL:0.1.0:AT.1.0.0,2022-3-4 3:5:33,34.00,0.00,0.00,17.874,0.781,-5.423,12.451,18.655,0.00,0.00,0.00,0.00,0.00,0.00,0.00,0.00,0.00,0.00,0.00,0.00,0.00,0.00,0.00,0.00,0.00
20650,DL:0.1.0:AT.1.0.0,2022-3-4 3:5:39,34.00,0.00,0.00,17.891,0.765,-5.441,12.450,18.657,0.00,0.00,0.00,0.00,0.00,0.00,0.00,0.00,0.00,0.00,0.00,0.00,0.00,0.00,0.00,0.00,0.00
20650,DL:0.1.0:AT.1.0.0,2022-3-4 3:5:46,34.00,0.00,0.00,17.919,0.738,-5.470,12.449,18.657,0.00,0.00,0.00,0.00,0.00,0.00,0.00,0.00,0.00,0.00,0.00,0.00,0.00,0.00,0.00,0.00,0.00
20650,DL:0.1.0:AT.1.0.0,2022-3-4 3:5:52,34.00,0.00,0.00,17.907,0.750,-5.453,12.454,18.657,0.00,0.00,0.00,0.00,0.00,0.00,0.00,0.00,0.00,0.00,0.00,0.00,0.00,0.00,0.00,0.00,0.00
20650,DL:0.1.0:AT.1.0.0,2022-3-4 3:5:57,34.00,0.00,0.00,17.877,0.781,-5.421,12.456,18.658,0.00,0.00,0.00,0.00,0.00,0.00,0.00,0.00,0.00,0.00,0.00,0.00,0.00,0.00,0.00,0.00,0.00
20650,DL:0.1.0:AT.1.0.0,2022-3-4 3:6:4,34.00,0.00,0.00,17.895,0.763,-5.439,12.456,18.658,0.00,0.00,0.00,0.00,0.00,0.00,0.00,0.00,0.00,0.00,0.00,0.00,0.00,0.00,0.00,0.00,0.00
20650,DL:0.1.0:AT.1.0.0,2022-3-4 3:6:11,34.00,0.00,0.00,17.885,0.774,-5.428,12.457,18.659,0.00,0.00,0.00,0.00,0.00,0.00,0.00,0.00,0.00,0.00,0.00,0.00,0.00,0.00,0.00,0.00,0.00
20650,DL:0.1.0:AT.1.0.0,2022-3-4 3:6:17,34.00,0.00,0.00,17.889,0.770,-5.431,12.457,18.659,0.00,0.00,0.00,0.00,0.00,0.00,0.00,0.00,0.00,0.00,0.00,0.00,0.00,0.00,0.00,0.00,0.00
20650,DL:0.1.0:AT.1.0.0,2022-3-4 3:6:22,34.00,0.00,0.00,17.895,0.765,-5.439,12.456,18.660,0.00,0.00,0.00,0.00,0.00,0.00,0.00,0.00,0.00,0.00,0.00,0.00,0.00,0.00,0.00,0.00,0.00
20650,DL:0.1.0:AT.1.0.0,2022-3-4 3:6:27,34.00,0.00,0.00,17.894,0.767,-5.440,12.454,18.660,0.00,0.00,0.00,0.00,0.00,0.00,0.00,0.00,0.00,0.00,0.00,0.00,0.00,0.00,0.00,0.00,0.00
20650,DL:0.1.0:AT.1.0.0,2022-3-4 3:6:33,34.00,0.00,0.00,17.897,0.763,-5.443,12.454,18.660,0.00,0.00,0.00,0.00,0.00,0.00,0.00,0.00,0.00,0.00,0.00,0.00,0.00,0.00,0.00,0.00,0.00
20650,DL:0.1.0:AT.1.0.0,2022-3-4 3:6:38,34.00,0.00,0.00,17.919,0.741,-5.466,12.453,18.660,0.00,0.00,0.00,0.00,0.00,0.00,0.00,0.00,0.00,0.00,0.00,0.00,0.00,0.00,0.00,0.00,0.00
20650,DL:0.1.0:AT.1.0.0,2022-3-4 3:6:44,34.00,0.00,0.00,17.912,0.750,-5.459,12.453,18.661,0.00,0.00,0.00,0.00,0.00,0.00,0.00,0.00,0.00,0.00,0.00,0.00,0.00,0.00,0.00,0.00,0.00
20650,DL:0.1.0:AT.1.0.0,2022-3-4 3:6:52,34.00,0.00,0.00,17.915,0.747,-5.465,12.450,18.663,0.00,0.00,0.00,0.00,0.00,0.00,0.00,0.00,0.00,0.00,0.00,0.00,0.00,0.00,0.00,0.00,0.00
20650,DL:0.1.0:AT.1.0.0,2022-3-4 3:6:58,34.00,0.00,0.00,17.926,0.737,-5.476,12.450,18.663,0.00,0.00,0.00,0.00,0.00,0.00,0.00,0.00,0.00,0.00,0.00,0.00,0.00,0.00,0.00,0.00,0.00
20650,DL:0.1.0:AT.1.0.0,2022-3-4 3:7:3,34.00,0.00,0.00,17.921,0.741,-5.472,12.449,18.663,0.00,0.00,0.00,0.00,0.00,0.00,0.00,0.00,0.00,0.00,0.00,0.00,0.00,0.00,0.00,0.00,0.00
20650,DL:0.1.0:AT.1.0.0,2022-3-4 3:7:9,34.00,0.00,0.00,17.902,0.762,-5.454,12.448,18.664,0.00,0.00,0.00,0.00,0.00,0.00,0.00,0.00,0.00,0.00,0.00,0.00,0.00,0.00,0.00,0.00,0.00
20650,DL:0.1.0:AT.1.0.0,2022-3-4 3:7:15,34.00,0.00,0.00,17.938,0.726,-5.490,12.448,18.664,0.00,0.00,0.00,0.00,0.00,0.00,0.00,0.00,0.00,0.00,0.00,0.00,0.00,0.00,0.00,0.00,0.00
20650,DL:0.1.0:AT.1.0.0,2022-3-4 3:7:23,34.00,0.00,0.00,17.948,0.716,-5.501,12.447,18.664,0.00,0.00,0.00,0.00,0.00,0.00,0.00,0.00,0.00,0.00,0.00,0.00,0.00,0.00,0.00,0.00,0.00
20650,DL:0.1.0:AT.1.0.0,2022-3-4 3:7:29,34.00,0.00,0.00,17.925,0.740,-5.478,12.447,18.665,0.00,0.00,0.00,0.00,0.00,0.00,0.00,0.00,0.00,0.00,0.00,0.00,0.00,0.00,0.00,0.00,0.00
20650,DL:0.1.0:AT.1.0.0,2022-3-4 3:7:36,34.00,0.00,0.00,17.931,0.734,-5.487,12.444,18.665,0.00,0.00,0.00,0.00,0.00,0.00,0.00,0.00,0.00,0.00,0.00,0.00,0.00,0.00,0.00,0.00,0.00
20650,DL:0.1.0:AT.1.0.0,2022-3-4 3:7:43,34.00,0.00,0.00,17.937,0.729,-5.493,12.444,18.666,0.00,0.00,0.00,0.00,0.00,0.00,0.00,0.00,0.00,0.00,0.00,0.00,0.00,0.00,0.00,0.00,0.00
20650,DL:0.1.0:AT.1.0.0,2022-3-4 3:7:48,34.00,0.00,0.00,17.926,0.741,-5.483,12.443,18.667,0.00,0.00,0.00,0.00,0.00,0.00,0.00,0.00,0.00,0.00,0.00,0.00,0.00,0.00,0.00,0.00,0.00
20650,DL:0.1.0:AT.1.0.0,2022-3-4 3:7:54,34.00,0.00,0.00,17.942,0.726,-5.500,12.442,18.667,0.00,0.00,0.00,0.00,0.00,0.00,0.00,0.00,0.00,0.00,0.00,0.00,0.00,0.00,0.00,0.00,0.00
20650,DL:0.1.0:AT.1.0.0,2022-3-4 3:8:0,34.00,0.00,0.00,17.902,0.765,-5.461,12.441,18.667,0.00,0.00,0.00,0.00,0.00,0.00,0.00,0.00,0.00,0.00,0.00,0.00,0.00,0.00,0.00,0.00,0.00
20650,DL:0.1.0:AT.1.0.0,2022-3-4 3:8:7,34.00,0.00,0.00,17.916,0.753,-5.476,12.441,18.670,0.00,0.00,0.00,0.00,0.00,0.00,0.00,0.00,0.00,0.00,0.00,0.00,0.00,0.00,0.00,0.00,0.00
20650,DL:0.1.0:AT.1.0.0,2022-3-4 3:8:14,34.00,0.00,0.00,17.940,0.729,-5.501,12.439,18.670,0.00,0.00,0.00,0.00,0.00,0.00,0.00,0.00,0.00,0.00,0.00,0.00,0.00,0.00,0.00,0.00,0.00
20650,DL:0.1.0:AT.1.0.0,2022-3-4 3:8:19,34.00,0.00,0.00,17.933,0.737,-5.494,12.439,18.670,0.00,0.00,0.00,0.00,0.00,0.00,0.00,0.00,0.00,0.00,0.00,0.00,0.00,0.00,0.00,0.00,0.00
20650,DL:0.1.0:AT.1.0.0,2022-3-4 3:8:25,34.00,0.00,0.00,17.942,0.728,-5.503,12.438,18.670,0.00,0.00,0.00,0.00,0.00,0.00,0.00,0.00,0.00,0.00,0.00,0.00,0.00,0.00,0.00,0.00,0.00
20650,DL:0.1.0:AT.1.0.0,2022-3-4 3:8:30,34.00,0.00,0.00,17.945,0.725,-5.508,12.437,18.670,0.00,0.00,0.00,0.00,0.00,0.00,0.00,0.00,0.00,0.00,0.00,0.00,0.00,0.00,0.00,0.00,0.00
20650,DL:0.1.0:AT.1.0.0,2022-3-4 3:8:38,34.00,0.00,0.00,17.938,0.734,-5.502,12.436,18.672,0.00,0.00,0.00,0.00,0.00,0.00,0.00,0.00,0.00,0.00,0.00,0.00,0.00,0.00,0.00,0.00,0.00
20650,DL:0.1.0:AT.1.0.0,2022-3-4 3:8:44,34.00,0.00,0.00,17.907,0.765,-5.471,12.436,18.672,0.00,0.00,0.00,0.00,0.00,0.00,0.00,0.00,0.00,0.00,0.00,0.00,0.00,0.00,0.00,0.00,0.00
20650,DL:0.1.0:AT.1.0.0,2022-3-4 3:8:49,34.00,0.00,0.00,17.942,0.732,-5.507,12.435,18.673,0.00,0.00,0.00,0.00,0.00,0.00,0.00,0.00,0.00,0.00,0.00,0.00,0.00,0.00,0.00,0.00,0.00
20650,DL:0.1.0:AT.1.0.0,2022-3-4 3:8:56,34.00,0.00,0.00,17.954,0.720,-5.520,12.433,18.673,0.00,0.00,0.00,0.00,0.00,0.00,0.00,0.00,0.00,0.00,0.00,0.00,0.00,0.00,0.00,0.00,0.00
20650,DL:0.1.0:AT.1.0.0,2022-3-4 3:9:1,34.00,0.00,0.00,17.955,0.719,-5.522,12.433,18.673,0.00,0.00,0.00,0.00,0.00,0.00,0.00,0.00,0.00,0.00,0.00,0.00,0.00,0.00,0.00,0.00,0.00
20650,DL:0.1.0:AT.1.0.0,2022-3-4 3:9:6,34.00,0.00,0.00,17.948,0.726,-5.514,12.433,18.673,0.00,0.00,0.00,0.00,0.00,0.00,0.00,0.00,0.00,0.00,0.00,0.00,0.00,0.00,0.00,0.00,0.00
20650,DL:0.1.0:AT.1.0.0,2022-3-4 3:9:12,34.00,0.00,0.00,17.974,0.701,-5.542,12.432,18.675,0.00,0.00,0.00,0.00,0.00,0.00,0.00,0.00,0.00,0.00,0.00,0.00,0.00,0.00,0.00,0.00,0.00
20650,DL:0.1.0:AT.1.0.0,2022-3-4 3:9:19,34.00,0.00,0.00,17.951,0.725,-5.520,12.431,18.676,0.00,0.00,0.00,0.00,0.00,0.00,0.00,0.00,0.00,0.00,0.00,0.00,0.00,0.00,0.00,0.00,0.00
20650,DL:0.1.0:AT.1.0.0,2022-3-4 3:9:30,34.00,0.00,0.00,17.948,0.728,-5.518,12.430,18.676,0.00,0.00,0.00,0.00,0.00,0.00,0.00,0.00,0.00,0.00,0.00,0.00,0.00,0.00,0.00,0.00,0.00
20650,DL:0.1.0:AT.1.0.0,2022-3-4 3:9:36,34.00,0.00,0.00,17.963,0.714,-5.535,12.429,18.677,0.00,0.00,0.00,0.00,0.00,0.00,0.00,0.00,0.00,0.00,0.00,0.00,0.00,0.00,0.00,0.00,0.00
20650,DL:0.1.0:AT.1.0.0,2022-3-4 3:9:43,34.00,0.00,0.00,17.984,0.693,-5.556,12.427,18.677,0.00,0.00,0.00,0.00,0.00,0.00,0.00,0.00,0.00,0.00,0.00,0.00,0.00,0.00,0.00,0.00,0.00
20650,DL:0.1.0:AT.1.0.0,2022-3-4 3:9:49,34.00,0.00,0.00,17.980,0.698,-5.553,12.427,18.678,0.00,0.00,0.00,0.00,0.00,0.00,0.00,0.00,0.00,0.00,0.00,0.00,0.00,0.00,0.00,0.00,0.00
20650,DL:0.1.0:AT.1.0.0,2022-3-4 3:9:57,34.00,0.00,0.00,17.972,0.707,-5.546,12.426,18.678,0.00,0.00,0.00,0.00,0.00,0.00,0.00,0.00,0.00,0.00,0.00,0.00,0.00,0.00,0.00,0.00,0.00
20650,DL:0.1.0:AT.1.0.0,2022-3-4 3:10:3,34.00,0.00,0.00,17.966,0.714,-5.541,12.425,18.679,0.00,0.00,0.00,0.00,0.00,0.00,0.00,0.00,0.00,0.00,0.00,0.00,0.00,0.00,0.00,0.00,0.00
20650,DL:0.1.0:AT.1.0.0,2022-3-4 3:10:8,34.00,0.00,0.00,17.968,0.711,-5.543,12.425,18.679,0.00,0.00,0.00,0.00,0.00,0.00,0.00,0.00,0.00,0.00,0.00,0.00,0.00,0.00,0.00,0.00,0.00
20650,DL:0.1.0:AT.1.0.0,2022-3-4 3:10:13,34.00,0.00,0.00,17.954,0.728,-5.529,12.425,18.682,0.00,0.00,0.00,0.00,0.00,0.00,0.00,0.00,0.00,0.00,0.00,0.00,0.00,0.00,0.00,0.00,0.00
20650,DL:0.1.0:AT.1.0.0,2022-3-4 3:10:20,34.00,0.00,0.00,17.948,0.733,-5.524,12.424,18.681,0.00,0.00,0.00,0.00,0.00,0.00,0.00,0.00,0.00,0.00,0.00,0.00,0.00,0.00,0.00,0.00,0.00
20650,DL:0.1.0:AT.1.0.0,2022-3-4 3:10:31,34.00,0.00,0.00,17.944,0.738,-5.523,12.421,18.682,0.00,0.00,0.00,0.00,0.00,0.00,0.00,0.00,0.00,0.00,0.00,0.00,0.00,0.00,0.00,0.00,0.00
20650,DL:0.1.0:AT.1.0.0,2022-3-4 3:10:37,34.00,0.00,0.00,17.957,0.725,-5.536,12.421,18.682,0.00,0.00,0.00,0.00,0.00,0.00,0.00,0.00,0.00,0.00,0.00,0.00,0.00,0.00,0.00,0.00,0.00
20650,DL:0.1.0:AT.1.0.0,2022-3-4 3:10:44,34.00,0.00,0.00,17.937,0.746,-5.517,12.420,18.683,0.00,0.00,0.00,0.00,0.00,0.00,0.00,0.00,0.00,0.00,0.00,0.00,0.00,0.00,0.00,0.00,0.00
20650,DL:0.1.0:AT.1.0.0,2022-3-4 3:10:51,34.00,0.00,0.00,17.950,0.733,-5.531,12.419,18.683,0.00,0.00,0.00,0.00,0.00,0.00,0.00,0.00,0.00,0.00,0.00,0.00,0.00,0.00,0.00,0.00,0.00
20650,DL:0.1.0:AT.1.0.0,2022-3-4 3:10:59,34.00,0.00,0.00,17.938,0.746,-5.520,12.418,18.684,0.00,0.00,0.00,0.00,0.00,0.00,0.00,0.00,0.00,0.00,0.00,0.00,0.00,0.00,0.00,0.00,0.00
20650,DL:0.1.0:AT.1.0.0,2022-3-4 3:11:5,34.00,0.00,0.00,17.946,0.738,-5.529,12.418,18.684,0.00,0.00,0.00,0.00,0.00,0.00,0.00,0.00,0.00,0.00,0.00,0.00,0.00,0.00,0.00,0.00,0.00
20650,DL:0.1.0:AT.1.0.0,2022-3-4 3:11:14,34.00,0.00,0.00,17.978,0.708,-5.561,12.416,18.685,0.00,0.00,0.00,0.00,0.00,0.00,0.00,0.00,0.00,0.00,0.00,0.00,0.00,0.00,0.00,0.00,0.00
20650,DL:0.1.0:AT.1.0.0,2022-3-4 3:11:21,34.00,0.00,0.00,17.960,0.726,-5.544,12.415,18.685,0.00,0.00,0.00,0.00,0.00,0.00,0.00,0.00,0.00,0.00,0.00,0.00,0.00,0.00,0.00,0.00,0.00
20650,DL:0.1.0:AT.1.0.0,2022-3-4 3:11:29,34.00,0.00,0.00,17.982,0.704,-5.567,12.415,18.687,0.00,0.00,0.00,0.00,0.00,0.00,0.00,0.00,0.00,0.00,0.00,0.00,0.00,0.00,0.00,0.00,0.00
20650,DL:0.1.0:AT.1.0.0,2022-3-4 3:11:35,34.00,0.00,0.00,17.980,0.708,-5.566,12.414,18.688,0.00,0.00,0.00,0.00,0.00,0.00,0.00,0.00,0.00,0.00,0.00,0.00,0.00,0.00,0.00,0.00,0.00
20650,DL:0.1.0:AT.1.0.0,2022-3-4 3:11:42,34.00,0.00,0.00,17.966,0.723,-5.553,12.413,18.689,0.00,0.00,0.00,0.00,0.00,0.00,0.00,0.00,0.00,0.00,0.00,0.00,0.00,0.00,0.00,0.00,0.00
20650,DL:0.1.0:AT.1.0.0,2022-3-4 3:11:49,34.00,0.00,0.00,17.956,0.960,-5.544,12.412,18.916,0.00,0.00,0.00,0.00,0.00,0.00,0.00,0.00,0.00,0.00,0.00,0.00,0.00,0.00,0.00,0.00,0.00
20650,DL:0.1.0:AT.1.0.0,2022-3-4 3:11:55,34.00,0.00,0.00,18.004,0.969,-5.592,12.412,18.973,0.00,0.00,0.00,0.00,0.00,0.00,0.00,0.00,0.00,0.00,0.00,0.00,0.00,0.00,0.00,0.00,0.00
20650,DL:0.1.0:AT.1.0.0,2022-3-4 3:12:0,34.00,0.00,0.00,17.972,1.078,-5.561,12.410,19.050,0.00,0.00,0.00,0.00,0.00,0.00,0.00,0.00,0.00,0.00,0.00,0.00,0.00,0.00,0.00,0.00,0.00
20650,DL:0.1.0:AT.1.0.0,2022-3-4 3:12:6,34.00,0.00,0.00,17.962,1.162,-5.552,12.410,19.124,0.00,0.00,0.00,0.00,0.00,0.00,0.00,0.00,0.00,0.00,0.00,0.00,0.00,0.00,0.00,0.00,0.00
20650,DL:0.1.0:AT.1.0.0,2022-3-4 3:12:13,34.00,0.00,0.00,17.957,1.227,-5.548,12.409,19.184,0.00,0.00,0.00,0.00,0.00,0.00,0.00,0.00,0.00,0.00,0.00,0.00,0.00,0.00,0.00,0.00,0.00
20650,DL:0.1.0:AT.1.0.0,2022-3-4 3:12:18,34.00,0.00,0.00,17.958,1.271,-5.550,12.408,19.230,0.00,0.00,0.00,0.00,0.00,0.00,0.00,0.00,0.00,0.00,0.00,0.00,0.00,0.00,0.00,0.00,0.00
20650,DL:0.1.0:AT.1.0.0,2022-3-4 3:12:23,34.00,0.00,0.00,17.952,1.312,-5.546,12.407,19.265,0.00,0.00,0.00,0.00,0.00,0.00,0.00,0.00,0.00,0.00,0.00,0.00,0.00,0.00,0.00,0.00,0.00
20650,DL:0.1.0:AT.1.0.0,2022-3-4 3:12:31,34.00,0.00,0.00,17.951,1.331,-5.544,12.407,19.283,0.00,0.00,0.00,0.00,0.00,0.00,0.00,0.00,0.00,0.00,0.00,0.00,0.00,0.00,0.00,0.00,0.00
20650,DL:0.1.0:AT.1.0.0,2022-3-4 3:12:40,34.00,0.00,0.00,17.934,1.376,-5.529,12.406,19.310,0.00,0.00,0.00,0.00,0.00,0.00,0.00,0.00,0.00,0.00,0.00,0.00,0.00,0.00,0.00,0.00,0.00
20650,DL:0.1.0:AT.1.0.0,2022-3-4 3:12:45,34.00,0.00,0.00,17.942,1.383,-5.537,12.404,19.325,0.00,0.00,0.00,0.00,0.00,0.00,0.00,0.00,0.00,0.00,0.00,0.00,0.00,0.00,0.00,0.00,0.00
20650,DL:0.1.0:AT.1.0.0,2022-3-4 3:12:51,34.00,0.00,0.00,17.949,1.390,-5.544,12.404,19.339,0.00,0.00,0.00,0.00,0.00,0.00,0.00,0.00,0.00,0.00,0.00,0.00,0.00,0.00,0.00,0.00,0.00
20650,DL:0.1.0:AT.1.0.0,2022-3-4 3:12:56,34.00,0.00,0.00,17.940,1.407,-5.537,12.403,19.348,0.00,0.00,0.00,0.00,0.00,0.00,0.00,0.00,0.00,0.00,0.00,0.00,0.00,0.00,0.00,0.00,0.00
20650,DL:0.1.0:AT.1.0.0,2022-3-4 3:13:1,34.00,0.00,0.00,17.963,1.395,-5.560,12.403,19.358,0.00,0.00,0.00,0.00,0.00,0.00,0.00,0.00,0.00,0.00,0.00,0.00,0.00,0.00,0.00,0.00,0.00
20650,DL:0.1.0:AT.1.0.0,2022-3-4 3:13:6,34.00,0.00,0.00,17.930,1.436,-5.528,12.402,19.366,0.00,0.00,0.00,0.00,0.00,0.00,0.00,0.00,0.00,0.00,0.00,0.00,0.00,0.00,0.00,0.00,0.00
20650,DL:0.1.0:AT.1.0.0,2022-3-4 3:13:11,34.00,0.00,0.00,17.958,1.413,-5.558,12.401,19.372,0.00,0.00,0.00,0.00,0.00,0.00,0.00,0.00,0.00,0.00,0.00,0.00,0.00,0.00,0.00,0.00,0.00
20650,DL:0.1.0:AT.1.0.0,2022-3-4 3:13:16,34.00,0.00,0.00,17.961,1.417,-5.560,12.401,19.378,0.00,0.00,0.00,0.00,0.00,0.00,0.00,0.00,0.00,0.00,0.00,0.00,0.00,0.00,0.00,0.00,0.00
20650,DL:0.1.0:AT.1.0.0,2022-3-4 3:13:21,34.00,0.00,0.00,17.926,1.458,-5.526,12.400,19.384,0.00,0.00,0.00,0.00,0.00,0.00,0.00,0.00,0.00,0.00,0.00,0.00,0.00,0.00,0.00,0.00,0.00
20650,DL:0.1.0:AT.1.0.0,2022-3-4 3:13:28,34.00,0.00,0.00,17.991,1.401,-5.591,12.400,19.392,0.00,0.00,0.00,0.00,0.00,0.00,0.00,0.00,0.00,0.00,0.00,0.00,0.00,0.00,0.00,0.00,0.00
20650,DL:0.1.0:AT.1.0.0,2022-3-4 3:13:35,34.00,0.00,0.00,17.970,1.425,-5.572,12.398,19.396,0.00,0.00,0.00,0.00,0.00,0.00,0.00,0.00,0.00,0.00,0.00,0.00,0.00,0.00,0.00,0.00,0.00
20650,DL:0.1.0:AT.1.0.0,2022-3-4 3:13:40,34.00,0.00,0.00,17.944,1.455,-5.547,12.397,19.399,0.00,0.00,0.00,0.00,0.00,0.00,0.00,0.00,0.00,0.00,0.00,0.00,0.00,0.00,0.00,0.00,0.00
20650,DL:0.1.0:AT.1.0.0,2022-3-4 3:13:46,34.00,0.00,0.00,17.943,1.459,-5.546,12.397,19.402,0.00,0.00,0.00,0.00,0.00,0.00,0.00,0.00,0.00,0.00,0.00,0.00,0.00,0.00,0.00,0.00,0.00
20650,DL:0.1.0:AT.1.0.0,2022-3-4 3:13:51,34.00,0.00,0.00,17.990,1.416,-5.592,12.397,19.405,0.00,0.00,0.00,0.00,0.00,0.00,0.00,0.00,0.00,0.00,0.00,0.00,0.00,0.00,0.00,0.00,0.00
20650,DL:0.1.0:AT.1.0.0,2022-3-4 3:13:56,34.00,0.00,0.00,17.969,1.437,-5.574,12.395,19.406,0.00,0.00,0.00,0.00,0.00,0.00,0.00,0.00,0.00,0.00,0.00,0.00,0.00,0.00,0.00,0.00,0.00
20650,DL:0.1.0:AT.1.0.0,2022-3-4 3:14:4,34.00,0.00,0.00,17.982,1.425,-5.588,12.395,19.408,0.00,0.00,0.00,0.00,0.00,0.00,0.00,0.00,0.00,0.00,0.00,0.00,0.00,0.00,0.00,0.00,0.00
20650,DL:0.1.0:AT.1.0.0,2022-3-4 3:14:9,33.75,0.00,0.00,17.970,1.440,-5.577,12.394,19.410,0.00,0.00,0.00,0.00,0.00,0.00,0.00,0.00,0.00,0.00,0.00,0.00,0.00,0.00,0.00,0.00,0.00
20650,DL:0.1.0:AT.1.0.0,2022-3-4 3:14:14,33.75,0.00,0.00,17.961,1.449,-5.567,12.394,19.410,0.00,0.00,0.00,0.00,0.00,0.00,0.00,0.00,0.00,0.00,0.00,0.00,0.00,0.00,0.00,0.00,0.00
20650,DL:0.1.0:AT.1.0.0,2022-3-4 3:14:20,33.75,0.00,0.00,18.000,1.411,-5.608,12.392,19.411,0.00,0.00,0.00,0.00,0.00,0.00,0.00,0.00,0.00,0.00,0.00,0.00,0.00,0.00,0.00,0.00,0.00
20650,DL:0.1.0:AT.1.0.0,2022-3-4 3:14:26,33.75,0.00,0.00,17.956,1.456,-5.565,12.391,19.412,0.00,0.00,0.00,0.00,0.00,0.00,0.00,0.00,0.00,0.00,0.00,0.00,0.00,0.00,0.00,0.00,0.00
20650,DL:0.1.0:AT.1.0.0,2022-3-4 3:14:37,33.75,0.00,0.00,17.942,1.472,-5.550,12.391,19.414,0.00,0.00,0.00,0.00,0.00,0.00,0.00,0.00,0.00,0.00,0.00,0.00,0.00,0.00,0.00,0.00,0.00
20650,DL:0.1.0:AT.1.0.0,2022-3-4 3:14:44,33.75,0.00,0.00,17.939,1.474,-5.549,12.390,19.414,0.00,0.00,0.00,0.00,0.00,0.00,0.00,0.00,0.00,0.00,0.00,0.00,0.00,0.00,0.00,0.00,0.00
20650,DL:0.1.0:AT.1.0.0,2022-3-4 3:14:51,33.75,0.00,0.00,17.942,1.473,-5.553,12.389,19.415,0.00,0.00,0.00,0.00,0.00,0.00,0.00,0.00,0.00,0.00,0.00,0.00,0.00,0.00,0.00,0.00,0.00
20650,DL:0.1.0:AT.1.0.0,2022-3-4 3:14:57,33.75,0.00,0.00,17.920,1.492,-5.531,12.389,19.412,0.00,0.00,0.00,0.00,0.00,0.00,0.00,0.00,0.00,0.00,0.00,0.00,0.00,0.00,0.00,0.00,0.00
20650,DL:0.1.0:AT.1.0.0,2022-3-4 3:15:2,33.75,0.00,0.00,17.942,1.472,-5.554,12.388,19.414,0.00,0.00,0.00,0.00,0.00,0.00,0.00,0.00,0.00,0.00,0.00,0.00,0.00,0.00,0.00,0.00,0.00
20650,DL:0.1.0:AT.1.0.0,2022-3-4 3:15:11,33.75,0.00,0.00,17.940,1.471,-5.554,12.386,19.411,0.00,0.00,0.00,0.00,0.00,0.00,0.00,0.00,0.00,0.00,0.00,0.00,0.00,0.00,0.00,0.00,0.00
20650,DL:0.1.0:AT.1.0.0,2022-3-4 3:15:18,33.75,0.00,0.00,17.969,1.442,-5.583,12.386,19.411,0.00,0.00,0.00,0.00,0.00,0.00,0.00,0.00,0.00,0.00,0.00,0.00,0.00,0.00,0.00,0.00,0.00
20650,DL:0.1.0:AT.1.0.0,2022-3-4 3:15:24,33.75,0.00,0.00,17.990,1.422,-5.606,12.384,19.411,0.00,0.00,0.00,0.00,0.00,0.00,0.00,0.00,0.00,0.00,0.00,0.00,0.00,0.00,0.00,0.00,0.00
20650,DL:0.1.0:AT.1.0.0,2022-3-4 3:15:29,33.75,0.00,0.00,17.952,1.456,-5.568,12.384,19.409,0.00,0.00,0.00,0.00,0.00,0.00,0.00,0.00,0.00,0.00,0.00,0.00,0.00,0.00,0.00,0.00,0.00
20650,DL:0.1.0:AT.1.0.0,2022-3-4 3:15:35,33.75,0.00,0.00,17.984,1.426,-5.601,12.383,19.410,0.00,0.00,0.00,0.00,0.00,0.00,0.00,0.00,0.00,0.00,0.00,0.00,0.00,0.00,0.00,0.00,0.00
20650,DL:0.1.0:AT.1.0.0,2022-3-4 3:15:40,33.75,0.00,0.00,17.954,1.455,-5.570,12.384,19.409,0.00,0.00,0.00,0.00,0.00,0.00,0.00,0.00,0.00,0.00,0.00,0.00,0.00,0.00,0.00,0.00,0.00
20650,DL:0.1.0:AT.1.0.0,2022-3-4 3:15:45,33.75,0.00,0.00,17.956,1.452,-5.573,12.383,19.408,0.00,0.00,0.00,0.00,0.00,0.00,0.00,0.00,0.00,0.00,0.00,0.00,0.00,0.00,0.00,0.00,0.00
20650,DL:0.1.0:AT.1.0.0,2022-3-4 3:15:52,33.75,0.00,0.00,17.946,1.460,-5.565,12.382,19.406,0.00,0.00,0.00,0.00,0.00,0.00,0.00,0.00,0.00,0.00,0.00,0.00,0.00,0.00,0.00,0.00,0.00
20650,DL:0.1.0:AT.1.0.0,2022-3-4 3:15:59,33.75,0.00,0.00,17.960,1.447,-5.579,12.380,19.406,0.00,0.00,0.00,0.00,0.00,0.00,0.00,0.00,0.00,0.00,0.00,0.00,0.00,0.00,0.00,0.00,0.00
20650,DL:0.1.0:AT.1.0.0,2022-3-4 3:16:6,33.75,0.00,0.00,17.951,1.454,-5.571,12.380,19.405,0.00,0.00,0.00,0.00,0.00,0.00,0.00,0.00,0.00,0.00,0.00,0.00,0.00,0.00,0.00,0.00,0.00
20650,DL:0.1.0:AT.1.0.0,2022-3-4 3:16:11,33.75,0.00,0.00,17.940,1.464,-5.561,12.379,19.404,0.00,0.00,0.00,0.00,0.00,0.00,0.00,0.00,0.00,0.00,0.00,0.00,0.00,0.00,0.00,0.00,0.00
20650,DL:0.1.0:AT.1.0.0,2022-3-4 3:16:16,33.75,0.00,0.00,17.936,1.467,-5.556,12.379,19.403,0.00,0.00,0.00,0.00,0.00,0.00,0.00,0.00,0.00,0.00,0.00,0.00,0.00,0.00,0.00,0.00,0.00
20650,DL:0.1.0:AT.1.0.0,2022-3-4 3:16:22,33.75,0.00,0.00,17.926,1.476,-5.548,12.378,19.402,0.00,0.00,0.00,0.00,0.00,0.00,0.00,0.00,0.00,0.00,0.00,0.00,0.00,0.00,0.00,0.00,0.00
20650,DL:0.1.0:AT.1.0.0,2022-3-4 3:16:28,33.75,0.00,0.00,17.949,1.453,-5.572,12.377,19.402,0.00,0.00,0.00,0.00,0.00,0.00,0.00,0.00,0.00,0.00,0.00,0.00,0.00,0.00,0.00,0.00,0.00
20650,DL:0.1.0:AT.1.0.0,2022-3-4 3:16:33,33.75,0.00,0.00,17.926,1.473,-5.549,12.377,19.399,0.00,0.00,0.00,0.00,0.00,0.00,0.00,0.00,0.00,0.00,0.00,0.00,0.00,0.00,0.00,0.00,0.00
20650,DL:0.1.0:AT.1.0.0,2022-3-4 3:16:38,33.75,0.00,0.00,17.921,1.477,-5.546,12.376,19.398,0.00,0.00,0.00,0.00,0.00,0.00,0.00,0.00,0.00,0.00,0.00,0.00,0.00,0.00,0.00,0.00,0.00
20650,DL:0.1.0:AT.1.0.0,2022-3-4 3:16:43,33.75,0.00,0.00,17.914,1.484,-5.538,12.376,19.398,0.00,0.00,0.00,0.00,0.00,0.00,0.00,0.00,0.00,0.00,0.00,0.00,0.00,0.00,0.00,0.00,0.00
20650,DL:0.1.0:AT.1.0.0,2022-3-4 3:16:48,33.75,0.00,0.00,17.943,1.454,-5.568,12.374,19.397,0.00,0.00,0.00,0.00,0.00,0.00,0.00,0.00,0.00,0.00,0.00,0.00,0.00,0.00,0.00,0.00,0.00
20650,DL:0.1.0:AT.1.0.0,2022-3-4 3:16:54,33.75,0.00,0.00,17.934,1.461,-5.561,12.373,19.396,0.00,0.00,0.00,0.00,0.00,0.00,0.00,0.00,0.00,0.00,0.00,0.00,0.00,0.00,0.00,0.00,0.00
20650,DL:0.1.0:AT.1.0.0,2022-3-4 3:16:59,33.75,0.00,0.00,17.928,1.466,-5.555,12.373,19.394,0.00,0.00,0.00,0.00,0.00,0.00,0.00,0.00,0.00,0.00,0.00,0.00,0.00,0.00,0.00,0.00,0.00
20650,DL:0.1.0:AT.1.0.0,2022-3-4 3:17:4,33.75,0.00,0.00,17.934,1.459,-5.561,12.373,19.393,0.00,0.00,0.00,0.00,0.00,0.00,0.00,0.00,0.00,0.00,0.00,0.00,0.00,0.00,0.00,0.00,0.00
20650,DL:0.1.0:AT.1.0.0,2022-3-4 3:17:12,33.75,0.00,0.00,17.930,1.461,-5.558,12.372,19.391,0.00,0.00,0.00,0.00,0.00,0.00,0.00,0.00,0.00,0.00,0.00,0.00,0.00,0.00,0.00,0.00,0.00
20650,DL:0.1.0:AT.1.0.0,2022-3-4 3:17:18,33.75,0.00,0.00,17.937,1.452,-5.566,12.371,19.388,0.00,0.00,0.00,0.00,0.00,0.00,0.00,0.00,0.00,0.00,0.00,0.00,0.00,0.00,0.00,0.00,0.00
20650,DL:0.1.0:AT.1.0.0,2022-3-4 3:17:25,33.75,0.00,0.00,17.921,1.466,-5.550,12.371,19.387,0.00,0.00,0.00,0.00,0.00,0.00,0.00,0.00,0.00,0.00,0.00,0.00,0.00,0.00,0.00,0.00,0.00
20650,DL:0.1.0:AT.1.0.0,2022-3-4 3:17:30,33.75,0.00,0.00,17.949,1.438,-5.579,12.370,19.387,0.00,0.00,0.00,0.00,0.00,0.00,0.00,0.00,0.00,0.00,0.00,0.00,0.00,0.00,0.00,0.00,0.00
20650,DL:0.1.0:AT.1.0.0,2022-3-4 3:17:35,33.75,0.00,0.00,17.922,1.464,-5.554,12.368,19.386,0.00,0.00,0.00,0.00,0.00,0.00,0.00,0.00,0.00,0.00,0.00,0.00,0.00,0.00,0.00,0.00,0.00
20650,DL:0.1.0:AT.1.0.0,2022-3-4 3:17:43,33.75,0.00,0.00,17.903,1.482,-5.535,12.368,19.385,0.00,0.00,0.00,0.00,0.00,0.00,0.00,0.00,0.00,0.00,0.00,0.00,0.00,0.00,0.00,0.00,0.00
20650,DL:0.1.0:AT.1.0.0,2022-3-4 3:17:48,33.75,0.00,0.00,17.902,1.482,-5.535,12.367,19.384,0.00,0.00,0.00,0.00,0.00,0.00,0.00,0.00,0.00,0.00,0.00,0.00,0.00,0.00,0.00,0.00,0.00
20650,DL:0.1.0:AT.1.0.0,2022-3-4 3:17:53,33.75,0.00,0.00,17.940,1.441,-5.574,12.366,19.381,0.00,0.00,0.00,0.00,0.00,0.00,0.00,0.00,0.00,0.00,0.00,0.00,0.00,0.00,0.00,0.00,0.00
20650,DL:0.1.0:AT.1.0.0,2022-3-4 3:17:58,33.75,0.00,0.00,17.914,1.467,-5.548,12.366,19.381,0.00,0.00,0.00,0.00,0.00,0.00,0.00,0.00,0.00,0.00,0.00,0.00,0.00,0.00,0.00,0.00,0.00
20650,DL:0.1.0:AT.1.0.0,2022-3-4 3:18:3,33.75,0.00,0.00,17.946,1.434,-5.582,12.365,19.380,0.00,0.00,0.00,0.00,0.00,0.00,0.00,0.00,0.00,0.00,0.00,0.00,0.00,0.00,0.00,0.00,0.00
20650,DL:0.1.0:AT.1.0.0,2022-3-4 3:18:9,33.75,0.00,0.00,17.937,1.443,-5.572,12.365,19.380,0.00,0.00,0.00,0.00,0.00,0.00,0.00,0.00,0.00,0.00,0.00,0.00,0.00,0.00,0.00,0.00,0.00
20650,DL:0.1.0:AT.1.0.0,2022-3-4 3:18:14,33.75,0.00,0.00,17.954,1.425,-5.589,12.365,19.379,0.00,0.00,0.00,0.00,0.00,0.00,0.00,0.00,0.00,0.00,0.00,0.00,0.00,0.00,0.00,0.00,0.00
20650,DL:0.1.0:AT.1.0.0,2022-3-4 3:18:19,33.75,0.00,0.00,17.936,1.442,-5.572,12.364,19.378,0.00,0.00,0.00,0.00,0.00,0.00,0.00,0.00,0.00,0.00,0.00,0.00,0.00,0.00,0.00,0.00,0.00
20650,DL:0.1.0:AT.1.0.0,2022-3-4 3:18:26,33.50,0.00,0.00,17.919,1.458,-5.555,12.364,19.376,0.00,0.00,0.00,0.00,0.00,0.00,0.00,0.00,0.00,0.00,0.00,0.00,0.00,0.00,0.00,0.00,0.00
20650,DL:0.1.0:AT.1.0.0,2022-3-4 3:18:31,33.50,0.00,0.00,17.892,1.483,-5.530,12.362,19.375,0.00,0.00,0.00,0.00,0.00,0.00,0.00,0.00,0.00,0.00,0.00,0.00,0.00,0.00,0.00,0.00,0.00
20650,DL:0.1.0:AT.1.0.0,2022-3-4 3:18:36,33.50,0.00,0.00,17.892,1.482,-5.531,12.361,19.374,0.00,0.00,0.00,0.00,0.00,0.00,0.00,0.00,0.00,0.00,0.00,0.00,0.00,0.00,0.00,0.00,0.00
20650,DL:0.1.0:AT.1.0.0,2022-3-4 3:18:41,33.50,0.00,0.00,17.913,1.461,-5.552,12.361,19.374,0.00,0.00,0.00,0.00,0.00,0.00,0.00,0.00,0.00,0.00,0.00,0.00,0.00,0.00,0.00,0.00,0.00
20650,DL:0.1.0:AT.1.0.0,2022-3-4 3:18:47,33.50,0.00,0.00,17.921,1.450,-5.560,12.361,19.372,0.00,0.00,0.00,0.00,0.00,0.00,0.00,0.00,0.00,0.00,0.00,0.00,0.00,0.00,0.00,0.00,0.00
20650,DL:0.1.0:AT.1.0.0,2022-3-4 3:18:54,33.50,0.00,0.00,17.886,1.485,-5.526,12.360,19.372,0.00,0.00,0.00,0.00,0.00,0.00,0.00,0.00,0.00,0.00,0.00,0.00,0.00,0.00,0.00,0.00,0.00
20650,DL:0.1.0:AT.1.0.0,2022-3-4 3:18:59,33.50,0.00,0.00,17.901,1.468,-5.541,12.360,19.369,0.00,0.00,0.00,0.00,0.00,0.00,0.00,0.00,0.00,0.00,0.00,0.00,0.00,0.00,0.00,0.00,0.00
20650,DL:0.1.0:AT.1.0.0,2022-3-4 3:19:4,33.50,0.00,0.00,17.886,1.482,-5.528,12.359,19.368,0.00,0.00,0.00,0.00,0.00,0.00,0.00,0.00,0.00,0.00,0.00,0.00,0.00,0.00,0.00,0.00,0.00
20650,DL:0.1.0:AT.1.0.0,2022-3-4 3:19:9,33.50,0.00,0.00,17.914,1.454,-5.555,12.359,19.368,0.00,0.00,0.00,0.00,0.00,0.00,0.00,0.00,0.00,0.00,0.00,0.00,0.00,0.00,0.00,0.00,0.00
20650,DL:0.1.0:AT.1.0.0,2022-3-4 3:19:16,33.50,0.00,0.00,17.903,1.462,-5.546,12.358,19.366,0.00,0.00,0.00,0.00,0.00,0.00,0.00,0.00,0.00,0.00,0.00,0.00,0.00,0.00,0.00,0.00,0.00
20650,DL:0.1.0:AT.1.0.0,2022-3-4 3:19:22,33.50,0.00,0.00,17.916,1.448,-5.560,12.356,19.364,0.00,0.00,0.00,0.00,0.00,0.00,0.00,0.00,0.00,0.00,0.00,0.00,0.00,0.00,0.00,0.00,0.00
20650,DL:0.1.0:AT.1.0.0,2022-3-4 3:19:28,33.50,0.00,0.00,17.901,1.462,-5.543,12.358,19.363,0.00,0.00,0.00,0.00,0.00,0.00,0.00,0.00,0.00,0.00,0.00,0.00,0.00,0.00,0.00,0.00,0.00
20650,DL:0.1.0:AT.1.0.0,2022-3-4 3:19:33,33.50,0.00,0.00,17.891,1.471,-5.536,12.355,19.362,0.00,0.00,0.00,0.00,0.00,0.00,0.00,0.00,0.00,0.00,0.00,0.00,0.00,0.00,0.00,0.00,0.00
20650,DL:0.1.0:AT.1.0.0,2022-3-4 3:19:38,33.50,0.00,0.00,17.896,1.465,-5.541,12.355,19.361,0.00,0.00,0.00,0.00,0.00,0.00,0.00,0.00,0.00,0.00,0.00,0.00,0.00,0.00,0.00,0.00,0.00
20650,DL:0.1.0:AT.1.0.0,2022-3-4 3:19:43,33.50,0.00,0.00,17.901,1.460,-5.546,12.355,19.361,0.00,0.00,0.00,0.00,0.00,0.00,0.00,0.00,0.00,0.00,0.00,0.00,0.00,0.00,0.00,0.00,0.00
20650,DL:0.1.0:AT.1.0.0,2022-3-4 3:19:48,33.50,0.00,0.00,17.902,1.458,-5.548,12.354,19.360,0.00,0.00,0.00,0.00,0.00,0.00,0.00,0.00,0.00,0.00,0.00,0.00,0.00,0.00,0.00,0.00,0.00
20650,DL:0.1.0:AT.1.0.0,2022-3-4 3:19:53,33.50,0.00,0.00,17.892,1.468,-5.538,12.354,19.361,0.00,0.00,0.00,0.00,0.00,0.00,0.00,0.00,0.00,0.00,0.00,0.00,0.00,0.00,0.00,0.00,0.00
20650,DL:0.1.0:AT.1.0.0,2022-3-4 3:19:59,33.50,0.00,0.00,17.891,1.467,-5.538,12.353,19.358,0.00,0.00,0.00,0.00,0.00,0.00,0.00,0.00,0.00,0.00,0.00,0.00,0.00,0.00,0.00,0.00,0.00
20650,DL:0.1.0:AT.1.0.0,2022-3-4 3:20:6,33.50,0.00,0.00,17.882,1.476,-5.529,12.353,19.357,0.00,0.00,0.00,0.00,0.00,0.00,0.00,0.00,0.00,0.00,0.00,0.00,0.00,0.00,0.00,0.00,0.00
20650,DL:0.1.0:AT.1.0.0,2022-3-4 3:20:12,33.50,0.00,0.00,17.902,1.454,-5.550,12.352,19.356,0.00,0.00,0.00,0.00,0.00,0.00,0.00,0.00,0.00,0.00,0.00,0.00,0.00,0.00,0.00,0.00,0.00
20650,DL:0.1.0:AT.1.0.0,2022-3-4 3:20:17,33.50,0.00,0.00,17.913,1.442,-5.561,12.352,19.355,0.00,0.00,0.00,0.00,0.00,0.00,0.00,0.00,0.00,0.00,0.00,0.00,0.00,0.00,0.00,0.00,0.00
20650,DL:0.1.0:AT.1.0.0,2022-3-4 3:20:22,33.50,0.00,0.00,17.874,1.479,-5.523,12.352,19.354,0.00,0.00,0.00,0.00,0.00,0.00,0.00,0.00,0.00,0.00,0.00,0.00,0.00,0.00,0.00,0.00,0.00
20650,DL:0.1.0:AT.1.0.0,2022-3-4 3:20:27,33.50,0.00,0.00,17.894,1.460,-5.543,12.350,19.354,0.00,0.00,0.00,0.00,0.00,0.00,0.00,0.00,0.00,0.00,0.00,0.00,0.00,0.00,0.00,0.00,0.00
20650,DL:0.1.0:AT.1.0.0,2022-3-4 3:20:33,33.50,0.00,0.00,17.894,1.458,-5.543,12.350,19.351,0.00,0.00,0.00,0.00,0.00,0.00,0.00,0.00,0.00,0.00,0.00,0.00,0.00,0.00,0.00,0.00,0.00
20650,DL:0.1.0:AT.1.0.0,2022-3-4 3:20:40,33.50,0.00,0.00,17.884,1.467,-5.535,12.349,19.351,0.00,0.00,0.00,0.00,0.00,0.00,0.00,0.00,0.00,0.00,0.00,0.00,0.00,0.00,0.00,0.00,0.00
20650,DL:0.1.0:AT.1.0.0,2022-3-4 3:20:47,33.50,0.00,0.00,17.879,1.471,-5.531,12.348,19.350,0.00,0.00,0.00,0.00,0.00,0.00,0.00,0.00,0.00,0.00,0.00,0.00,0.00,0.00,0.00,0.00,0.00
20650,DL:0.1.0:AT.1.0.0,2022-3-4 3:20:52,33.50,0.00,0.00,17.894,1.454,-5.546,12.348,19.348,0.00,0.00,0.00,0.00,0.00,0.00,0.00,0.00,0.00,0.00,0.00,0.00,0.00,0.00,0.00,0.00,0.00
20650,DL:0.1.0:AT.1.0.0,2022-3-4 3:20:57,33.50,0.00,0.00,17.897,1.450,-5.550,12.347,19.348,0.00,0.00,0.00,0.00,0.00,0.00,0.00,0.00,0.00,0.00,0.00,0.00,0.00,0.00,0.00,0.00,0.00
20650,DL:0.1.0:AT.1.0.0,2022-3-4 3:21:2,33.50,0.00,0.00,17.900,1.447,-5.553,12.347,19.346,0.00,0.00,0.00,0.00,0.00,0.00,0.00,0.00,0.00,0.00,0.00,0.00,0.00,0.00,0.00,0.00,0.00
20650,DL:0.1.0:AT.1.0.0,2022-3-4 3:21:7,33.50,0.00,0.00,17.914,1.432,-5.568,12.346,19.346,0.00,0.00,0.00,0.00,0.00,0.00,0.00,0.00,0.00,0.00,0.00,0.00,0.00,0.00,0.00,0.00,0.00
20650,DL:0.1.0:AT.1.0.0,2022-3-4 3:21:12,33.50,0.00,0.00,17.890,1.455,-5.544,12.346,19.345,0.00,0.00,0.00,0.00,0.00,0.00,0.00,0.00,0.00,0.00,0.00,0.00,0.00,0.00,0.00,0.00,0.00
20650,DL:0.1.0:AT.1.0.0,2022-3-4 3:21:21,33.50,0.00,0.00,17.906,1.440,-5.561,12.344,19.345,0.00,0.00,0.00,0.00,0.00,0.00,0.00,0.00,0.00,0.00,0.00,0.00,0.00,0.00,0.00,0.00,0.00
20650,DL:0.1.0:AT.1.0.0,2022-3-4 3:21:26,33.50,0.00,0.00,17.908,1.436,-5.565,12.343,19.344,0.00,0.00,0.00,0.00,0.00,0.00,0.00,0.00,0.00,0.00,0.00,0.00,0.00,0.00,0.00,0.00,0.00
20650,DL:0.1.0:AT.1.0.0,2022-3-4 3:21:31,33.50,0.00,0.00,17.925,1.418,-5.582,12.343,19.343,0.00,0.00,0.00,0.00,0.00,0.00,0.00,0.00,0.00,0.00,0.00,0.00,0.00,0.00,0.00,0.00,0.00
20650,DL:0.1.0:AT.1.0.0,2022-3-4 3:21:36,33.50,0.00,0.00,17.908,1.435,-5.565,12.343,19.343,0.00,0.00,0.00,0.00,0.00,0.00,0.00,0.00,0.00,0.00,0.00,0.00,0.00,0.00,0.00,0.00,0.00
20650,DL:0.1.0:AT.1.0.0,2022-3-4 3:21:41,33.50,0.00,0.00,17.903,1.438,-5.561,12.342,19.342,0.00,0.00,0.00,0.00,0.00,0.00,0.00,0.00,0.00,0.00,0.00,0.00,0.00,0.00,0.00,0.00,0.00
20650,DL:0.1.0:AT.1.0.0,2022-3-4 3:21:46,33.50,0.00,0.00,17.910,1.431,-5.568,12.342,19.342,0.00,0.00,0.00,0.00,0.00,0.00,0.00,0.00,0.00,0.00,0.00,0.00,0.00,0.00,0.00,0.00,0.00
20650,DL:0.1.0:AT.1.0.0,2022-3-4 3:21:51,33.50,0.00,0.00,17.906,1.436,-5.565,12.341,19.342,0.00,0.00,0.00,0.00,0.00,0.00,0.00,0.00,0.00,0.00,0.00,0.00,0.00,0.00,0.00,0.00,0.00
20650,DL:0.1.0:AT.1.0.0,2022-3-4 3:21:58,33.50,0.00,0.00,17.895,1.446,-5.555,12.340,19.340,0.00,0.00,0.00,0.00,0.00,0.00,0.00,0.00,0.00,0.00,0.00,0.00,0.00,0.00,0.00,0.00,0.00
20650,DL:0.1.0:AT.1.0.0,2022-3-4 3:22:5,33.50,0.00,0.00,17.901,1.438,-5.560,12.341,19.339,0.00,0.00,0.00,0.00,0.00,0.00,0.00,0.00,0.00,0.00,0.00,0.00,0.00,0.00,0.00,0.00,0.00
20650,DL:0.1.0:AT.1.0.0,2022-3-4 3:22:12,33.50,0.00,0.00,17.906,1.434,-5.566,12.340,19.339,0.00,0.00,0.00,0.00,0.00,0.00,0.00,0.00,0.00,0.00,0.00,0.00,0.00,0.00,0.00,0.00,0.00
20650,DL:0.1.0:AT.1.0.0,2022-3-4 3:22:22,33.50,0.00,0.00,17.903,1.435,-5.566,12.337,19.338,0.00,0.00,0.00,0.00,0.00,0.00,0.00,0.00,0.00,0.00,0.00,0.00,0.00,0.00,0.00,0.00,0.00
20650,DL:0.1.0:AT.1.0.0,2022-3-4 3:22:27,33.50,0.00,0.00,17.901,1.437,-5.564,12.337,19.338,0.00,0.00,0.00,0.00,0.00,0.00,0.00,0.00,0.00,0.00,0.00,0.00,0.00,0.00,0.00,0.00,0.00
20650,DL:0.1.0:AT.1.0.0,2022-3-4 3:22:32,33.50,0.00,0.00,17.894,1.443,-5.556,12.337,19.337,0.00,0.00,0.00,0.00,0.00,0.00,0.00,0.00,0.00,0.00,0.00,0.00,0.00,0.00,0.00,0.00,0.00
20650,DL:0.1.0:AT.1.0.0,2022-3-4 3:22:39,33.50,0.00,0.00,17.892,1.444,-5.556,12.336,19.337,0.00,0.00,0.00,0.00,0.00,0.00,0.00,0.00,0.00,0.00,0.00,0.00,0.00,0.00,0.00,0.00,0.00
20650,DL:0.1.0:AT.1.0.0,2022-3-4 3:22:45,33.50,0.00,0.00,17.926,1.411,-5.590,12.336,19.337,0.00,0.00,0.00,0.00,0.00,0.00,0.00,0.00,0.00,0.00,0.00,0.00,0.00,0.00,0.00,0.00,0.00
20650,DL:0.1.0:AT.1.0.0,2022-3-4 3:22:52,33.50,0.00,0.00,17.885,1.452,-5.550,12.335,19.337,0.00,0.00,0.00,0.00,0.00,0.00,0.00,0.00,0.00,0.00,0.00,0.00,0.00,0.00,0.00,0.00,0.00
20650,DL:0.1.0:AT.1.0.0,2022-3-4 3:22:57,33.50,0.00,0.00,17.898,1.438,-5.564,12.335,19.337,0.00,0.00,0.00,0.00,0.00,0.00,0.00,0.00,0.00,0.00,0.00,0.00,0.00,0.00,0.00,0.00,0.00
20650,DL:0.1.0:AT.1.0.0,2022-3-4 3:23:3,33.50,0.00,0.00,17.927,1.408,-5.594,12.334,19.335,0.00,0.00,0.00,0.00,0.00,0.00,0.00,0.00,0.00,0.00,0.00,0.00,0.00,0.00,0.00,0.00,0.00
20650,DL:0.1.0:AT.1.0.0,2022-3-4 3:23:9,33.50,0.00,0.00,17.915,1.422,-5.582,12.334,19.337,0.00,0.00,0.00,0.00,0.00,0.00,0.00,0.00,0.00,0.00,0.00,0.00,0.00,0.00,0.00,0.00,0.00
20650,DL:0.1.0:AT.1.0.0,2022-3-4 3:23:14,33.50,0.00,0.00,17.928,1.408,-5.596,12.332,19.337,0.00,0.00,0.00,0.00,0.00,0.00,0.00,0.00,0.00,0.00,0.00,0.00,0.00,0.00,0.00,0.00,0.00
20650,DL:0.1.0:AT.1.0.0,2022-3-4 3:23:23,33.50,0.00,0.00,17.882,1.453,-5.550,12.331,19.334,0.00,0.00,0.00,0.00,0.00,0.00,0.00,0.00,0.00,0.00,0.00,0.00,0.00,0.00,0.00,0.00,0.00
20650,DL:0.1.0:AT.1.0.0,2022-3-4 3:23:28,33.50,0.00,0.00,17.891,1.444,-5.560,12.331,19.335,0.00,0.00,0.00,0.00,0.00,0.00,0.00,0.00,0.00,0.00,0.00,0.00,0.00,0.00,0.00,0.00,0.00
20650,DL:0.1.0:AT.1.0.0,2022-3-4 3:23:34,33.50,0.00,0.00,17.896,1.438,-5.566,12.330,19.334,0.00,0.00,0.00,0.00,0.00,0.00,0.00,0.00,0.00,0.00,0.00,0.00,0.00,0.00,0.00,0.00,0.00
20650,DL:0.1.0:AT.1.0.0,2022-3-4 3:23:41,33.50,0.00,0.00,17.916,1.419,-5.586,12.330,19.335,0.00,0.00,0.00,0.00,0.00,0.00,0.00,0.00,0.00,0.00,0.00,0.00,0.00,0.00,0.00,0.00,0.00
20650,DL:0.1.0:AT.1.0.0,2022-3-4 3:23:46,33.50,0.00,0.00,17.891,1.444,-5.562,12.329,19.335,0.00,0.00,0.00,0.00,0.00,0.00,0.00,0.00,0.00,0.00,0.00,0.00,0.00,0.00,0.00,0.00,0.00
20650,DL:0.1.0:AT.1.0.0,2022-3-4 3:23:52,33.50,0.00,0.00,17.918,1.419,-5.589,12.329,19.337,0.00,0.00,0.00,0.00,0.00,0.00,0.00,0.00,0.00,0.00,0.00,0.00,0.00,0.00,0.00,0.00,0.00
20650,DL:0.1.0:AT.1.0.0,2022-3-4 3:23:58,33.50,0.00,0.00,17.907,1.430,-5.579,12.328,19.337,0.00,0.00,0.00,0.00,0.00,0.00,0.00,0.00,0.00,0.00,0.00,0.00,0.00,0.00,0.00,0.00,0.00
20650,DL:0.1.0:AT.1.0.0,2022-3-4 3:24:4,33.50,0.00,0.00,17.888,1.449,-5.560,12.328,19.337,0.00,0.00,0.00,0.00,0.00,0.00,0.00,0.00,0.00,0.00,0.00,0.00,0.00,0.00,0.00,0.00,0.00
20650,DL:0.1.0:AT.1.0.0,2022-3-4 3:24:9,33.50,0.00,0.00,17.913,1.423,-5.585,12.328,19.335,0.00,0.00,0.00,0.00,0.00,0.00,0.00,0.00,0.00,0.00,0.00,0.00,0.00,0.00,0.00,0.00,0.00
20650,DL:0.1.0:AT.1.0.0,2022-3-4 3:24:14,33.50,0.00,0.00,17.913,1.423,-5.586,12.326,19.335,0.00,0.00,0.00,0.00,0.00,0.00,0.00,0.00,0.00,0.00,0.00,0.00,0.00,0.00,0.00,0.00,0.00
20650,DL:0.1.0:AT.1.0.0,2022-3-4 3:24:19,33.50,0.00,0.00,17.934,1.402,-5.609,12.325,19.337,0.00,0.00,0.00,0.00,0.00,0.00,0.00,0.00,0.00,0.00,0.00,0.00,0.00,0.00,0.00,0.00,0.00
20650,DL:0.1.0:AT.1.0.0,2022-3-4 3:24:26,33.50,0.00,0.00,17.888,1.449,-5.562,12.325,19.337,0.00,0.00,0.00,0.00,0.00,0.00,0.00,0.00,0.00,0.00,0.00,0.00,0.00,0.00,0.00,0.00,0.00
20650,DL:0.1.0:AT.1.0.0,2022-3-4 3:24:31,33.50,0.00,0.00,17.900,1.437,-5.576,12.324,19.337,0.00,0.00,0.00,0.00,0.00,0.00,0.00,0.00,0.00,0.00,0.00,0.00,0.00,0.00,0.00,0.00,0.00
20650,DL:0.1.0:AT.1.0.0,2022-3-4 3:24:36,33.50,0.00,0.00,17.889,1.448,-5.565,12.324,19.337,0.00,0.00,0.00,0.00,0.00,0.00,0.00,0.00,0.00,0.00,0.00,0.00,0.00,0.00,0.00,0.00,0.00
20650,DL:0.1.0:AT.1.0.0,2022-3-4 3:24:41,33.50,0.00,0.00,17.894,1.442,-5.570,12.324,19.335,0.00,0.00,0.00,0.00,0.00,0.00,0.00,0.00,0.00,0.00,0.00,0.00,0.00,0.00,0.00,0.00,0.00
20650,DL:0.1.0:AT.1.0.0,2022-3-4 3:24:46,33.50,0.00,0.00,17.919,1.417,-5.596,12.323,19.335,0.00,0.00,0.00,0.00,0.00,0.00,0.00,0.00,0.00,0.00,0.00,0.00,0.00,0.00,0.00,0.00,0.00
20650,DL:0.1.0:AT.1.0.0,2022-3-4 3:24:52,33.50,0.00,0.00,17.894,1.442,-5.571,12.323,19.335,0.00,0.00,0.00,0.00,0.00,0.00,0.00,0.00,0.00,0.00,0.00,0.00,0.00,0.00,0.00,0.00,0.00
20650,DL:0.1.0:AT.1.0.0,2022-3-4 3:24:57,33.50,0.00,0.00,17.910,1.425,-5.589,12.322,19.335,0.00,0.00,0.00,0.00,0.00,0.00,0.00,0.00,0.00,0.00,0.00,0.00,0.00,0.00,0.00,0.00,0.00
20650,DL:0.1.0:AT.1.0.0,2022-3-4 3:25:2,33.50,0.00,0.00,17.952,1.384,-5.631,12.322,19.337,0.00,0.00,0.00,0.00,0.00,0.00,0.00,0.00,0.00,0.00,0.00,0.00,0.00,0.00,0.00,0.00,0.00
20650,DL:0.1.0:AT.1.0.0,2022-3-4 3:25:7,33.50,0.00,0.00,17.963,1.373,-5.643,12.320,19.337,0.00,0.00,0.00,0.00,0.00,0.00,0.00,0.00,0.00,0.00,0.00,0.00,0.00,0.00,0.00,0.00,0.00
20650,DL:0.1.0:AT.1.0.0,2022-3-4 3:25:13,33.50,0.00,0.00,17.907,1.430,-5.586,12.320,19.337,0.00,0.00,0.00,0.00,0.00,0.00,0.00,0.00,0.00,0.00,0.00,0.00,0.00,0.00,0.00,0.00,0.00
20650,DL:0.1.0:AT.1.0.0,2022-3-4 3:25:20,33.50,0.00,0.00,17.934,1.401,-5.615,12.319,19.335,0.00,0.00,0.00,0.00,0.00,0.00,0.00,0.00,0.00,0.00,0.00,0.00,0.00,0.00,0.00,0.00,0.00
20650,DL:0.1.0:AT.1.0.0,2022-3-4 3:25:25,33.50,0.00,0.00,17.932,1.404,-5.614,12.318,19.335,0.00,0.00,0.00,0.00,0.00,0.00,0.00,0.00,0.00,0.00,0.00,0.00,0.00,0.00,0.00,0.00,0.00
20650,DL:0.1.0:AT.1.0.0,2022-3-4 3:25:31,33.50,0.00,0.00,17.920,1.416,-5.601,12.319,19.335,0.00,0.00,0.00,0.00,0.00,0.00,0.00,0.00,0.00,0.00,0.00,0.00,0.00,0.00,0.00,0.00,0.00
20650,DL:0.1.0:AT.1.0.0,2022-3-4 3:25:36,33.50,0.00,0.00,17.918,1.418,-5.600,12.318,19.335,0.00,0.00,0.00,0.00,0.00,0.00,0.00,0.00,0.00,0.00,0.00,0.00,0.00,0.00,0.00,0.00,0.00
20650,DL:0.1.0:AT.1.0.0,2022-3-4 3:25:41,33.50,0.00,0.00,17.914,1.422,-5.597,12.317,19.335,0.00,0.00,0.00,0.00,0.00,0.00,0.00,0.00,0.00,0.00,0.00,0.00,0.00,0.00,0.00,0.00,0.00
20650,DL:0.1.0:AT.1.0.0,2022-3-4 3:25:46,33.50,0.00,0.00,17.912,1.424,-5.595,12.317,19.335,0.00,0.00,0.00,0.00,0.00,0.00,0.00,0.00,0.00,0.00,0.00,0.00,0.00,0.00,0.00,0.00,0.00
20650,DL:0.1.0:AT.1.0.0,2022-3-4 3:25:53,33.50,0.00,0.00,17.908,1.428,-5.592,12.316,19.335,0.00,0.00,0.00,0.00,0.00,0.00,0.00,0.00,0.00,0.00,0.00,0.00,0.00,0.00,0.00,0.00,0.00
20650,DL:0.1.0:AT.1.0.0,2022-3-4 3:25:58,33.50,0.00,0.00,17.908,1.428,-5.592,12.316,19.335,0.00,0.00,0.00,0.00,0.00,0.00,0.00,0.00,0.00,0.00,0.00,0.00,0.00,0.00,0.00,0.00,0.00
20650,DL:0.1.0:AT.1.0.0,2022-3-4 3:26:3,33.50,0.00,0.00,17.898,1.438,-5.583,12.316,19.337,0.00,0.00,0.00,0.00,0.00,0.00,0.00,0.00,0.00,0.00,0.00,0.00,0.00,0.00,0.00,0.00,0.00
20650,DL:0.1.0:AT.1.0.0,2022-3-4 3:26:8,33.50,0.00,0.00,17.889,1.448,-5.574,12.314,19.337,0.00,0.00,0.00,0.00,0.00,0.00,0.00,0.00,0.00,0.00,0.00,0.00,0.00,0.00,0.00,0.00,0.00
20650,DL:0.1.0:AT.1.0.0,2022-3-4 3:26:14,33.50,0.00,0.00,17.908,1.429,-5.595,12.313,19.337,0.00,0.00,0.00,0.00,0.00,0.00,0.00,0.00,0.00,0.00,0.00,0.00,0.00,0.00,0.00,0.00,0.00
20650,DL:0.1.0:AT.1.0.0,2022-3-4 3:26:19,33.50,0.00,0.00,17.926,1.411,-5.613,12.313,19.337,0.00,0.00,0.00,0.00,0.00,0.00,0.00,0.00,0.00,0.00,0.00,0.00,0.00,0.00,0.00,0.00,0.00
20650,DL:0.1.0:AT.1.0.0,2022-3-4 3:26:26,33.50,0.00,0.00,17.918,1.419,-5.604,12.313,19.337,0.00,0.00,0.00,0.00,0.00,0.00,0.00,0.00,0.00,0.00,0.00,0.00,0.00,0.00,0.00,0.00,0.00
20650,DL:0.1.0:AT.1.0.0,2022-3-4 3:26:31,33.50,0.00,0.00,17.944,1.394,-5.632,12.312,19.338,0.00,0.00,0.00,0.00,0.00,0.00,0.00,0.00,0.00,0.00,0.00,0.00,0.00,0.00,0.00,0.00,0.00
20650,DL:0.1.0:AT.1.0.0,2022-3-4 3:26:39,33.50,0.00,0.00,17.914,1.424,-5.602,12.312,19.338,0.00,0.00,0.00,0.00,0.00,0.00,0.00,0.00,0.00,0.00,0.00,0.00,0.00,0.00,0.00,0.00,0.00
20650,DL:0.1.0:AT.1.0.0,2022-3-4 3:26:46,33.50,0.00,0.00,17.937,1.401,-5.627,12.310,19.338,0.00,0.00,0.00,0.00,0.00,0.00,0.00,0.00,0.00,0.00,0.00,0.00,0.00,0.00,0.00,0.00,0.00
20650,DL:0.1.0:AT.1.0.0,2022-3-4 3:26:54,33.50,0.00,0.00,17.915,1.424,-5.606,12.310,19.339,0.00,0.00,0.00,0.00,0.00,0.00,0.00,0.00,0.00,0.00,0.00,0.00,0.00,0.00,0.00,0.00,0.00
20650,DL:0.1.0:AT.1.0.0,2022-3-4 3:26:59,33.25,0.00,0.00,17.909,1.430,-5.600,12.310,19.339,0.00,0.00,0.00,0.00,0.00,0.00,0.00,0.00,0.00,0.00,0.00,0.00,0.00,0.00,0.00,0.00,0.00
20650,DL:0.1.0:AT.1.0.0,2022-3-4 3:27:7,33.25,0.00,0.00,17.937,1.402,-5.630,12.307,19.339,0.00,0.00,0.00,0.00,0.00,0.00,0.00,0.00,0.00,0.00,0.00,0.00,0.00,0.00,0.00,0.00,0.00
20650,DL:0.1.0:AT.1.0.0,2022-3-4 3:27:14,33.25,0.00,0.00,17.934,1.405,-5.627,12.307,19.339,0.00,0.00,0.00,0.00,0.00,0.00,0.00,0.00,0.00,0.00,0.00,0.00,0.00,0.00,0.00,0.00,0.00
20650,DL:0.1.0:AT.1.0.0,2022-3-4 3:27:19,33.25,0.00,0.00,17.926,1.413,-5.619,12.307,19.339,0.00,0.00,0.00,0.00,0.00,0.00,0.00,0.00,0.00,0.00,0.00,0.00,0.00,0.00,0.00,0.00,0.00
20650,DL:0.1.0:AT.1.0.0,2022-3-4 3:27:25,33.25,0.00,0.00,17.898,1.441,-5.591,12.307,19.339,0.00,0.00,0.00,0.00,0.00,0.00,0.00,0.00,0.00,0.00,0.00,0.00,0.00,0.00,0.00,0.00,0.00
20650,DL:0.1.0:AT.1.0.0,2022-3-4 3:27:31,33.25,0.00,0.00,17.926,1.414,-5.619,12.307,19.340,0.00,0.00,0.00,0.00,0.00,0.00,0.00,0.00,0.00,0.00,0.00,0.00,0.00,0.00,0.00,0.00,0.00
20650,DL:0.1.0:AT.1.0.0,2022-3-4 3:27:37,33.25,0.00,0.00,17.921,1.419,-5.614,12.307,19.340,0.00,0.00,0.00,0.00,0.00,0.00,0.00,0.00,0.00,0.00,0.00,0.00,0.00,0.00,0.00,0.00,0.00
20650,DL:0.1.0:AT.1.0.0,2022-3-4 3:27:44,33.25,0.00,0.00,17.948,1.393,-5.642,12.306,19.340,0.00,0.00,0.00,0.00,0.00,0.00,0.00,0.00,0.00,0.00,0.00,0.00,0.00,0.00,0.00,0.00,0.00
20650,DL:0.1.0:AT.1.0.0,2022-3-4 3:27:51,33.25,0.00,0.00,17.918,1.424,-5.612,12.306,19.342,0.00,0.00,0.00,0.00,0.00,0.00,0.00,0.00,0.00,0.00,0.00,0.00,0.00,0.00,0.00,0.00,0.00
20650,DL:0.1.0:AT.1.0.0,2022-3-4 3:27:58,33.25,0.00,0.00,17.907,1.435,-5.601,12.306,19.342,0.00,0.00,0.00,0.00,0.00,0.00,0.00,0.00,0.00,0.00,0.00,0.00,0.00,0.00,0.00,0.00,0.00
20650,DL:0.1.0:AT.1.0.0,2022-3-4 3:28:3,33.25,0.00,0.00,17.936,1.406,-5.631,12.305,19.342,0.00,0.00,0.00,0.00,0.00,0.00,0.00,0.00,0.00,0.00,0.00,0.00,0.00,0.00,0.00,0.00,0.00
20650,DL:0.1.0:AT.1.0.0,2022-3-4 3:28:8,33.25,0.00,0.00,17.907,1.434,-5.603,12.304,19.340,0.00,0.00,0.00,0.00,0.00,0.00,0.00,0.00,0.00,0.00,0.00,0.00,0.00,0.00,0.00,0.00,0.00
20650,DL:0.1.0:AT.1.0.0,2022-3-4 3:28:13,33.25,0.00,0.00,17.937,1.405,-5.632,12.305,19.342,0.00,0.00,0.00,0.00,0.00,0.00,0.00,0.00,0.00,0.00,0.00,0.00,0.00,0.00,0.00,0.00,0.00
20650,DL:0.1.0:AT.1.0.0,2022-3-4 3:28:19,33.25,0.00,0.00,17.889,1.453,-5.585,12.304,19.342,0.00,0.00,0.00,0.00,0.00,0.00,0.00,0.00,0.00,0.00,0.00,0.00,0.00,0.00,0.00,0.00,0.00
20650,DL:0.1.0:AT.1.0.0,2022-3-4 3:28:25,33.25,0.00,0.00,17.912,1.430,-5.609,12.302,19.342,0.00,0.00,0.00,0.00,0.00,0.00,0.00,0.00,0.00,0.00,0.00,0.00,0.00,0.00,0.00,0.00,0.00
20650,DL:0.1.0:AT.1.0.0,2022-3-4 3:28:30,33.25,0.00,0.00,17.920,1.423,-5.619,12.301,19.343,0.00,0.00,0.00,0.00,0.00,0.00,0.00,0.00,0.00,0.00,0.00,0.00,0.00,0.00,0.00,0.00,0.00
20650,DL:0.1.0:AT.1.0.0,2022-3-4 3:28:36,33.25,0.00,0.00,17.904,1.438,-5.603,12.301,19.343,0.00,0.00,0.00,0.00,0.00,0.00,0.00,0.00,0.00,0.00,0.00,0.00,0.00,0.00,0.00,0.00,0.00
20650,DL:0.1.0:AT.1.0.0,2022-3-4 3:28:42,33.25,0.00,0.00,17.885,1.458,-5.585,12.300,19.343,0.00,0.00,0.00,0.00,0.00,0.00,0.00,0.00,0.00,0.00,0.00,0.00,0.00,0.00,0.00,0.00,0.00
20650,DL:0.1.0:AT.1.0.0,2022-3-4 3:28:47,33.25,0.00,0.00,17.890,1.453,-5.590,12.300,19.343,0.00,0.00,0.00,0.00,0.00,0.00,0.00,0.00,0.00,0.00,0.00,0.00,0.00,0.00,0.00,0.00,0.00
20650,DL:0.1.0:AT.1.0.0,2022-3-4 3:28:53,33.25,0.00,0.00,17.924,1.419,-5.624,12.300,19.343,0.00,0.00,0.00,0.00,0.00,0.00,0.00,0.00,0.00,0.00,0.00,0.00,0.00,0.00,0.00,0.00,0.00
20650,DL:0.1.0:AT.1.0.0,2022-3-4 3:29:0,33.25,0.00,0.00,17.925,1.419,-5.626,12.299,19.344,0.00,0.00,0.00,0.00,0.00,0.00,0.00,0.00,0.00,0.00,0.00,0.00,0.00,0.00,0.00,0.00,0.00
20650,DL:0.1.0:AT.1.0.0,2022-3-4 3:29:6,33.25,0.00,0.00,17.940,1.402,-5.642,12.299,19.343,0.00,0.00,0.00,0.00,0.00,0.00,0.00,0.00,0.00,0.00,0.00,0.00,0.00,0.00,0.00,0.00,0.00
20650,DL:0.1.0:AT.1.0.0,2022-3-4 3:29:13,33.25,0.00,0.00,17.948,1.396,-5.650,12.298,19.344,0.00,0.00,0.00,0.00,0.00,0.00,0.00,0.00,0.00,0.00,0.00,0.00,0.00,0.00,0.00,0.00,0.00
20650,DL:0.1.0:AT.1.0.0,2022-3-4 3:29:20,33.25,0.00,0.00,17.949,1.396,-5.652,12.296,19.345,0.00,0.00,0.00,0.00,0.00,0.00,0.00,0.00,0.00,0.00,0.00,0.00,0.00,0.00,0.00,0.00,0.00
20650,DL:0.1.0:AT.1.0.0,2022-3-4 3:29:31,33.25,0.00,0.00,17.937,1.408,-5.642,12.295,19.345,0.00,0.00,0.00,0.00,0.00,0.00,0.00,0.00,0.00,0.00,0.00,0.00,0.00,0.00,0.00,0.00,0.00
20650,DL:0.1.0:AT.1.0.0,2022-3-4 3:29:37,33.25,0.00,0.00,17.927,1.418,-5.632,12.295,19.345,0.00,0.00,0.00,0.00,0.00,0.00,0.00,0.00,0.00,0.00,0.00,0.00,0.00,0.00,0.00,0.00,0.00
20650,DL:0.1.0:AT.1.0.0,2022-3-4 3:29:47,33.25,0.00,0.00,17.939,1.407,-5.645,12.294,19.346,0.00,0.00,0.00,0.00,0.00,0.00,0.00,0.00,0.00,0.00,0.00,0.00,0.00,0.00,0.00,0.00,0.00
20650,DL:0.1.0:AT.1.0.0,2022-3-4 3:29:54,33.25,0.00,0.00,17.937,1.410,-5.644,12.293,19.346,0.00,0.00,0.00,0.00,0.00,0.00,0.00,0.00,0.00,0.00,0.00,0.00,0.00,0.00,0.00,0.00,0.00
20650,DL:0.1.0:AT.1.0.0,2022-3-4 3:30:1,33.25,0.00,0.00,17.934,1.412,-5.643,12.292,19.346,0.00,0.00,0.00,0.00,0.00,0.00,0.00,0.00,0.00,0.00,0.00,0.00,0.00,0.00,0.00,0.00,0.00
20650,DL:0.1.0:AT.1.0.0,2022-3-4 3:30:8,33.25,0.00,0.00,17.932,1.416,-5.642,12.290,19.348,0.00,0.00,0.00,0.00,0.00,0.00,0.00,0.00,0.00,0.00,0.00,0.00,0.00,0.00,0.00,0.00,0.00
20650,DL:0.1.0:AT.1.0.0,2022-3-4 3:30:15,33.25,0.00,0.00,17.938,1.410,-5.648,12.290,19.348,0.00,0.00,0.00,0.00,0.00,0.00,0.00,0.00,0.00,0.00,0.00,0.00,0.00,0.00,0.00,0.00,0.00
20650,DL:0.1.0:AT.1.0.0,2022-3-4 3:30:22,33.25,0.00,0.00,17.921,1.426,-5.632,12.289,19.348,0.00,0.00,0.00,0.00,0.00,0.00,0.00,0.00,0.00,0.00,0.00,0.00,0.00,0.00,0.00,0.00,0.00
20650,DL:0.1.0:AT.1.0.0,2022-3-4 3:30:30,33.25,0.00,0.00,17.937,1.412,-5.648,12.289,19.349,0.00,0.00,0.00,0.00,0.00,0.00,0.00,0.00,0.00,0.00,0.00,0.00,0.00,0.00,0.00,0.00,0.00
20650,DL:0.1.0:AT.1.0.0,2022-3-4 3:30:35,33.25,0.00,0.00,17.932,1.417,-5.643,12.289,19.349,0.00,0.00,0.00,0.00,0.00,0.00,0.00,0.00,0.00,0.00,0.00,0.00,0.00,0.00,0.00,0.00,0.00
20650,DL:0.1.0:AT.1.0.0,2022-3-4 3:30:42,33.25,0.00,0.00,17.933,1.417,-5.646,12.287,19.350,0.00,0.00,0.00,0.00,0.00,0.00,0.00,0.00,0.00,0.00,0.00,0.00,0.00,0.00,0.00,0.00,0.00
20650,DL:0.1.0:AT.1.0.0,2022-3-4 3:30:49,33.25,0.00,0.00,17.956,1.394,-5.669,12.287,19.350,0.00,0.00,0.00,0.00,0.00,0.00,0.00,0.00,0.00,0.00,0.00,0.00,0.00,0.00,0.00,0.00,0.00
20650,DL:0.1.0:AT.1.0.0,2022-3-4 3:30:56,33.25,0.00,0.00,17.942,1.410,-5.656,12.286,19.351,0.00,0.00,0.00,0.00,0.00,0.00,0.00,0.00,0.00,0.00,0.00,0.00,0.00,0.00,0.00,0.00,0.00
20650,DL:0.1.0:AT.1.0.0,2022-3-4 3:31:1,33.25,0.00,0.00,17.915,1.435,-5.630,12.286,19.350,0.00,0.00,0.00,0.00,0.00,0.00,0.00,0.00,0.00,0.00,0.00,0.00,0.00,0.00,0.00,0.00,0.00
20650,DL:0.1.0:AT.1.0.0,2022-3-4 3:31:6,33.25,0.00,0.00,17.928,1.423,-5.644,12.284,19.351,0.00,0.00,0.00,0.00,0.00,0.00,0.00,0.00,0.00,0.00,0.00,0.00,0.00,0.00,0.00,0.00,0.00
20650,DL:0.1.0:AT.1.0.0,2022-3-4 3:31:13,33.25,0.00,0.00,17.937,1.414,-5.652,12.284,19.351,0.00,0.00,0.00,0.00,0.00,0.00,0.00,0.00,0.00,0.00,0.00,0.00,0.00,0.00,0.00,0.00,0.00
20650,DL:0.1.0:AT.1.0.0,2022-3-4 3:31:20,33.25,0.00,0.00,17.921,1.430,-5.638,12.283,19.351,0.00,0.00,0.00,0.00,0.00,0.00,0.00,0.00,0.00,0.00,0.00,0.00,0.00,0.00,0.00,0.00,0.00
20650,DL:0.1.0:AT.1.0.0,2022-3-4 3:31:25,33.25,0.00,0.00,17.976,1.376,-5.695,12.282,19.352,0.00,0.00,0.00,0.00,0.00,0.00,0.00,0.00,0.00,0.00,0.00,0.00,0.00,0.00,0.00,0.00,0.00
20650,DL:0.1.0:AT.1.0.0,2022-3-4 3:31:31,33.25,0.00,0.00,17.943,1.410,-5.661,12.282,19.352,0.00,0.00,0.00,0.00,0.00,0.00,0.00,0.00,0.00,0.00,0.00,0.00,0.00,0.00,0.00,0.00,0.00
20650,DL:0.1.0:AT.1.0.0,2022-3-4 3:31:37,33.25,0.00,0.00,17.919,1.435,-5.637,12.282,19.354,0.00,0.00,0.00,0.00,0.00,0.00,0.00,0.00,0.00,0.00,0.00,0.00,0.00,0.00,0.00,0.00,0.00
20650,DL:0.1.0:AT.1.0.0,2022-3-4 3:31:42,33.25,0.00,0.00,17.931,1.423,-5.651,12.280,19.354,0.00,0.00,0.00,0.00,0.00,0.00,0.00,0.00,0.00,0.00,0.00,0.00,0.00,0.00,0.00,0.00,0.00
20650,DL:0.1.0:AT.1.0.0,2022-3-4 3:31:47,33.25,0.00,0.00,17.934,1.419,-5.655,12.280,19.354,0.00,0.00,0.00,0.00,0.00,0.00,0.00,0.00,0.00,0.00,0.00,0.00,0.00,0.00,0.00,0.00,0.00
20650,DL:0.1.0:AT.1.0.0,2022-3-4 3:31:52,33.25,0.00,0.00,17.946,1.408,-5.666,12.281,19.355,0.00,0.00,0.00,0.00,0.00,0.00,0.00,0.00,0.00,0.00,0.00,0.00,0.00,0.00,0.00,0.00,0.00
20650,DL:0.1.0:AT.1.0.0,2022-3-4 3:31:57,33.25,0.00,0.00,17.930,1.426,-5.651,12.278,19.356,0.00,0.00,0.00,0.00,0.00,0.00,0.00,0.00,0.00,0.00,0.00,0.00,0.00,0.00,0.00,0.00,0.00
20650,DL:0.1.0:AT.1.0.0,2022-3-4 3:32:4,33.25,0.00,0.00,17.932,1.424,-5.654,12.278,19.356,0.00,0.00,0.00,0.00,0.00,0.00,0.00,0.00,0.00,0.00,0.00,0.00,0.00,0.00,0.00,0.00,0.00
20650,DL:0.1.0:AT.1.0.0,2022-3-4 3:32:11,33.25,0.00,0.00,17.928,1.428,-5.651,12.277,19.356,0.00,0.00,0.00,0.00,0.00,0.00,0.00,0.00,0.00,0.00,0.00,0.00,0.00,0.00,0.00,0.00,0.00
20650,DL:0.1.0:AT.1.0.0,2022-3-4 3:32:16,33.25,0.00,0.00,17.937,1.420,-5.658,12.278,19.357,0.00,0.00,0.00,0.00,0.00,0.00,0.00,0.00,0.00,0.00,0.00,0.00,0.00,0.00,0.00,0.00,0.00
20650,DL:0.1.0:AT.1.0.0,2022-3-4 3:32:21,33.25,0.00,0.00,17.942,1.416,-5.665,12.277,19.357,0.00,0.00,0.00,0.00,0.00,0.00,0.00,0.00,0.00,0.00,0.00,0.00,0.00,0.00,0.00,0.00,0.00
20650,DL:0.1.0:AT.1.0.0,2022-3-4 3:32:28,33.25,0.00,0.00,17.936,1.422,-5.660,12.276,19.357,0.00,0.00,0.00,0.00,0.00,0.00,0.00,0.00,0.00,0.00,0.00,0.00,0.00,0.00,0.00,0.00,0.00
20650,DL:0.1.0:AT.1.0.0,2022-3-4 3:32:35,33.25,0.00,0.00,17.937,1.422,-5.661,12.276,19.358,0.00,0.00,0.00,0.00,0.00,0.00,0.00,0.00,0.00,0.00,0.00,0.00,0.00,0.00,0.00,0.00,0.00
20650,DL:0.1.0:AT.1.0.0,2022-3-4 3:32:42,33.25,0.00,0.00,17.933,1.426,-5.658,12.275,19.360,0.00,0.00,0.00,0.00,0.00,0.00,0.00,0.00,0.00,0.00,0.00,0.00,0.00,0.00,0.00,0.00,0.00
20650,DL:0.1.0:AT.1.0.0,2022-3-4 3:32:49,33.25,0.00,0.00,17.936,1.424,-5.662,12.273,19.360,0.00,0.00,0.00,0.00,0.00,0.00,0.00,0.00,0.00,0.00,0.00,0.00,0.00,0.00,0.00,0.00,0.00
20650,DL:0.1.0:AT.1.0.0,2022-3-4 3:32:55,33.25,0.00,0.00,17.948,1.412,-5.674,12.273,19.360,0.00,0.00,0.00,0.00,0.00,0.00,0.00,0.00,0.00,0.00,0.00,0.00,0.00,0.00,0.00,0.00,0.00
20650,DL:0.1.0:AT.1.0.0,2022-3-4 3:33:7,33.25,0.00,0.00,17.940,1.420,-5.668,12.272,19.361,0.00,0.00,0.00,0.00,0.00,0.00,0.00,0.00,0.00,0.00,0.00,0.00,0.00,0.00,0.00,0.00,0.00
20650,DL:0.1.0:AT.1.0.0,2022-3-4 3:33:14,33.25,0.00,0.00,17.933,1.429,-5.661,12.272,19.362,0.00,0.00,0.00,0.00,0.00,0.00,0.00,0.00,0.00,0.00,0.00,0.00,0.00,0.00,0.00,0.00,0.00
20650,DL:0.1.0:AT.1.0.0,2022-3-4 3:33:20,33.25,0.00,0.00,17.914,1.448,-5.643,12.271,19.362,0.00,0.00,0.00,0.00,0.00,0.00,0.00,0.00,0.00,0.00,0.00,0.00,0.00,0.00,0.00,0.00,0.00
20650,DL:0.1.0:AT.1.0.0,2022-3-4 3:33:28,33.25,0.00,0.00,17.951,1.412,-5.680,12.271,19.363,0.00,0.00,0.00,0.00,0.00,0.00,0.00,0.00,0.00,0.00,0.00,0.00,0.00,0.00,0.00,0.00,0.00
20650,DL:0.1.0:AT.1.0.0,2022-3-4 3:33:37,33.25,0.00,0.00,17.915,1.448,-5.645,12.270,19.363,0.00,0.00,0.00,0.00,0.00,0.00,0.00,0.00,0.00,0.00,0.00,0.00,0.00,0.00,0.00,0.00,0.00
20650,DL:0.1.0:AT.1.0.0,2022-3-4 3:33:42,33.25,0.00,0.00,17.918,1.446,-5.648,12.270,19.363,0.00,0.00,0.00,0.00,0.00,0.00,0.00,0.00,0.00,0.00,0.00,0.00,0.00,0.00,0.00,0.00,0.00
20650,DL:0.1.0:AT.1.0.0,2022-3-4 3:33:50,33.25,0.00,0.00,17.902,1.464,-5.633,12.269,19.366,0.00,0.00,0.00,0.00,0.00,0.00,0.00,0.00,0.00,0.00,0.00,0.00,0.00,0.00,0.00,0.00,0.00
20650,DL:0.1.0:AT.1.0.0,2022-3-4 3:33:56,33.25,0.00,0.00,17.894,1.471,-5.626,12.267,19.364,0.00,0.00,0.00,0.00,0.00,0.00,0.00,0.00,0.00,0.00,0.00,0.00,0.00,0.00,0.00,0.00,0.00
20650,DL:0.1.0:AT.1.0.0,2022-3-4 3:34:1,33.25,0.00,0.00,17.906,1.460,-5.638,12.267,19.366,0.00,0.00,0.00,0.00,0.00,0.00,0.00,0.00,0.00,0.00,0.00,0.00,0.00,0.00,0.00,0.00,0.00
20650,DL:0.1.0:AT.1.0.0,2022-3-4 3:34:6,33.25,0.00,0.00,17.896,1.470,-5.628,12.267,19.366,0.00,0.00,0.00,0.00,0.00,0.00,0.00,0.00,0.00,0.00,0.00,0.00,0.00,0.00,0.00,0.00,0.00
20650,DL:0.1.0:AT.1.0.0,2022-3-4 3:34:13,33.25,0.00,0.00,17.902,1.465,-5.636,12.266,19.367,0.00,0.00,0.00,0.00,0.00,0.00,0.00,0.00,0.00,0.00,0.00,0.00,0.00,0.00,0.00,0.00,0.00
20650,DL:0.1.0:AT.1.0.0,2022-3-4 3:34:18,33.25,0.00,0.00,17.891,1.476,-5.625,12.266,19.367,0.00,0.00,0.00,0.00,0.00,0.00,0.00,0.00,0.00,0.00,0.00,0.00,0.00,0.00,0.00,0.00,0.00
20650,DL:0.1.0:AT.1.0.0,2022-3-4 3:34:23,33.25,0.00,0.00,17.889,1.478,-5.619,12.270,19.367,0.00,0.00,0.00,0.00,0.00,0.00,0.00,0.00,0.00,0.00,0.00,0.00,0.00,0.00,0.00,0.00,0.00
20650,DL:0.1.0:AT.1.0.0,2022-3-4 3:34:28,33.25,0.00,0.00,17.912,1.456,-5.643,12.269,19.368,0.00,0.00,0.00,0.00,0.00,0.00,0.00,0.00,0.00,0.00,0.00,0.00,0.00,0.00,0.00,0.00,0.00
20650,DL:0.1.0:AT.1.0.0,2022-3-4 3:34:34,33.25,0.00,0.00,17.907,1.461,-5.637,12.270,19.368,0.00,0.00,0.00,0.00,0.00,0.00,0.00,0.00,0.00,0.00,0.00,0.00,0.00,0.00,0.00,0.00,0.00
20650,DL:0.1.0:AT.1.0.0,2022-3-4 3:34:41,33.25,0.00,0.00,17.892,1.478,-5.624,12.269,19.370,0.00,0.00,0.00,0.00,0.00,0.00,0.00,0.00,0.00,0.00,0.00,0.00,0.00,0.00,0.00,0.00,0.00
20650,DL:0.1.0:AT.1.0.0,2022-3-4 3:34:46,33.25,0.00,0.00,17.884,1.486,-5.616,12.267,19.370,0.00,0.00,0.00,0.00,0.00,0.00,0.00,0.00,0.00,0.00,0.00,0.00,0.00,0.00,0.00,0.00,0.00
20650,DL:0.1.0:AT.1.0.0,2022-3-4 3:34:52,33.25,0.00,0.00,17.888,1.483,-5.620,12.267,19.370,0.00,0.00,0.00,0.00,0.00,0.00,0.00,0.00,0.00,0.00,0.00,0.00,0.00,0.00,0.00,0.00,0.00
20650,DL:0.1.0:AT.1.0.0,2022-3-4 3:34:58,33.25,0.00,0.00,17.914,1.458,-5.648,12.266,19.372,0.00,0.00,0.00,0.00,0.00,0.00,0.00,0.00,0.00,0.00,0.00,0.00,0.00,0.00,0.00,0.00,0.00
20650,DL:0.1.0:AT.1.0.0,2022-3-4 3:35:3,33.25,0.00,0.00,17.915,1.456,-5.649,12.266,19.372,0.00,0.00,0.00,0.00,0.00,0.00,0.00,0.00,0.00,0.00,0.00,0.00,0.00,0.00,0.00,0.00,0.00
20650,DL:0.1.0:AT.1.0.0,2022-3-4 3:35:9,33.25,0.00,0.00,17.906,1.467,-5.640,12.265,19.373,0.00,0.00,0.00,0.00,0.00,0.00,0.00,0.00,0.00,0.00,0.00,0.00,0.00,0.00,0.00,0.00,0.00
20650,DL:0.1.0:AT.1.0.0,2022-3-4 3:35:14,33.25,0.00,0.00,17.922,1.450,-5.657,12.265,19.373,0.00,0.00,0.00,0.00,0.00,0.00,0.00,0.00,0.00,0.00,0.00,0.00,0.00,0.00,0.00,0.00,0.00
20650,DL:0.1.0:AT.1.0.0,2022-3-4 3:35:19,33.25,0.00,0.00,17.913,1.461,-5.648,12.265,19.374,0.00,0.00,0.00,0.00,0.00,0.00,0.00,0.00,0.00,0.00,0.00,0.00,0.00,0.00,0.00,0.00,0.00
20650,DL:0.1.0:AT.1.0.0,2022-3-4 3:35:24,33.25,0.00,0.00,17.897,1.477,-5.633,12.264,19.374,0.00,0.00,0.00,0.00,0.00,0.00,0.00,0.00,0.00,0.00,0.00,0.00,0.00,0.00,0.00,0.00,0.00
20650,DL:0.1.0:AT.1.0.0,2022-3-4 3:35:29,33.00,0.00,0.00,17.957,1.418,-5.695,12.263,19.375,0.00,0.00,0.00,0.00,0.00,0.00,0.00,0.00,0.00,0.00,0.00,0.00,0.00,0.00,0.00,0.00,0.00
20650,DL:0.1.0:AT.1.0.0,2022-3-4 3:35:34,33.00,0.00,0.00,17.898,1.477,-5.636,12.263,19.375,0.00,0.00,0.00,0.00,0.00,0.00,0.00,0.00,0.00,0.00,0.00,0.00,0.00,0.00,0.00,0.00,0.00
20650,DL:0.1.0:AT.1.0.0,2022-3-4 3:35:39,33.00,0.00,0.00,17.909,1.467,-5.648,12.261,19.376,0.00,0.00,0.00,0.00,0.00,0.00,0.00,0.00,0.00,0.00,0.00,0.00,0.00,0.00,0.00,0.00,0.00
20650,DL:0.1.0:AT.1.0.0,2022-3-4 3:35:44,33.00,0.00,0.00,17.926,1.450,-5.665,12.261,19.376,0.00,0.00,0.00,0.00,0.00,0.00,0.00,0.00,0.00,0.00,0.00,0.00,0.00,0.00,0.00,0.00,0.00
20650,DL:0.1.0:AT.1.0.0,2022-3-4 3:35:50,33.00,0.00,0.00,17.874,1.502,-5.613,12.261,19.376,0.00,0.00,0.00,0.00,0.00,0.00,0.00,0.00,0.00,0.00,0.00,0.00,0.00,0.00,0.00,0.00,0.00
20650,DL:0.1.0:AT.1.0.0,2022-3-4 3:35:57,33.00,0.00,0.00,17.900,1.477,-5.639,12.260,19.376,0.00,0.00,0.00,0.00,0.00,0.00,0.00,0.00,0.00,0.00,0.00,0.00,0.00,0.00,0.00,0.00,0.00
20650,DL:0.1.0:AT.1.0.0,2022-3-4 3:36:3,33.00,0.00,0.00,17.901,1.478,-5.640,12.260,19.379,0.00,0.00,0.00,0.00,0.00,0.00,0.00,0.00,0.00,0.00,0.00,0.00,0.00,0.00,0.00,0.00,0.00
20650,DL:0.1.0:AT.1.0.0,2022-3-4 3:36:8,33.00,0.00,0.00,17.898,1.482,-5.638,12.260,19.380,0.00,0.00,0.00,0.00,0.00,0.00,0.00,0.00,0.00,0.00,0.00,0.00,0.00,0.00,0.00,0.00,0.00
20650,DL:0.1.0:AT.1.0.0,2022-3-4 3:36:14,33.00,0.00,0.00,17.903,1.478,-5.644,12.259,19.381,0.00,0.00,0.00,0.00,0.00,0.00,0.00,0.00,0.00,0.00,0.00,0.00,0.00,0.00,0.00,0.00,0.00
20650,DL:0.1.0:AT.1.0.0,2022-3-4 3:36:21,33.00,0.00,0.00,17.897,1.484,-5.639,12.258,19.381,0.00,0.00,0.00,0.00,0.00,0.00,0.00,0.00,0.00,0.00,0.00,0.00,0.00,0.00,0.00,0.00,0.00
20650,DL:0.1.0:AT.1.0.0,2022-3-4 3:36:27,33.00,0.00,0.00,17.889,1.492,-5.632,12.257,19.381,0.00,0.00,0.00,0.00,0.00,0.00,0.00,0.00,0.00,0.00,0.00,0.00,0.00,0.00,0.00,0.00,0.00
20650,DL:0.1.0:AT.1.0.0,2022-3-4 3:36:35,33.00,0.00,0.00,17.880,1.503,-5.624,12.257,19.384,0.00,0.00,0.00,0.00,0.00,0.00,0.00,0.00,0.00,0.00,0.00,0.00,0.00,0.00,0.00,0.00,0.00
20650,DL:0.1.0:AT.1.0.0,2022-3-4 3:36:41,33.00,0.00,0.00,17.897,1.486,-5.640,12.257,19.384,0.00,0.00,0.00,0.00,0.00,0.00,0.00,0.00,0.00,0.00,0.00,0.00,0.00,0.00,0.00,0.00,0.00
20650,DL:0.1.0:AT.1.0.0,2022-3-4 3:36:48,33.00,0.00,0.00,17.890,1.494,-5.634,12.255,19.384,0.00,0.00,0.00,0.00,0.00,0.00,0.00,0.00,0.00,0.00,0.00,0.00,0.00,0.00,0.00,0.00,0.00
20650,DL:0.1.0:AT.1.0.0,2022-3-4 3:36:55,33.00,0.00,0.00,17.898,1.486,-5.643,12.255,19.385,0.00,0.00,0.00,0.00,0.00,0.00,0.00,0.00,0.00,0.00,0.00,0.00,0.00,0.00,0.00,0.00,0.00
20650,DL:0.1.0:AT.1.0.0,2022-3-4 3:37:2,33.00,0.00,0.00,17.877,1.508,-5.622,12.254,19.385,0.00,0.00,0.00,0.00,0.00,0.00,0.00,0.00,0.00,0.00,0.00,0.00,0.00,0.00,0.00,0.00,0.00
20650,DL:0.1.0:AT.1.0.0,2022-3-4 3:37:9,33.00,0.00,0.00,17.872,1.514,-5.619,12.253,19.386,0.00,0.00,0.00,0.00,0.00,0.00,0.00,0.00,0.00,0.00,0.00,0.00,0.00,0.00,0.00,0.00,0.00
20650,DL:0.1.0:AT.1.0.0,2022-3-4 3:37:14,33.00,0.00,0.00,17.895,1.492,-5.642,12.253,19.387,0.00,0.00,0.00,0.00,0.00,0.00,0.00,0.00,0.00,0.00,0.00,0.00,0.00,0.00,0.00,0.00,0.00
20650,DL:0.1.0:AT.1.0.0,2022-3-4 3:37:19,33.00,0.00,0.00,17.871,1.516,-5.619,12.252,19.387,0.00,0.00,0.00,0.00,0.00,0.00,0.00,0.00,0.00,0.00,0.00,0.00,0.00,0.00,0.00,0.00,0.00
20650,DL:0.1.0:AT.1.0.0,2022-3-4 3:37:26,33.00,0.00,0.00,17.867,1.520,-5.614,12.253,19.387,0.00,0.00,0.00,0.00,0.00,0.00,0.00,0.00,0.00,0.00,0.00,0.00,0.00,0.00,0.00,0.00,0.00
20650,DL:0.1.0:AT.1.0.0,2022-3-4 3:37:32,33.00,0.00,0.00,17.897,1.491,-5.645,12.252,19.388,0.00,0.00,0.00,0.00,0.00,0.00,0.00,0.00,0.00,0.00,0.00,0.00,0.00,0.00,0.00,0.00,0.00
20650,DL:0.1.0:AT.1.0.0,2022-3-4 3:37:38,33.00,0.00,0.00,17.892,1.496,-5.642,12.251,19.388,0.00,0.00,0.00,0.00,0.00,0.00,0.00,0.00,0.00,0.00,0.00,0.00,0.00,0.00,0.00,0.00,0.00
20650,DL:0.1.0:AT.1.0.0,2022-3-4 3:37:43,33.00,0.00,0.00,17.895,1.494,-5.644,12.251,19.388,0.00,0.00,0.00,0.00,0.00,0.00,0.00,0.00,0.00,0.00,0.00,0.00,0.00,0.00,0.00,0.00,0.00
20650,DL:0.1.0:AT.1.0.0,2022-3-4 3:37:48,33.00,0.00,0.00,17.874,1.515,-5.625,12.249,19.390,0.00,0.00,0.00,0.00,0.00,0.00,0.00,0.00,0.00,0.00,0.00,0.00,0.00,0.00,0.00,0.00,0.00
20650,DL:0.1.0:AT.1.0.0,2022-3-4 3:37:53,33.00,0.00,0.00,17.902,1.488,-5.652,12.249,19.390,0.00,0.00,0.00,0.00,0.00,0.00,0.00,0.00,0.00,0.00,0.00,0.00,0.00,0.00,0.00,0.00,0.00
20650,DL:0.1.0:AT.1.0.0,2022-3-4 3:38:0,33.00,0.00,0.00,17.898,1.492,-5.650,12.248,19.391,0.00,0.00,0.00,0.00,0.00,0.00,0.00,0.00,0.00,0.00,0.00,0.00,0.00,0.00,0.00,0.00,0.00
20650,DL:0.1.0:AT.1.0.0,2022-3-4 3:38:7,33.00,0.00,0.00,17.870,1.521,-5.621,12.248,19.391,0.00,0.00,0.00,0.00,0.00,0.00,0.00,0.00,0.00,0.00,0.00,0.00,0.00,0.00,0.00,0.00,0.00
20650,DL:0.1.0:AT.1.0.0,2022-3-4 3:38:12,33.00,0.00,0.00,17.873,1.518,-5.625,12.248,19.391,0.00,0.00,0.00,0.00,0.00,0.00,0.00,0.00,0.00,0.00,0.00,0.00,0.00,0.00,0.00,0.00,0.00
20650,DL:0.1.0:AT.1.0.0,2022-3-4 3:38:17,33.00,0.00,0.00,17.859,1.533,-5.612,12.247,19.392,0.00,0.00,0.00,0.00,0.00,0.00,0.00,0.00,0.00,0.00,0.00,0.00,0.00,0.00,0.00,0.00,0.00
20650,DL:0.1.0:AT.1.0.0,2022-3-4 3:38:22,33.00,0.00,0.00,17.902,1.491,-5.656,12.246,19.393,0.00,0.00,0.00,0.00,0.00,0.00,0.00,0.00,0.00,0.00,0.00,0.00,0.00,0.00,0.00,0.00,0.00
20650,DL:0.1.0:AT.1.0.0,2022-3-4 3:38:28,33.00,0.00,0.00,17.909,1.484,-5.663,12.246,19.393,0.00,0.00,0.00,0.00,0.00,0.00,0.00,0.00,0.00,0.00,0.00,0.00,0.00,0.00,0.00,0.00,0.00
20650,DL:0.1.0:AT.1.0.0,2022-3-4 3:38:34,33.00,0.00,0.00,17.902,1.491,-5.656,12.246,19.393,0.00,0.00,0.00,0.00,0.00,0.00,0.00,0.00,0.00,0.00,0.00,0.00,0.00,0.00,0.00,0.00,0.00
20650,DL:0.1.0:AT.1.0.0,2022-3-4 3:38:40,33.00,0.00,0.00,17.857,1.537,-5.612,12.246,19.394,0.00,0.00,0.00,0.00,0.00,0.00,0.00,0.00,0.00,0.00,0.00,0.00,0.00,0.00,0.00,0.00,0.00
20650,DL:0.1.0:AT.1.0.0,2022-3-4 3:38:45,33.00,0.00,0.00,17.862,1.532,-5.616,12.246,19.394,0.00,0.00,0.00,0.00,0.00,0.00,0.00,0.00,0.00,0.00,0.00,0.00,0.00,0.00,0.00,0.00,0.00
20650,DL:0.1.0:AT.1.0.0,2022-3-4 3:38:51,33.00,0.00,0.00,17.873,1.522,-5.627,12.246,19.396,0.00,0.00,0.00,0.00,0.00,0.00,0.00,0.00,0.00,0.00,0.00,0.00,0.00,0.00,0.00,0.00,0.00
20650,DL:0.1.0:AT.1.0.0,2022-3-4 3:38:58,33.00,0.00,0.00,17.880,1.515,-5.634,12.246,19.396,0.00,0.00,0.00,0.00,0.00,0.00,0.00,0.00,0.00,0.00,0.00,0.00,0.00,0.00,0.00,0.00,0.00
20650,DL:0.1.0:AT.1.0.0,2022-3-4 3:39:3,33.00,0.00,0.00,17.862,1.534,-5.618,12.245,19.397,0.00,0.00,0.00,0.00,0.00,0.00,0.00,0.00,0.00,0.00,0.00,0.00,0.00,0.00,0.00,0.00,0.00
20650,DL:0.1.0:AT.1.0.0,2022-3-4 3:39:9,33.00,0.00,0.00,17.891,1.506,-5.646,12.245,19.397,0.00,0.00,0.00,0.00,0.00,0.00,0.00,0.00,0.00,0.00,0.00,0.00,0.00,0.00,0.00,0.00,0.00
20650,DL:0.1.0:AT.1.0.0,2022-3-4 3:39:14,33.00,0.00,0.00,17.862,1.536,-5.618,12.245,19.398,0.00,0.00,0.00,0.00,0.00,0.00,0.00,0.00,0.00,0.00,0.00,0.00,0.00,0.00,0.00,0.00,0.00
20650,DL:0.1.0:AT.1.0.0,2022-3-4 3:39:19,33.00,0.00,0.00,17.861,1.537,-5.616,12.245,19.398,0.00,0.00,0.00,0.00,0.00,0.00,0.00,0.00,0.00,0.00,0.00,0.00,0.00,0.00,0.00,0.00,0.00
20650,DL:0.1.0:AT.1.0.0,2022-3-4 3:39:24,33.00,0.00,0.00,17.857,1.540,-5.614,12.243,19.398,0.00,0.00,0.00,0.00,0.00,0.00,0.00,0.00,0.00,0.00,0.00,0.00,0.00,0.00,0.00,0.00,0.00
20650,DL:0.1.0:AT.1.0.0,2022-3-4 3:39:29,33.00,0.00,0.00,17.871,1.527,-5.626,12.245,19.398,0.00,0.00,0.00,0.00,0.00,0.00,0.00,0.00,0.00,0.00,0.00,0.00,0.00,0.00,0.00,0.00,0.00
20650,DL:0.1.0:AT.1.0.0,2022-3-4 3:39:34,33.00,0.00,0.00,17.855,1.543,-5.612,12.243,19.398,0.00,0.00,0.00,0.00,0.00,0.00,0.00,0.00,0.00,0.00,0.00,0.00,0.00,0.00,0.00,0.00,0.00
20650,DL:0.1.0:AT.1.0.0,2022-3-4 3:39:39,33.00,0.00,0.00,17.874,1.524,-5.631,12.243,19.398,0.00,0.00,0.00,0.00,0.00,0.00,0.00,0.00,0.00,0.00,0.00,0.00,0.00,0.00,0.00,0.00,0.00
20650,DL:0.1.0:AT.1.0.0,2022-3-4 3:39:44,33.00,0.00,0.00,17.863,1.536,-5.621,12.242,19.399,0.00,0.00,0.00,0.00,0.00,0.00,0.00,0.00,0.00,0.00,0.00,0.00,0.00,0.00,0.00,0.00,0.00
20650,DL:0.1.0:AT.1.0.0,2022-3-4 3:39:49,33.00,0.00,0.00,17.890,1.509,-5.648,12.242,19.399,0.00,0.00,0.00,0.00,0.00,0.00,0.00,0.00,0.00,0.00,0.00,0.00,0.00,0.00,0.00,0.00,0.00
20650,DL:0.1.0:AT.1.0.0,2022-3-4 3:39:55,33.00,0.00,0.00,17.878,1.520,-5.636,12.242,19.398,0.00,0.00,0.00,0.00,0.00,0.00,0.00,0.00,0.00,0.00,0.00,0.00,0.00,0.00,0.00,0.00,0.00
20650,DL:0.1.0:AT.1.0.0,2022-3-4 3:40:0,33.00,0.00,0.00,17.910,1.489,-5.669,12.241,19.399,0.00,0.00,0.00,0.00,0.00,0.00,0.00,0.00,0.00,0.00,0.00,0.00,0.00,0.00,0.00,0.00,0.00
20650,DL:0.1.0:AT.1.0.0,2022-3-4 3:40:7,33.00,0.00,0.00,17.894,1.506,-5.651,12.242,19.399,0.00,0.00,0.00,0.00,0.00,0.00,0.00,0.00,0.00,0.00,0.00,0.00,0.00,0.00,0.00,0.00,0.00
20650,DL:0.1.0:AT.1.0.0,2022-3-4 3:40:13,33.00,0.00,0.00,17.910,1.488,-5.669,12.241,19.398,0.00,0.00,0.00,0.00,0.00,0.00,0.00,0.00,0.00,0.00,0.00,0.00,0.00,0.00,0.00,0.00,0.00
20650,DL:0.1.0:AT.1.0.0,2022-3-4 3:40:18,33.00,0.00,0.00,17.908,1.491,-5.667,12.241,19.399,0.00,0.00,0.00,0.00,0.00,0.00,0.00,0.00,0.00,0.00,0.00,0.00,0.00,0.00,0.00,0.00,0.00
20650,DL:0.1.0:AT.1.0.0,2022-3-4 3:40:23,33.00,0.00,0.00,17.895,1.504,-5.654,12.241,19.399,0.00,0.00,0.00,0.00,0.00,0.00,0.00,0.00,0.00,0.00,0.00,0.00,0.00,0.00,0.00,0.00,0.00
20650,DL:0.1.0:AT.1.0.0,2022-3-4 3:40:28,33.00,0.00,0.00,17.913,1.486,-5.672,12.241,19.399,0.00,0.00,0.00,0.00,0.00,0.00,0.00,0.00,0.00,0.00,0.00,0.00,0.00,0.00,0.00,0.00,0.00
20650,DL:0.1.0:AT.1.0.0,2022-3-4 3:40:33,33.00,0.00,0.00,17.914,1.485,-5.674,12.240,19.399,0.00,0.00,0.00,0.00,0.00,0.00,0.00,0.00,0.00,0.00,0.00,0.00,0.00,0.00,0.00,0.00,0.00
20650,DL:0.1.0:AT.1.0.0,2022-3-4 3:40:38,33.00,0.00,0.00,17.914,1.486,-5.674,12.240,19.400,0.00,0.00,0.00,0.00,0.00,0.00,0.00,0.00,0.00,0.00,0.00,0.00,0.00,0.00,0.00,0.00,0.00
20650,DL:0.1.0:AT.1.0.0,2022-3-4 3:40:43,33.00,0.00,0.00,17.916,1.484,-5.677,12.240,19.400,0.00,0.00,0.00,0.00,0.00,0.00,0.00,0.00,0.00,0.00,0.00,0.00,0.00,0.00,0.00,0.00,0.00
20650,DL:0.1.0:AT.1.0.0,2022-3-4 3:40:49,33.00,0.00,0.00,17.889,1.510,-5.649,12.240,19.399,0.00,0.00,0.00,0.00,0.00,0.00,0.00,0.00,0.00,0.00,0.00,0.00,0.00,0.00,0.00,0.00,0.00
20650,DL:0.1.0:AT.1.0.0,2022-3-4 3:40:54,33.00,0.00,0.00,17.878,1.522,-5.639,12.239,19.400,0.00,0.00,0.00,0.00,0.00,0.00,0.00,0.00,0.00,0.00,0.00,0.00,0.00,0.00,0.00,0.00,0.00
20650,DL:0.1.0:AT.1.0.0,2022-3-4 3:41:0,33.00,0.00,0.00,17.894,1.507,-5.655,12.239,19.400,0.00,0.00,0.00,0.00,0.00,0.00,0.00,0.00,0.00,0.00,0.00,0.00,0.00,0.00,0.00,0.00,0.00
20650,DL:0.1.0:AT.1.0.0,2022-3-4 3:41:5,33.00,0.00,0.00,17.884,1.516,-5.646,12.237,19.400,0.00,0.00,0.00,0.00,0.00,0.00,0.00,0.00,0.00,0.00,0.00,0.00,0.00,0.00,0.00,0.00,0.00
20650,DL:0.1.0:AT.1.0.0,2022-3-4 3:41:13,33.00,0.00,0.00,17.873,1.527,-5.636,12.237,19.400,0.00,0.00,0.00,0.00,0.00,0.00,0.00,0.00,0.00,0.00,0.00,0.00,0.00,0.00,0.00,0.00,0.00
20650,DL:0.1.0:AT.1.0.0,2022-3-4 3:41:19,33.00,0.00,0.00,17.874,1.526,-5.637,12.237,19.400,0.00,0.00,0.00,0.00,0.00,0.00,0.00,0.00,0.00,0.00,0.00,0.00,0.00,0.00,0.00,0.00,0.00
20650,DL:0.1.0:AT.1.0.0,2022-3-4 3:41:24,33.00,0.00,0.00,17.865,1.536,-5.627,12.237,19.400,0.00,0.00,0.00,0.00,0.00,0.00,0.00,0.00,0.00,0.00,0.00,0.00,0.00,0.00,0.00,0.00,0.00
20650,DL:0.1.0:AT.1.0.0,2022-3-4 3:41:29,33.00,0.00,0.00,17.878,1.522,-5.642,12.236,19.400,0.00,0.00,0.00,0.00,0.00,0.00,0.00,0.00,0.00,0.00,0.00,0.00,0.00,0.00,0.00,0.00,0.00
20650,DL:0.1.0:AT.1.0.0,2022-3-4 3:41:35,33.00,0.00,0.00,17.877,1.524,-5.642,12.235,19.400,0.00,0.00,0.00,0.00,0.00,0.00,0.00,0.00,0.00,0.00,0.00,0.00,0.00,0.00,0.00,0.00,0.00
20650,DL:0.1.0:AT.1.0.0,2022-3-4 3:41:40,33.00,0.00,0.00,17.870,1.531,-5.634,12.235,19.400,0.00,0.00,0.00,0.00,0.00,0.00,0.00,0.00,0.00,0.00,0.00,0.00,0.00,0.00,0.00,0.00,0.00
20650,DL:0.1.0:AT.1.0.0,2022-3-4 3:41:47,33.00,0.00,0.00,17.902,1.500,-5.667,12.235,19.402,0.00,0.00,0.00,0.00,0.00,0.00,0.00,0.00,0.00,0.00,0.00,0.00,0.00,0.00,0.00,0.00,0.00
20650,DL:0.1.0:AT.1.0.0,2022-3-4 3:41:52,33.00,0.00,0.00,17.866,1.536,-5.632,12.234,19.402,0.00,0.00,0.00,0.00,0.00,0.00,0.00,0.00,0.00,0.00,0.00,0.00,0.00,0.00,0.00,0.00,0.00
20650,DL:0.1.0:AT.1.0.0,2022-3-4 3:41:57,33.00,0.00,0.00,17.857,1.543,-5.622,12.235,19.400,0.00,0.00,0.00,0.00,0.00,0.00,0.00,0.00,0.00,0.00,0.00,0.00,0.00,0.00,0.00,0.00,0.00
20650,DL:0.1.0:AT.1.0.0,2022-3-4 3:42:3,33.00,0.00,0.00,17.860,1.542,-5.626,12.234,19.402,0.00,0.00,0.00,0.00,0.00,0.00,0.00,0.00,0.00,0.00,0.00,0.00,0.00,0.00,0.00,0.00,0.00
20650,DL:0.1.0:AT.1.0.0,2022-3-4 3:42:9,33.00,0.00,0.00,17.865,1.536,-5.632,12.233,19.400,0.00,0.00,0.00,0.00,0.00,0.00,0.00,0.00,0.00,0.00,0.00,0.00,0.00,0.00,0.00,0.00,0.00
20650,DL:0.1.0:AT.1.0.0,2022-3-4 3:42:15,33.00,0.00,0.00,17.861,1.539,-5.628,12.233,19.400,0.00,0.00,0.00,0.00,0.00,0.00,0.00,0.00,0.00,0.00,0.00,0.00,0.00,0.00,0.00,0.00,0.00
20650,DL:0.1.0:AT.1.0.0,2022-3-4 3:42:20,33.00,0.00,0.00,17.871,1.531,-5.638,12.233,19.402,0.00,0.00,0.00,0.00,0.00,0.00,0.00,0.00,0.00,0.00,0.00,0.00,0.00,0.00,0.00,0.00,0.00
20650,DL:0.1.0:AT.1.0.0,2022-3-4 3:42:27,33.00,0.00,0.00,17.884,1.518,-5.654,12.230,19.402,0.00,0.00,0.00,0.00,0.00,0.00,0.00,0.00,0.00,0.00,0.00,0.00,0.00,0.00,0.00,0.00,0.00
20650,DL:0.1.0:AT.1.0.0,2022-3-4 3:42:32,33.00,0.00,0.00,17.895,1.506,-5.665,12.230,19.400,0.00,0.00,0.00,0.00,0.00,0.00,0.00,0.00,0.00,0.00,0.00,0.00,0.00,0.00,0.00,0.00,0.00
20650,DL:0.1.0:AT.1.0.0,2022-3-4 3:42:37,33.00,0.00,0.00,17.890,1.510,-5.660,12.230,19.400,0.00,0.00,0.00,0.00,0.00,0.00,0.00,0.00,0.00,0.00,0.00,0.00,0.00,0.00,0.00,0.00,0.00
20650,DL:0.1.0:AT.1.0.0,2022-3-4 3:42:42,33.00,0.00,0.00,17.876,1.525,-5.645,12.230,19.400,0.00,0.00,0.00,0.00,0.00,0.00,0.00,0.00,0.00,0.00,0.00,0.00,0.00,0.00,0.00,0.00,0.00
20650,DL:0.1.0:AT.1.0.0,2022-3-4 3:42:48,33.00,0.00,0.00,17.894,1.507,-5.665,12.229,19.400,0.00,0.00,0.00,0.00,0.00,0.00,0.00,0.00,0.00,0.00,0.00,0.00,0.00,0.00,0.00,0.00,0.00
20650,DL:0.1.0:AT.1.0.0,2022-3-4 3:42:54,33.00,0.00,0.00,17.910,1.489,-5.681,12.229,19.399,0.00,0.00,0.00,0.00,0.00,0.00,0.00,0.00,0.00,0.00,0.00,0.00,0.00,0.00,0.00,0.00,0.00
20650,DL:0.1.0:AT.1.0.0,2022-3-4 3:42:59,33.00,0.00,0.00,17.886,1.514,-5.657,12.229,19.400,0.00,0.00,0.00,0.00,0.00,0.00,0.00,0.00,0.00,0.00,0.00,0.00,0.00,0.00,0.00,0.00,0.00
20650,DL:0.1.0:AT.1.0.0,2022-3-4 3:43:5,33.00,0.00,0.00,17.889,1.510,-5.661,12.228,19.399,0.00,0.00,0.00,0.00,0.00,0.00,0.00,0.00,0.00,0.00,0.00,0.00,0.00,0.00,0.00,0.00,0.00
20650,DL:0.1.0:AT.1.0.0,2022-3-4 3:43:10,33.00,0.00,0.00,17.900,1.498,-5.672,12.228,19.398,0.00,0.00,0.00,0.00,0.00,0.00,0.00,0.00,0.00,0.00,0.00,0.00,0.00,0.00,0.00,0.00,0.00
20650,DL:0.1.0:AT.1.0.0,2022-3-4 3:43:16,33.00,0.00,0.00,17.888,1.512,-5.661,12.227,19.399,0.00,0.00,0.00,0.00,0.00,0.00,0.00,0.00,0.00,0.00,0.00,0.00,0.00,0.00,0.00,0.00,0.00
20650,DL:0.1.0:AT.1.0.0,2022-3-4 3:43:21,33.00,0.00,0.00,17.907,1.491,-5.680,12.227,19.398,0.00,0.00,0.00,0.00,0.00,0.00,0.00,0.00,0.00,0.00,0.00,0.00,0.00,0.00,0.00,0.00,0.00
20650,DL:0.1.0:AT.1.0.0,2022-3-4 3:43:26,33.00,0.00,0.00,17.878,1.520,-5.651,12.227,19.398,0.00,0.00,0.00,0.00,0.00,0.00,0.00,0.00,0.00,0.00,0.00,0.00,0.00,0.00,0.00,0.00,0.00
20650,DL:0.1.0:AT.1.0.0,2022-3-4 3:43:31,33.00,0.00,0.00,17.885,1.513,-5.660,12.225,19.398,0.00,0.00,0.00,0.00,0.00,0.00,0.00,0.00,0.00,0.00,0.00,0.00,0.00,0.00,0.00,0.00,0.00
20650,DL:0.1.0:AT.1.0.0,2022-3-4 3:43:36,33.00,0.00,0.00,17.883,1.515,-5.658,12.224,19.398,0.00,0.00,0.00,0.00,0.00,0.00,0.00,0.00,0.00,0.00,0.00,0.00,0.00,0.00,0.00,0.00,0.00
20650,DL:0.1.0:AT.1.0.0,2022-3-4 3:43:41,33.00,0.00,0.00,17.863,1.534,-5.639,12.224,19.398,0.00,0.00,0.00,0.00,0.00,0.00,0.00,0.00,0.00,0.00,0.00,0.00,0.00,0.00,0.00,0.00,0.00
20650,DL:0.1.0:AT.1.0.0,2022-3-4 3:43:46,33.00,0.00,0.00,17.857,1.539,-5.633,12.224,19.397,0.00,0.00,0.00,0.00,0.00,0.00,0.00,0.00,0.00,0.00,0.00,0.00,0.00,0.00,0.00,0.00,0.00
20650,DL:0.1.0:AT.1.0.0,2022-3-4 3:43:52,33.00,0.00,0.00,17.860,1.537,-5.636,12.224,19.397,0.00,0.00,0.00,0.00,0.00,0.00,0.00,0.00,0.00,0.00,0.00,0.00,0.00,0.00,0.00,0.00,0.00
20650,DL:0.1.0:AT.1.0.0,2022-3-4 3:43:57,33.00,0.00,0.00,17.871,1.526,-5.648,12.223,19.397,0.00,0.00,0.00,0.00,0.00,0.00,0.00,0.00,0.00,0.00,0.00,0.00,0.00,0.00,0.00,0.00,0.00
20650,DL:0.1.0:AT.1.0.0,2022-3-4 3:44:2,32.75,0.00,0.00,17.857,1.539,-5.634,12.223,19.397,0.00,0.00,0.00,0.00,0.00,0.00,0.00,0.00,0.00,0.00,0.00,0.00,0.00,0.00,0.00,0.00,0.00
20650,DL:0.1.0:AT.1.0.0,2022-3-4 3:44:8,32.75,0.00,0.00,17.884,1.512,-5.661,12.223,19.396,0.00,0.00,0.00,0.00,0.00,0.00,0.00,0.00,0.00,0.00,0.00,0.00,0.00,0.00,0.00,0.00,0.00
20650,DL:0.1.0:AT.1.0.0,2022-3-4 3:44:13,32.75,0.00,0.00,17.880,1.515,-5.657,12.223,19.396,0.00,0.00,0.00,0.00,0.00,0.00,0.00,0.00,0.00,0.00,0.00,0.00,0.00,0.00,0.00,0.00,0.00
20650,DL:0.1.0:AT.1.0.0,2022-3-4 3:44:18,32.75,0.00,0.00,17.879,1.516,-5.657,12.222,19.396,0.00,0.00,0.00,0.00,0.00,0.00,0.00,0.00,0.00,0.00,0.00,0.00,0.00,0.00,0.00,0.00,0.00
20650,DL:0.1.0:AT.1.0.0,2022-3-4 3:44:25,32.75,0.00,0.00,17.850,1.544,-5.630,12.221,19.394,0.00,0.00,0.00,0.00,0.00,0.00,0.00,0.00,0.00,0.00,0.00,0.00,0.00,0.00,0.00,0.00,0.00
20650,DL:0.1.0:AT.1.0.0,2022-3-4 3:44:30,32.75,0.00,0.00,17.863,1.530,-5.643,12.221,19.393,0.00,0.00,0.00,0.00,0.00,0.00,0.00,0.00,0.00,0.00,0.00,0.00,0.00,0.00,0.00,0.00,0.00
20650,DL:0.1.0:AT.1.0.0,2022-3-4 3:44:35,32.75,0.00,0.00,17.890,1.504,-5.669,12.221,19.394,0.00,0.00,0.00,0.00,0.00,0.00,0.00,0.00,0.00,0.00,0.00,0.00,0.00,0.00,0.00,0.00,0.00
20650,DL:0.1.0:AT.1.0.0,2022-3-4 3:44:42,32.75,0.00,0.00,17.898,1.495,-5.679,12.219,19.393,0.00,0.00,0.00,0.00,0.00,0.00,0.00,0.00,0.00,0.00,0.00,0.00,0.00,0.00,0.00,0.00,0.00
20650,DL:0.1.0:AT.1.0.0,2022-3-4 3:44:47,32.75,0.00,0.00,17.890,1.502,-5.671,12.219,19.392,0.00,0.00,0.00,0.00,0.00,0.00,0.00,0.00,0.00,0.00,0.00,0.00,0.00,0.00,0.00,0.00,0.00
20650,DL:0.1.0:AT.1.0.0,2022-3-4 3:44:52,32.75,0.00,0.00,17.877,1.515,-5.658,12.218,19.392,0.00,0.00,0.00,0.00,0.00,0.00,0.00,0.00,0.00,0.00,0.00,0.00,0.00,0.00,0.00,0.00,0.00
20650,DL:0.1.0:AT.1.0.0,2022-3-4 3:44:59,32.75,0.00,0.00,17.877,1.514,-5.657,12.219,19.391,0.00,0.00,0.00,0.00,0.00,0.00,0.00,0.00,0.00,0.00,0.00,0.00,0.00,0.00,0.00,0.00,0.00
20650,DL:0.1.0:AT.1.0.0,2022-3-4 3:45:4,32.75,0.00,0.00,17.888,1.503,-5.669,12.218,19.391,0.00,0.00,0.00,0.00,0.00,0.00,0.00,0.00,0.00,0.00,0.00,0.00,0.00,0.00,0.00,0.00,0.00
20650,DL:0.1.0:AT.1.0.0,2022-3-4 3:45:9,32.75,0.00,0.00,17.876,1.514,-5.658,12.217,19.390,0.00,0.00,0.00,0.00,0.00,0.00,0.00,0.00,0.00,0.00,0.00,0.00,0.00,0.00,0.00,0.00,0.00
20650,DL:0.1.0:AT.1.0.0,2022-3-4 3:45:14,32.75,0.00,0.00,17.891,1.498,-5.673,12.218,19.390,0.00,0.00,0.00,0.00,0.00,0.00,0.00,0.00,0.00,0.00,0.00,0.00,0.00,0.00,0.00,0.00,0.00
20650,DL:0.1.0:AT.1.0.0,2022-3-4 3:45:19,32.75,0.00,0.00,17.910,1.479,-5.693,12.217,19.390,0.00,0.00,0.00,0.00,0.00,0.00,0.00,0.00,0.00,0.00,0.00,0.00,0.00,0.00,0.00,0.00,0.00
20650,DL:0.1.0:AT.1.0.0,2022-3-4 3:45:27,32.75,0.00,0.00,17.904,1.484,-5.689,12.216,19.388,0.00,0.00,0.00,0.00,0.00,0.00,0.00,0.00,0.00,0.00,0.00,0.00,0.00,0.00,0.00,0.00,0.00
20650,DL:0.1.0:AT.1.0.0,2022-3-4 3:45:32,32.75,0.00,0.00,17.898,1.491,-5.683,12.216,19.390,0.00,0.00,0.00,0.00,0.00,0.00,0.00,0.00,0.00,0.00,0.00,0.00,0.00,0.00,0.00,0.00,0.00
20650,DL:0.1.0:AT.1.0.0,2022-3-4 3:45:37,32.75,0.00,0.00,17.857,1.531,-5.642,12.216,19.388,0.00,0.00,0.00,0.00,0.00,0.00,0.00,0.00,0.00,0.00,0.00,0.00,0.00,0.00,0.00,0.00,0.00
20650,DL:0.1.0:AT.1.0.0,2022-3-4 3:45:43,32.75,0.00,0.00,17.863,1.525,-5.649,12.215,19.388,0.00,0.00,0.00,0.00,0.00,0.00,0.00,0.00,0.00,0.00,0.00,0.00,0.00,0.00,0.00,0.00,0.00
20650,DL:0.1.0:AT.1.0.0,2022-3-4 3:45:48,32.75,0.00,0.00,17.863,1.525,-5.649,12.215,19.388,0.00,0.00,0.00,0.00,0.00,0.00,0.00,0.00,0.00,0.00,0.00,0.00,0.00,0.00,0.00,0.00,0.00
20650,DL:0.1.0:AT.1.0.0,2022-3-4 3:45:54,32.75,0.00,0.00,17.885,1.502,-5.672,12.213,19.387,0.00,0.00,0.00,0.00,0.00,0.00,0.00,0.00,0.00,0.00,0.00,0.00,0.00,0.00,0.00,0.00,0.00
20650,DL:0.1.0:AT.1.0.0,2022-3-4 3:45:59,32.75,0.00,0.00,17.866,1.521,-5.652,12.213,19.387,0.00,0.00,0.00,0.00,0.00,0.00,0.00,0.00,0.00,0.00,0.00,0.00,0.00,0.00,0.00,0.00,0.00
20650,DL:0.1.0:AT.1.0.0,2022-3-4 3:46:4,32.75,0.00,0.00,17.861,1.525,-5.649,12.212,19.386,0.00,0.00,0.00,0.00,0.00,0.00,0.00,0.00,0.00,0.00,0.00,0.00,0.00,0.00,0.00,0.00,0.00
20650,DL:0.1.0:AT.1.0.0,2022-3-4 3:46:11,32.75,0.00,0.00,17.878,1.508,-5.666,12.212,19.386,0.00,0.00,0.00,0.00,0.00,0.00,0.00,0.00,0.00,0.00,0.00,0.00,0.00,0.00,0.00,0.00,0.00
20650,DL:0.1.0:AT.1.0.0,2022-3-4 3:46:18,32.75,0.00,0.00,17.892,1.492,-5.680,12.212,19.385,0.00,0.00,0.00,0.00,0.00,0.00,0.00,0.00,0.00,0.00,0.00,0.00,0.00,0.00,0.00,0.00,0.00
20650,DL:0.1.0:AT.1.0.0,2022-3-4 3:46:23,32.75,0.00,0.00,17.889,1.496,-5.678,12.211,19.385,0.00,0.00,0.00,0.00,0.00,0.00,0.00,0.00,0.00,0.00,0.00,0.00,0.00,0.00,0.00,0.00,0.00
20650,DL:0.1.0:AT.1.0.0,2022-3-4 3:46:28,32.75,0.00,0.00,17.874,1.510,-5.663,12.211,19.385,0.00,0.00,0.00,0.00,0.00,0.00,0.00,0.00,0.00,0.00,0.00,0.00,0.00,0.00,0.00,0.00,0.00
20650,DL:0.1.0:AT.1.0.0,2022-3-4 3:46:35,32.75,0.00,0.00,17.878,1.506,-5.661,12.217,19.384,0.00,0.00,0.00,0.00,0.00,0.00,0.00,0.00,0.00,0.00,0.00,0.00,0.00,0.00,0.00,0.00,0.00
20650,DL:0.1.0:AT.1.0.0,2022-3-4 3:46:42,32.75,0.00,0.00,17.897,1.486,-5.678,12.219,19.384,0.00,0.00,0.00,0.00,0.00,0.00,0.00,0.00,0.00,0.00,0.00,0.00,0.00,0.00,0.00,0.00,0.00
20650,DL:0.1.0:AT.1.0.0,2022-3-4 3:46:48,32.75,0.00,0.00,17.886,1.496,-5.665,12.222,19.382,0.00,0.00,0.00,0.00,0.00,0.00,0.00,0.00,0.00,0.00,0.00,0.00,0.00,0.00,0.00,0.00,0.00
20650,DL:0.1.0:AT.1.0.0,2022-3-4 3:46:56,32.75,0.00,0.00,17.886,1.497,-5.665,12.222,19.384,0.00,0.00,0.00,0.00,0.00,0.00,0.00,0.00,0.00,0.00,0.00,0.00,0.00,0.00,0.00,0.00,0.00
20650,DL:0.1.0:AT.1.0.0,2022-3-4 3:47:2,32.75,0.00,0.00,17.879,1.503,-5.657,12.222,19.382,0.00,0.00,0.00,0.00,0.00,0.00,0.00,0.00,0.00,0.00,0.00,0.00,0.00,0.00,0.00,0.00,0.00
20650,DL:0.1.0:AT.1.0.0,2022-3-4 3:47:8,32.75,0.00,0.00,17.883,1.500,-5.661,12.222,19.382,0.00,0.00,0.00,0.00,0.00,0.00,0.00,0.00,0.00,0.00,0.00,0.00,0.00,0.00,0.00,0.00,0.00
20650,DL:0.1.0:AT.1.0.0,2022-3-4 3:47:13,32.75,0.00,0.00,17.877,1.504,-5.655,12.222,19.381,0.00,0.00,0.00,0.00,0.00,0.00,0.00,0.00,0.00,0.00,0.00,0.00,0.00,0.00,0.00,0.00,0.00
20650,DL:0.1.0:AT.1.0.0,2022-3-4 3:47:18,32.75,0.00,0.00,17.889,1.491,-5.668,12.221,19.380,0.00,0.00,0.00,0.00,0.00,0.00,0.00,0.00,0.00,0.00,0.00,0.00,0.00,0.00,0.00,0.00,0.00
20650,DL:0.1.0:AT.1.0.0,2022-3-4 3:47:23,32.75,0.00,0.00,17.872,1.509,-5.651,12.221,19.381,0.00,0.00,0.00,0.00,0.00,0.00,0.00,0.00,0.00,0.00,0.00,0.00,0.00,0.00,0.00,0.00,0.00
20650,DL:0.1.0:AT.1.0.0,2022-3-4 3:47:28,32.75,0.00,0.00,17.885,1.496,-5.665,12.221,19.381,0.00,0.00,0.00,0.00,0.00,0.00,0.00,0.00,0.00,0.00,0.00,0.00,0.00,0.00,0.00,0.00,0.00
20650,DL:0.1.0:AT.1.0.0,2022-3-4 3:47:34,32.75,0.00,0.00,17.894,1.486,-5.674,12.219,19.380,0.00,0.00,0.00,0.00,0.00,0.00,0.00,0.00,0.00,0.00,0.00,0.00,0.00,0.00,0.00,0.00,0.00
20650,DL:0.1.0:AT.1.0.0,2022-3-4 3:47:39,32.75,0.00,0.00,17.909,1.470,-5.691,12.218,19.379,0.00,0.00,0.00,0.00,0.00,0.00,0.00,0.00,0.00,0.00,0.00,0.00,0.00,0.00,0.00,0.00,0.00
20650,DL:0.1.0:AT.1.0.0,2022-3-4 3:47:44,32.75,0.00,0.00,17.890,1.489,-5.672,12.218,19.379,0.00,0.00,0.00,0.00,0.00,0.00,0.00,0.00,0.00,0.00,0.00,0.00,0.00,0.00,0.00,0.00,0.00
20650,DL:0.1.0:AT.1.0.0,2022-3-4 3:47:50,32.75,0.00,0.00,17.882,1.496,-5.663,12.218,19.378,0.00,0.00,0.00,0.00,0.00,0.00,0.00,0.00,0.00,0.00,0.00,0.00,0.00,0.00,0.00,0.00,0.00
20650,DL:0.1.0:AT.1.0.0,2022-3-4 3:47:56,32.75,0.00,0.00,17.898,1.479,-5.681,12.217,19.378,0.00,0.00,0.00,0.00,0.00,0.00,0.00,0.00,0.00,0.00,0.00,0.00,0.00,0.00,0.00,0.00,0.00
20650,DL:0.1.0:AT.1.0.0,2022-3-4 3:48:1,32.75,0.00,0.00,17.885,1.491,-5.668,12.217,19.376,0.00,0.00,0.00,0.00,0.00,0.00,0.00,0.00,0.00,0.00,0.00,0.00,0.00,0.00,0.00,0.00,0.00
20650,DL:0.1.0:AT.1.0.0,2022-3-4 3:48:6,32.75,0.00,0.00,17.861,1.515,-5.645,12.216,19.376,0.00,0.00,0.00,0.00,0.00,0.00,0.00,0.00,0.00,0.00,0.00,0.00,0.00,0.00,0.00,0.00,0.00
20650,DL:0.1.0:AT.1.0.0,2022-3-4 3:48:11,32.75,0.00,0.00,17.883,1.492,-5.667,12.216,19.375,0.00,0.00,0.00,0.00,0.00,0.00,0.00,0.00,0.00,0.00,0.00,0.00,0.00,0.00,0.00,0.00,0.00
20650,DL:0.1.0:AT.1.0.0,2022-3-4 3:48:16,32.75,0.00,0.00,17.878,1.497,-5.663,12.215,19.375,0.00,0.00,0.00,0.00,0.00,0.00,0.00,0.00,0.00,0.00,0.00,0.00,0.00,0.00,0.00,0.00,0.00
20650,DL:0.1.0:AT.1.0.0,2022-3-4 3:48:21,32.75,0.00,0.00,17.898,1.477,-5.684,12.215,19.375,0.00,0.00,0.00,0.00,0.00,0.00,0.00,0.00,0.00,0.00,0.00,0.00,0.00,0.00,0.00,0.00,0.00
20650,DL:0.1.0:AT.1.0.0,2022-3-4 3:48:28,32.75,0.00,0.00,17.872,1.502,-5.658,12.213,19.374,0.00,0.00,0.00,0.00,0.00,0.00,0.00,0.00,0.00,0.00,0.00,0.00,0.00,0.00,0.00,0.00,0.00
20650,DL:0.1.0:AT.1.0.0,2022-3-4 3:48:33,32.75,0.00,0.00,17.883,1.491,-5.669,12.213,19.374,0.00,0.00,0.00,0.00,0.00,0.00,0.00,0.00,0.00,0.00,0.00,0.00,0.00,0.00,0.00,0.00,0.00
20650,DL:0.1.0:AT.1.0.0,2022-3-4 3:48:38,32.75,0.00,0.00,17.889,1.484,-5.675,12.213,19.373,0.00,0.00,0.00,0.00,0.00,0.00,0.00,0.00,0.00,0.00,0.00,0.00,0.00,0.00,0.00,0.00,0.00
20650,DL:0.1.0:AT.1.0.0,2022-3-4 3:48:43,32.75,0.00,0.00,17.901,1.472,-5.687,12.213,19.373,0.00,0.00,0.00,0.00,0.00,0.00,0.00,0.00,0.00,0.00,0.00,0.00,0.00,0.00,0.00,0.00,0.00
20650,DL:0.1.0:AT.1.0.0,2022-3-4 3:48:49,32.75,0.00,0.00,17.876,1.497,-5.665,12.211,19.373,0.00,0.00,0.00,0.00,0.00,0.00,0.00,0.00,0.00,0.00,0.00,0.00,0.00,0.00,0.00,0.00,0.00
20650,DL:0.1.0:AT.1.0.0,2022-3-4 3:48:56,32.75,0.00,0.00,17.883,1.489,-5.672,12.211,19.372,0.00,0.00,0.00,0.00,0.00,0.00,0.00,0.00,0.00,0.00,0.00,0.00,0.00,0.00,0.00,0.00,0.00
20650,DL:0.1.0:AT.1.0.0,2022-3-4 3:49:2,32.75,0.00,0.00,17.877,1.495,-5.666,12.211,19.372,0.00,0.00,0.00,0.00,0.00,0.00,0.00,0.00,0.00,0.00,0.00,0.00,0.00,0.00,0.00,0.00,0.00
20650,DL:0.1.0:AT.1.0.0,2022-3-4 3:49:9,32.75,0.00,0.00,17.867,1.504,-5.656,12.211,19.372,0.00,0.00,0.00,0.00,0.00,0.00,0.00,0.00,0.00,0.00,0.00,0.00,0.00,0.00,0.00,0.00,0.00
20650,DL:0.1.0:AT.1.0.0,2022-3-4 3:49:15,32.75,0.00,0.00,17.872,1.498,-5.662,12.210,19.370,0.00,0.00,0.00,0.00,0.00,0.00,0.00,0.00,0.00,0.00,0.00,0.00,0.00,0.00,0.00,0.00,0.00
20650,DL:0.1.0:AT.1.0.0,2022-3-4 3:49:21,32.75,0.00,0.00,17.854,1.515,-5.644,12.210,19.369,0.00,0.00,0.00,0.00,0.00,0.00,0.00,0.00,0.00,0.00,0.00,0.00,0.00,0.00,0.00,0.00,0.00
20650,DL:0.1.0:AT.1.0.0,2022-3-4 3:49:27,32.75,0.00,0.00,17.866,1.503,-5.658,12.207,19.369,0.00,0.00,0.00,0.00,0.00,0.00,0.00,0.00,0.00,0.00,0.00,0.00,0.00,0.00,0.00,0.00,0.00
20650,DL:0.1.0:AT.1.0.0,2022-3-4 3:49:33,32.75,0.00,0.00,17.862,1.506,-5.655,12.207,19.368,0.00,0.00,0.00,0.00,0.00,0.00,0.00,0.00,0.00,0.00,0.00,0.00,0.00,0.00,0.00,0.00,0.00
20650,DL:0.1.0:AT.1.0.0,2022-3-4 3:49:38,32.75,0.00,0.00,17.878,1.491,-5.671,12.207,19.369,0.00,0.00,0.00,0.00,0.00,0.00,0.00,0.00,0.00,0.00,0.00,0.00,0.00,0.00,0.00,0.00,0.00
20650,DL:0.1.0:AT.1.0.0,2022-3-4 3:49:43,32.75,0.00,0.00,17.827,1.539,-5.620,12.207,19.367,0.00,0.00,0.00,0.00,0.00,0.00,0.00,0.00,0.00,0.00,0.00,0.00,0.00,0.00,0.00,0.00,0.00
20650,DL:0.1.0:AT.1.0.0,2022-3-4 3:49:52,32.75,0.00,0.00,17.877,1.491,-5.671,12.206,19.368,0.00,0.00,0.00,0.00,0.00,0.00,0.00,0.00,0.00,0.00,0.00,0.00,0.00,0.00,0.00,0.00,0.00
20650,DL:0.1.0:AT.1.0.0,2022-3-4 3:49:57,32.75,0.00,0.00,17.865,1.502,-5.660,12.205,19.367,0.00,0.00,0.00,0.00,0.00,0.00,0.00,0.00,0.00,0.00,0.00,0.00,0.00,0.00,0.00,0.00,0.00
20650,DL:0.1.0:AT.1.0.0,2022-3-4 3:50:4,32.75,0.00,0.00,17.888,1.479,-5.683,12.205,19.367,0.00,0.00,0.00,0.00,0.00,0.00,0.00,0.00,0.00,0.00,0.00,0.00,0.00,0.00,0.00,0.00,0.00
20650,DL:0.1.0:AT.1.0.0,2022-3-4 3:50:9,32.75,0.00,0.00,17.842,1.524,-5.637,12.205,19.366,0.00,0.00,0.00,0.00,0.00,0.00,0.00,0.00,0.00,0.00,0.00,0.00,0.00,0.00,0.00,0.00,0.00
20650,DL:0.1.0:AT.1.0.0,2022-3-4 3:50:14,32.75,0.00,0.00,17.851,1.515,-5.646,12.205,19.367,0.00,0.00,0.00,0.00,0.00,0.00,0.00,0.00,0.00,0.00,0.00,0.00,0.00,0.00,0.00,0.00,0.00
20650,DL:0.1.0:AT.1.0.0,2022-3-4 3:50:25,32.75,0.00,0.00,17.879,1.486,-5.675,12.204,19.366,0.00,0.00,0.00,0.00,0.00,0.00,0.00,0.00,0.00,0.00,0.00,0.00,0.00,0.00,0.00,0.00,0.00
20650,DL:0.1.0:AT.1.0.0,2022-3-4 3:50:30,32.75,0.00,0.00,17.894,1.472,-5.691,12.203,19.366,0.00,0.00,0.00,0.00,0.00,0.00,0.00,0.00,0.00,0.00,0.00,0.00,0.00,0.00,0.00,0.00,0.00
20650,DL:0.1.0:AT.1.0.0,2022-3-4 3:50:35,32.75,0.00,0.00,17.851,1.514,-5.649,12.203,19.366,0.00,0.00,0.00,0.00,0.00,0.00,0.00,0.00,0.00,0.00,0.00,0.00,0.00,0.00,0.00,0.00,0.00
20650,DL:0.1.0:AT.1.0.0,2022-3-4 3:50:41,32.75,0.00,0.00,17.851,1.513,-5.649,12.203,19.364,0.00,0.00,0.00,0.00,0.00,0.00,0.00,0.00,0.00,0.00,0.00,0.00,0.00,0.00,0.00,0.00,0.00
20650,DL:0.1.0:AT.1.0.0,2022-3-4 3:50:47,32.75,0.00,0.00,17.873,1.491,-5.671,12.203,19.364,0.00,0.00,0.00,0.00,0.00,0.00,0.00,0.00,0.00,0.00,0.00,0.00,0.00,0.00,0.00,0.00,0.00
20650,DL:0.1.0:AT.1.0.0,2022-3-4 3:50:53,32.75,0.00,0.00,17.882,1.483,-5.680,12.201,19.364,0.00,0.00,0.00,0.00,0.00,0.00,0.00,0.00,0.00,0.00,0.00,0.00,0.00,0.00,0.00,0.00,0.00
20650,DL:0.1.0:AT.1.0.0,2022-3-4 3:50:58,32.75,0.00,0.00,17.888,1.477,-5.687,12.200,19.364,0.00,0.00,0.00,0.00,0.00,0.00,0.00,0.00,0.00,0.00,0.00,0.00,0.00,0.00,0.00,0.00,0.00
20650,DL:0.1.0:AT.1.0.0,2022-3-4 3:51:3,32.75,0.00,0.00,17.888,1.477,-5.686,12.201,19.364,0.00,0.00,0.00,0.00,0.00,0.00,0.00,0.00,0.00,0.00,0.00,0.00,0.00,0.00,0.00,0.00,0.00
20650,DL:0.1.0:AT.1.0.0,2022-3-4 3:51:9,32.75,0.00,0.00,17.871,1.492,-5.667,12.204,19.363,0.00,0.00,0.00,0.00,0.00,0.00,0.00,0.00,0.00,0.00,0.00,0.00,0.00,0.00,0.00,0.00,0.00
20650,DL:0.1.0:AT.1.0.0,2022-3-4 3:51:14,32.75,0.00,0.00,17.894,1.470,-5.691,12.203,19.363,0.00,0.00,0.00,0.00,0.00,0.00,0.00,0.00,0.00,0.00,0.00,0.00,0.00,0.00,0.00,0.00,0.00
20650,DL:0.1.0:AT.1.0.0,2022-3-4 3:51:21,32.75,0.00,0.00,17.873,1.489,-5.671,12.203,19.362,0.00,0.00,0.00,0.00,0.00,0.00,0.00,0.00,0.00,0.00,0.00,0.00,0.00,0.00,0.00,0.00,0.00
20650,DL:0.1.0:AT.1.0.0,2022-3-4 3:51:26,32.75,0.00,0.00,17.866,1.496,-5.665,12.201,19.362,0.00,0.00,0.00,0.00,0.00,0.00,0.00,0.00,0.00,0.00,0.00,0.00,0.00,0.00,0.00,0.00,0.00
20650,DL:0.1.0:AT.1.0.0,2022-3-4 3:51:31,32.75,0.00,0.00,17.850,1.513,-5.649,12.201,19.363,0.00,0.00,0.00,0.00,0.00,0.00,0.00,0.00,0.00,0.00,0.00,0.00,0.00,0.00,0.00,0.00,0.00
20650,DL:0.1.0:AT.1.0.0,2022-3-4 3:51:36,32.75,0.00,0.00,17.889,1.473,-5.687,12.201,19.362,0.00,0.00,0.00,0.00,0.00,0.00,0.00,0.00,0.00,0.00,0.00,0.00,0.00,0.00,0.00,0.00,0.00
20650,DL:0.1.0:AT.1.0.0,2022-3-4 3:51:44,32.75,0.00,0.00,17.879,1.483,-5.678,12.201,19.362,0.00,0.00,0.00,0.00,0.00,0.00,0.00,0.00,0.00,0.00,0.00,0.00,0.00,0.00,0.00,0.00,0.00
20650,DL:0.1.0:AT.1.0.0,2022-3-4 3:51:49,32.75,0.00,0.00,17.898,1.465,-5.699,12.199,19.363,0.00,0.00,0.00,0.00,0.00,0.00,0.00,0.00,0.00,0.00,0.00,0.00,0.00,0.00,0.00,0.00,0.00
20650,DL:0.1.0:AT.1.0.0,2022-3-4 3:51:55,32.75,0.00,0.00,17.859,1.504,-5.660,12.199,19.363,0.00,0.00,0.00,0.00,0.00,0.00,0.00,0.00,0.00,0.00,0.00,0.00,0.00,0.00,0.00,0.00,0.00
20650,DL:0.1.0:AT.1.0.0,2022-3-4 3:52:0,32.75,0.00,0.00,17.879,1.483,-5.680,12.199,19.362,0.00,0.00,0.00,0.00,0.00,0.00,0.00,0.00,0.00,0.00,0.00,0.00,0.00,0.00,0.00,0.00,0.00
20650,DL:0.1.0:AT.1.0.0,2022-3-4 3:52:5,32.75,0.00,0.00,17.873,1.489,-5.674,12.199,19.362,0.00,0.00,0.00,0.00,0.00,0.00,0.00,0.00,0.00,0.00,0.00,0.00,0.00,0.00,0.00,0.00,0.00
20650,DL:0.1.0:AT.1.0.0,2022-3-4 3:52:10,32.75,0.00,0.00,17.849,1.513,-5.650,12.199,19.362,0.00,0.00,0.00,0.00,0.00,0.00,0.00,0.00,0.00,0.00,0.00,0.00,0.00,0.00,0.00,0.00,0.00
20650,DL:0.1.0:AT.1.0.0,2022-3-4 3:52:15,32.75,0.00,0.00,17.863,1.500,-5.666,12.198,19.363,0.00,0.00,0.00,0.00,0.00,0.00,0.00,0.00,0.00,0.00,0.00,0.00,0.00,0.00,0.00,0.00,0.00
20650,DL:0.1.0:AT.1.0.0,2022-3-4 3:52:20,32.75,0.00,0.00,17.880,1.483,-5.683,12.198,19.363,0.00,0.00,0.00,0.00,0.00,0.00,0.00,0.00,0.00,0.00,0.00,0.00,0.00,0.00,0.00,0.00,0.00
20650,DL:0.1.0:AT.1.0.0,2022-3-4 3:52:26,32.75,0.00,0.00,17.880,1.482,-5.684,12.197,19.362,0.00,0.00,0.00,0.00,0.00,0.00,0.00,0.00,0.00,0.00,0.00,0.00,0.00,0.00,0.00,0.00,0.00
20650,DL:0.1.0:AT.1.0.0,2022-3-4 3:52:31,32.75,0.00,0.00,17.854,1.508,-5.657,12.197,19.362,0.00,0.00,0.00,0.00,0.00,0.00,0.00,0.00,0.00,0.00,0.00,0.00,0.00,0.00,0.00,0.00,0.00
20650,DL:0.1.0:AT.1.0.0,2022-3-4 3:52:36,32.75,0.00,0.00,17.876,1.486,-5.680,12.195,19.362,0.00,0.00,0.00,0.00,0.00,0.00,0.00,0.00,0.00,0.00,0.00,0.00,0.00,0.00,0.00,0.00,0.00
20650,DL:0.1.0:AT.1.0.0,2022-3-4 3:52:41,32.75,0.00,0.00,17.861,1.502,-5.666,12.195,19.363,0.00,0.00,0.00,0.00,0.00,0.00,0.00,0.00,0.00,0.00,0.00,0.00,0.00,0.00,0.00,0.00,0.00
20650,DL:0.1.0:AT.1.0.0,2022-3-4 3:52:46,32.75,0.00,0.00,17.849,1.514,-5.655,12.194,19.363,0.00,0.00,0.00,0.00,0.00,0.00,0.00,0.00,0.00,0.00,0.00,0.00,0.00,0.00,0.00,0.00,0.00
20650,DL:0.1.0:AT.1.0.0,2022-3-4 3:52:52,32.75,0.00,0.00,17.847,1.515,-5.652,12.194,19.362,0.00,0.00,0.00,0.00,0.00,0.00,0.00,0.00,0.00,0.00,0.00,0.00,0.00,0.00,0.00,0.00,0.00
20650,DL:0.1.0:AT.1.0.0,2022-3-4 3:52:57,32.75,0.00,0.00,17.860,1.502,-5.667,12.193,19.362,0.00,0.00,0.00,0.00,0.00,0.00,0.00,0.00,0.00,0.00,0.00,0.00,0.00,0.00,0.00,0.00,0.00
20650,DL:0.1.0:AT.1.0.0,2022-3-4 3:53:2,32.75,0.00,0.00,17.855,1.508,-5.662,12.193,19.363,0.00,0.00,0.00,0.00,0.00,0.00,0.00,0.00,0.00,0.00,0.00,0.00,0.00,0.00,0.00,0.00,0.00
20650,DL:0.1.0:AT.1.0.0,2022-3-4 3:53:7,32.75,0.00,0.00,17.838,1.525,-5.646,12.192,19.363,0.00,0.00,0.00,0.00,0.00,0.00,0.00,0.00,0.00,0.00,0.00,0.00,0.00,0.00,0.00,0.00,0.00
20650,DL:0.1.0:AT.1.0.0,2022-3-4 3:53:13,32.75,0.00,0.00,17.839,1.524,-5.648,12.192,19.363,0.00,0.00,0.00,0.00,0.00,0.00,0.00,0.00,0.00,0.00,0.00,0.00,0.00,0.00,0.00,0.00,0.00
20650,DL:0.1.0:AT.1.0.0,2022-3-4 3:53:18,32.75,0.00,0.00,17.842,1.521,-5.650,12.192,19.363,0.00,0.00,0.00,0.00,0.00,0.00,0.00,0.00,0.00,0.00,0.00,0.00,0.00,0.00,0.00,0.00,0.00
20650,DL:0.1.0:AT.1.0.0,2022-3-4 3:53:23,32.75,0.00,0.00,17.884,1.479,-5.693,12.191,19.363,0.00,0.00,0.00,0.00,0.00,0.00,0.00,0.00,0.00,0.00,0.00,0.00,0.00,0.00,0.00,0.00,0.00
20650,DL:0.1.0:AT.1.0.0,2022-3-4 3:53:29,32.75,0.00,0.00,17.886,1.477,-5.696,12.191,19.363,0.00,0.00,0.00,0.00,0.00,0.00,0.00,0.00,0.00,0.00,0.00,0.00,0.00,0.00,0.00,0.00,0.00
20650,DL:0.1.0:AT.1.0.0,2022-3-4 3:53:37,32.75,0.00,0.00,17.889,1.476,-5.698,12.191,19.364,0.00,0.00,0.00,0.00,0.00,0.00,0.00,0.00,0.00,0.00,0.00,0.00,0.00,0.00,0.00,0.00,0.00
20650,DL:0.1.0:AT.1.0.0,2022-3-4 3:53:42,32.75,0.00,0.00,17.850,1.513,-5.661,12.189,19.363,0.00,0.00,0.00,0.00,0.00,0.00,0.00,0.00,0.00,0.00,0.00,0.00,0.00,0.00,0.00,0.00,0.00
20650,DL:0.1.0:AT.1.0.0,2022-3-4 3:53:47,32.75,0.00,0.00,17.853,1.510,-5.665,12.188,19.363,0.00,0.00,0.00,0.00,0.00,0.00,0.00,0.00,0.00,0.00,0.00,0.00,0.00,0.00,0.00,0.00,0.00
20650,DL:0.1.0:AT.1.0.0,2022-3-4 3:53:54,32.75,0.00,0.00,17.866,1.497,-5.678,12.188,19.363,0.00,0.00,0.00,0.00,0.00,0.00,0.00,0.00,0.00,0.00,0.00,0.00,0.00,0.00,0.00,0.00,0.00
20650,DL:0.1.0:AT.1.0.0,2022-3-4 3:53:59,32.75,0.00,0.00,17.857,1.506,-5.669,12.188,19.363,0.00,0.00,0.00,0.00,0.00,0.00,0.00,0.00,0.00,0.00,0.00,0.00,0.00,0.00,0.00,0.00,0.00
20650,DL:0.1.0:AT.1.0.0,2022-3-4 3:54:4,32.75,0.00,0.00,17.865,1.500,-5.678,12.187,19.364,0.00,0.00,0.00,0.00,0.00,0.00,0.00,0.00,0.00,0.00,0.00,0.00,0.00,0.00,0.00,0.00,0.00
20650,DL:0.1.0:AT.1.0.0,2022-3-4 3:54:10,32.75,0.00,0.00,17.850,1.513,-5.662,12.188,19.363,0.00,0.00,0.00,0.00,0.00,0.00,0.00,0.00,0.00,0.00,0.00,0.00,0.00,0.00,0.00,0.00,0.00
20650,DL:0.1.0:AT.1.0.0,2022-3-4 3:54:15,32.75,0.00,0.00,17.860,1.503,-5.674,12.186,19.363,0.00,0.00,0.00,0.00,0.00,0.00,0.00,0.00,0.00,0.00,0.00,0.00,0.00,0.00,0.00,0.00,0.00
20650,DL:0.1.0:AT.1.0.0,2022-3-4 3:54:20,32.75,0.00,0.00,17.892,1.472,-5.707,12.186,19.364,0.00,0.00,0.00,0.00,0.00,0.00,0.00,0.00,0.00,0.00,0.00,0.00,0.00,0.00,0.00,0.00,0.00
20650,DL:0.1.0:AT.1.0.0,2022-3-4 3:54:25,32.75,0.00,0.00,17.866,1.498,-5.680,12.186,19.364,0.00,0.00,0.00,0.00,0.00,0.00,0.00,0.00,0.00,0.00,0.00,0.00,0.00,0.00,0.00,0.00,0.00
20650,DL:0.1.0:AT.1.0.0,2022-3-4 3:54:32,32.75,0.00,0.00,17.880,1.484,-5.695,12.186,19.364,0.00,0.00,0.00,0.00,0.00,0.00,0.00,0.00,0.00,0.00,0.00,0.00,0.00,0.00,0.00,0.00,0.00
20650,DL:0.1.0:AT.1.0.0,2022-3-4 3:54:38,32.75,0.00,0.00,17.880,1.483,-5.696,12.185,19.363,0.00,0.00,0.00,0.00,0.00,0.00,0.00,0.00,0.00,0.00,0.00,0.00,0.00,0.00,0.00,0.00,0.00
20650,DL:0.1.0:AT.1.0.0,2022-3-4 3:54:44,32.75,0.00,0.00,17.857,1.508,-5.674,12.183,19.366,0.00,0.00,0.00,0.00,0.00,0.00,0.00,0.00,0.00,0.00,0.00,0.00,0.00,0.00,0.00,0.00,0.00
20650,DL:0.1.0:AT.1.0.0,2022-3-4 3:54:52,32.75,0.00,0.00,17.859,1.507,-5.677,12.182,19.366,0.00,0.00,0.00,0.00,0.00,0.00,0.00,0.00,0.00,0.00,0.00,0.00,0.00,0.00,0.00,0.00,0.00
20650,DL:0.1.0:AT.1.0.0,2022-3-4 3:54:58,32.75,0.00,0.00,17.850,1.515,-5.668,12.182,19.366,0.00,0.00,0.00,0.00,0.00,0.00,0.00,0.00,0.00,0.00,0.00,0.00,0.00,0.00,0.00,0.00,0.00
20650,DL:0.1.0:AT.1.0.0,2022-3-4 3:55:5,32.75,0.00,0.00,17.871,1.495,-5.689,12.182,19.366,0.00,0.00,0.00,0.00,0.00,0.00,0.00,0.00,0.00,0.00,0.00,0.00,0.00,0.00,0.00,0.00,0.00
20650,DL:0.1.0:AT.1.0.0,2022-3-4 3:55:11,32.75,0.00,0.00,17.880,1.485,-5.699,12.181,19.366,0.00,0.00,0.00,0.00,0.00,0.00,0.00,0.00,0.00,0.00,0.00,0.00,0.00,0.00,0.00,0.00,0.00
20650,DL:0.1.0:AT.1.0.0,2022-3-4 3:55:16,32.75,0.00,0.00,17.868,1.497,-5.686,12.182,19.366,0.00,0.00,0.00,0.00,0.00,0.00,0.00,0.00,0.00,0.00,0.00,0.00,0.00,0.00,0.00,0.00,0.00
20650,DL:0.1.0:AT.1.0.0,2022-3-4 3:55:21,32.75,0.00,0.00,17.872,1.494,-5.691,12.181,19.366,0.00,0.00,0.00,0.00,0.00,0.00,0.00,0.00,0.00,0.00,0.00,0.00,0.00,0.00,0.00,0.00,0.00
20650,DL:0.1.0:AT.1.0.0,2022-3-4 3:55:26,32.75,0.00,0.00,17.865,1.502,-5.685,12.180,19.367,0.00,0.00,0.00,0.00,0.00,0.00,0.00,0.00,0.00,0.00,0.00,0.00,0.00,0.00,0.00,0.00,0.00
20650,DL:0.1.0:AT.1.0.0,2022-3-4 3:55:31,32.75,0.00,0.00,17.865,1.501,-5.685,12.180,19.366,0.00,0.00,0.00,0.00,0.00,0.00,0.00,0.00,0.00,0.00,0.00,0.00,0.00,0.00,0.00,0.00,0.00
20650,DL:0.1.0:AT.1.0.0,2022-3-4 3:55:37,32.75,0.00,0.00,17.863,1.503,-5.685,12.179,19.367,0.00,0.00,0.00,0.00,0.00,0.00,0.00,0.00,0.00,0.00,0.00,0.00,0.00,0.00,0.00,0.00,0.00
20650,DL:0.1.0:AT.1.0.0,2022-3-4 3:55:43,32.75,0.00,0.00,17.865,1.502,-5.685,12.180,19.367,0.00,0.00,0.00,0.00,0.00,0.00,0.00,0.00,0.00,0.00,0.00,0.00,0.00,0.00,0.00,0.00,0.00
20650,DL:0.1.0:AT.1.0.0,2022-3-4 3:55:48,32.75,0.00,0.00,17.863,1.504,-5.685,12.179,19.368,0.00,0.00,0.00,0.00,0.00,0.00,0.00,0.00,0.00,0.00,0.00,0.00,0.00,0.00,0.00,0.00,0.00
20650,DL:0.1.0:AT.1.0.0,2022-3-4 3:55:53,32.75,0.00,0.00,17.888,1.480,-5.709,12.179,19.368,0.00,0.00,0.00,0.00,0.00,0.00,0.00,0.00,0.00,0.00,0.00,0.00,0.00,0.00,0.00,0.00,0.00
20650,DL:0.1.0:AT.1.0.0,2022-3-4 3:55:58,32.75,0.00,0.00,17.874,1.494,-5.697,12.177,19.368,0.00,0.00,0.00,0.00,0.00,0.00,0.00,0.00,0.00,0.00,0.00,0.00,0.00,0.00,0.00,0.00,0.00
20650,DL:0.1.0:AT.1.0.0,2022-3-4 3:56:3,32.75,0.00,0.00,17.854,1.515,-5.677,12.177,19.369,0.00,0.00,0.00,0.00,0.00,0.00,0.00,0.00,0.00,0.00,0.00,0.00,0.00,0.00,0.00,0.00,0.00
20650,DL:0.1.0:AT.1.0.0,2022-3-4 3:56:9,32.75,0.00,0.00,17.863,1.506,-5.687,12.176,19.369,0.00,0.00,0.00,0.00,0.00,0.00,0.00,0.00,0.00,0.00,0.00,0.00,0.00,0.00,0.00,0.00,0.00
20650,DL:0.1.0:AT.1.0.0,2022-3-4 3:56:14,32.75,0.00,0.00,17.842,1.527,-5.666,12.176,19.369,0.00,0.00,0.00,0.00,0.00,0.00,0.00,0.00,0.00,0.00,0.00,0.00,0.00,0.00,0.00,0.00,0.00
20650,DL:0.1.0:AT.1.0.0,2022-3-4 3:56:21,32.75,0.00,0.00,17.850,1.519,-5.674,12.176,19.369,0.00,0.00,0.00,0.00,0.00,0.00,0.00,0.00,0.00,0.00,0.00,0.00,0.00,0.00,0.00,0.00,0.00
20650,DL:0.1.0:AT.1.0.0,2022-3-4 3:56:26,32.75,0.00,0.00,17.856,1.514,-5.681,12.175,19.370,0.00,0.00,0.00,0.00,0.00,0.00,0.00,0.00,0.00,0.00,0.00,0.00,0.00,0.00,0.00,0.00,0.00
20650,DL:0.1.0:AT.1.0.0,2022-3-4 3:56:31,32.75,0.00,0.00,17.883,1.488,-5.707,12.176,19.370,0.00,0.00,0.00,0.00,0.00,0.00,0.00,0.00,0.00,0.00,0.00,0.00,0.00,0.00,0.00,0.00,0.00
20650,DL:0.1.0:AT.1.0.0,2022-3-4 3:56:36,32.75,0.00,0.00,17.883,1.489,-5.709,12.174,19.372,0.00,0.00,0.00,0.00,0.00,0.00,0.00,0.00,0.00,0.00,0.00,0.00,0.00,0.00,0.00,0.00,0.00
20650,DL:0.1.0:AT.1.0.0,2022-3-4 3:56:42,32.75,0.00,0.00,17.874,1.496,-5.701,12.174,19.370,0.00,0.00,0.00,0.00,0.00,0.00,0.00,0.00,0.00,0.00,0.00,0.00,0.00,0.00,0.00,0.00,0.00
20650,DL:0.1.0:AT.1.0.0,2022-3-4 3:56:47,32.75,0.00,0.00,17.856,1.514,-5.684,12.173,19.370,0.00,0.00,0.00,0.00,0.00,0.00,0.00,0.00,0.00,0.00,0.00,0.00,0.00,0.00,0.00,0.00,0.00
20650,DL:0.1.0:AT.1.0.0,2022-3-4 3:56:52,32.50,0.00,0.00,17.885,1.486,-5.713,12.173,19.372,0.00,0.00,0.00,0.00,0.00,0.00,0.00,0.00,0.00,0.00,0.00,0.00,0.00,0.00,0.00,0.00,0.00
20650,DL:0.1.0:AT.1.0.0,2022-3-4 3:57:0,32.50,0.00,0.00,17.856,1.515,-5.684,12.173,19.372,0.00,0.00,0.00,0.00,0.00,0.00,0.00,0.00,0.00,0.00,0.00,0.00,0.00,0.00,0.00,0.00,0.00
20650,DL:0.1.0:AT.1.0.0,2022-3-4 3:57:5,32.50,0.00,0.00,17.857,1.515,-5.686,12.171,19.373,0.00,0.00,0.00,0.00,0.00,0.00,0.00,0.00,0.00,0.00,0.00,0.00,0.00,0.00,0.00,0.00,0.00
20650,DL:0.1.0:AT.1.0.0,2022-3-4 3:57:10,32.50,0.00,0.00,17.843,1.530,-5.672,12.171,19.373,0.00,0.00,0.00,0.00,0.00,0.00,0.00,0.00,0.00,0.00,0.00,0.00,0.00,0.00,0.00,0.00,0.00
20650,DL:0.1.0:AT.1.0.0,2022-3-4 3:57:15,32.50,0.00,0.00,17.854,1.519,-5.684,12.170,19.373,0.00,0.00,0.00,0.00,0.00,0.00,0.00,0.00,0.00,0.00,0.00,0.00,0.00,0.00,0.00,0.00,0.00
20650,DL:0.1.0:AT.1.0.0,2022-3-4 3:57:21,32.50,0.00,0.00,17.853,1.521,-5.683,12.170,19.374,0.00,0.00,0.00,0.00,0.00,0.00,0.00,0.00,0.00,0.00,0.00,0.00,0.00,0.00,0.00,0.00,0.00
20650,DL:0.1.0:AT.1.0.0,2022-3-4 3:57:26,32.50,0.00,0.00,17.877,1.497,-5.708,12.169,19.374,0.00,0.00,0.00,0.00,0.00,0.00,0.00,0.00,0.00,0.00,0.00,0.00,0.00,0.00,0.00,0.00,0.00
20650,DL:0.1.0:AT.1.0.0,2022-3-4 3:57:31,32.50,0.00,0.00,17.838,1.536,-5.669,12.169,19.374,0.00,0.00,0.00,0.00,0.00,0.00,0.00,0.00,0.00,0.00,0.00,0.00,0.00,0.00,0.00,0.00,0.00
20650,DL:0.1.0:AT.1.0.0,2022-3-4 3:57:37,32.50,0.00,0.00,17.859,1.515,-5.690,12.169,19.374,0.00,0.00,0.00,0.00,0.00,0.00,0.00,0.00,0.00,0.00,0.00,0.00,0.00,0.00,0.00,0.00,0.00
20650,DL:0.1.0:AT.1.0.0,2022-3-4 3:57:43,32.50,0.00,0.00,17.860,1.514,-5.692,12.168,19.374,0.00,0.00,0.00,0.00,0.00,0.00,0.00,0.00,0.00,0.00,0.00,0.00,0.00,0.00,0.00,0.00,0.00
20650,DL:0.1.0:AT.1.0.0,2022-3-4 3:57:48,32.50,0.00,0.00,17.873,1.502,-5.705,12.168,19.375,0.00,0.00,0.00,0.00,0.00,0.00,0.00,0.00,0.00,0.00,0.00,0.00,0.00,0.00,0.00,0.00,0.00
20650,DL:0.1.0:AT.1.0.0,2022-3-4 3:57:54,32.75,0.00,0.00,17.860,1.515,-5.693,12.167,19.375,0.00,0.00,0.00,0.00,0.00,0.00,0.00,0.00,0.00,0.00,0.00,0.00,0.00,0.00,0.00,0.00,0.00
20650,DL:0.1.0:AT.1.0.0,2022-3-4 3:58:2,32.75,0.00,0.00,17.878,1.498,-5.711,12.167,19.376,0.00,0.00,0.00,0.00,0.00,0.00,0.00,0.00,0.00,0.00,0.00,0.00,0.00,0.00,0.00,0.00,0.00
20650,DL:0.1.0:AT.1.0.0,2022-3-4 3:58:7,32.75,0.00,0.00,17.861,1.515,-5.695,12.167,19.376,0.00,0.00,0.00,0.00,0.00,0.00,0.00,0.00,0.00,0.00,0.00,0.00,0.00,0.00,0.00,0.00,0.00
20650,DL:0.1.0:AT.1.0.0,2022-3-4 3:58:13,32.75,0.00,0.00,17.862,1.514,-5.697,12.165,19.376,0.00,0.00,0.00,0.00,0.00,0.00,0.00,0.00,0.00,0.00,0.00,0.00,0.00,0.00,0.00,0.00,0.00
20650,DL:0.1.0:AT.1.0.0,2022-3-4 3:58:18,32.75,0.00,0.00,17.871,1.506,-5.705,12.165,19.376,0.00,0.00,0.00,0.00,0.00,0.00,0.00,0.00,0.00,0.00,0.00,0.00,0.00,0.00,0.00,0.00,0.00
20650,DL:0.1.0:AT.1.0.0,2022-3-4 3:58:23,32.75,0.00,0.00,17.867,1.509,-5.702,12.165,19.376,0.00,0.00,0.00,0.00,0.00,0.00,0.00,0.00,0.00,0.00,0.00,0.00,0.00,0.00,0.00,0.00,0.00
20650,DL:0.1.0:AT.1.0.0,2022-3-4 3:58:28,32.75,0.00,0.00,17.847,1.530,-5.683,12.164,19.376,0.00,0.00,0.00,0.00,0.00,0.00,0.00,0.00,0.00,0.00,0.00,0.00,0.00,0.00,0.00,0.00,0.00
20650,DL:0.1.0:AT.1.0.0,2022-3-4 3:58:33,32.75,0.00,0.00,17.867,1.510,-5.703,12.164,19.378,0.00,0.00,0.00,0.00,0.00,0.00,0.00,0.00,0.00,0.00,0.00,0.00,0.00,0.00,0.00,0.00,0.00
20650,DL:0.1.0:AT.1.0.0,2022-3-4 3:58:38,32.75,0.00,0.00,17.868,1.510,-5.705,12.163,19.379,0.00,0.00,0.00,0.00,0.00,0.00,0.00,0.00,0.00,0.00,0.00,0.00,0.00,0.00,0.00,0.00,0.00
20650,DL:0.1.0:AT.1.0.0,2022-3-4 3:58:45,32.75,0.00,0.00,17.839,1.538,-5.677,12.163,19.378,0.00,0.00,0.00,0.00,0.00,0.00,0.00,0.00,0.00,0.00,0.00,0.00,0.00,0.00,0.00,0.00,0.00
20650,DL:0.1.0:AT.1.0.0,2022-3-4 3:58:52,32.75,0.00,0.00,17.842,1.537,-5.679,12.163,19.379,0.00,0.00,0.00,0.00,0.00,0.00,0.00,0.00,0.00,0.00,0.00,0.00,0.00,0.00,0.00,0.00,0.00
20650,DL:0.1.0:AT.1.0.0,2022-3-4 3:58:58,32.50,0.00,0.00,17.857,1.522,-5.696,12.162,19.380,0.00,0.00,0.00,0.00,0.00,0.00,0.00,0.00,0.00,0.00,0.00,0.00,0.00,0.00,0.00,0.00,0.00
20650,DL:0.1.0:AT.1.0.0,2022-3-4 3:59:4,32.50,0.00,0.00,17.883,1.497,-5.721,12.162,19.380,0.00,0.00,0.00,0.00,0.00,0.00,0.00,0.00,0.00,0.00,0.00,0.00,0.00,0.00,0.00,0.00,0.00
20650,DL:0.1.0:AT.1.0.0,2022-3-4 3:59:9,32.50,0.00,0.00,17.844,1.537,-5.684,12.161,19.381,0.00,0.00,0.00,0.00,0.00,0.00,0.00,0.00,0.00,0.00,0.00,0.00,0.00,0.00,0.00,0.00,0.00
20650,DL:0.1.0:AT.1.0.0,2022-3-4 3:59:14,32.50,0.00,0.00,17.845,1.536,-5.686,12.159,19.381,0.00,0.00,0.00,0.00,0.00,0.00,0.00,0.00,0.00,0.00,0.00,0.00,0.00,0.00,0.00,0.00,0.00
20650,DL:0.1.0:AT.1.0.0,2022-3-4 3:59:19,32.50,0.00,0.00,17.851,1.530,-5.691,12.161,19.381,0.00,0.00,0.00,0.00,0.00,0.00,0.00,0.00,0.00,0.00,0.00,0.00,0.00,0.00,0.00,0.00,0.00
20650,DL:0.1.0:AT.1.0.0,2022-3-4 3:59:24,32.50,0.00,0.00,17.874,1.508,-5.715,12.159,19.382,0.00,0.00,0.00,0.00,0.00,0.00,0.00,0.00,0.00,0.00,0.00,0.00,0.00,0.00,0.00,0.00,0.00
20650,DL:0.1.0:AT.1.0.0,2022-3-4 3:59:30,32.50,0.00,0.00,17.857,1.526,-5.698,12.159,19.384,0.00,0.00,0.00,0.00,0.00,0.00,0.00,0.00,0.00,0.00,0.00,0.00,0.00,0.00,0.00,0.00,0.00
20650,DL:0.1.0:AT.1.0.0,2022-3-4 3:59:35,32.50,0.00,0.00,17.841,1.543,-5.681,12.159,19.384,0.00,0.00,0.00,0.00,0.00,0.00,0.00,0.00,0.00,0.00,0.00,0.00,0.00,0.00,0.00,0.00,0.00
20650,DL:0.1.0:AT.1.0.0,2022-3-4 3:59:40,32.50,0.00,0.00,17.868,1.515,-5.710,12.158,19.384,0.00,0.00,0.00,0.00,0.00,0.00,0.00,0.00,0.00,0.00,0.00,0.00,0.00,0.00,0.00,0.00,0.00
20650,DL:0.1.0:AT.1.0.0,2022-3-4 3:59:46,32.50,0.00,0.00,17.841,1.544,-5.683,12.158,19.385,0.00,0.00,0.00,0.00,0.00,0.00,0.00,0.00,0.00,0.00,0.00,0.00,0.00,0.00,0.00,0.00,0.00
20650,DL:0.1.0:AT.1.0.0,2022-3-4 3:59:51,32.50,0.00,0.00,17.873,1.512,-5.716,12.157,19.385,0.00,0.00,0.00,0.00,0.00,0.00,0.00,0.00,0.00,0.00,0.00,0.00,0.00,0.00,0.00,0.00,0.00
20650,DL:0.1.0:AT.1.0.0,2022-3-4 3:59:56,32.50,0.00,0.00,17.868,1.518,-5.713,12.156,19.386,0.00,0.00,0.00,0.00,0.00,0.00,0.00,0.00,0.00,0.00,0.00,0.00,0.00,0.00,0.00,0.00,0.00
20650,DL:0.1.0:AT.1.0.0,2022-3-4 4:0:1,32.50,0.00,0.00,17.853,1.533,-5.696,12.157,19.386,0.00,0.00,0.00,0.00,0.00,0.00,0.00,0.00,0.00,0.00,0.00,0.00,0.00,0.00,0.00,0.00,0.00
20650,DL:0.1.0:AT.1.0.0,2022-3-4 4:0:6,32.50,0.00,0.00,17.851,1.534,-5.696,12.156,19.386,0.00,0.00,0.00,0.00,0.00,0.00,0.00,0.00,0.00,0.00,0.00,0.00,0.00,0.00,0.00,0.00,0.00
20650,DL:0.1.0:AT.1.0.0,2022-3-4 4:0:11,32.50,0.00,0.00,17.873,1.513,-5.717,12.156,19.386,0.00,0.00,0.00,0.00,0.00,0.00,0.00,0.00,0.00,0.00,0.00,0.00,0.00,0.00,0.00,0.00,0.00
20650,DL:0.1.0:AT.1.0.0,2022-3-4 4:0:18,32.50,0.00,0.00,17.859,1.528,-5.703,12.156,19.387,0.00,0.00,0.00,0.00,0.00,0.00,0.00,0.00,0.00,0.00,0.00,0.00,0.00,0.00,0.00,0.00,0.00
20650,DL:0.1.0:AT.1.0.0,2022-3-4 4:0:23,32.50,0.00,0.00,17.851,1.536,-5.697,12.155,19.387,0.00,0.00,0.00,0.00,0.00,0.00,0.00,0.00,0.00,0.00,0.00,0.00,0.00,0.00,0.00,0.00,0.00
20650,DL:0.1.0:AT.1.0.0,2022-3-4 4:0:28,32.50,0.00,0.00,17.860,1.528,-5.704,12.156,19.388,0.00,0.00,0.00,0.00,0.00,0.00,0.00,0.00,0.00,0.00,0.00,0.00,0.00,0.00,0.00,0.00,0.00
20650,DL:0.1.0:AT.1.0.0,2022-3-4 4:0:34,32.50,0.00,0.00,17.871,1.518,-5.717,12.153,19.388,0.00,0.00,0.00,0.00,0.00,0.00,0.00,0.00,0.00,0.00,0.00,0.00,0.00,0.00,0.00,0.00,0.00
20650,DL:0.1.0:AT.1.0.0,2022-3-4 4:0:39,32.50,0.00,0.00,17.856,1.533,-5.703,12.153,19.390,0.00,0.00,0.00,0.00,0.00,0.00,0.00,0.00,0.00,0.00,0.00,0.00,0.00,0.00,0.00,0.00,0.00
20650,DL:0.1.0:AT.1.0.0,2022-3-4 4:0:44,32.50,0.00,0.00,17.890,1.500,-5.737,12.153,19.390,0.00,0.00,0.00,0.00,0.00,0.00,0.00,0.00,0.00,0.00,0.00,0.00,0.00,0.00,0.00,0.00,0.00
20650,DL:0.1.0:AT.1.0.0,2022-3-4 4:0:49,32.50,0.00,0.00,17.885,1.506,-5.732,12.153,19.391,0.00,0.00,0.00,0.00,0.00,0.00,0.00,0.00,0.00,0.00,0.00,0.00,0.00,0.00,0.00,0.00,0.00
20650,DL:0.1.0:AT.1.0.0,2022-3-4 4:0:54,32.50,0.00,0.00,17.868,1.522,-5.717,12.151,19.391,0.00,0.00,0.00,0.00,0.00,0.00,0.00,0.00,0.00,0.00,0.00,0.00,0.00,0.00,0.00,0.00,0.00
20650,DL:0.1.0:AT.1.0.0,2022-3-4 4:0:59,32.50,0.00,0.00,17.854,1.538,-5.703,12.151,19.392,0.00,0.00,0.00,0.00,0.00,0.00,0.00,0.00,0.00,0.00,0.00,0.00,0.00,0.00,0.00,0.00,0.00
20650,DL:0.1.0:AT.1.0.0,2022-3-4 4:1:5,32.50,0.00,0.00,17.848,1.545,-5.696,12.152,19.393,0.00,0.00,0.00,0.00,0.00,0.00,0.00,0.00,0.00,0.00,0.00,0.00,0.00,0.00,0.00,0.00,0.00
20650,DL:0.1.0:AT.1.0.0,2022-3-4 4:1:10,32.50,0.00,0.00,17.898,1.496,-5.749,12.150,19.394,0.00,0.00,0.00,0.00,0.00,0.00,0.00,0.00,0.00,0.00,0.00,0.00,0.00,0.00,0.00,0.00,0.00
20650,DL:0.1.0:AT.1.0.0,2022-3-4 4:1:16,32.50,0.00,0.00,17.862,1.532,-5.713,12.150,19.394,0.00,0.00,0.00,0.00,0.00,0.00,0.00,0.00,0.00,0.00,0.00,0.00,0.00,0.00,0.00,0.00,0.00
20650,DL:0.1.0:AT.1.0.0,2022-3-4 4:1:21,32.50,0.00,0.00,17.890,1.504,-5.739,12.151,19.394,0.00,0.00,0.00,0.00,0.00,0.00,0.00,0.00,0.00,0.00,0.00,0.00,0.00,0.00,0.00,0.00,0.00
20650,DL:0.1.0:AT.1.0.0,2022-3-4 4:1:26,32.50,0.00,0.00,17.843,1.551,-5.695,12.149,19.394,0.00,0.00,0.00,0.00,0.00,0.00,0.00,0.00,0.00,0.00,0.00,0.00,0.00,0.00,0.00,0.00,0.00
20650,DL:0.1.0:AT.1.0.0,2022-3-4 4:1:32,32.50,0.00,0.00,17.836,1.560,-5.687,12.149,19.396,0.00,0.00,0.00,0.00,0.00,0.00,0.00,0.00,0.00,0.00,0.00,0.00,0.00,0.00,0.00,0.00,0.00
20650,DL:0.1.0:AT.1.0.0,2022-3-4 4:1:38,32.50,0.00,0.00,17.868,1.527,-5.720,12.149,19.396,0.00,0.00,0.00,0.00,0.00,0.00,0.00,0.00,0.00,0.00,0.00,0.00,0.00,0.00,0.00,0.00,0.00
20650,DL:0.1.0:AT.1.0.0,2022-3-4 4:1:43,32.50,0.00,0.00,17.860,1.537,-5.711,12.149,19.397,0.00,0.00,0.00,0.00,0.00,0.00,0.00,0.00,0.00,0.00,0.00,0.00,0.00,0.00,0.00,0.00,0.00
20650,DL:0.1.0:AT.1.0.0,2022-3-4 4:1:48,32.50,0.00,0.00,17.856,1.540,-5.709,12.147,19.397,0.00,0.00,0.00,0.00,0.00,0.00,0.00,0.00,0.00,0.00,0.00,0.00,0.00,0.00,0.00,0.00,0.00
20650,DL:0.1.0:AT.1.0.0,2022-3-4 4:1:53,32.50,0.00,0.00,17.832,1.566,-5.685,12.147,19.398,0.00,0.00,0.00,0.00,0.00,0.00,0.00,0.00,0.00,0.00,0.00,0.00,0.00,0.00,0.00,0.00,0.00
20650,DL:0.1.0:AT.1.0.0,2022-3-4 4:1:58,32.50,0.00,0.00,17.856,1.540,-5.710,12.146,19.397,0.00,0.00,0.00,0.00,0.00,0.00,0.00,0.00,0.00,0.00,0.00,0.00,0.00,0.00,0.00,0.00,0.00
20650,DL:0.1.0:AT.1.0.0,2022-3-4 4:2:4,32.50,0.00,0.00,17.859,1.539,-5.713,12.146,19.398,0.00,0.00,0.00,0.00,0.00,0.00,0.00,0.00,0.00,0.00,0.00,0.00,0.00,0.00,0.00,0.00,0.00
20650,DL:0.1.0:AT.1.0.0,2022-3-4 4:2:9,32.50,0.00,0.00,17.847,1.551,-5.699,12.147,19.398,0.00,0.00,0.00,0.00,0.00,0.00,0.00,0.00,0.00,0.00,0.00,0.00,0.00,0.00,0.00,0.00,0.00
20650,DL:0.1.0:AT.1.0.0,2022-3-4 4:2:14,32.50,0.00,0.00,17.833,1.566,-5.687,12.146,19.399,0.00,0.00,0.00,0.00,0.00,0.00,0.00,0.00,0.00,0.00,0.00,0.00,0.00,0.00,0.00,0.00,0.00
20650,DL:0.1.0:AT.1.0.0,2022-3-4 4:2:19,32.50,0.00,0.00,17.827,1.572,-5.680,12.147,19.399,0.00,0.00,0.00,0.00,0.00,0.00,0.00,0.00,0.00,0.00,0.00,0.00,0.00,0.00,0.00,0.00,0.00
20650,DL:0.1.0:AT.1.0.0,2022-3-4 4:2:24,32.50,0.00,0.00,17.830,1.572,-5.683,12.147,19.402,0.00,0.00,0.00,0.00,0.00,0.00,0.00,0.00,0.00,0.00,0.00,0.00,0.00,0.00,0.00,0.00,0.00
20650,DL:0.1.0:AT.1.0.0,2022-3-4 4:2:29,32.50,0.00,0.00,17.863,1.538,-5.716,12.147,19.402,0.00,0.00,0.00,0.00,0.00,0.00,0.00,0.00,0.00,0.00,0.00,0.00,0.00,0.00,0.00,0.00,0.00
20650,DL:0.1.0:AT.1.0.0,2022-3-4 4:2:35,32.50,0.00,0.00,17.859,1.543,-5.713,12.146,19.402,0.00,0.00,0.00,0.00,0.00,0.00,0.00,0.00,0.00,0.00,0.00,0.00,0.00,0.00,0.00,0.00,0.00
20650,DL:0.1.0:AT.1.0.0,2022-3-4 4:2:40,32.50,0.00,0.00,17.873,1.528,-5.727,12.146,19.402,0.00,0.00,0.00,0.00,0.00,0.00,0.00,0.00,0.00,0.00,0.00,0.00,0.00,0.00,0.00,0.00,0.00
20650,DL:0.1.0:AT.1.0.0,2022-3-4 4:2:45,32.50,0.00,0.00,17.835,1.568,-5.690,12.145,19.403,0.00,0.00,0.00,0.00,0.00,0.00,0.00,0.00,0.00,0.00,0.00,0.00,0.00,0.00,0.00,0.00,0.00
20650,DL:0.1.0:AT.1.0.0,2022-3-4 4:2:52,32.50,0.00,0.00,17.853,1.551,-5.707,12.146,19.404,0.00,0.00,0.00,0.00,0.00,0.00,0.00,0.00,0.00,0.00,0.00,0.00,0.00,0.00,0.00,0.00,0.00
20650,DL:0.1.0:AT.1.0.0,2022-3-4 4:2:59,32.50,0.00,0.00,17.829,1.574,-5.679,12.150,19.403,0.00,0.00,0.00,0.00,0.00,0.00,0.00,0.00,0.00,0.00,0.00,0.00,0.00,0.00,0.00,0.00,0.00
20650,DL:0.1.0:AT.1.0.0,2022-3-4 4:3:4,32.50,0.00,0.00,17.823,1.581,-5.673,12.150,19.404,0.00,0.00,0.00,0.00,0.00,0.00,0.00,0.00,0.00,0.00,0.00,0.00,0.00,0.00,0.00,0.00,0.00
20650,DL:0.1.0:AT.1.0.0,2022-3-4 4:3:10,32.50,0.00,0.00,17.856,1.549,-5.708,12.149,19.405,0.00,0.00,0.00,0.00,0.00,0.00,0.00,0.00,0.00,0.00,0.00,0.00,0.00,0.00,0.00,0.00,0.00
20650,DL:0.1.0:AT.1.0.0,2022-3-4 4:3:15,32.50,0.00,0.00,17.833,1.572,-5.684,12.150,19.405,0.00,0.00,0.00,0.00,0.00,0.00,0.00,0.00,0.00,0.00,0.00,0.00,0.00,0.00,0.00,0.00,0.00
20650,DL:0.1.0:AT.1.0.0,2022-3-4 4:3:21,32.50,0.00,0.00,17.829,1.575,-5.681,12.147,19.404,0.00,0.00,0.00,0.00,0.00,0.00,0.00,0.00,0.00,0.00,0.00,0.00,0.00,0.00,0.00,0.00,0.00
20650,DL:0.1.0:AT.1.0.0,2022-3-4 4:3:26,32.50,0.00,0.00,17.845,1.560,-5.698,12.147,19.405,0.00,0.00,0.00,0.00,0.00,0.00,0.00,0.00,0.00,0.00,0.00,0.00,0.00,0.00,0.00,0.00,0.00
20650,DL:0.1.0:AT.1.0.0,2022-3-4 4:3:31,32.50,0.00,0.00,17.835,1.572,-5.687,12.147,19.406,0.00,0.00,0.00,0.00,0.00,0.00,0.00,0.00,0.00,0.00,0.00,0.00,0.00,0.00,0.00,0.00,0.00
20650,DL:0.1.0:AT.1.0.0,2022-3-4 4:3:37,32.50,0.00,0.00,17.849,1.557,-5.702,12.147,19.406,0.00,0.00,0.00,0.00,0.00,0.00,0.00,0.00,0.00,0.00,0.00,0.00,0.00,0.00,0.00,0.00,0.00
20650,DL:0.1.0:AT.1.0.0,2022-3-4 4:3:42,32.50,0.00,0.00,17.844,1.563,-5.697,12.147,19.408,0.00,0.00,0.00,0.00,0.00,0.00,0.00,0.00,0.00,0.00,0.00,0.00,0.00,0.00,0.00,0.00,0.00
20650,DL:0.1.0:AT.1.0.0,2022-3-4 4:3:47,32.50,0.00,0.00,17.870,1.538,-5.723,12.146,19.408,0.00,0.00,0.00,0.00,0.00,0.00,0.00,0.00,0.00,0.00,0.00,0.00,0.00,0.00,0.00,0.00,0.00
20650,DL:0.1.0:AT.1.0.0,2022-3-4 4:3:52,32.50,0.00,0.00,17.871,1.537,-5.725,12.146,19.408,0.00,0.00,0.00,0.00,0.00,0.00,0.00,0.00,0.00,0.00,0.00,0.00,0.00,0.00,0.00,0.00,0.00
20650,DL:0.1.0:AT.1.0.0,2022-3-4 4:3:57,32.50,0.00,0.00,17.863,1.544,-5.717,12.146,19.408,0.00,0.00,0.00,0.00,0.00,0.00,0.00,0.00,0.00,0.00,0.00,0.00,0.00,0.00,0.00,0.00,0.00
20650,DL:0.1.0:AT.1.0.0,2022-3-4 4:4:3,32.50,0.00,0.00,17.868,1.540,-5.722,12.146,19.409,0.00,0.00,0.00,0.00,0.00,0.00,0.00,0.00,0.00,0.00,0.00,0.00,0.00,0.00,0.00,0.00,0.00
20650,DL:0.1.0:AT.1.0.0,2022-3-4 4:4:11,32.50,0.00,0.00,17.867,1.543,-5.721,12.146,19.410,0.00,0.00,0.00,0.00,0.00,0.00,0.00,0.00,0.00,0.00,0.00,0.00,0.00,0.00,0.00,0.00,0.00
20650,DL:0.1.0:AT.1.0.0,2022-3-4 4:4:16,32.50,0.00,0.00,17.876,1.534,-5.731,12.145,19.410,0.00,0.00,0.00,0.00,0.00,0.00,0.00,0.00,0.00,0.00,0.00,0.00,0.00,0.00,0.00,0.00,0.00
20650,DL:0.1.0:AT.1.0.0,2022-3-4 4:4:25,32.50,0.00,0.00,17.885,1.525,-5.740,12.145,19.410,0.00,0.00,0.00,0.00,0.00,0.00,0.00,0.00,0.00,0.00,0.00,0.00,0.00,0.00,0.00,0.00,0.00
20650,DL:0.1.0:AT.1.0.0,2022-3-4 4:4:31,32.50,0.00,0.00,17.872,1.538,-5.727,12.145,19.410,0.00,0.00,0.00,0.00,0.00,0.00,0.00,0.00,0.00,0.00,0.00,0.00,0.00,0.00,0.00,0.00,0.00
20650,DL:0.1.0:AT.1.0.0,2022-3-4 4:4:36,32.50,0.00,0.00,17.847,1.563,-5.703,12.144,19.410,0.00,0.00,0.00,0.00,0.00,0.00,0.00,0.00,0.00,0.00,0.00,0.00,0.00,0.00,0.00,0.00,0.00
20650,DL:0.1.0:AT.1.0.0,2022-3-4 4:4:46,32.50,0.00,0.00,17.854,1.557,-5.711,12.143,19.411,0.00,0.00,0.00,0.00,0.00,0.00,0.00,0.00,0.00,0.00,0.00,0.00,0.00,0.00,0.00,0.00,0.00
20650,DL:0.1.0:AT.1.0.0,2022-3-4 4:4:52,32.50,0.00,0.00,17.815,1.596,-5.673,12.143,19.411,0.00,0.00,0.00,0.00,0.00,0.00,0.00,0.00,0.00,0.00,0.00,0.00,0.00,0.00,0.00,0.00,0.00
20650,DL:0.1.0:AT.1.0.0,2022-3-4 4:4:57,32.50,0.00,0.00,17.861,1.550,-5.719,12.143,19.411,0.00,0.00,0.00,0.00,0.00,0.00,0.00,0.00,0.00,0.00,0.00,0.00,0.00,0.00,0.00,0.00,0.00
20650,DL:0.1.0:AT.1.0.0,2022-3-4 4:5:2,32.50,0.00,0.00,17.835,1.577,-5.691,12.144,19.411,0.00,0.00,0.00,0.00,0.00,0.00,0.00,0.00,0.00,0.00,0.00,0.00,0.00,0.00,0.00,0.00,0.00
20650,DL:0.1.0:AT.1.0.0,2022-3-4 4:5:8,32.50,0.00,0.00,17.813,1.598,-5.671,12.143,19.411,0.00,0.00,0.00,0.00,0.00,0.00,0.00,0.00,0.00,0.00,0.00,0.00,0.00,0.00,0.00,0.00,0.00
20650,DL:0.1.0:AT.1.0.0,2022-3-4 4:5:13,32.50,0.00,0.00,17.837,1.574,-5.696,12.141,19.411,0.00,0.00,0.00,0.00,0.00,0.00,0.00,0.00,0.00,0.00,0.00,0.00,0.00,0.00,0.00,0.00,0.00
20650,DL:0.1.0:AT.1.0.0,2022-3-4 4:5:18,32.50,0.00,0.00,17.860,1.553,-5.719,12.141,19.412,0.00,0.00,0.00,0.00,0.00,0.00,0.00,0.00,0.00,0.00,0.00,0.00,0.00,0.00,0.00,0.00,0.00
20650,DL:0.1.0:AT.1.0.0,2022-3-4 4:5:23,32.50,0.00,0.00,17.870,1.543,-5.728,12.141,19.412,0.00,0.00,0.00,0.00,0.00,0.00,0.00,0.00,0.00,0.00,0.00,0.00,0.00,0.00,0.00,0.00,0.00
20650,DL:0.1.0:AT.1.0.0,2022-3-4 4:5:29,32.50,0.00,0.00,17.877,1.536,-5.737,12.140,19.412,0.00,0.00,0.00,0.00,0.00,0.00,0.00,0.00,0.00,0.00,0.00,0.00,0.00,0.00,0.00,0.00,0.00
20650,DL:0.1.0:AT.1.0.0,2022-3-4 4:5:35,32.50,0.00,0.00,17.856,1.556,-5.716,12.140,19.412,0.00,0.00,0.00,0.00,0.00,0.00,0.00,0.00,0.00,0.00,0.00,0.00,0.00,0.00,0.00,0.00,0.00
20650,DL:0.1.0:AT.1.0.0,2022-3-4 4:5:40,32.50,0.00,0.00,17.843,1.571,-5.703,12.140,19.414,0.00,0.00,0.00,0.00,0.00,0.00,0.00,0.00,0.00,0.00,0.00,0.00,0.00,0.00,0.00,0.00,0.00
20650,DL:0.1.0:AT.1.0.0,2022-3-4 4:5:46,32.50,0.00,0.00,17.844,1.568,-5.704,12.140,19.412,0.00,0.00,0.00,0.00,0.00,0.00,0.00,0.00,0.00,0.00,0.00,0.00,0.00,0.00,0.00,0.00,0.00
20650,DL:0.1.0:AT.1.0.0,2022-3-4 4:5:54,32.50,0.00,0.00,17.879,1.534,-5.739,12.140,19.414,0.00,0.00,0.00,0.00,0.00,0.00,0.00,0.00,0.00,0.00,0.00,0.00,0.00,0.00,0.00,0.00,0.00
20650,DL:0.1.0:AT.1.0.0,2022-3-4 4:6:0,32.50,0.00,0.00,17.895,1.519,-5.756,12.139,19.414,0.00,0.00,0.00,0.00,0.00,0.00,0.00,0.00,0.00,0.00,0.00,0.00,0.00,0.00,0.00,0.00,0.00
20650,DL:0.1.0:AT.1.0.0,2022-3-4 4:6:5,32.50,0.00,0.00,17.883,1.531,-5.744,12.139,19.414,0.00,0.00,0.00,0.00,0.00,0.00,0.00,0.00,0.00,0.00,0.00,0.00,0.00,0.00,0.00,0.00,0.00
20650,DL:0.1.0:AT.1.0.0,2022-3-4 4:6:11,32.50,0.00,0.00,17.874,1.539,-5.735,12.139,19.414,0.00,0.00,0.00,0.00,0.00,0.00,0.00,0.00,0.00,0.00,0.00,0.00,0.00,0.00,0.00,0.00,0.00
20650,DL:0.1.0:AT.1.0.0,2022-3-4 4:6:16,32.50,0.00,0.00,17.848,1.566,-5.710,12.138,19.414,0.00,0.00,0.00,0.00,0.00,0.00,0.00,0.00,0.00,0.00,0.00,0.00,0.00,0.00,0.00,0.00,0.00
20650,DL:0.1.0:AT.1.0.0,2022-3-4 4:6:21,32.50,0.00,0.00,17.885,1.530,-5.747,12.138,19.415,0.00,0.00,0.00,0.00,0.00,0.00,0.00,0.00,0.00,0.00,0.00,0.00,0.00,0.00,0.00,0.00,0.00
20650,DL:0.1.0:AT.1.0.0,2022-3-4 4:6:27,32.50,0.00,0.00,17.883,1.532,-5.746,12.137,19.415,0.00,0.00,0.00,0.00,0.00,0.00,0.00,0.00,0.00,0.00,0.00,0.00,0.00,0.00,0.00,0.00,0.00
20650,DL:0.1.0:AT.1.0.0,2022-3-4 4:6:32,32.50,0.00,0.00,17.879,1.536,-5.743,12.137,19.415,0.00,0.00,0.00,0.00,0.00,0.00,0.00,0.00,0.00,0.00,0.00,0.00,0.00,0.00,0.00,0.00,0.00
20650,DL:0.1.0:AT.1.0.0,2022-3-4 4:6:38,32.50,0.00,0.00,17.849,1.565,-5.714,12.135,19.414,0.00,0.00,0.00,0.00,0.00,0.00,0.00,0.00,0.00,0.00,0.00,0.00,0.00,0.00,0.00,0.00,0.00
20650,DL:0.1.0:AT.1.0.0,2022-3-4 4:6:43,32.50,0.00,0.00,17.874,1.539,-5.738,12.137,19.414,0.00,0.00,0.00,0.00,0.00,0.00,0.00,0.00,0.00,0.00,0.00,0.00,0.00,0.00,0.00,0.00,0.00
20650,DL:0.1.0:AT.1.0.0,2022-3-4 4:6:49,32.50,0.00,0.00,17.867,1.547,-5.731,12.137,19.414,0.00,0.00,0.00,0.00,0.00,0.00,0.00,0.00,0.00,0.00,0.00,0.00,0.00,0.00,0.00,0.00,0.00
20650,DL:0.1.0:AT.1.0.0,2022-3-4 4:6:55,32.50,0.00,0.00,17.862,1.551,-5.726,12.137,19.414,0.00,0.00,0.00,0.00,0.00,0.00,0.00,0.00,0.00,0.00,0.00,0.00,0.00,0.00,0.00,0.00,0.00
20650,DL:0.1.0:AT.1.0.0,2022-3-4 4:7:0,32.50,0.00,0.00,17.861,1.553,-5.727,12.134,19.414,0.00,0.00,0.00,0.00,0.00,0.00,0.00,0.00,0.00,0.00,0.00,0.00,0.00,0.00,0.00,0.00,0.00
20650,DL:0.1.0:AT.1.0.0,2022-3-4 4:7:5,32.50,0.00,0.00,17.870,1.544,-5.735,12.134,19.414,0.00,0.00,0.00,0.00,0.00,0.00,0.00,0.00,0.00,0.00,0.00,0.00,0.00,0.00,0.00,0.00,0.00
20650,DL:0.1.0:AT.1.0.0,2022-3-4 4:7:10,32.50,0.00,0.00,17.868,1.545,-5.734,12.134,19.414,0.00,0.00,0.00,0.00,0.00,0.00,0.00,0.00,0.00,0.00,0.00,0.00,0.00,0.00,0.00,0.00,0.00
20650,DL:0.1.0:AT.1.0.0,2022-3-4 4:7:17,32.50,0.00,0.00,17.884,1.531,-5.751,12.133,19.415,0.00,0.00,0.00,0.00,0.00,0.00,0.00,0.00,0.00,0.00,0.00,0.00,0.00,0.00,0.00,0.00,0.00
20650,DL:0.1.0:AT.1.0.0,2022-3-4 4:7:22,32.50,0.00,0.00,17.842,1.573,-5.709,12.133,19.415,0.00,0.00,0.00,0.00,0.00,0.00,0.00,0.00,0.00,0.00,0.00,0.00,0.00,0.00,0.00,0.00,0.00
20650,DL:0.1.0:AT.1.0.0,2022-3-4 4:7:27,32.50,0.00,0.00,17.857,1.556,-5.725,12.133,19.414,0.00,0.00,0.00,0.00,0.00,0.00,0.00,0.00,0.00,0.00,0.00,0.00,0.00,0.00,0.00,0.00,0.00
20650,DL:0.1.0:AT.1.0.0,2022-3-4 4:7:33,32.50,0.00,0.00,17.884,1.531,-5.752,12.132,19.415,0.00,0.00,0.00,0.00,0.00,0.00,0.00,0.00,0.00,0.00,0.00,0.00,0.00,0.00,0.00,0.00,0.00
20650,DL:0.1.0:AT.1.0.0,2022-3-4 4:7:40,32.50,0.00,0.00,17.836,1.579,-5.704,12.132,19.415,0.00,0.00,0.00,0.00,0.00,0.00,0.00,0.00,0.00,0.00,0.00,0.00,0.00,0.00,0.00,0.00,0.00
20650,DL:0.1.0:AT.1.0.0,2022-3-4 4:7:45,32.50,0.00,0.00,17.883,1.532,-5.752,12.130,19.415,0.00,0.00,0.00,0.00,0.00,0.00,0.00,0.00,0.00,0.00,0.00,0.00,0.00,0.00,0.00,0.00,0.00
20650,DL:0.1.0:AT.1.0.0,2022-3-4 4:7:50,32.50,0.00,0.00,17.857,1.559,-5.726,12.132,19.416,0.00,0.00,0.00,0.00,0.00,0.00,0.00,0.00,0.00,0.00,0.00,0.00,0.00,0.00,0.00,0.00,0.00
20650,DL:0.1.0:AT.1.0.0,2022-3-4 4:7:56,32.50,0.00,0.00,17.870,1.545,-5.739,12.130,19.415,0.00,0.00,0.00,0.00,0.00,0.00,0.00,0.00,0.00,0.00,0.00,0.00,0.00,0.00,0.00,0.00,0.00
20650,DL:0.1.0:AT.1.0.0,2022-3-4 4:8:3,32.50,0.00,0.00,17.885,1.530,-5.756,12.129,19.415,0.00,0.00,0.00,0.00,0.00,0.00,0.00,0.00,0.00,0.00,0.00,0.00,0.00,0.00,0.00,0.00,0.00
20650,DL:0.1.0:AT.1.0.0,2022-3-4 4:8:9,32.50,0.00,0.00,17.877,1.538,-5.747,12.129,19.415,0.00,0.00,0.00,0.00,0.00,0.00,0.00,0.00,0.00,0.00,0.00,0.00,0.00,0.00,0.00,0.00,0.00
20650,DL:0.1.0:AT.1.0.0,2022-3-4 4:8:14,32.50,0.00,0.00,17.865,1.551,-5.735,12.129,19.416,0.00,0.00,0.00,0.00,0.00,0.00,0.00,0.00,0.00,0.00,0.00,0.00,0.00,0.00,0.00,0.00,0.00
20650,DL:0.1.0:AT.1.0.0,2022-3-4 4:8:21,32.50,0.00,0.00,17.876,1.539,-5.746,12.129,19.415,0.00,0.00,0.00,0.00,0.00,0.00,0.00,0.00,0.00,0.00,0.00,0.00,0.00,0.00,0.00,0.00,0.00
20650,DL:0.1.0:AT.1.0.0,2022-3-4 4:8:27,32.50,0.00,0.00,17.882,1.534,-5.753,12.128,19.416,0.00,0.00,0.00,0.00,0.00,0.00,0.00,0.00,0.00,0.00,0.00,0.00,0.00,0.00,0.00,0.00,0.00
20650,DL:0.1.0:AT.1.0.0,2022-3-4 4:8:33,32.50,0.00,0.00,17.854,1.562,-5.726,12.128,19.416,0.00,0.00,0.00,0.00,0.00,0.00,0.00,0.00,0.00,0.00,0.00,0.00,0.00,0.00,0.00,0.00,0.00
20650,DL:0.1.0:AT.1.0.0,2022-3-4 4:8:38,32.50,0.00,0.00,17.862,1.554,-5.735,12.127,19.416,0.00,0.00,0.00,0.00,0.00,0.00,0.00,0.00,0.00,0.00,0.00,0.00,0.00,0.00,0.00,0.00,0.00
20650,DL:0.1.0:AT.1.0.0,2022-3-4 4:8:44,32.50,0.00,0.00,17.867,1.549,-5.740,12.127,19.416,0.00,0.00,0.00,0.00,0.00,0.00,0.00,0.00,0.00,0.00,0.00,0.00,0.00,0.00,0.00,0.00,0.00
20650,DL:0.1.0:AT.1.0.0,2022-3-4 4:8:53,32.50,0.00,0.00,17.876,1.542,-5.750,12.126,19.417,0.00,0.00,0.00,0.00,0.00,0.00,0.00,0.00,0.00,0.00,0.00,0.00,0.00,0.00,0.00,0.00,0.00
20650,DL:0.1.0:AT.1.0.0,2022-3-4 4:8:59,32.50,0.00,0.00,17.867,1.550,-5.741,12.126,19.417,0.00,0.00,0.00,0.00,0.00,0.00,0.00,0.00,0.00,0.00,0.00,0.00,0.00,0.00,0.00,0.00,0.00
20650,DL:0.1.0:AT.1.0.0,2022-3-4 4:9:4,32.50,0.00,0.00,17.877,1.540,-5.751,12.126,19.417,0.00,0.00,0.00,0.00,0.00,0.00,0.00,0.00,0.00,0.00,0.00,0.00,0.00,0.00,0.00,0.00,0.00
20650,DL:0.1.0:AT.1.0.0,2022-3-4 4:9:9,32.50,0.00,0.00,17.847,1.571,-5.722,12.124,19.417,0.00,0.00,0.00,0.00,0.00,0.00,0.00,0.00,0.00,0.00,0.00,0.00,0.00,0.00,0.00,0.00,0.00
20650,DL:0.1.0:AT.1.0.0,2022-3-4 4:9:14,32.50,0.00,0.00,17.859,1.559,-5.734,12.124,19.417,0.00,0.00,0.00,0.00,0.00,0.00,0.00,0.00,0.00,0.00,0.00,0.00,0.00,0.00,0.00,0.00,0.00
20650,DL:0.1.0:AT.1.0.0,2022-3-4 4:9:19,32.50,0.00,0.00,17.879,1.538,-5.755,12.124,19.417,0.00,0.00,0.00,0.00,0.00,0.00,0.00,0.00,0.00,0.00,0.00,0.00,0.00,0.00,0.00,0.00,0.00
20650,DL:0.1.0:AT.1.0.0,2022-3-4 4:9:26,32.50,0.00,0.00,17.866,1.551,-5.743,12.123,19.417,0.00,0.00,0.00,0.00,0.00,0.00,0.00,0.00,0.00,0.00,0.00,0.00,0.00,0.00,0.00,0.00,0.00
20650,DL:0.1.0:AT.1.0.0,2022-3-4 4:9:31,32.50,0.00,0.00,17.873,1.544,-5.750,12.123,19.417,0.00,0.00,0.00,0.00,0.00,0.00,0.00,0.00,0.00,0.00,0.00,0.00,0.00,0.00,0.00,0.00,0.00
20650,DL:0.1.0:AT.1.0.0,2022-3-4 4:9:36,32.50,0.00,0.00,17.876,1.542,-5.752,12.123,19.417,0.00,0.00,0.00,0.00,0.00,0.00,0.00,0.00,0.00,0.00,0.00,0.00,0.00,0.00,0.00,0.00,0.00
20650,DL:0.1.0:AT.1.0.0,2022-3-4 4:9:41,32.50,0.00,0.00,17.890,1.527,-5.768,12.122,19.417,0.00,0.00,0.00,0.00,0.00,0.00,0.00,0.00,0.00,0.00,0.00,0.00,0.00,0.00,0.00,0.00,0.00
20650,DL:0.1.0:AT.1.0.0,2022-3-4 4:9:46,32.50,0.00,0.00,17.847,1.571,-5.725,12.122,19.417,0.00,0.00,0.00,0.00,0.00,0.00,0.00,0.00,0.00,0.00,0.00,0.00,0.00,0.00,0.00,0.00,0.00
20650,DL:0.1.0:AT.1.0.0,2022-3-4 4:9:51,32.50,0.00,0.00,17.856,1.562,-5.734,12.122,19.418,0.00,0.00,0.00,0.00,0.00,0.00,0.00,0.00,0.00,0.00,0.00,0.00,0.00,0.00,0.00,0.00,0.00
20650,DL:0.1.0:AT.1.0.0,2022-3-4 4:9:56,32.50,0.00,0.00,17.859,1.559,-5.738,12.121,19.417,0.00,0.00,0.00,0.00,0.00,0.00,0.00,0.00,0.00,0.00,0.00,0.00,0.00,0.00,0.00,0.00,0.00
20650,DL:0.1.0:AT.1.0.0,2022-3-4 4:10:4,32.50,0.00,0.00,17.873,1.545,-5.752,12.121,19.418,0.00,0.00,0.00,0.00,0.00,0.00,0.00,0.00,0.00,0.00,0.00,0.00,0.00,0.00,0.00,0.00,0.00
20650,DL:0.1.0:AT.1.0.0,2022-3-4 4:10:10,32.50,0.00,0.00,17.872,1.547,-5.752,12.120,19.418,0.00,0.00,0.00,0.00,0.00,0.00,0.00,0.00,0.00,0.00,0.00,0.00,0.00,0.00,0.00,0.00,0.00
20650,DL:0.1.0:AT.1.0.0,2022-3-4 4:10:15,32.50,0.00,0.00,17.862,1.556,-5.743,12.120,19.418,0.00,0.00,0.00,0.00,0.00,0.00,0.00,0.00,0.00,0.00,0.00,0.00,0.00,0.00,0.00,0.00,0.00
20650,DL:0.1.0:AT.1.0.0,2022-3-4 4:10:20,32.50,0.00,0.00,17.879,1.539,-5.761,12.118,19.418,0.00,0.00,0.00,0.00,0.00,0.00,0.00,0.00,0.00,0.00,0.00,0.00,0.00,0.00,0.00,0.00,0.00
20650,DL:0.1.0:AT.1.0.0,2022-3-4 4:10:25,32.50,0.00,0.00,17.863,1.554,-5.745,12.118,19.417,0.00,0.00,0.00,0.00,0.00,0.00,0.00,0.00,0.00,0.00,0.00,0.00,0.00,0.00,0.00,0.00,0.00
20650,DL:0.1.0:AT.1.0.0,2022-3-4 4:10:30,32.50,0.00,0.00,17.871,1.548,-5.752,12.118,19.418,0.00,0.00,0.00,0.00,0.00,0.00,0.00,0.00,0.00,0.00,0.00,0.00,0.00,0.00,0.00,0.00,0.00
20650,DL:0.1.0:AT.1.0.0,2022-3-4 4:10:35,32.50,0.00,0.00,17.871,1.548,-5.752,12.118,19.418,0.00,0.00,0.00,0.00,0.00,0.00,0.00,0.00,0.00,0.00,0.00,0.00,0.00,0.00,0.00,0.00,0.00
20650,DL:0.1.0:AT.1.0.0,2022-3-4 4:10:42,32.50,0.00,0.00,17.855,1.563,-5.738,12.117,19.418,0.00,0.00,0.00,0.00,0.00,0.00,0.00,0.00,0.00,0.00,0.00,0.00,0.00,0.00,0.00,0.00,0.00
20650,DL:0.1.0:AT.1.0.0,2022-3-4 4:10:47,32.50,0.00,0.00,17.892,1.525,-5.775,12.117,19.417,0.00,0.00,0.00,0.00,0.00,0.00,0.00,0.00,0.00,0.00,0.00,0.00,0.00,0.00,0.00,0.00,0.00
20650,DL:0.1.0:AT.1.0.0,2022-3-4 4:10:52,32.50,0.00,0.00,17.854,1.563,-5.737,12.117,19.417,0.00,0.00,0.00,0.00,0.00,0.00,0.00,0.00,0.00,0.00,0.00,0.00,0.00,0.00,0.00,0.00,0.00
20650,DL:0.1.0:AT.1.0.0,2022-3-4 4:10:57,32.50,0.00,0.00,17.872,1.545,-5.756,12.116,19.417,0.00,0.00,0.00,0.00,0.00,0.00,0.00,0.00,0.00,0.00,0.00,0.00,0.00,0.00,0.00,0.00,0.00
20650,DL:0.1.0:AT.1.0.0,2022-3-4 4:11:2,32.50,0.00,0.00,17.892,1.525,-5.776,12.116,19.417,0.00,0.00,0.00,0.00,0.00,0.00,0.00,0.00,0.00,0.00,0.00,0.00,0.00,0.00,0.00,0.00,0.00
20650,DL:0.1.0:AT.1.0.0,2022-3-4 4:11:7,32.50,0.00,0.00,17.849,1.567,-5.733,12.116,19.416,0.00,0.00,0.00,0.00,0.00,0.00,0.00,0.00,0.00,0.00,0.00,0.00,0.00,0.00,0.00,0.00,0.00
20650,DL:0.1.0:AT.1.0.0,2022-3-4 4:11:12,32.50,0.00,0.00,17.877,1.540,-5.762,12.115,19.417,0.00,0.00,0.00,0.00,0.00,0.00,0.00,0.00,0.00,0.00,0.00,0.00,0.00,0.00,0.00,0.00,0.00
20650,DL:0.1.0:AT.1.0.0,2022-3-4 4:11:17,32.50,0.00,0.00,17.872,1.544,-5.757,12.115,19.416,0.00,0.00,0.00,0.00,0.00,0.00,0.00,0.00,0.00,0.00,0.00,0.00,0.00,0.00,0.00,0.00,0.00
20650,DL:0.1.0:AT.1.0.0,2022-3-4 4:11:22,32.50,0.00,0.00,17.861,1.555,-5.746,12.115,19.416,0.00,0.00,0.00,0.00,0.00,0.00,0.00,0.00,0.00,0.00,0.00,0.00,0.00,0.00,0.00,0.00,0.00
20650,DL:0.1.0:AT.1.0.0,2022-3-4 4:11:27,32.50,0.00,0.00,17.877,1.539,-5.764,12.112,19.416,0.00,0.00,0.00,0.00,0.00,0.00,0.00,0.00,0.00,0.00,0.00,0.00,0.00,0.00,0.00,0.00,0.00
20650,DL:0.1.0:AT.1.0.0,2022-3-4 4:11:32,32.50,0.00,0.00,17.871,1.545,-5.757,12.114,19.416,0.00,0.00,0.00,0.00,0.00,0.00,0.00,0.00,0.00,0.00,0.00,0.00,0.00,0.00,0.00,0.00,0.00
20650,DL:0.1.0:AT.1.0.0,2022-3-4 4:11:37,32.50,0.00,0.00,17.872,1.544,-5.759,12.112,19.416,0.00,0.00,0.00,0.00,0.00,0.00,0.00,0.00,0.00,0.00,0.00,0.00,0.00,0.00,0.00,0.00,0.00
20650,DL:0.1.0:AT.1.0.0,2022-3-4 4:11:43,32.50,0.00,0.00,17.856,1.560,-5.743,12.114,19.416,0.00,0.00,0.00,0.00,0.00,0.00,0.00,0.00,0.00,0.00,0.00,0.00,0.00,0.00,0.00,0.00,0.00
20650,DL:0.1.0:AT.1.0.0,2022-3-4 4:11:48,32.50,0.00,0.00,17.862,1.554,-5.750,12.112,19.416,0.00,0.00,0.00,0.00,0.00,0.00,0.00,0.00,0.00,0.00,0.00,0.00,0.00,0.00,0.00,0.00,0.00
20650,DL:0.1.0:AT.1.0.0,2022-3-4 4:11:54,32.50,0.00,0.00,17.855,1.561,-5.743,12.112,19.416,0.00,0.00,0.00,0.00,0.00,0.00,0.00,0.00,0.00,0.00,0.00,0.00,0.00,0.00,0.00,0.00,0.00
20650,DL:0.1.0:AT.1.0.0,2022-3-4 4:11:59,32.50,0.00,0.00,17.872,1.544,-5.761,12.111,19.416,0.00,0.00,0.00,0.00,0.00,0.00,0.00,0.00,0.00,0.00,0.00,0.00,0.00,0.00,0.00,0.00,0.00
20650,DL:0.1.0:AT.1.0.0,2022-3-4 4:12:4,32.50,0.00,0.00,17.895,1.521,-5.783,12.111,19.416,0.00,0.00,0.00,0.00,0.00,0.00,0.00,0.00,0.00,0.00,0.00,0.00,0.00,0.00,0.00,0.00,0.00
20650,DL:0.1.0:AT.1.0.0,2022-3-4 4:12:9,32.50,0.00,0.00,17.851,1.566,-5.740,12.111,19.417,0.00,0.00,0.00,0.00,0.00,0.00,0.00,0.00,0.00,0.00,0.00,0.00,0.00,0.00,0.00,0.00,0.00
20650,DL:0.1.0:AT.1.0.0,2022-3-4 4:12:14,32.50,0.00,0.00,17.888,1.528,-5.776,12.111,19.416,0.00,0.00,0.00,0.00,0.00,0.00,0.00,0.00,0.00,0.00,0.00,0.00,0.00,0.00,0.00,0.00,0.00
20650,DL:0.1.0:AT.1.0.0,2022-3-4 4:12:22,32.50,0.00,0.00,17.882,1.534,-5.770,12.111,19.416,0.00,0.00,0.00,0.00,0.00,0.00,0.00,0.00,0.00,0.00,0.00,0.00,0.00,0.00,0.00,0.00,0.00
20650,DL:0.1.0:AT.1.0.0,2022-3-4 4:12:31,32.50,0.00,0.00,17.883,1.533,-5.773,12.110,19.416,0.00,0.00,0.00,0.00,0.00,0.00,0.00,0.00,0.00,0.00,0.00,0.00,0.00,0.00,0.00,0.00,0.00
20650,DL:0.1.0:AT.1.0.0,2022-3-4 4:12:36,32.50,0.00,0.00,17.877,1.539,-5.768,12.109,19.416,0.00,0.00,0.00,0.00,0.00,0.00,0.00,0.00,0.00,0.00,0.00,0.00,0.00,0.00,0.00,0.00,0.00
20650,DL:0.1.0:AT.1.0.0,2022-3-4 4:12:41,32.50,0.00,0.00,17.849,1.567,-5.740,12.109,19.416,0.00,0.00,0.00,0.00,0.00,0.00,0.00,0.00,0.00,0.00,0.00,0.00,0.00,0.00,0.00,0.00,0.00
20650,DL:0.1.0:AT.1.0.0,2022-3-4 4:12:48,32.50,0.00,0.00,17.870,1.545,-5.761,12.109,19.415,0.00,0.00,0.00,0.00,0.00,0.00,0.00,0.00,0.00,0.00,0.00,0.00,0.00,0.00,0.00,0.00,0.00
20650,DL:0.1.0:AT.1.0.0,2022-3-4 4:12:55,32.50,0.00,0.00,17.873,1.542,-5.764,12.109,19.415,0.00,0.00,0.00,0.00,0.00,0.00,0.00,0.00,0.00,0.00,0.00,0.00,0.00,0.00,0.00,0.00,0.00
20650,DL:0.1.0:AT.1.0.0,2022-3-4 4:13:0,32.50,0.00,0.00,17.889,1.525,-5.782,12.106,19.414,0.00,0.00,0.00,0.00,0.00,0.00,0.00,0.00,0.00,0.00,0.00,0.00,0.00,0.00,0.00,0.00,0.00
20650,DL:0.1.0:AT.1.0.0,2022-3-4 4:13:6,32.50,0.00,0.00,17.871,1.544,-5.764,12.106,19.415,0.00,0.00,0.00,0.00,0.00,0.00,0.00,0.00,0.00,0.00,0.00,0.00,0.00,0.00,0.00,0.00,0.00
20650,DL:0.1.0:AT.1.0.0,2022-3-4 4:13:11,32.50,0.00,0.00,17.855,1.560,-5.747,12.108,19.415,0.00,0.00,0.00,0.00,0.00,0.00,0.00,0.00,0.00,0.00,0.00,0.00,0.00,0.00,0.00,0.00,0.00
20650,DL:0.1.0:AT.1.0.0,2022-3-4 4:13:16,32.50,0.00,0.00,17.857,1.557,-5.751,12.106,19.415,0.00,0.00,0.00,0.00,0.00,0.00,0.00,0.00,0.00,0.00,0.00,0.00,0.00,0.00,0.00,0.00,0.00
20650,DL:0.1.0:AT.1.0.0,2022-3-4 4:13:22,32.50,0.00,0.00,17.853,1.561,-5.746,12.106,19.414,0.00,0.00,0.00,0.00,0.00,0.00,0.00,0.00,0.00,0.00,0.00,0.00,0.00,0.00,0.00,0.00,0.00
20650,DL:0.1.0:AT.1.0.0,2022-3-4 4:13:28,32.50,0.00,0.00,17.859,1.555,-5.753,12.105,19.414,0.00,0.00,0.00,0.00,0.00,0.00,0.00,0.00,0.00,0.00,0.00,0.00,0.00,0.00,0.00,0.00,0.00
20650,DL:0.1.0:AT.1.0.0,2022-3-4 4:13:33,32.50,0.00,0.00,17.865,1.549,-5.761,12.104,19.414,0.00,0.00,0.00,0.00,0.00,0.00,0.00,0.00,0.00,0.00,0.00,0.00,0.00,0.00,0.00,0.00,0.00
20650,DL:0.1.0:AT.1.0.0,2022-3-4 4:13:38,32.50,0.00,0.00,17.870,1.544,-5.764,12.105,19.414,0.00,0.00,0.00,0.00,0.00,0.00,0.00,0.00,0.00,0.00,0.00,0.00,0.00,0.00,0.00,0.00,0.00
20650,DL:0.1.0:AT.1.0.0,2022-3-4 4:13:43,32.50,0.00,0.00,17.868,1.544,-5.764,12.104,19.412,0.00,0.00,0.00,0.00,0.00,0.00,0.00,0.00,0.00,0.00,0.00,0.00,0.00,0.00,0.00,0.00,0.00
20650,DL:0.1.0:AT.1.0.0,2022-3-4 4:13:48,32.50,0.00,0.00,17.868,1.544,-5.764,12.104,19.412,0.00,0.00,0.00,0.00,0.00,0.00,0.00,0.00,0.00,0.00,0.00,0.00,0.00,0.00,0.00,0.00,0.00
20650,DL:0.1.0:AT.1.0.0,2022-3-4 4:13:53,32.50,0.00,0.00,17.886,1.526,-5.783,12.103,19.412,0.00,0.00,0.00,0.00,0.00,0.00,0.00,0.00,0.00,0.00,0.00,0.00,0.00,0.00,0.00,0.00,0.00
20650,DL:0.1.0:AT.1.0.0,2022-3-4 4:13:58,32.50,0.00,0.00,17.888,1.525,-5.785,12.103,19.412,0.00,0.00,0.00,0.00,0.00,0.00,0.00,0.00,0.00,0.00,0.00,0.00,0.00,0.00,0.00,0.00,0.00
20650,DL:0.1.0:AT.1.0.0,2022-3-4 4:14:3,32.50,0.00,0.00,17.862,1.550,-5.759,12.103,19.412,0.00,0.00,0.00,0.00,0.00,0.00,0.00,0.00,0.00,0.00,0.00,0.00,0.00,0.00,0.00,0.00,0.00
20650,DL:0.1.0:AT.1.0.0,2022-3-4 4:14:9,32.50,0.00,0.00,17.870,1.543,-5.767,12.103,19.412,0.00,0.00,0.00,0.00,0.00,0.00,0.00,0.00,0.00,0.00,0.00,0.00,0.00,0.00,0.00,0.00,0.00
20650,DL:0.1.0:AT.1.0.0,2022-3-4 4:14:14,32.50,0.00,0.00,17.857,1.554,-5.756,12.102,19.411,0.00,0.00,0.00,0.00,0.00,0.00,0.00,0.00,0.00,0.00,0.00,0.00,0.00,0.00,0.00,0.00,0.00
20650,DL:0.1.0:AT.1.0.0,2022-3-4 4:14:19,32.50,0.00,0.00,17.868,1.543,-5.767,12.102,19.411,0.00,0.00,0.00,0.00,0.00,0.00,0.00,0.00,0.00,0.00,0.00,0.00,0.00,0.00,0.00,0.00,0.00
20650,DL:0.1.0:AT.1.0.0,2022-3-4 4:14:24,32.50,0.00,0.00,17.841,1.571,-5.739,12.102,19.411,0.00,0.00,0.00,0.00,0.00,0.00,0.00,0.00,0.00,0.00,0.00,0.00,0.00,0.00,0.00,0.00,0.00
20650,DL:0.1.0:AT.1.0.0,2022-3-4 4:14:31,32.50,0.00,0.00,17.835,1.577,-5.734,12.100,19.411,0.00,0.00,0.00,0.00,0.00,0.00,0.00,0.00,0.00,0.00,0.00,0.00,0.00,0.00,0.00,0.00,0.00
20650,DL:0.1.0:AT.1.0.0,2022-3-4 4:14:37,32.50,0.00,0.00,17.841,1.571,-5.740,12.100,19.411,0.00,0.00,0.00,0.00,0.00,0.00,0.00,0.00,0.00,0.00,0.00,0.00,0.00,0.00,0.00,0.00,0.00
20650,DL:0.1.0:AT.1.0.0,2022-3-4 4:14:43,32.50,0.00,0.00,17.826,1.585,-5.726,12.100,19.411,0.00,0.00,0.00,0.00,0.00,0.00,0.00,0.00,0.00,0.00,0.00,0.00,0.00,0.00,0.00,0.00,0.00
20650,DL:0.1.0:AT.1.0.0,2022-3-4 4:14:48,32.50,0.00,0.00,17.866,1.545,-5.767,12.099,19.411,0.00,0.00,0.00,0.00,0.00,0.00,0.00,0.00,0.00,0.00,0.00,0.00,0.00,0.00,0.00,0.00,0.00
20650,DL:0.1.0:AT.1.0.0,2022-3-4 4:14:55,32.50,0.00,0.00,17.826,1.585,-5.727,12.099,19.411,0.00,0.00,0.00,0.00,0.00,0.00,0.00,0.00,0.00,0.00,0.00,0.00,0.00,0.00,0.00,0.00,0.00
20650,DL:0.1.0:AT.1.0.0,2022-3-4 4:15:0,32.50,0.00,0.00,17.868,1.543,-5.770,12.098,19.411,0.00,0.00,0.00,0.00,0.00,0.00,0.00,0.00,0.00,0.00,0.00,0.00,0.00,0.00,0.00,0.00,0.00
20650,DL:0.1.0:AT.1.0.0,2022-3-4 4:15:5,32.50,0.00,0.00,17.892,1.519,-5.795,12.097,19.411,0.00,0.00,0.00,0.00,0.00,0.00,0.00,0.00,0.00,0.00,0.00,0.00,0.00,0.00,0.00,0.00,0.00
20650,DL:0.1.0:AT.1.0.0,2022-3-4 4:15:12,32.50,0.00,0.00,17.821,1.589,-5.723,12.098,19.410,0.00,0.00,0.00,0.00,0.00,0.00,0.00,0.00,0.00,0.00,0.00,0.00,0.00,0.00,0.00,0.00,0.00
20650,DL:0.1.0:AT.1.0.0,2022-3-4 4:15:17,32.50,0.00,0.00,17.845,1.565,-5.749,12.097,19.410,0.00,0.00,0.00,0.00,0.00,0.00,0.00,0.00,0.00,0.00,0.00,0.00,0.00,0.00,0.00,0.00,0.00
20650,DL:0.1.0:AT.1.0.0,2022-3-4 4:15:24,32.50,0.00,0.00,17.872,1.537,-5.775,12.097,19.409,0.00,0.00,0.00,0.00,0.00,0.00,0.00,0.00,0.00,0.00,0.00,0.00,0.00,0.00,0.00,0.00,0.00
20650,DL:0.1.0:AT.1.0.0,2022-3-4 4:15:30,32.50,0.00,0.00,17.886,1.524,-5.791,12.096,19.410,0.00,0.00,0.00,0.00,0.00,0.00,0.00,0.00,0.00,0.00,0.00,0.00,0.00,0.00,0.00,0.00,0.00
20650,DL:0.1.0:AT.1.0.0,2022-3-4 4:15:37,32.50,0.00,0.00,17.865,1.545,-5.769,12.096,19.410,0.00,0.00,0.00,0.00,0.00,0.00,0.00,0.00,0.00,0.00,0.00,0.00,0.00,0.00,0.00,0.00,0.00
20650,DL:0.1.0:AT.1.0.0,2022-3-4 4:15:42,32.50,0.00,0.00,17.856,1.554,-5.762,12.094,19.410,0.00,0.00,0.00,0.00,0.00,0.00,0.00,0.00,0.00,0.00,0.00,0.00,0.00,0.00,0.00,0.00,0.00
20650,DL:0.1.0:AT.1.0.0,2022-3-4 4:15:47,32.50,0.00,0.00,17.873,1.536,-5.777,12.096,19.409,0.00,0.00,0.00,0.00,0.00,0.00,0.00,0.00,0.00,0.00,0.00,0.00,0.00,0.00,0.00,0.00,0.00
20650,DL:0.1.0:AT.1.0.0,2022-3-4 4:15:52,32.50,0.00,0.00,17.859,1.550,-5.764,12.094,19.409,0.00,0.00,0.00,0.00,0.00,0.00,0.00,0.00,0.00,0.00,0.00,0.00,0.00,0.00,0.00,0.00,0.00
20650,DL:0.1.0:AT.1.0.0,2022-3-4 4:15:57,32.50,0.00,0.00,17.876,1.532,-5.781,12.094,19.408,0.00,0.00,0.00,0.00,0.00,0.00,0.00,0.00,0.00,0.00,0.00,0.00,0.00,0.00,0.00,0.00,0.00
20650,DL:0.1.0:AT.1.0.0,2022-3-4 4:16:2,32.50,0.00,0.00,17.863,1.545,-5.770,12.093,19.409,0.00,0.00,0.00,0.00,0.00,0.00,0.00,0.00,0.00,0.00,0.00,0.00,0.00,0.00,0.00,0.00,0.00
20650,DL:0.1.0:AT.1.0.0,2022-3-4 4:16:7,32.50,0.00,0.00,17.877,1.531,-5.783,12.093,19.408,0.00,0.00,0.00,0.00,0.00,0.00,0.00,0.00,0.00,0.00,0.00,0.00,0.00,0.00,0.00,0.00,0.00
20650,DL:0.1.0:AT.1.0.0,2022-3-4 4:16:13,32.50,0.00,0.00,17.888,1.520,-5.794,12.093,19.408,0.00,0.00,0.00,0.00,0.00,0.00,0.00,0.00,0.00,0.00,0.00,0.00,0.00,0.00,0.00,0.00,0.00
20650,DL:0.1.0:AT.1.0.0,2022-3-4 4:16:20,32.50,0.00,0.00,17.876,1.532,-5.783,12.092,19.408,0.00,0.00,0.00,0.00,0.00,0.00,0.00,0.00,0.00,0.00,0.00,0.00,0.00,0.00,0.00,0.00,0.00
20650,DL:0.1.0:AT.1.0.0,2022-3-4 4:16:25,32.50,0.00,0.00,17.857,1.550,-5.765,12.092,19.408,0.00,0.00,0.00,0.00,0.00,0.00,0.00,0.00,0.00,0.00,0.00,0.00,0.00,0.00,0.00,0.00,0.00
20650,DL:0.1.0:AT.1.0.0,2022-3-4 4:16:30,32.50,0.00,0.00,17.853,1.554,-5.761,12.092,19.406,0.00,0.00,0.00,0.00,0.00,0.00,0.00,0.00,0.00,0.00,0.00,0.00,0.00,0.00,0.00,0.00,0.00
20650,DL:0.1.0:AT.1.0.0,2022-3-4 4:16:35,32.50,0.00,0.00,17.861,1.547,-5.770,12.091,19.408,0.00,0.00,0.00,0.00,0.00,0.00,0.00,0.00,0.00,0.00,0.00,0.00,0.00,0.00,0.00,0.00,0.00
20650,DL:0.1.0:AT.1.0.0,2022-3-4 4:16:40,32.50,0.00,0.00,17.877,1.531,-5.786,12.091,19.408,0.00,0.00,0.00,0.00,0.00,0.00,0.00,0.00,0.00,0.00,0.00,0.00,0.00,0.00,0.00,0.00,0.00
20650,DL:0.1.0:AT.1.0.0,2022-3-4 4:16:45,32.50,0.00,0.00,17.876,1.531,-5.785,12.091,19.406,0.00,0.00,0.00,0.00,0.00,0.00,0.00,0.00,0.00,0.00,0.00,0.00,0.00,0.00,0.00,0.00,0.00
20650,DL:0.1.0:AT.1.0.0,2022-3-4 4:16:50,32.50,0.00,0.00,17.861,1.547,-5.771,12.090,19.408,0.00,0.00,0.00,0.00,0.00,0.00,0.00,0.00,0.00,0.00,0.00,0.00,0.00,0.00,0.00,0.00,0.00
20650,DL:0.1.0:AT.1.0.0,2022-3-4 4:16:55,32.50,0.00,0.00,17.880,1.525,-5.789,12.091,19.405,0.00,0.00,0.00,0.00,0.00,0.00,0.00,0.00,0.00,0.00,0.00,0.00,0.00,0.00,0.00,0.00,0.00
20650,DL:0.1.0:AT.1.0.0,2022-3-4 4:17:0,32.50,0.00,0.00,17.877,1.530,-5.788,12.088,19.406,0.00,0.00,0.00,0.00,0.00,0.00,0.00,0.00,0.00,0.00,0.00,0.00,0.00,0.00,0.00,0.00,0.00
20650,DL:0.1.0:AT.1.0.0,2022-3-4 4:17:6,32.50,0.00,0.00,17.882,1.525,-5.792,12.090,19.406,0.00,0.00,0.00,0.00,0.00,0.00,0.00,0.00,0.00,0.00,0.00,0.00,0.00,0.00,0.00,0.00,0.00
20650,DL:0.1.0:AT.1.0.0,2022-3-4 4:17:11,32.50,0.00,0.00,17.871,1.536,-5.782,12.088,19.406,0.00,0.00,0.00,0.00,0.00,0.00,0.00,0.00,0.00,0.00,0.00,0.00,0.00,0.00,0.00,0.00,0.00
20650,DL:0.1.0:AT.1.0.0,2022-3-4 4:17:16,32.50,0.00,0.00,17.867,1.538,-5.779,12.088,19.405,0.00,0.00,0.00,0.00,0.00,0.00,0.00,0.00,0.00,0.00,0.00,0.00,0.00,0.00,0.00,0.00,0.00
20650,DL:0.1.0:AT.1.0.0,2022-3-4 4:17:21,32.50,0.00,0.00,17.872,1.533,-5.783,12.088,19.405,0.00,0.00,0.00,0.00,0.00,0.00,0.00,0.00,0.00,0.00,0.00,0.00,0.00,0.00,0.00,0.00,0.00
20650,DL:0.1.0:AT.1.0.0,2022-3-4 4:17:26,32.50,0.00,0.00,17.898,1.506,-5.811,12.087,19.404,0.00,0.00,0.00,0.00,0.00,0.00,0.00,0.00,0.00,0.00,0.00,0.00,0.00,0.00,0.00,0.00,0.00
20650,DL:0.1.0:AT.1.0.0,2022-3-4 4:17:31,32.50,0.00,0.00,17.873,1.532,-5.787,12.086,19.405,0.00,0.00,0.00,0.00,0.00,0.00,0.00,0.00,0.00,0.00,0.00,0.00,0.00,0.00,0.00,0.00,0.00
20650,DL:0.1.0:AT.1.0.0,2022-3-4 4:17:37,32.50,0.00,0.00,17.854,1.551,-5.768,12.086,19.405,0.00,0.00,0.00,0.00,0.00,0.00,0.00,0.00,0.00,0.00,0.00,0.00,0.00,0.00,0.00,0.00,0.00
20650,DL:0.1.0:AT.1.0.0,2022-3-4 4:17:43,32.50,0.00,0.00,17.857,1.547,-5.771,12.086,19.404,0.00,0.00,0.00,0.00,0.00,0.00,0.00,0.00,0.00,0.00,0.00,0.00,0.00,0.00,0.00,0.00,0.00
20650,DL:0.1.0:AT.1.0.0,2022-3-4 4:17:48,32.50,0.00,0.00,17.863,1.542,-5.777,12.086,19.405,0.00,0.00,0.00,0.00,0.00,0.00,0.00,0.00,0.00,0.00,0.00,0.00,0.00,0.00,0.00,0.00,0.00
20650,DL:0.1.0:AT.1.0.0,2022-3-4 4:17:54,32.50,0.00,0.00,17.847,1.557,-5.761,12.086,19.404,0.00,0.00,0.00,0.00,0.00,0.00,0.00,0.00,0.00,0.00,0.00,0.00,0.00,0.00,0.00,0.00,0.00
20650,DL:0.1.0:AT.1.0.0,2022-3-4 4:17:59,32.50,0.00,0.00,17.857,1.547,-5.773,12.085,19.404,0.00,0.00,0.00,0.00,0.00,0.00,0.00,0.00,0.00,0.00,0.00,0.00,0.00,0.00,0.00,0.00,0.00
20650,DL:0.1.0:AT.1.0.0,2022-3-4 4:18:4,32.50,0.00,0.00,17.871,1.532,-5.786,12.085,19.403,0.00,0.00,0.00,0.00,0.00,0.00,0.00,0.00,0.00,0.00,0.00,0.00,0.00,0.00,0.00,0.00,0.00
20650,DL:0.1.0:AT.1.0.0,2022-3-4 4:18:11,32.50,0.00,0.00,17.844,1.559,-5.759,12.085,19.403,0.00,0.00,0.00,0.00,0.00,0.00,0.00,0.00,0.00,0.00,0.00,0.00,0.00,0.00,0.00,0.00,0.00
20650,DL:0.1.0:AT.1.0.0,2022-3-4 4:18:17,32.50,0.00,0.00,17.829,1.574,-5.745,12.084,19.403,0.00,0.00,0.00,0.00,0.00,0.00,0.00,0.00,0.00,0.00,0.00,0.00,0.00,0.00,0.00,0.00,0.00
20650,DL:0.1.0:AT.1.0.0,2022-3-4 4:18:22,32.50,0.00,0.00,17.871,1.532,-5.787,12.084,19.403,0.00,0.00,0.00,0.00,0.00,0.00,0.00,0.00,0.00,0.00,0.00,0.00,0.00,0.00,0.00,0.00,0.00
20650,DL:0.1.0:AT.1.0.0,2022-3-4 4:18:28,32.50,0.00,0.00,17.879,1.524,-5.797,12.082,19.403,0.00,0.00,0.00,0.00,0.00,0.00,0.00,0.00,0.00,0.00,0.00,0.00,0.00,0.00,0.00,0.00,0.00
20650,DL:0.1.0:AT.1.0.0,2022-3-4 4:18:33,32.50,0.00,0.00,17.873,1.528,-5.791,12.082,19.402,0.00,0.00,0.00,0.00,0.00,0.00,0.00,0.00,0.00,0.00,0.00,0.00,0.00,0.00,0.00,0.00,0.00
20650,DL:0.1.0:AT.1.0.0,2022-3-4 4:18:38,32.50,0.00,0.00,17.848,1.554,-5.767,12.081,19.402,0.00,0.00,0.00,0.00,0.00,0.00,0.00,0.00,0.00,0.00,0.00,0.00,0.00,0.00,0.00,0.00,0.00
20650,DL:0.1.0:AT.1.0.0,2022-3-4 4:18:45,32.50,0.00,0.00,17.867,1.534,-5.786,12.081,19.402,0.00,0.00,0.00,0.00,0.00,0.00,0.00,0.00,0.00,0.00,0.00,0.00,0.00,0.00,0.00,0.00,0.00
20650,DL:0.1.0:AT.1.0.0,2022-3-4 4:18:52,32.50,0.00,0.00,17.868,1.533,-5.787,12.081,19.402,0.00,0.00,0.00,0.00,0.00,0.00,0.00,0.00,0.00,0.00,0.00,0.00,0.00,0.00,0.00,0.00,0.00
20650,DL:0.1.0:AT.1.0.0,2022-3-4 4:18:57,32.50,0.00,0.00,17.863,1.538,-5.782,12.081,19.402,0.00,0.00,0.00,0.00,0.00,0.00,0.00,0.00,0.00,0.00,0.00,0.00,0.00,0.00,0.00,0.00,0.00
20650,DL:0.1.0:AT.1.0.0,2022-3-4 4:19:2,32.50,0.00,0.00,17.865,1.538,-5.785,12.080,19.403,0.00,0.00,0.00,0.00,0.00,0.00,0.00,0.00,0.00,0.00,0.00,0.00,0.00,0.00,0.00,0.00,0.00
20650,DL:0.1.0:AT.1.0.0,2022-3-4 4:19:8,32.50,0.00,0.00,17.849,1.554,-5.770,12.079,19.403,0.00,0.00,0.00,0.00,0.00,0.00,0.00,0.00,0.00,0.00,0.00,0.00,0.00,0.00,0.00,0.00,0.00
20650,DL:0.1.0:AT.1.0.0,2022-3-4 4:19:15,32.50,0.00,0.00,17.851,1.550,-5.773,12.079,19.402,0.00,0.00,0.00,0.00,0.00,0.00,0.00,0.00,0.00,0.00,0.00,0.00,0.00,0.00,0.00,0.00,0.00
20650,DL:0.1.0:AT.1.0.0,2022-3-4 4:19:20,32.50,0.00,0.00,17.877,1.526,-5.798,12.079,19.403,0.00,0.00,0.00,0.00,0.00,0.00,0.00,0.00,0.00,0.00,0.00,0.00,0.00,0.00,0.00,0.00,0.00
20650,DL:0.1.0:AT.1.0.0,2022-3-4 4:19:27,32.50,0.00,0.00,17.849,1.553,-5.771,12.078,19.402,0.00,0.00,0.00,0.00,0.00,0.00,0.00,0.00,0.00,0.00,0.00,0.00,0.00,0.00,0.00,0.00,0.00
20650,DL:0.1.0:AT.1.0.0,2022-3-4 4:19:32,32.50,0.00,0.00,17.872,1.530,-5.794,12.078,19.402,0.00,0.00,0.00,0.00,0.00,0.00,0.00,0.00,0.00,0.00,0.00,0.00,0.00,0.00,0.00,0.00,0.00
20650,DL:0.1.0:AT.1.0.0,2022-3-4 4:19:37,32.50,0.00,0.00,17.865,1.537,-5.787,12.078,19.402,0.00,0.00,0.00,0.00,0.00,0.00,0.00,0.00,0.00,0.00,0.00,0.00,0.00,0.00,0.00,0.00,0.00
20650,DL:0.1.0:AT.1.0.0,2022-3-4 4:19:43,32.50,0.00,0.00,17.848,1.554,-5.771,12.076,19.402,0.00,0.00,0.00,0.00,0.00,0.00,0.00,0.00,0.00,0.00,0.00,0.00,0.00,0.00,0.00,0.00,0.00
20650,DL:0.1.0:AT.1.0.0,2022-3-4 4:19:48,32.50,0.00,0.00,17.884,1.518,-5.807,12.076,19.402,0.00,0.00,0.00,0.00,0.00,0.00,0.00,0.00,0.00,0.00,0.00,0.00,0.00,0.00,0.00,0.00,0.00
20650,DL:0.1.0:AT.1.0.0,2022-3-4 4:19:53,32.50,0.00,0.00,17.878,1.524,-5.801,12.076,19.402,0.00,0.00,0.00,0.00,0.00,0.00,0.00,0.00,0.00,0.00,0.00,0.00,0.00,0.00,0.00,0.00,0.00
20650,DL:0.1.0:AT.1.0.0,2022-3-4 4:20:0,32.50,0.00,0.00,17.886,1.515,-5.811,12.075,19.402,0.00,0.00,0.00,0.00,0.00,0.00,0.00,0.00,0.00,0.00,0.00,0.00,0.00,0.00,0.00,0.00,0.00
20650,DL:0.1.0:AT.1.0.0,2022-3-4 4:20:5,32.50,0.00,0.00,17.857,1.544,-5.783,12.074,19.402,0.00,0.00,0.00,0.00,0.00,0.00,0.00,0.00,0.00,0.00,0.00,0.00,0.00,0.00,0.00,0.00,0.00
20650,DL:0.1.0:AT.1.0.0,2022-3-4 4:20:11,32.50,0.00,0.00,17.847,1.555,-5.771,12.075,19.402,0.00,0.00,0.00,0.00,0.00,0.00,0.00,0.00,0.00,0.00,0.00,0.00,0.00,0.00,0.00,0.00,0.00
20650,DL:0.1.0:AT.1.0.0,2022-3-4 4:20:16,32.50,0.00,0.00,17.856,1.545,-5.782,12.074,19.402,0.00,0.00,0.00,0.00,0.00,0.00,0.00,0.00,0.00,0.00,0.00,0.00,0.00,0.00,0.00,0.00,0.00
20650,DL:0.1.0:AT.1.0.0,2022-3-4 4:20:21,32.50,0.00,0.00,17.873,1.528,-5.799,12.074,19.402,0.00,0.00,0.00,0.00,0.00,0.00,0.00,0.00,0.00,0.00,0.00,0.00,0.00,0.00,0.00,0.00,0.00
20650,DL:0.1.0:AT.1.0.0,2022-3-4 4:20:29,32.50,0.00,0.00,17.857,1.544,-5.783,12.074,19.402,0.00,0.00,0.00,0.00,0.00,0.00,0.00,0.00,0.00,0.00,0.00,0.00,0.00,0.00,0.00,0.00,0.00
20650,DL:0.1.0:AT.1.0.0,2022-3-4 4:20:34,32.50,0.00,0.00,17.866,1.534,-5.793,12.073,19.400,0.00,0.00,0.00,0.00,0.00,0.00,0.00,0.00,0.00,0.00,0.00,0.00,0.00,0.00,0.00,0.00,0.00
20650,DL:0.1.0:AT.1.0.0,2022-3-4 4:20:39,32.50,0.00,0.00,17.855,1.547,-5.782,12.073,19.402,0.00,0.00,0.00,0.00,0.00,0.00,0.00,0.00,0.00,0.00,0.00,0.00,0.00,0.00,0.00,0.00,0.00
20650,DL:0.1.0:AT.1.0.0,2022-3-4 4:20:45,32.50,0.00,0.00,17.843,1.559,-5.771,12.072,19.402,0.00,0.00,0.00,0.00,0.00,0.00,0.00,0.00,0.00,0.00,0.00,0.00,0.00,0.00,0.00,0.00,0.00
20650,DL:0.1.0:AT.1.0.0,2022-3-4 4:20:50,32.50,0.00,0.00,17.829,1.573,-5.757,12.072,19.402,0.00,0.00,0.00,0.00,0.00,0.00,0.00,0.00,0.00,0.00,0.00,0.00,0.00,0.00,0.00,0.00,0.00
20650,DL:0.1.0:AT.1.0.0,2022-3-4 4:20:55,32.50,0.00,0.00,17.849,1.553,-5.779,12.070,19.402,0.00,0.00,0.00,0.00,0.00,0.00,0.00,0.00,0.00,0.00,0.00,0.00,0.00,0.00,0.00,0.00,0.00
20650,DL:0.1.0:AT.1.0.0,2022-3-4 4:21:0,32.50,0.00,0.00,17.907,1.496,-5.836,12.070,19.403,0.00,0.00,0.00,0.00,0.00,0.00,0.00,0.00,0.00,0.00,0.00,0.00,0.00,0.00,0.00,0.00,0.00
20650,DL:0.1.0:AT.1.0.0,2022-3-4 4:21:5,32.50,0.00,0.00,17.853,1.549,-5.782,12.070,19.402,0.00,0.00,0.00,0.00,0.00,0.00,0.00,0.00,0.00,0.00,0.00,0.00,0.00,0.00,0.00,0.00,0.00
20650,DL:0.1.0:AT.1.0.0,2022-3-4 4:21:10,32.50,0.00,0.00,17.850,1.551,-5.781,12.069,19.402,0.00,0.00,0.00,0.00,0.00,0.00,0.00,0.00,0.00,0.00,0.00,0.00,0.00,0.00,0.00,0.00,0.00
20650,DL:0.1.0:AT.1.0.0,2022-3-4 4:21:15,32.50,0.00,0.00,17.889,1.513,-5.820,12.069,19.402,0.00,0.00,0.00,0.00,0.00,0.00,0.00,0.00,0.00,0.00,0.00,0.00,0.00,0.00,0.00,0.00,0.00
20650,DL:0.1.0:AT.1.0.0,2022-3-4 4:21:20,32.50,0.00,0.00,17.862,1.539,-5.793,12.069,19.402,0.00,0.00,0.00,0.00,0.00,0.00,0.00,0.00,0.00,0.00,0.00,0.00,0.00,0.00,0.00,0.00,0.00
20650,DL:0.1.0:AT.1.0.0,2022-3-4 4:21:26,32.50,0.00,0.00,17.883,1.519,-5.814,12.069,19.402,0.00,0.00,0.00,0.00,0.00,0.00,0.00,0.00,0.00,0.00,0.00,0.00,0.00,0.00,0.00,0.00,0.00
20650,DL:0.1.0:AT.1.0.0,2022-3-4 4:21:31,32.50,0.00,0.00,17.865,1.537,-5.795,12.069,19.402,0.00,0.00,0.00,0.00,0.00,0.00,0.00,0.00,0.00,0.00,0.00,0.00,0.00,0.00,0.00,0.00,0.00
20650,DL:0.1.0:AT.1.0.0,2022-3-4 4:21:36,32.50,0.00,0.00,17.892,1.509,-5.824,12.068,19.402,0.00,0.00,0.00,0.00,0.00,0.00,0.00,0.00,0.00,0.00,0.00,0.00,0.00,0.00,0.00,0.00,0.00
20650,DL:0.1.0:AT.1.0.0,2022-3-4 4:21:41,32.50,0.00,0.00,17.876,1.526,-5.807,12.068,19.402,0.00,0.00,0.00,0.00,0.00,0.00,0.00,0.00,0.00,0.00,0.00,0.00,0.00,0.00,0.00,0.00,0.00
20650,DL:0.1.0:AT.1.0.0,2022-3-4 4:21:46,32.50,0.00,0.00,17.883,1.519,-5.816,12.067,19.402,0.00,0.00,0.00,0.00,0.00,0.00,0.00,0.00,0.00,0.00,0.00,0.00,0.00,0.00,0.00,0.00,0.00
20650,DL:0.1.0:AT.1.0.0,2022-3-4 4:21:51,32.50,0.00,0.00,17.873,1.528,-5.806,12.067,19.402,0.00,0.00,0.00,0.00,0.00,0.00,0.00,0.00,0.00,0.00,0.00,0.00,0.00,0.00,0.00,0.00,0.00
20650,DL:0.1.0:AT.1.0.0,2022-3-4 4:21:57,32.50,0.00,0.00,17.870,1.531,-5.803,12.067,19.400,0.00,0.00,0.00,0.00,0.00,0.00,0.00,0.00,0.00,0.00,0.00,0.00,0.00,0.00,0.00,0.00,0.00
20650,DL:0.1.0:AT.1.0.0,2022-3-4 4:22:2,32.50,0.00,0.00,17.865,1.536,-5.799,12.066,19.400,0.00,0.00,0.00,0.00,0.00,0.00,0.00,0.00,0.00,0.00,0.00,0.00,0.00,0.00,0.00,0.00,0.00
20650,DL:0.1.0:AT.1.0.0,2022-3-4 4:22:7,32.50,0.00,0.00,17.868,1.532,-5.803,12.066,19.400,0.00,0.00,0.00,0.00,0.00,0.00,0.00,0.00,0.00,0.00,0.00,0.00,0.00,0.00,0.00,0.00,0.00
20650,DL:0.1.0:AT.1.0.0,2022-3-4 4:22:14,32.50,0.00,0.00,17.886,1.515,-5.822,12.064,19.402,0.00,0.00,0.00,0.00,0.00,0.00,0.00,0.00,0.00,0.00,0.00,0.00,0.00,0.00,0.00,0.00,0.00
20650,DL:0.1.0:AT.1.0.0,2022-3-4 4:22:20,32.50,0.00,0.00,17.874,1.526,-5.810,12.064,19.400,0.00,0.00,0.00,0.00,0.00,0.00,0.00,0.00,0.00,0.00,0.00,0.00,0.00,0.00,0.00,0.00,0.00
20650,DL:0.1.0:AT.1.0.0,2022-3-4 4:22:27,32.50,0.00,0.00,17.886,1.514,-5.822,12.064,19.400,0.00,0.00,0.00,0.00,0.00,0.00,0.00,0.00,0.00,0.00,0.00,0.00,0.00,0.00,0.00,0.00,0.00
20650,DL:0.1.0:AT.1.0.0,2022-3-4 4:22:32,32.50,0.00,0.00,17.885,1.515,-5.821,12.064,19.400,0.00,0.00,0.00,0.00,0.00,0.00,0.00,0.00,0.00,0.00,0.00,0.00,0.00,0.00,0.00,0.00,0.00
20650,DL:0.1.0:AT.1.0.0,2022-3-4 4:22:37,32.50,0.00,0.00,17.836,1.565,-5.771,12.064,19.400,0.00,0.00,0.00,0.00,0.00,0.00,0.00,0.00,0.00,0.00,0.00,0.00,0.00,0.00,0.00,0.00,0.00
20650,DL:0.1.0:AT.1.0.0,2022-3-4 4:22:42,32.50,0.00,0.00,17.872,1.530,-5.809,12.063,19.402,0.00,0.00,0.00,0.00,0.00,0.00,0.00,0.00,0.00,0.00,0.00,0.00,0.00,0.00,0.00,0.00,0.00
20650,DL:0.1.0:AT.1.0.0,2022-3-4 4:22:48,32.50,0.00,0.00,17.873,1.528,-5.811,12.062,19.402,0.00,0.00,0.00,0.00,0.00,0.00,0.00,0.00,0.00,0.00,0.00,0.00,0.00,0.00,0.00,0.00,0.00
20650,DL:0.1.0:AT.1.0.0,2022-3-4 4:22:53,32.50,0.00,0.00,17.867,1.533,-5.804,12.063,19.400,0.00,0.00,0.00,0.00,0.00,0.00,0.00,0.00,0.00,0.00,0.00,0.00,0.00,0.00,0.00,0.00,0.00
20650,DL:0.1.0:AT.1.0.0,2022-3-4 4:22:58,32.50,0.00,0.00,17.867,1.533,-5.805,12.062,19.400,0.00,0.00,0.00,0.00,0.00,0.00,0.00,0.00,0.00,0.00,0.00,0.00,0.00,0.00,0.00,0.00,0.00
20650,DL:0.1.0:AT.1.0.0,2022-3-4 4:23:3,32.50,0.00,0.00,17.866,1.534,-5.805,12.061,19.400,0.00,0.00,0.00,0.00,0.00,0.00,0.00,0.00,0.00,0.00,0.00,0.00,0.00,0.00,0.00,0.00,0.00
20650,DL:0.1.0:AT.1.0.0,2022-3-4 4:23:8,32.50,0.00,0.00,17.884,1.516,-5.822,12.062,19.400,0.00,0.00,0.00,0.00,0.00,0.00,0.00,0.00,0.00,0.00,0.00,0.00,0.00,0.00,0.00,0.00,0.00
20650,DL:0.1.0:AT.1.0.0,2022-3-4 4:23:15,32.50,0.00,0.00,17.880,1.519,-5.820,12.061,19.399,0.00,0.00,0.00,0.00,0.00,0.00,0.00,0.00,0.00,0.00,0.00,0.00,0.00,0.00,0.00,0.00,0.00
20650,DL:0.1.0:AT.1.0.0,2022-3-4 4:23:21,32.50,0.00,0.00,17.850,1.549,-5.792,12.058,19.399,0.00,0.00,0.00,0.00,0.00,0.00,0.00,0.00,0.00,0.00,0.00,0.00,0.00,0.00,0.00,0.00,0.00
20650,DL:0.1.0:AT.1.0.0,2022-3-4 4:23:27,32.50,0.00,0.00,17.866,1.534,-5.807,12.058,19.400,0.00,0.00,0.00,0.00,0.00,0.00,0.00,0.00,0.00,0.00,0.00,0.00,0.00,0.00,0.00,0.00,0.00
20650,DL:0.1.0:AT.1.0.0,2022-3-4 4:23:36,32.25,0.00,0.00,17.861,1.539,-5.803,12.058,19.400,0.00,0.00,0.00,0.00,0.00,0.00,0.00,0.00,0.00,0.00,0.00,0.00,0.00,0.00,0.00,0.00,0.00
20650,DL:0.1.0:AT.1.0.0,2022-3-4 4:23:41,32.25,0.00,0.00,17.865,1.534,-5.807,12.057,19.399,0.00,0.00,0.00,0.00,0.00,0.00,0.00,0.00,0.00,0.00,0.00,0.00,0.00,0.00,0.00,0.00,0.00
20650,DL:0.1.0:AT.1.0.0,2022-3-4 4:23:46,32.25,0.00,0.00,17.876,1.524,-5.818,12.057,19.399,0.00,0.00,0.00,0.00,0.00,0.00,0.00,0.00,0.00,0.00,0.00,0.00,0.00,0.00,0.00,0.00,0.00
20650,DL:0.1.0:AT.1.0.0,2022-3-4 4:23:51,32.25,0.00,0.00,17.835,1.565,-5.777,12.057,19.399,0.00,0.00,0.00,0.00,0.00,0.00,0.00,0.00,0.00,0.00,0.00,0.00,0.00,0.00,0.00,0.00,0.00
20650,DL:0.1.0:AT.1.0.0,2022-3-4 4:23:56,32.25,0.00,0.00,17.843,1.556,-5.786,12.057,19.399,0.00,0.00,0.00,0.00,0.00,0.00,0.00,0.00,0.00,0.00,0.00,0.00,0.00,0.00,0.00,0.00,0.00
20650,DL:0.1.0:AT.1.0.0,2022-3-4 4:24:4,32.25,0.00,0.00,17.855,1.544,-5.799,12.056,19.399,0.00,0.00,0.00,0.00,0.00,0.00,0.00,0.00,0.00,0.00,0.00,0.00,0.00,0.00,0.00,0.00,0.00
20650,DL:0.1.0:AT.1.0.0,2022-3-4 4:24:9,32.25,0.00,0.00,17.883,1.516,-5.827,12.056,19.399,0.00,0.00,0.00,0.00,0.00,0.00,0.00,0.00,0.00,0.00,0.00,0.00,0.00,0.00,0.00,0.00,0.00
20650,DL:0.1.0:AT.1.0.0,2022-3-4 4:24:14,32.25,0.00,0.00,17.857,1.540,-5.803,12.055,19.398,0.00,0.00,0.00,0.00,0.00,0.00,0.00,0.00,0.00,0.00,0.00,0.00,0.00,0.00,0.00,0.00,0.00
20650,DL:0.1.0:AT.1.0.0,2022-3-4 4:24:19,32.25,0.00,0.00,17.857,1.540,-5.801,12.056,19.398,0.00,0.00,0.00,0.00,0.00,0.00,0.00,0.00,0.00,0.00,0.00,0.00,0.00,0.00,0.00,0.00,0.00
20650,DL:0.1.0:AT.1.0.0,2022-3-4 4:24:24,32.25,0.00,0.00,17.832,1.567,-5.779,12.054,19.399,0.00,0.00,0.00,0.00,0.00,0.00,0.00,0.00,0.00,0.00,0.00,0.00,0.00,0.00,0.00,0.00,0.00
20650,DL:0.1.0:AT.1.0.0,2022-3-4 4:24:29,32.25,0.00,0.00,17.880,1.519,-5.826,12.055,19.399,0.00,0.00,0.00,0.00,0.00,0.00,0.00,0.00,0.00,0.00,0.00,0.00,0.00,0.00,0.00,0.00,0.00
20650,DL:0.1.0:AT.1.0.0,2022-3-4 4:24:38,32.50,0.00,0.00,17.857,1.542,-5.803,12.055,19.399,0.00,0.00,0.00,0.00,0.00,0.00,0.00,0.00,0.00,0.00,0.00,0.00,0.00,0.00,0.00,0.00,0.00
20650,DL:0.1.0:AT.1.0.0,2022-3-4 4:24:43,32.50,0.00,0.00,17.878,1.521,-5.823,12.055,19.399,0.00,0.00,0.00,0.00,0.00,0.00,0.00,0.00,0.00,0.00,0.00,0.00,0.00,0.00,0.00,0.00,0.00
20650,DL:0.1.0:AT.1.0.0,2022-3-4 4:24:48,32.50,0.00,0.00,17.863,1.536,-5.809,12.055,19.399,0.00,0.00,0.00,0.00,0.00,0.00,0.00,0.00,0.00,0.00,0.00,0.00,0.00,0.00,0.00,0.00,0.00
20650,DL:0.1.0:AT.1.0.0,2022-3-4 4:24:53,32.50,0.00,0.00,17.895,1.506,-5.841,12.054,19.400,0.00,0.00,0.00,0.00,0.00,0.00,0.00,0.00,0.00,0.00,0.00,0.00,0.00,0.00,0.00,0.00,0.00
20650,DL:0.1.0:AT.1.0.0,2022-3-4 4:24:58,32.50,0.00,0.00,17.856,1.543,-5.801,12.055,19.399,0.00,0.00,0.00,0.00,0.00,0.00,0.00,0.00,0.00,0.00,0.00,0.00,0.00,0.00,0.00,0.00,0.00
20650,DL:0.1.0:AT.1.0.0,2022-3-4 4:25:3,32.50,0.00,0.00,17.861,1.539,-5.807,12.054,19.400,0.00,0.00,0.00,0.00,0.00,0.00,0.00,0.00,0.00,0.00,0.00,0.00,0.00,0.00,0.00,0.00,0.00
20650,DL:0.1.0:AT.1.0.0,2022-3-4 4:25:9,32.50,0.00,0.00,17.856,1.544,-5.803,12.054,19.400,0.00,0.00,0.00,0.00,0.00,0.00,0.00,0.00,0.00,0.00,0.00,0.00,0.00,0.00,0.00,0.00,0.00
20650,DL:0.1.0:AT.1.0.0,2022-3-4 4:25:15,32.50,0.00,0.00,17.876,1.525,-5.823,12.052,19.400,0.00,0.00,0.00,0.00,0.00,0.00,0.00,0.00,0.00,0.00,0.00,0.00,0.00,0.00,0.00,0.00,0.00
20650,DL:0.1.0:AT.1.0.0,2022-3-4 4:25:20,32.50,0.00,0.00,17.880,1.520,-5.827,12.054,19.400,0.00,0.00,0.00,0.00,0.00,0.00,0.00,0.00,0.00,0.00,0.00,0.00,0.00,0.00,0.00,0.00,0.00
20650,DL:0.1.0:AT.1.0.0,2022-3-4 4:25:26,32.50,0.00,0.00,17.874,1.527,-5.822,12.052,19.402,0.00,0.00,0.00,0.00,0.00,0.00,0.00,0.00,0.00,0.00,0.00,0.00,0.00,0.00,0.00,0.00,0.00
20650,DL:0.1.0:AT.1.0.0,2022-3-4 4:25:31,32.50,0.00,0.00,17.856,1.544,-5.804,12.052,19.400,0.00,0.00,0.00,0.00,0.00,0.00,0.00,0.00,0.00,0.00,0.00,0.00,0.00,0.00,0.00,0.00,0.00
20650,DL:0.1.0:AT.1.0.0,2022-3-4 4:25:36,32.50,0.00,0.00,17.906,1.496,-5.854,12.051,19.402,0.00,0.00,0.00,0.00,0.00,0.00,0.00,0.00,0.00,0.00,0.00,0.00,0.00,0.00,0.00,0.00,0.00
20650,DL:0.1.0:AT.1.0.0,2022-3-4 4:25:41,32.25,0.00,0.00,17.866,1.536,-5.814,12.052,19.402,0.00,0.00,0.00,0.00,0.00,0.00,0.00,0.00,0.00,0.00,0.00,0.00,0.00,0.00,0.00,0.00,0.00
20650,DL:0.1.0:AT.1.0.0,2022-3-4 4:25:46,32.25,0.00,0.00,17.871,1.531,-5.820,12.051,19.402,0.00,0.00,0.00,0.00,0.00,0.00,0.00,0.00,0.00,0.00,0.00,0.00,0.00,0.00,0.00,0.00,0.00
20650,DL:0.1.0:AT.1.0.0,2022-3-4 4:25:51,32.25,0.00,0.00,17.884,1.518,-5.834,12.050,19.402,0.00,0.00,0.00,0.00,0.00,0.00,0.00,0.00,0.00,0.00,0.00,0.00,0.00,0.00,0.00,0.00,0.00
20650,DL:0.1.0:AT.1.0.0,2022-3-4 4:25:57,32.25,0.00,0.00,17.876,1.525,-5.824,12.051,19.400,0.00,0.00,0.00,0.00,0.00,0.00,0.00,0.00,0.00,0.00,0.00,0.00,0.00,0.00,0.00,0.00,0.00
20650,DL:0.1.0:AT.1.0.0,2022-3-4 4:26:2,32.25,0.00,0.00,17.867,1.534,-5.816,12.051,19.402,0.00,0.00,0.00,0.00,0.00,0.00,0.00,0.00,0.00,0.00,0.00,0.00,0.00,0.00,0.00,0.00,0.00
20650,DL:0.1.0:AT.1.0.0,2022-3-4 4:26:7,32.25,0.00,0.00,17.882,1.520,-5.833,12.049,19.402,0.00,0.00,0.00,0.00,0.00,0.00,0.00,0.00,0.00,0.00,0.00,0.00,0.00,0.00,0.00,0.00,0.00
20650,DL:0.1.0:AT.1.0.0,2022-3-4 4:26:14,32.25,0.00,0.00,17.892,1.509,-5.842,12.050,19.402,0.00,0.00,0.00,0.00,0.00,0.00,0.00,0.00,0.00,0.00,0.00,0.00,0.00,0.00,0.00,0.00,0.00
20650,DL:0.1.0:AT.1.0.0,2022-3-4 4:26:19,32.25,0.00,0.00,17.862,1.539,-5.814,12.049,19.402,0.00,0.00,0.00,0.00,0.00,0.00,0.00,0.00,0.00,0.00,0.00,0.00,0.00,0.00,0.00,0.00,0.00
20650,DL:0.1.0:AT.1.0.0,2022-3-4 4:26:24,32.25,0.00,0.00,17.857,1.544,-5.807,12.050,19.402,0.00,0.00,0.00,0.00,0.00,0.00,0.00,0.00,0.00,0.00,0.00,0.00,0.00,0.00,0.00,0.00,0.00
20650,DL:0.1.0:AT.1.0.0,2022-3-4 4:26:29,32.25,0.00,0.00,17.857,1.544,-5.810,12.048,19.402,0.00,0.00,0.00,0.00,0.00,0.00,0.00,0.00,0.00,0.00,0.00,0.00,0.00,0.00,0.00,0.00,0.00
20650,DL:0.1.0:AT.1.0.0,2022-3-4 4:26:34,32.25,0.00,0.00,17.848,1.554,-5.799,12.049,19.402,0.00,0.00,0.00,0.00,0.00,0.00,0.00,0.00,0.00,0.00,0.00,0.00,0.00,0.00,0.00,0.00,0.00
20650,DL:0.1.0:AT.1.0.0,2022-3-4 4:26:41,32.25,0.00,0.00,17.866,1.536,-5.817,12.049,19.402,0.00,0.00,0.00,0.00,0.00,0.00,0.00,0.00,0.00,0.00,0.00,0.00,0.00,0.00,0.00,0.00,0.00
20650,DL:0.1.0:AT.1.0.0,2022-3-4 4:26:46,32.25,0.00,0.00,17.867,1.534,-5.820,12.048,19.402,0.00,0.00,0.00,0.00,0.00,0.00,0.00,0.00,0.00,0.00,0.00,0.00,0.00,0.00,0.00,0.00,0.00
20650,DL:0.1.0:AT.1.0.0,2022-3-4 4:26:51,32.25,0.00,0.00,17.886,1.515,-5.840,12.046,19.402,0.00,0.00,0.00,0.00,0.00,0.00,0.00,0.00,0.00,0.00,0.00,0.00,0.00,0.00,0.00,0.00,0.00
20650,DL:0.1.0:AT.1.0.0,2022-3-4 4:26:56,32.25,0.00,0.00,17.889,1.513,-5.842,12.046,19.402,0.00,0.00,0.00,0.00,0.00,0.00,0.00,0.00,0.00,0.00,0.00,0.00,0.00,0.00,0.00,0.00,0.00
20650,DL:0.1.0:AT.1.0.0,2022-3-4 4:27:2,32.25,0.00,0.00,17.871,1.531,-5.824,12.046,19.402,0.00,0.00,0.00,0.00,0.00,0.00,0.00,0.00,0.00,0.00,0.00,0.00,0.00,0.00,0.00,0.00,0.00
20650,DL:0.1.0:AT.1.0.0,2022-3-4 4:27:9,32.25,0.00,0.00,17.867,1.534,-5.821,12.046,19.402,0.00,0.00,0.00,0.00,0.00,0.00,0.00,0.00,0.00,0.00,0.00,0.00,0.00,0.00,0.00,0.00,0.00
20650,DL:0.1.0:AT.1.0.0,2022-3-4 4:27:15,32.25,0.00,0.00,17.880,1.521,-5.834,12.046,19.402,0.00,0.00,0.00,0.00,0.00,0.00,0.00,0.00,0.00,0.00,0.00,0.00,0.00,0.00,0.00,0.00,0.00
20650,DL:0.1.0:AT.1.0.0,2022-3-4 4:27:20,32.25,0.00,0.00,17.886,1.515,-5.841,12.045,19.402,0.00,0.00,0.00,0.00,0.00,0.00,0.00,0.00,0.00,0.00,0.00,0.00,0.00,0.00,0.00,0.00,0.00
20650,DL:0.1.0:AT.1.0.0,2022-3-4 4:27:25,32.25,0.00,0.00,17.861,1.540,-5.816,12.045,19.402,0.00,0.00,0.00,0.00,0.00,0.00,0.00,0.00,0.00,0.00,0.00,0.00,0.00,0.00,0.00,0.00,0.00
20650,DL:0.1.0:AT.1.0.0,2022-3-4 4:27:30,32.25,0.00,0.00,17.861,1.539,-5.816,12.045,19.400,0.00,0.00,0.00,0.00,0.00,0.00,0.00,0.00,0.00,0.00,0.00,0.00,0.00,0.00,0.00,0.00,0.00
20650,DL:0.1.0:AT.1.0.0,2022-3-4 4:27:35,32.25,0.00,0.00,17.862,1.539,-5.817,12.045,19.402,0.00,0.00,0.00,0.00,0.00,0.00,0.00,0.00,0.00,0.00,0.00,0.00,0.00,0.00,0.00,0.00,0.00
20650,DL:0.1.0:AT.1.0.0,2022-3-4 4:27:40,32.25,0.00,0.00,17.873,1.528,-5.828,12.045,19.402,0.00,0.00,0.00,0.00,0.00,0.00,0.00,0.00,0.00,0.00,0.00,0.00,0.00,0.00,0.00,0.00,0.00
20650,DL:0.1.0:AT.1.0.0,2022-3-4 4:27:45,32.25,0.00,0.00,17.879,1.522,-5.835,12.044,19.402,0.00,0.00,0.00,0.00,0.00,0.00,0.00,0.00,0.00,0.00,0.00,0.00,0.00,0.00,0.00,0.00,0.00
20650,DL:0.1.0:AT.1.0.0,2022-3-4 4:27:50,32.25,0.00,0.00,17.877,1.525,-5.833,12.044,19.402,0.00,0.00,0.00,0.00,0.00,0.00,0.00,0.00,0.00,0.00,0.00,0.00,0.00,0.00,0.00,0.00,0.00
20650,DL:0.1.0:AT.1.0.0,2022-3-4 4:27:55,32.25,0.00,0.00,17.866,1.534,-5.822,12.044,19.400,0.00,0.00,0.00,0.00,0.00,0.00,0.00,0.00,0.00,0.00,0.00,0.00,0.00,0.00,0.00,0.00,0.00
20650,DL:0.1.0:AT.1.0.0,2022-3-4 4:28:0,32.25,0.00,0.00,17.879,1.522,-5.836,12.043,19.402,0.00,0.00,0.00,0.00,0.00,0.00,0.00,0.00,0.00,0.00,0.00,0.00,0.00,0.00,0.00,0.00,0.00
20650,DL:0.1.0:AT.1.0.0,2022-3-4 4:28:5,32.25,0.00,0.00,17.850,1.551,-5.806,12.044,19.402,0.00,0.00,0.00,0.00,0.00,0.00,0.00,0.00,0.00,0.00,0.00,0.00,0.00,0.00,0.00,0.00,0.00
20650,DL:0.1.0:AT.1.0.0,2022-3-4 4:28:10,32.25,0.00,0.00,17.837,1.565,-5.794,12.043,19.402,0.00,0.00,0.00,0.00,0.00,0.00,0.00,0.00,0.00,0.00,0.00,0.00,0.00,0.00,0.00,0.00,0.00
20650,DL:0.1.0:AT.1.0.0,2022-3-4 4:28:18,32.25,0.00,0.00,17.880,1.521,-5.839,12.042,19.402,0.00,0.00,0.00,0.00,0.00,0.00,0.00,0.00,0.00,0.00,0.00,0.00,0.00,0.00,0.00,0.00,0.00
20650,DL:0.1.0:AT.1.0.0,2022-3-4 4:28:24,32.25,0.00,0.00,17.879,1.522,-5.838,12.042,19.402,0.00,0.00,0.00,0.00,0.00,0.00,0.00,0.00,0.00,0.00,0.00,0.00,0.00,0.00,0.00,0.00,0.00
20650,DL:0.1.0:AT.1.0.0,2022-3-4 4:28:30,32.25,0.00,0.00,17.895,1.507,-5.852,12.043,19.402,0.00,0.00,0.00,0.00,0.00,0.00,0.00,0.00,0.00,0.00,0.00,0.00,0.00,0.00,0.00,0.00,0.00
20650,DL:0.1.0:AT.1.0.0,2022-3-4 4:28:35,32.25,0.00,0.00,17.896,1.506,-5.854,12.042,19.402,0.00,0.00,0.00,0.00,0.00,0.00,0.00,0.00,0.00,0.00,0.00,0.00,0.00,0.00,0.00,0.00,0.00
20650,DL:0.1.0:AT.1.0.0,2022-3-4 4:28:40,32.25,0.00,0.00,17.878,1.524,-5.836,12.042,19.402,0.00,0.00,0.00,0.00,0.00,0.00,0.00,0.00,0.00,0.00,0.00,0.00,0.00,0.00,0.00,0.00,0.00
20650,DL:0.1.0:AT.1.0.0,2022-3-4 4:28:45,32.25,0.00,0.00,17.880,1.522,-5.840,12.040,19.403,0.00,0.00,0.00,0.00,0.00,0.00,0.00,0.00,0.00,0.00,0.00,0.00,0.00,0.00,0.00,0.00,0.00
20650,DL:0.1.0:AT.1.0.0,2022-3-4 4:28:50,32.25,0.00,0.00,17.838,1.563,-5.799,12.039,19.402,0.00,0.00,0.00,0.00,0.00,0.00,0.00,0.00,0.00,0.00,0.00,0.00,0.00,0.00,0.00,0.00,0.00
20650,DL:0.1.0:AT.1.0.0,2022-3-4 4:28:55,32.25,0.00,0.00,17.868,1.533,-5.829,12.039,19.402,0.00,0.00,0.00,0.00,0.00,0.00,0.00,0.00,0.00,0.00,0.00,0.00,0.00,0.00,0.00,0.00,0.00
20650,DL:0.1.0:AT.1.0.0,2022-3-4 4:29:2,32.25,0.00,0.00,17.894,1.509,-5.856,12.038,19.403,0.00,0.00,0.00,0.00,0.00,0.00,0.00,0.00,0.00,0.00,0.00,0.00,0.00,0.00,0.00,0.00,0.00
20650,DL:0.1.0:AT.1.0.0,2022-3-4 4:29:9,32.25,0.00,0.00,17.871,1.531,-5.833,12.038,19.402,0.00,0.00,0.00,0.00,0.00,0.00,0.00,0.00,0.00,0.00,0.00,0.00,0.00,0.00,0.00,0.00,0.00
20650,DL:0.1.0:AT.1.0.0,2022-3-4 4:29:16,32.25,0.00,0.00,17.862,1.540,-5.824,12.038,19.403,0.00,0.00,0.00,0.00,0.00,0.00,0.00,0.00,0.00,0.00,0.00,0.00,0.00,0.00,0.00,0.00,0.00
20650,DL:0.1.0:AT.1.0.0,2022-3-4 4:29:21,32.25,0.00,0.00,17.872,1.531,-5.834,12.038,19.403,0.00,0.00,0.00,0.00,0.00,0.00,0.00,0.00,0.00,0.00,0.00,0.00,0.00,0.00,0.00,0.00,0.00
20650,DL:0.1.0:AT.1.0.0,2022-3-4 4:29:26,32.25,0.00,0.00,17.870,1.534,-5.833,12.037,19.404,0.00,0.00,0.00,0.00,0.00,0.00,0.00,0.00,0.00,0.00,0.00,0.00,0.00,0.00,0.00,0.00,0.00
20650,DL:0.1.0:AT.1.0.0,2022-3-4 4:29:32,32.25,0.00,0.00,17.909,1.495,-5.872,12.037,19.404,0.00,0.00,0.00,0.00,0.00,0.00,0.00,0.00,0.00,0.00,0.00,0.00,0.00,0.00,0.00,0.00,0.00
20650,DL:0.1.0:AT.1.0.0,2022-3-4 4:29:37,32.25,0.00,0.00,17.922,1.482,-5.886,12.037,19.404,0.00,0.00,0.00,0.00,0.00,0.00,0.00,0.00,0.00,0.00,0.00,0.00,0.00,0.00,0.00,0.00,0.00
20650,DL:0.1.0:AT.1.0.0,2022-3-4 4:29:42,32.25,0.00,0.00,17.919,1.486,-5.883,12.036,19.405,0.00,0.00,0.00,0.00,0.00,0.00,0.00,0.00,0.00,0.00,0.00,0.00,0.00,0.00,0.00,0.00,0.00
20650,DL:0.1.0:AT.1.0.0,2022-3-4 4:29:47,32.25,0.00,0.00,17.919,1.486,-5.883,12.036,19.405,0.00,0.00,0.00,0.00,0.00,0.00,0.00,0.00,0.00,0.00,0.00,0.00,0.00,0.00,0.00,0.00,0.00
20650,DL:0.1.0:AT.1.0.0,2022-3-4 4:29:53,32.25,0.00,0.00,17.872,1.533,-5.836,12.036,19.405,0.00,0.00,0.00,0.00,0.00,0.00,0.00,0.00,0.00,0.00,0.00,0.00,0.00,0.00,0.00,0.00,0.00
20650,DL:0.1.0:AT.1.0.0,2022-3-4 4:29:58,32.25,0.00,0.00,17.883,1.522,-5.848,12.034,19.405,0.00,0.00,0.00,0.00,0.00,0.00,0.00,0.00,0.00,0.00,0.00,0.00,0.00,0.00,0.00,0.00,0.00
20650,DL:0.1.0:AT.1.0.0,2022-3-4 4:30:4,32.25,0.00,0.00,17.880,1.526,-5.847,12.033,19.406,0.00,0.00,0.00,0.00,0.00,0.00,0.00,0.00,0.00,0.00,0.00,0.00,0.00,0.00,0.00,0.00,0.00
20650,DL:0.1.0:AT.1.0.0,2022-3-4 4:30:9,32.25,0.00,0.00,17.901,1.506,-5.866,12.034,19.406,0.00,0.00,0.00,0.00,0.00,0.00,0.00,0.00,0.00,0.00,0.00,0.00,0.00,0.00,0.00,0.00,0.00
20650,DL:0.1.0:AT.1.0.0,2022-3-4 4:30:14,32.25,0.00,0.00,17.886,1.520,-5.853,12.033,19.406,0.00,0.00,0.00,0.00,0.00,0.00,0.00,0.00,0.00,0.00,0.00,0.00,0.00,0.00,0.00,0.00,0.00
20650,DL:0.1.0:AT.1.0.0,2022-3-4 4:30:20,32.25,0.00,0.00,17.874,1.533,-5.841,12.033,19.408,0.00,0.00,0.00,0.00,0.00,0.00,0.00,0.00,0.00,0.00,0.00,0.00,0.00,0.00,0.00,0.00,0.00
20650,DL:0.1.0:AT.1.0.0,2022-3-4 4:30:28,32.25,0.00,0.00,17.883,1.525,-5.851,12.032,19.408,0.00,0.00,0.00,0.00,0.00,0.00,0.00,0.00,0.00,0.00,0.00,0.00,0.00,0.00,0.00,0.00,0.00
20650,DL:0.1.0:AT.1.0.0,2022-3-4 4:30:33,32.25,0.00,0.00,17.889,1.519,-5.857,12.032,19.408,0.00,0.00,0.00,0.00,0.00,0.00,0.00,0.00,0.00,0.00,0.00,0.00,0.00,0.00,0.00,0.00,0.00
20650,DL:0.1.0:AT.1.0.0,2022-3-4 4:30:38,32.25,0.00,0.00,17.867,1.542,-5.836,12.031,19.409,0.00,0.00,0.00,0.00,0.00,0.00,0.00,0.00,0.00,0.00,0.00,0.00,0.00,0.00,0.00,0.00,0.00
20650,DL:0.1.0:AT.1.0.0,2022-3-4 4:30:44,32.25,0.00,0.00,17.854,1.555,-5.823,12.031,19.409,0.00,0.00,0.00,0.00,0.00,0.00,0.00,0.00,0.00,0.00,0.00,0.00,0.00,0.00,0.00,0.00,0.00
20650,DL:0.1.0:AT.1.0.0,2022-3-4 4:30:49,32.25,0.00,0.00,17.876,1.533,-5.846,12.030,19.409,0.00,0.00,0.00,0.00,0.00,0.00,0.00,0.00,0.00,0.00,0.00,0.00,0.00,0.00,0.00,0.00,0.00
20650,DL:0.1.0:AT.1.0.0,2022-3-4 4:30:55,32.25,0.00,0.00,17.873,1.537,-5.844,12.030,19.410,0.00,0.00,0.00,0.00,0.00,0.00,0.00,0.00,0.00,0.00,0.00,0.00,0.00,0.00,0.00,0.00,0.00
20650,DL:0.1.0:AT.1.0.0,2022-3-4 4:31:1,32.25,0.00,0.00,17.873,1.537,-5.844,12.030,19.410,0.00,0.00,0.00,0.00,0.00,0.00,0.00,0.00,0.00,0.00,0.00,0.00,0.00,0.00,0.00,0.00,0.00
20650,DL:0.1.0:AT.1.0.0,2022-3-4 4:31:6,32.25,0.00,0.00,17.883,1.527,-5.853,12.030,19.410,0.00,0.00,0.00,0.00,0.00,0.00,0.00,0.00,0.00,0.00,0.00,0.00,0.00,0.00,0.00,0.00,0.00
20650,DL:0.1.0:AT.1.0.0,2022-3-4 4:31:11,32.25,0.00,0.00,17.900,1.510,-5.870,12.030,19.410,0.00,0.00,0.00,0.00,0.00,0.00,0.00,0.00,0.00,0.00,0.00,0.00,0.00,0.00,0.00,0.00,0.00
20650,DL:0.1.0:AT.1.0.0,2022-3-4 4:31:22,32.25,0.00,0.00,17.886,1.525,-5.859,12.027,19.411,0.00,0.00,0.00,0.00,0.00,0.00,0.00,0.00,0.00,0.00,0.00,0.00,0.00,0.00,0.00,0.00,0.00
20650,DL:0.1.0:AT.1.0.0,2022-3-4 4:31:27,32.25,0.00,0.00,17.896,1.515,-5.868,12.028,19.411,0.00,0.00,0.00,0.00,0.00,0.00,0.00,0.00,0.00,0.00,0.00,0.00,0.00,0.00,0.00,0.00,0.00
20650,DL:0.1.0:AT.1.0.0,2022-3-4 4:31:32,32.25,0.00,0.00,17.874,1.537,-5.847,12.027,19.411,0.00,0.00,0.00,0.00,0.00,0.00,0.00,0.00,0.00,0.00,0.00,0.00,0.00,0.00,0.00,0.00,0.00
20650,DL:0.1.0:AT.1.0.0,2022-3-4 4:31:37,32.25,0.00,0.00,17.897,1.515,-5.872,12.025,19.412,0.00,0.00,0.00,0.00,0.00,0.00,0.00,0.00,0.00,0.00,0.00,0.00,0.00,0.00,0.00,0.00,0.00
20650,DL:0.1.0:AT.1.0.0,2022-3-4 4:31:43,32.25,0.00,0.00,17.892,1.521,-5.866,12.026,19.414,0.00,0.00,0.00,0.00,0.00,0.00,0.00,0.00,0.00,0.00,0.00,0.00,0.00,0.00,0.00,0.00,0.00
20650,DL:0.1.0:AT.1.0.0,2022-3-4 4:31:49,32.25,0.00,0.00,17.907,1.507,-5.882,12.025,19.414,0.00,0.00,0.00,0.00,0.00,0.00,0.00,0.00,0.00,0.00,0.00,0.00,0.00,0.00,0.00,0.00,0.00
20650,DL:0.1.0:AT.1.0.0,2022-3-4 4:31:54,32.25,0.00,0.00,17.907,1.506,-5.882,12.025,19.412,0.00,0.00,0.00,0.00,0.00,0.00,0.00,0.00,0.00,0.00,0.00,0.00,0.00,0.00,0.00,0.00,0.00
20650,DL:0.1.0:AT.1.0.0,2022-3-4 4:32:0,32.25,0.00,0.00,17.896,1.518,-5.871,12.025,19.414,0.00,0.00,0.00,0.00,0.00,0.00,0.00,0.00,0.00,0.00,0.00,0.00,0.00,0.00,0.00,0.00,0.00
20650,DL:0.1.0:AT.1.0.0,2022-3-4 4:32:5,32.25,0.00,0.00,17.896,1.519,-5.872,12.024,19.415,0.00,0.00,0.00,0.00,0.00,0.00,0.00,0.00,0.00,0.00,0.00,0.00,0.00,0.00,0.00,0.00,0.00
20650,DL:0.1.0:AT.1.0.0,2022-3-4 4:32:10,32.25,0.00,0.00,17.872,1.543,-5.848,12.024,19.415,0.00,0.00,0.00,0.00,0.00,0.00,0.00,0.00,0.00,0.00,0.00,0.00,0.00,0.00,0.00,0.00,0.00
20650,DL:0.1.0:AT.1.0.0,2022-3-4 4:32:16,32.25,0.00,0.00,17.871,1.544,-5.847,12.024,19.415,0.00,0.00,0.00,0.00,0.00,0.00,0.00,0.00,0.00,0.00,0.00,0.00,0.00,0.00,0.00,0.00,0.00
20650,DL:0.1.0:AT.1.0.0,2022-3-4 4:32:23,32.25,0.00,0.00,17.890,1.524,-5.868,12.022,19.414,0.00,0.00,0.00,0.00,0.00,0.00,0.00,0.00,0.00,0.00,0.00,0.00,0.00,0.00,0.00,0.00,0.00
20650,DL:0.1.0:AT.1.0.0,2022-3-4 4:32:28,32.25,0.00,0.00,17.907,1.508,-5.884,12.022,19.415,0.00,0.00,0.00,0.00,0.00,0.00,0.00,0.00,0.00,0.00,0.00,0.00,0.00,0.00,0.00,0.00,0.00
20650,DL:0.1.0:AT.1.0.0,2022-3-4 4:32:34,32.25,0.00,0.00,17.888,1.527,-5.865,12.022,19.415,0.00,0.00,0.00,0.00,0.00,0.00,0.00,0.00,0.00,0.00,0.00,0.00,0.00,0.00,0.00,0.00,0.00
20650,DL:0.1.0:AT.1.0.0,2022-3-4 4:32:40,32.25,0.00,0.00,17.882,1.534,-5.860,12.021,19.416,0.00,0.00,0.00,0.00,0.00,0.00,0.00,0.00,0.00,0.00,0.00,0.00,0.00,0.00,0.00,0.00,0.00
20650,DL:0.1.0:AT.1.0.0,2022-3-4 4:32:45,32.25,0.00,0.00,17.876,1.539,-5.854,12.021,19.415,0.00,0.00,0.00,0.00,0.00,0.00,0.00,0.00,0.00,0.00,0.00,0.00,0.00,0.00,0.00,0.00,0.00
20650,DL:0.1.0:AT.1.0.0,2022-3-4 4:32:50,32.25,0.00,0.00,17.859,1.559,-5.839,12.020,19.417,0.00,0.00,0.00,0.00,0.00,0.00,0.00,0.00,0.00,0.00,0.00,0.00,0.00,0.00,0.00,0.00,0.00
20650,DL:0.1.0:AT.1.0.0,2022-3-4 4:32:55,32.25,0.00,0.00,17.884,1.534,-5.865,12.019,19.418,0.00,0.00,0.00,0.00,0.00,0.00,0.00,0.00,0.00,0.00,0.00,0.00,0.00,0.00,0.00,0.00,0.00
20650,DL:0.1.0:AT.1.0.0,2022-3-4 4:33:0,32.25,0.00,0.00,17.877,1.540,-5.857,12.020,19.417,0.00,0.00,0.00,0.00,0.00,0.00,0.00,0.00,0.00,0.00,0.00,0.00,0.00,0.00,0.00,0.00,0.00
20650,DL:0.1.0:AT.1.0.0,2022-3-4 4:33:5,32.25,0.00,0.00,17.914,1.504,-5.895,12.019,19.418,0.00,0.00,0.00,0.00,0.00,0.00,0.00,0.00,0.00,0.00,0.00,0.00,0.00,0.00,0.00,0.00,0.00
20650,DL:0.1.0:AT.1.0.0,2022-3-4 4:33:10,32.25,0.00,0.00,17.880,1.538,-5.862,12.019,19.418,0.00,0.00,0.00,0.00,0.00,0.00,0.00,0.00,0.00,0.00,0.00,0.00,0.00,0.00,0.00,0.00,0.00
20650,DL:0.1.0:AT.1.0.0,2022-3-4 4:33:15,32.25,0.00,0.00,17.855,1.563,-5.838,12.018,19.418,0.00,0.00,0.00,0.00,0.00,0.00,0.00,0.00,0.00,0.00,0.00,0.00,0.00,0.00,0.00,0.00,0.00
20650,DL:0.1.0:AT.1.0.0,2022-3-4 4:33:23,32.25,0.00,0.00,17.861,1.560,-5.844,12.018,19.421,0.00,0.00,0.00,0.00,0.00,0.00,0.00,0.00,0.00,0.00,0.00,0.00,0.00,0.00,0.00,0.00,0.00
20650,DL:0.1.0:AT.1.0.0,2022-3-4 4:33:29,32.25,0.00,0.00,17.886,1.534,-5.870,12.016,19.421,0.00,0.00,0.00,0.00,0.00,0.00,0.00,0.00,0.00,0.00,0.00,0.00,0.00,0.00,0.00,0.00,0.00
20650,DL:0.1.0:AT.1.0.0,2022-3-4 4:33:34,32.25,0.00,0.00,17.883,1.538,-5.866,12.016,19.421,0.00,0.00,0.00,0.00,0.00,0.00,0.00,0.00,0.00,0.00,0.00,0.00,0.00,0.00,0.00,0.00,0.00
20650,DL:0.1.0:AT.1.0.0,2022-3-4 4:33:39,32.25,0.00,0.00,17.849,1.572,-5.834,12.015,19.421,0.00,0.00,0.00,0.00,0.00,0.00,0.00,0.00,0.00,0.00,0.00,0.00,0.00,0.00,0.00,0.00,0.00
20650,DL:0.1.0:AT.1.0.0,2022-3-4 4:33:45,32.25,0.00,0.00,17.900,1.521,-5.884,12.015,19.421,0.00,0.00,0.00,0.00,0.00,0.00,0.00,0.00,0.00,0.00,0.00,0.00,0.00,0.00,0.00,0.00,0.00
20650,DL:0.1.0:AT.1.0.0,2022-3-4 4:33:50,32.25,0.00,0.00,17.883,1.539,-5.868,12.015,19.422,0.00,0.00,0.00,0.00,0.00,0.00,0.00,0.00,0.00,0.00,0.00,0.00,0.00,0.00,0.00,0.00,0.00
20650,DL:0.1.0:AT.1.0.0,2022-3-4 4:33:57,32.25,0.00,0.00,17.883,1.538,-5.868,12.015,19.421,0.00,0.00,0.00,0.00,0.00,0.00,0.00,0.00,0.00,0.00,0.00,0.00,0.00,0.00,0.00,0.00,0.00
20650,DL:0.1.0:AT.1.0.0,2022-3-4 4:34:2,32.25,0.00,0.00,17.860,1.561,-5.845,12.015,19.421,0.00,0.00,0.00,0.00,0.00,0.00,0.00,0.00,0.00,0.00,0.00,0.00,0.00,0.00,0.00,0.00,0.00
20650,DL:0.1.0:AT.1.0.0,2022-3-4 4:34:7,32.25,0.00,0.00,17.872,1.549,-5.858,12.014,19.421,0.00,0.00,0.00,0.00,0.00,0.00,0.00,0.00,0.00,0.00,0.00,0.00,0.00,0.00,0.00,0.00,0.00
20650,DL:0.1.0:AT.1.0.0,2022-3-4 4:34:13,32.25,0.00,0.00,17.885,1.537,-5.872,12.013,19.422,0.00,0.00,0.00,0.00,0.00,0.00,0.00,0.00,0.00,0.00,0.00,0.00,0.00,0.00,0.00,0.00,0.00
20650,DL:0.1.0:AT.1.0.0,2022-3-4 4:34:20,32.25,0.00,0.00,17.872,1.550,-5.859,12.013,19.422,0.00,0.00,0.00,0.00,0.00,0.00,0.00,0.00,0.00,0.00,0.00,0.00,0.00,0.00,0.00,0.00,0.00
20650,DL:0.1.0:AT.1.0.0,2022-3-4 4:34:25,32.25,0.00,0.00,17.888,1.534,-5.875,12.013,19.422,0.00,0.00,0.00,0.00,0.00,0.00,0.00,0.00,0.00,0.00,0.00,0.00,0.00,0.00,0.00,0.00,0.00
20650,DL:0.1.0:AT.1.0.0,2022-3-4 4:34:31,32.25,0.00,0.00,17.879,1.544,-5.868,12.012,19.423,0.00,0.00,0.00,0.00,0.00,0.00,0.00,0.00,0.00,0.00,0.00,0.00,0.00,0.00,0.00,0.00,0.00
20650,DL:0.1.0:AT.1.0.0,2022-3-4 4:34:37,32.25,0.00,0.00,17.855,1.567,-5.844,12.012,19.422,0.00,0.00,0.00,0.00,0.00,0.00,0.00,0.00,0.00,0.00,0.00,0.00,0.00,0.00,0.00,0.00,0.00
20650,DL:0.1.0:AT.1.0.0,2022-3-4 4:34:44,32.25,0.00,0.00,17.866,1.557,-5.856,12.010,19.423,0.00,0.00,0.00,0.00,0.00,0.00,0.00,0.00,0.00,0.00,0.00,0.00,0.00,0.00,0.00,0.00,0.00
20650,DL:0.1.0:AT.1.0.0,2022-3-4 4:34:49,32.25,0.00,0.00,17.870,1.553,-5.859,12.010,19.422,0.00,0.00,0.00,0.00,0.00,0.00,0.00,0.00,0.00,0.00,0.00,0.00,0.00,0.00,0.00,0.00,0.00
20650,DL:0.1.0:AT.1.0.0,2022-3-4 4:34:56,32.25,0.00,0.00,17.876,1.548,-5.865,12.010,19.423,0.00,0.00,0.00,0.00,0.00,0.00,0.00,0.00,0.00,0.00,0.00,0.00,0.00,0.00,0.00,0.00,0.00
20650,DL:0.1.0:AT.1.0.0,2022-3-4 4:35:1,32.25,0.00,0.00,17.888,1.536,-5.877,12.010,19.423,0.00,0.00,0.00,0.00,0.00,0.00,0.00,0.00,0.00,0.00,0.00,0.00,0.00,0.00,0.00,0.00,0.00
20650,DL:0.1.0:AT.1.0.0,2022-3-4 4:35:6,32.25,0.00,0.00,17.884,1.539,-5.874,12.010,19.423,0.00,0.00,0.00,0.00,0.00,0.00,0.00,0.00,0.00,0.00,0.00,0.00,0.00,0.00,0.00,0.00,0.00
20650,DL:0.1.0:AT.1.0.0,2022-3-4 4:35:12,32.25,0.00,0.00,17.907,1.518,-5.899,12.008,19.424,0.00,0.00,0.00,0.00,0.00,0.00,0.00,0.00,0.00,0.00,0.00,0.00,0.00,0.00,0.00,0.00,0.00
20650,DL:0.1.0:AT.1.0.0,2022-3-4 4:35:18,32.25,0.00,0.00,17.872,1.553,-5.864,12.008,19.424,0.00,0.00,0.00,0.00,0.00,0.00,0.00,0.00,0.00,0.00,0.00,0.00,0.00,0.00,0.00,0.00,0.00
20650,DL:0.1.0:AT.1.0.0,2022-3-4 4:35:24,32.25,0.00,0.00,17.880,1.544,-5.872,12.008,19.424,0.00,0.00,0.00,0.00,0.00,0.00,0.00,0.00,0.00,0.00,0.00,0.00,0.00,0.00,0.00,0.00,0.00
20650,DL:0.1.0:AT.1.0.0,2022-3-4 4:35:29,32.25,0.00,0.00,17.871,1.555,-5.864,12.007,19.426,0.00,0.00,0.00,0.00,0.00,0.00,0.00,0.00,0.00,0.00,0.00,0.00,0.00,0.00,0.00,0.00,0.00
20650,DL:0.1.0:AT.1.0.0,2022-3-4 4:35:34,32.25,0.00,0.00,17.879,1.545,-5.872,12.007,19.424,0.00,0.00,0.00,0.00,0.00,0.00,0.00,0.00,0.00,0.00,0.00,0.00,0.00,0.00,0.00,0.00,0.00
20650,DL:0.1.0:AT.1.0.0,2022-3-4 4:35:39,32.25,0.00,0.00,17.859,1.568,-5.852,12.007,19.427,0.00,0.00,0.00,0.00,0.00,0.00,0.00,0.00,0.00,0.00,0.00,0.00,0.00,0.00,0.00,0.00,0.00
20650,DL:0.1.0:AT.1.0.0,2022-3-4 4:35:45,32.25,0.00,0.00,17.868,1.557,-5.862,12.007,19.426,0.00,0.00,0.00,0.00,0.00,0.00,0.00,0.00,0.00,0.00,0.00,0.00,0.00,0.00,0.00,0.00,0.00
20650,DL:0.1.0:AT.1.0.0,2022-3-4 4:35:53,32.25,0.00,0.00,17.861,1.566,-5.856,12.006,19.427,0.00,0.00,0.00,0.00,0.00,0.00,0.00,0.00,0.00,0.00,0.00,0.00,0.00,0.00,0.00,0.00,0.00
20650,DL:0.1.0:AT.1.0.0,2022-3-4 4:35:58,32.25,0.00,0.00,17.850,1.577,-5.845,12.006,19.427,0.00,0.00,0.00,0.00,0.00,0.00,0.00,0.00,0.00,0.00,0.00,0.00,0.00,0.00,0.00,0.00,0.00
20650,DL:0.1.0:AT.1.0.0,2022-3-4 4:36:6,32.25,0.00,0.00,17.861,1.566,-5.857,12.004,19.427,0.00,0.00,0.00,0.00,0.00,0.00,0.00,0.00,0.00,0.00,0.00,0.00,0.00,0.00,0.00,0.00,0.00
20650,DL:0.1.0:AT.1.0.0,2022-3-4 4:36:13,32.25,0.00,0.00,17.854,1.573,-5.851,12.003,19.427,0.00,0.00,0.00,0.00,0.00,0.00,0.00,0.00,0.00,0.00,0.00,0.00,0.00,0.00,0.00,0.00,0.00
20650,DL:0.1.0:AT.1.0.0,2022-3-4 4:36:18,32.25,0.00,0.00,17.873,1.554,-5.870,12.003,19.427,0.00,0.00,0.00,0.00,0.00,0.00,0.00,0.00,0.00,0.00,0.00,0.00,0.00,0.00,0.00,0.00,0.00
20650,DL:0.1.0:AT.1.0.0,2022-3-4 4:36:23,32.25,0.00,0.00,17.867,1.561,-5.865,12.002,19.428,0.00,0.00,0.00,0.00,0.00,0.00,0.00,0.00,0.00,0.00,0.00,0.00,0.00,0.00,0.00,0.00,0.00
20650,DL:0.1.0:AT.1.0.0,2022-3-4 4:36:30,32.25,0.00,0.00,17.872,1.556,-5.869,12.003,19.428,0.00,0.00,0.00,0.00,0.00,0.00,0.00,0.00,0.00,0.00,0.00,0.00,0.00,0.00,0.00,0.00,0.00
20650,DL:0.1.0:AT.1.0.0,2022-3-4 4:36:37,32.25,0.00,0.00,17.865,1.563,-5.863,12.002,19.428,0.00,0.00,0.00,0.00,0.00,0.00,0.00,0.00,0.00,0.00,0.00,0.00,0.00,0.00,0.00,0.00,0.00
20650,DL:0.1.0:AT.1.0.0,2022-3-4 4:36:42,32.25,0.00,0.00,17.866,1.562,-5.865,12.001,19.428,0.00,0.00,0.00,0.00,0.00,0.00,0.00,0.00,0.00,0.00,0.00,0.00,0.00,0.00,0.00,0.00,0.00
20650,DL:0.1.0:AT.1.0.0,2022-3-4 4:36:47,32.25,0.00,0.00,17.886,1.543,-5.886,12.001,19.429,0.00,0.00,0.00,0.00,0.00,0.00,0.00,0.00,0.00,0.00,0.00,0.00,0.00,0.00,0.00,0.00,0.00
20650,DL:0.1.0:AT.1.0.0,2022-3-4 4:36:52,32.25,0.00,0.00,17.878,1.551,-5.877,12.001,19.429,0.00,0.00,0.00,0.00,0.00,0.00,0.00,0.00,0.00,0.00,0.00,0.00,0.00,0.00,0.00,0.00,0.00
20650,DL:0.1.0:AT.1.0.0,2022-3-4 4:36:58,32.25,0.00,0.00,17.885,1.543,-5.886,12.000,19.428,0.00,0.00,0.00,0.00,0.00,0.00,0.00,0.00,0.00,0.00,0.00,0.00,0.00,0.00,0.00,0.00,0.00
20650,DL:0.1.0:AT.1.0.0,2022-3-4 4:37:3,32.25,0.00,0.00,17.895,1.534,-5.895,12.000,19.429,0.00,0.00,0.00,0.00,0.00,0.00,0.00,0.00,0.00,0.00,0.00,0.00,0.00,0.00,0.00,0.00,0.00
20650,DL:0.1.0:AT.1.0.0,2022-3-4 4:37:9,32.25,0.00,0.00,17.876,1.554,-5.876,12.000,19.429,0.00,0.00,0.00,0.00,0.00,0.00,0.00,0.00,0.00,0.00,0.00,0.00,0.00,0.00,0.00,0.00,0.00
20650,DL:0.1.0:AT.1.0.0,2022-3-4 4:37:15,32.25,0.00,0.00,17.866,1.563,-5.868,11.998,19.429,0.00,0.00,0.00,0.00,0.00,0.00,0.00,0.00,0.00,0.00,0.00,0.00,0.00,0.00,0.00,0.00,0.00
20650,DL:0.1.0:AT.1.0.0,2022-3-4 4:37:20,32.25,0.00,0.00,17.849,1.581,-5.851,11.998,19.430,0.00,0.00,0.00,0.00,0.00,0.00,0.00,0.00,0.00,0.00,0.00,0.00,0.00,0.00,0.00,0.00,0.00
20650,DL:0.1.0:AT.1.0.0,2022-3-4 4:37:25,32.25,0.00,0.00,17.854,1.575,-5.856,11.998,19.429,0.00,0.00,0.00,0.00,0.00,0.00,0.00,0.00,0.00,0.00,0.00,0.00,0.00,0.00,0.00,0.00,0.00
20650,DL:0.1.0:AT.1.0.0,2022-3-4 4:37:32,32.25,0.00,0.00,17.877,1.554,-5.880,11.997,19.430,0.00,0.00,0.00,0.00,0.00,0.00,0.00,0.00,0.00,0.00,0.00,0.00,0.00,0.00,0.00,0.00,0.00
20650,DL:0.1.0:AT.1.0.0,2022-3-4 4:37:37,32.25,0.00,0.00,17.872,1.560,-5.875,11.997,19.432,0.00,0.00,0.00,0.00,0.00,0.00,0.00,0.00,0.00,0.00,0.00,0.00,0.00,0.00,0.00,0.00,0.00
20650,DL:0.1.0:AT.1.0.0,2022-3-4 4:37:42,32.25,0.00,0.00,17.888,1.543,-5.892,11.996,19.430,0.00,0.00,0.00,0.00,0.00,0.00,0.00,0.00,0.00,0.00,0.00,0.00,0.00,0.00,0.00,0.00,0.00
20650,DL:0.1.0:AT.1.0.0,2022-3-4 4:37:49,32.25,0.00,0.00,17.848,1.584,-5.853,11.995,19.432,0.00,0.00,0.00,0.00,0.00,0.00,0.00,0.00,0.00,0.00,0.00,0.00,0.00,0.00,0.00,0.00,0.00
20650,DL:0.1.0:AT.1.0.0,2022-3-4 4:37:56,32.25,0.00,0.00,17.861,1.572,-5.865,11.996,19.433,0.00,0.00,0.00,0.00,0.00,0.00,0.00,0.00,0.00,0.00,0.00,0.00,0.00,0.00,0.00,0.00,0.00
20650,DL:0.1.0:AT.1.0.0,2022-3-4 4:38:1,32.25,0.00,0.00,17.850,1.583,-5.854,11.996,19.433,0.00,0.00,0.00,0.00,0.00,0.00,0.00,0.00,0.00,0.00,0.00,0.00,0.00,0.00,0.00,0.00,0.00
20650,DL:0.1.0:AT.1.0.0,2022-3-4 4:38:6,32.25,0.00,0.00,17.850,1.583,-5.857,11.994,19.433,0.00,0.00,0.00,0.00,0.00,0.00,0.00,0.00,0.00,0.00,0.00,0.00,0.00,0.00,0.00,0.00,0.00
20650,DL:0.1.0:AT.1.0.0,2022-3-4 4:38:13,32.25,0.00,0.00,17.871,1.563,-5.877,11.994,19.434,0.00,0.00,0.00,0.00,0.00,0.00,0.00,0.00,0.00,0.00,0.00,0.00,0.00,0.00,0.00,0.00,0.00
20650,DL:0.1.0:AT.1.0.0,2022-3-4 4:38:18,32.25,0.00,0.00,17.861,1.574,-5.868,11.994,19.435,0.00,0.00,0.00,0.00,0.00,0.00,0.00,0.00,0.00,0.00,0.00,0.00,0.00,0.00,0.00,0.00,0.00
20650,DL:0.1.0:AT.1.0.0,2022-3-4 4:38:23,32.25,0.00,0.00,17.888,1.548,-5.894,11.994,19.435,0.00,0.00,0.00,0.00,0.00,0.00,0.00,0.00,0.00,0.00,0.00,0.00,0.00,0.00,0.00,0.00,0.00
20650,DL:0.1.0:AT.1.0.0,2022-3-4 4:38:28,32.25,0.00,0.00,17.853,1.583,-5.860,11.992,19.435,0.00,0.00,0.00,0.00,0.00,0.00,0.00,0.00,0.00,0.00,0.00,0.00,0.00,0.00,0.00,0.00,0.00
20650,DL:0.1.0:AT.1.0.0,2022-3-4 4:38:34,32.25,0.00,0.00,17.876,1.561,-5.876,12.000,19.436,0.00,0.00,0.00,0.00,0.00,0.00,0.00,0.00,0.00,0.00,0.00,0.00,0.00,0.00,0.00,0.00,0.00
20650,DL:0.1.0:AT.1.0.0,2022-3-4 4:38:40,32.25,0.00,0.00,17.889,1.548,-5.888,12.001,19.436,0.00,0.00,0.00,0.00,0.00,0.00,0.00,0.00,0.00,0.00,0.00,0.00,0.00,0.00,0.00,0.00,0.00
20650,DL:0.1.0:AT.1.0.0,2022-3-4 4:38:47,32.25,0.00,0.00,17.886,1.551,-5.883,12.003,19.438,0.00,0.00,0.00,0.00,0.00,0.00,0.00,0.00,0.00,0.00,0.00,0.00,0.00,0.00,0.00,0.00,0.00
20650,DL:0.1.0:AT.1.0.0,2022-3-4 4:38:54,32.25,0.00,0.00,17.870,1.569,-5.868,12.002,19.439,0.00,0.00,0.00,0.00,0.00,0.00,0.00,0.00,0.00,0.00,0.00,0.00,0.00,0.00,0.00,0.00,0.00
20650,DL:0.1.0:AT.1.0.0,2022-3-4 4:39:2,32.25,0.00,0.00,17.843,1.597,-5.841,12.002,19.440,0.00,0.00,0.00,0.00,0.00,0.00,0.00,0.00,0.00,0.00,0.00,0.00,0.00,0.00,0.00,0.00,0.00
20650,DL:0.1.0:AT.1.0.0,2022-3-4 4:39:7,32.25,0.00,0.00,17.831,1.609,-5.829,12.002,19.440,0.00,0.00,0.00,0.00,0.00,0.00,0.00,0.00,0.00,0.00,0.00,0.00,0.00,0.00,0.00,0.00,0.00
20650,DL:0.1.0:AT.1.0.0,2022-3-4 4:39:14,32.25,0.00,0.00,17.863,1.577,-5.863,12.001,19.440,0.00,0.00,0.00,0.00,0.00,0.00,0.00,0.00,0.00,0.00,0.00,0.00,0.00,0.00,0.00,0.00,0.00
20650,DL:0.1.0:AT.1.0.0,2022-3-4 4:39:21,32.25,0.00,0.00,17.824,1.617,-5.823,12.001,19.441,0.00,0.00,0.00,0.00,0.00,0.00,0.00,0.00,0.00,0.00,0.00,0.00,0.00,0.00,0.00,0.00,0.00
20650,DL:0.1.0:AT.1.0.0,2022-3-4 4:39:28,32.25,0.00,0.00,17.821,1.620,-5.822,12.000,19.441,0.00,0.00,0.00,0.00,0.00,0.00,0.00,0.00,0.00,0.00,0.00,0.00,0.00,0.00,0.00,0.00,0.00
20650,DL:0.1.0:AT.1.0.0,2022-3-4 4:39:35,32.25,0.00,0.00,17.836,1.605,-5.836,12.000,19.441,0.00,0.00,0.00,0.00,0.00,0.00,0.00,0.00,0.00,0.00,0.00,0.00,0.00,0.00,0.00,0.00,0.00
20650,DL:0.1.0:AT.1.0.0,2022-3-4 4:39:42,32.25,0.00,0.00,17.854,1.589,-5.856,11.998,19.442,0.00,0.00,0.00,0.00,0.00,0.00,0.00,0.00,0.00,0.00,0.00,0.00,0.00,0.00,0.00,0.00,0.00
20650,DL:0.1.0:AT.1.0.0,2022-3-4 4:39:49,32.25,0.00,0.00,17.867,1.577,-5.869,11.998,19.444,0.00,0.00,0.00,0.00,0.00,0.00,0.00,0.00,0.00,0.00,0.00,0.00,0.00,0.00,0.00,0.00,0.00
20650,DL:0.1.0:AT.1.0.0,2022-3-4 4:39:55,32.25,0.00,0.00,17.883,1.561,-5.886,11.997,19.444,0.00,0.00,0.00,0.00,0.00,0.00,0.00,0.00,0.00,0.00,0.00,0.00,0.00,0.00,0.00,0.00,0.00
20650,DL:0.1.0:AT.1.0.0,2022-3-4 4:40:0,32.25,0.00,0.00,17.862,1.581,-5.865,11.997,19.444,0.00,0.00,0.00,0.00,0.00,0.00,0.00,0.00,0.00,0.00,0.00,0.00,0.00,0.00,0.00,0.00,0.00
20650,DL:0.1.0:AT.1.0.0,2022-3-4 4:40:6,32.25,0.00,0.00,17.885,1.560,-5.890,11.995,19.445,0.00,0.00,0.00,0.00,0.00,0.00,0.00,0.00,0.00,0.00,0.00,0.00,0.00,0.00,0.00,0.00,0.00
20650,DL:0.1.0:AT.1.0.0,2022-3-4 4:40:12,32.25,0.00,0.00,17.882,1.563,-5.886,11.996,19.445,0.00,0.00,0.00,0.00,0.00,0.00,0.00,0.00,0.00,0.00,0.00,0.00,0.00,0.00,0.00,0.00,0.00
20650,DL:0.1.0:AT.1.0.0,2022-3-4 4:40:19,32.25,0.00,0.00,17.867,1.579,-5.871,11.996,19.446,0.00,0.00,0.00,0.00,0.00,0.00,0.00,0.00,0.00,0.00,0.00,0.00,0.00,0.00,0.00,0.00,0.00
20650,DL:0.1.0:AT.1.0.0,2022-3-4 4:40:26,32.25,0.00,0.00,17.863,1.583,-5.869,11.995,19.446,0.00,0.00,0.00,0.00,0.00,0.00,0.00,0.00,0.00,0.00,0.00,0.00,0.00,0.00,0.00,0.00,0.00
20650,DL:0.1.0:AT.1.0.0,2022-3-4 4:40:37,32.25,0.00,0.00,NAN,NAN,NAN,NAN,NAN,0.00,0.00,0.00,0.00,0.00,0.00,0.00,0.00,0.00,0.00,0.00,0.00,0.00,0.00,0.00,0.00,0.00
20650,DL:0.1.0:AT.1.0.0,2022-3-4 4:40:43,32.25,0.00,0.00,17.851,1.597,-5.858,11.994,19.448,0.00,0.00,0.00,0.00,0.00,0.00,0.00,0.00,0.00,0.00,0.00,0.00,0.00,0.00,0.00,0.00,0.00
20650,DL:0.1.0:AT.1.0.0,2022-3-4 4:40:50,32.25,0.00,0.00,17.866,1.584,-5.874,11.992,19.450,0.00,0.00,0.00,0.00,0.00,0.00,0.00,0.00,0.00,0.00,0.00,0.00,0.00,0.00,0.00,0.00,0.00
20650,DL:0.1.0:AT.1.0.0,2022-3-4 4:40:57,32.25,0.00,0.00,17.860,1.590,-5.868,11.992,19.450,0.00,0.00,0.00,0.00,0.00,0.00,0.00,0.00,0.00,0.00,0.00,0.00,0.00,0.00,0.00,0.00,0.00
20650,DL:0.1.0:AT.1.0.0,2022-3-4 4:41:5,32.25,0.00,0.00,17.868,1.583,-5.878,11.990,19.451,0.00,0.00,0.00,0.00,0.00,0.00,0.00,0.00,0.00,0.00,0.00,0.00,0.00,0.00,0.00,0.00,0.00
20650,DL:0.1.0:AT.1.0.0,2022-3-4 4:41:11,32.25,0.00,0.00,17.856,1.596,-5.866,11.990,19.452,0.00,0.00,0.00,0.00,0.00,0.00,0.00,0.00,0.00,0.00,0.00,0.00,0.00,0.00,0.00,0.00,0.00
20650,DL:0.1.0:AT.1.0.0,2022-3-4 4:41:17,32.25,0.00,0.00,17.851,1.602,-5.860,11.991,19.453,0.00,0.00,0.00,0.00,0.00,0.00,0.00,0.00,0.00,0.00,0.00,0.00,0.00,0.00,0.00,0.00,0.00
20650,DL:0.1.0:AT.1.0.0,2022-3-4 4:41:24,32.25,0.00,0.00,17.857,1.597,-5.869,11.989,19.454,0.00,0.00,0.00,0.00,0.00,0.00,0.00,0.00,0.00,0.00,0.00,0.00,0.00,0.00,0.00,0.00,0.00
20650,DL:0.1.0:AT.1.0.0,2022-3-4 4:41:29,32.25,0.00,0.00,17.874,1.580,-5.884,11.990,19.454,0.00,0.00,0.00,0.00,0.00,0.00,0.00,0.00,0.00,0.00,0.00,0.00,0.00,0.00,0.00,0.00,0.00
20650,DL:0.1.0:AT.1.0.0,2022-3-4 4:41:36,32.25,0.00,0.00,17.861,1.595,-5.872,11.989,19.456,0.00,0.00,0.00,0.00,0.00,0.00,0.00,0.00,0.00,0.00,0.00,0.00,0.00,0.00,0.00,0.00,0.00
20650,DL:0.1.0:AT.1.0.0,2022-3-4 4:41:41,32.25,0.00,0.00,17.850,1.607,-5.863,11.988,19.457,0.00,0.00,0.00,0.00,0.00,0.00,0.00,0.00,0.00,0.00,0.00,0.00,0.00,0.00,0.00,0.00,0.00
20650,DL:0.1.0:AT.1.0.0,2022-3-4 4:41:46,32.25,0.00,0.00,17.827,1.629,-5.840,11.988,19.457,0.00,0.00,0.00,0.00,0.00,0.00,0.00,0.00,0.00,0.00,0.00,0.00,0.00,0.00,0.00,0.00,0.00
20650,DL:0.1.0:AT.1.0.0,2022-3-4 4:41:55,32.25,0.00,0.00,17.856,1.602,-5.870,11.986,19.458,0.00,0.00,0.00,0.00,0.00,0.00,0.00,0.00,0.00,0.00,0.00,0.00,0.00,0.00,0.00,0.00,0.00
20650,DL:0.1.0:AT.1.0.0,2022-3-4 4:42:7,32.25,0.00,0.00,17.831,1.628,-5.846,11.985,19.459,0.00,0.00,0.00,0.00,0.00,0.00,0.00,0.00,0.00,0.00,0.00,0.00,0.00,0.00,0.00,0.00,0.00
20650,DL:0.1.0:AT.1.0.0,2022-3-4 4:42:12,32.25,0.00,0.00,17.855,1.604,-5.870,11.985,19.459,0.00,0.00,0.00,0.00,0.00,0.00,0.00,0.00,0.00,0.00,0.00,0.00,0.00,0.00,0.00,0.00,0.00
20650,DL:0.1.0:AT.1.0.0,2022-3-4 4:42:17,32.25,0.00,0.00,17.835,1.626,-5.850,11.985,19.460,0.00,0.00,0.00,0.00,0.00,0.00,0.00,0.00,0.00,0.00,0.00,0.00,0.00,0.00,0.00,0.00,0.00
20650,DL:0.1.0:AT.1.0.0,2022-3-4 4:42:22,32.25,0.00,0.00,17.844,1.617,-5.860,11.984,19.462,0.00,0.00,0.00,0.00,0.00,0.00,0.00,0.00,0.00,0.00,0.00,0.00,0.00,0.00,0.00,0.00,0.00
20650,DL:0.1.0:AT.1.0.0,2022-3-4 4:42:27,32.25,0.00,0.00,17.843,1.619,-5.859,11.984,19.462,0.00,0.00,0.00,0.00,0.00,0.00,0.00,0.00,0.00,0.00,0.00,0.00,0.00,0.00,0.00,0.00,0.00
20650,DL:0.1.0:AT.1.0.0,2022-3-4 4:42:33,32.25,0.00,0.00,17.835,1.627,-5.851,11.984,19.462,0.00,0.00,0.00,0.00,0.00,0.00,0.00,0.00,0.00,0.00,0.00,0.00,0.00,0.00,0.00,0.00,0.00
20650,DL:0.1.0:AT.1.0.0,2022-3-4 4:42:38,32.25,0.00,0.00,17.829,1.633,-5.846,11.983,19.462,0.00,0.00,0.00,0.00,0.00,0.00,0.00,0.00,0.00,0.00,0.00,0.00,0.00,0.00,0.00,0.00,0.00
20650,DL:0.1.0:AT.1.0.0,2022-3-4 4:42:43,32.25,0.00,0.00,17.836,1.626,-5.853,11.983,19.462,0.00,0.00,0.00,0.00,0.00,0.00,0.00,0.00,0.00,0.00,0.00,0.00,0.00,0.00,0.00,0.00,0.00
20650,DL:0.1.0:AT.1.0.0,2022-3-4 4:42:50,32.25,0.00,0.00,17.867,1.596,-5.884,11.983,19.463,0.00,0.00,0.00,0.00,0.00,0.00,0.00,0.00,0.00,0.00,0.00,0.00,0.00,0.00,0.00,0.00,0.00
20650,DL:0.1.0:AT.1.0.0,2022-3-4 4:42:57,32.25,0.00,0.00,17.841,1.622,-5.859,11.981,19.463,0.00,0.00,0.00,0.00,0.00,0.00,0.00,0.00,0.00,0.00,0.00,0.00,0.00,0.00,0.00,0.00,0.00
20650,DL:0.1.0:AT.1.0.0,2022-3-4 4:43:3,32.25,0.00,0.00,17.838,1.626,-5.857,11.981,19.464,0.00,0.00,0.00,0.00,0.00,0.00,0.00,0.00,0.00,0.00,0.00,0.00,0.00,0.00,0.00,0.00,0.00
20650,DL:0.1.0:AT.1.0.0,2022-3-4 4:43:8,32.25,0.00,0.00,17.844,1.620,-5.863,11.981,19.464,0.00,0.00,0.00,0.00,0.00,0.00,0.00,0.00,0.00,0.00,0.00,0.00,0.00,0.00,0.00,0.00,0.00
20650,DL:0.1.0:AT.1.0.0,2022-3-4 4:43:14,32.25,0.00,0.00,17.857,1.608,-5.877,11.980,19.465,0.00,0.00,0.00,0.00,0.00,0.00,0.00,0.00,0.00,0.00,0.00,0.00,0.00,0.00,0.00,0.00,0.00
20650,DL:0.1.0:AT.1.0.0,2022-3-4 4:43:20,32.25,0.00,0.00,17.857,1.609,-5.877,11.980,19.466,0.00,0.00,0.00,0.00,0.00,0.00,0.00,0.00,0.00,0.00,0.00,0.00,0.00,0.00,0.00,0.00,0.00
20650,DL:0.1.0:AT.1.0.0,2022-3-4 4:43:27,32.25,0.00,0.00,17.835,1.632,-5.854,11.980,19.466,0.00,0.00,0.00,0.00,0.00,0.00,0.00,0.00,0.00,0.00,0.00,0.00,0.00,0.00,0.00,0.00,0.00
20650,DL:0.1.0:AT.1.0.0,2022-3-4 4:43:34,32.25,0.00,0.00,17.872,1.595,-5.893,11.979,19.466,0.00,0.00,0.00,0.00,0.00,0.00,0.00,0.00,0.00,0.00,0.00,0.00,0.00,0.00,0.00,0.00,0.00
20650,DL:0.1.0:AT.1.0.0,2022-3-4 4:43:39,32.25,0.00,0.00,17.838,1.629,-5.860,11.978,19.468,0.00,0.00,0.00,0.00,0.00,0.00,0.00,0.00,0.00,0.00,0.00,0.00,0.00,0.00,0.00,0.00,0.00
20650,DL:0.1.0:AT.1.0.0,2022-3-4 4:43:44,32.25,0.00,0.00,17.862,1.607,-5.883,11.979,19.469,0.00,0.00,0.00,0.00,0.00,0.00,0.00,0.00,0.00,0.00,0.00,0.00,0.00,0.00,0.00,0.00,0.00
20650,DL:0.1.0:AT.1.0.0,2022-3-4 4:43:51,32.25,0.00,0.00,17.860,1.609,-5.882,11.978,19.469,0.00,0.00,0.00,0.00,0.00,0.00,0.00,0.00,0.00,0.00,0.00,0.00,0.00,0.00,0.00,0.00,0.00
20650,DL:0.1.0:AT.1.0.0,2022-3-4 4:43:58,32.25,0.00,0.00,17.849,1.620,-5.872,11.977,19.469,0.00,0.00,0.00,0.00,0.00,0.00,0.00,0.00,0.00,0.00,0.00,0.00,0.00,0.00,0.00,0.00,0.00
20650,DL:0.1.0:AT.1.0.0,2022-3-4 4:44:5,32.25,0.00,0.00,17.872,1.597,-5.896,11.975,19.469,0.00,0.00,0.00,0.00,0.00,0.00,0.00,0.00,0.00,0.00,0.00,0.00,0.00,0.00,0.00,0.00,0.00
20650,DL:0.1.0:AT.1.0.0,2022-3-4 4:44:11,32.25,0.00,0.00,17.827,1.641,-5.852,11.975,19.469,0.00,0.00,0.00,0.00,0.00,0.00,0.00,0.00,0.00,0.00,0.00,0.00,0.00,0.00,0.00,0.00,0.00
20650,DL:0.1.0:AT.1.0.0,2022-3-4 4:44:18,32.25,0.00,0.00,17.855,1.615,-5.881,11.974,19.470,0.00,0.00,0.00,0.00,0.00,0.00,0.00,0.00,0.00,0.00,0.00,0.00,0.00,0.00,0.00,0.00,0.00
20650,DL:0.1.0:AT.1.0.0,2022-3-4 4:44:23,32.25,0.00,0.00,17.862,1.608,-5.888,11.974,19.470,0.00,0.00,0.00,0.00,0.00,0.00,0.00,0.00,0.00,0.00,0.00,0.00,0.00,0.00,0.00,0.00,0.00
20650,DL:0.1.0:AT.1.0.0,2022-3-4 4:44:29,32.25,0.00,0.00,17.859,1.610,-5.884,11.974,19.469,0.00,0.00,0.00,0.00,0.00,0.00,0.00,0.00,0.00,0.00,0.00,0.00,0.00,0.00,0.00,0.00,0.00
20650,DL:0.1.0:AT.1.0.0,2022-3-4 4:44:36,32.25,0.00,0.00,17.862,1.609,-5.889,11.973,19.471,0.00,0.00,0.00,0.00,0.00,0.00,0.00,0.00,0.00,0.00,0.00,0.00,0.00,0.00,0.00,0.00,0.00
20650,DL:0.1.0:AT.1.0.0,2022-3-4 4:44:44,32.25,0.00,0.00,17.877,1.593,-5.904,11.973,19.470,0.00,0.00,0.00,0.00,0.00,0.00,0.00,0.00,0.00,0.00,0.00,0.00,0.00,0.00,0.00,0.00,0.00
20650,DL:0.1.0:AT.1.0.0,2022-3-4 4:44:49,32.25,0.00,0.00,17.854,1.616,-5.882,11.972,19.470,0.00,0.00,0.00,0.00,0.00,0.00,0.00,0.00,0.00,0.00,0.00,0.00,0.00,0.00,0.00,0.00,0.00
20650,DL:0.1.0:AT.1.0.0,2022-3-4 4:44:56,32.25,0.00,0.00,17.877,1.595,-5.905,11.972,19.471,0.00,0.00,0.00,0.00,0.00,0.00,0.00,0.00,0.00,0.00,0.00,0.00,0.00,0.00,0.00,0.00,0.00
20650,DL:0.1.0:AT.1.0.0,2022-3-4 4:45:1,32.25,0.00,0.00,17.867,1.604,-5.896,11.971,19.471,0.00,0.00,0.00,0.00,0.00,0.00,0.00,0.00,0.00,0.00,0.00,0.00,0.00,0.00,0.00,0.00,0.00
20650,DL:0.1.0:AT.1.0.0,2022-3-4 4:45:6,32.25,0.00,0.00,17.833,1.638,-5.863,11.971,19.471,0.00,0.00,0.00,0.00,0.00,0.00,0.00,0.00,0.00,0.00,0.00,0.00,0.00,0.00,0.00,0.00,0.00
20650,DL:0.1.0:AT.1.0.0,2022-3-4 4:45:14,32.25,0.00,0.00,17.882,1.590,-5.912,11.969,19.471,0.00,0.00,0.00,0.00,0.00,0.00,0.00,0.00,0.00,0.00,0.00,0.00,0.00,0.00,0.00,0.00,0.00
20650,DL:0.1.0:AT.1.0.0,2022-3-4 4:45:20,32.25,0.00,0.00,17.851,1.621,-5.883,11.968,19.472,0.00,0.00,0.00,0.00,0.00,0.00,0.00,0.00,0.00,0.00,0.00,0.00,0.00,0.00,0.00,0.00,0.00
20650,DL:0.1.0:AT.1.0.0,2022-3-4 4:45:27,32.25,0.00,0.00,17.874,1.598,-5.906,11.968,19.472,0.00,0.00,0.00,0.00,0.00,0.00,0.00,0.00,0.00,0.00,0.00,0.00,0.00,0.00,0.00,0.00,0.00
20650,DL:0.1.0:AT.1.0.0,2022-3-4 4:45:34,32.25,0.00,0.00,17.853,1.620,-5.884,11.968,19.472,0.00,0.00,0.00,0.00,0.00,0.00,0.00,0.00,0.00,0.00,0.00,0.00,0.00,0.00,0.00,0.00,0.00
20650,DL:0.1.0:AT.1.0.0,2022-3-4 4:45:39,32.25,0.00,0.00,17.854,1.619,-5.886,11.968,19.472,0.00,0.00,0.00,0.00,0.00,0.00,0.00,0.00,0.00,0.00,0.00,0.00,0.00,0.00,0.00,0.00,0.00
20650,DL:0.1.0:AT.1.0.0,2022-3-4 4:45:48,32.25,0.00,0.00,17.853,1.621,-5.886,11.967,19.474,0.00,0.00,0.00,0.00,0.00,0.00,0.00,0.00,0.00,0.00,0.00,0.00,0.00,0.00,0.00,0.00,0.00
20650,DL:0.1.0:AT.1.0.0,2022-3-4 4:45:54,32.25,0.00,0.00,17.880,1.593,-5.913,11.967,19.474,0.00,0.00,0.00,0.00,0.00,0.00,0.00,0.00,0.00,0.00,0.00,0.00,0.00,0.00,0.00,0.00,0.00
20650,DL:0.1.0:AT.1.0.0,2022-3-4 4:46:1,32.25,0.00,0.00,17.874,1.599,-5.908,11.966,19.474,0.00,0.00,0.00,0.00,0.00,0.00,0.00,0.00,0.00,0.00,0.00,0.00,0.00,0.00,0.00,0.00,0.00
20650,DL:0.1.0:AT.1.0.0,2022-3-4 4:46:6,32.25,0.00,0.00,17.827,1.647,-5.862,11.966,19.475,0.00,0.00,0.00,0.00,0.00,0.00,0.00,0.00,0.00,0.00,0.00,0.00,0.00,0.00,0.00,0.00,0.00
20650,DL:0.1.0:AT.1.0.0,2022-3-4 4:46:11,32.25,0.00,0.00,17.870,1.605,-5.904,11.966,19.475,0.00,0.00,0.00,0.00,0.00,0.00,0.00,0.00,0.00,0.00,0.00,0.00,0.00,0.00,0.00,0.00,0.00
20650,DL:0.1.0:AT.1.0.0,2022-3-4 4:46:19,32.25,0.00,0.00,17.849,1.627,-5.883,11.966,19.476,0.00,0.00,0.00,0.00,0.00,0.00,0.00,0.00,0.00,0.00,0.00,0.00,0.00,0.00,0.00,0.00,0.00
20650,DL:0.1.0:AT.1.0.0,2022-3-4 4:46:25,32.25,0.00,0.00,17.879,1.599,-5.916,11.963,19.478,0.00,0.00,0.00,0.00,0.00,0.00,0.00,0.00,0.00,0.00,0.00,0.00,0.00,0.00,0.00,0.00,0.00
20650,DL:0.1.0:AT.1.0.0,2022-3-4 4:46:32,32.25,0.00,0.00,17.900,1.580,-5.936,11.963,19.480,0.00,0.00,0.00,0.00,0.00,0.00,0.00,0.00,0.00,0.00,0.00,0.00,0.00,0.00,0.00,0.00,0.00
20650,DL:0.1.0:AT.1.0.0,2022-3-4 4:46:37,32.25,0.00,0.00,17.873,1.607,-5.910,11.963,19.480,0.00,0.00,0.00,0.00,0.00,0.00,0.00,0.00,0.00,0.00,0.00,0.00,0.00,0.00,0.00,0.00,0.00
20650,DL:0.1.0:AT.1.0.0,2022-3-4 4:46:42,32.25,0.00,0.00,17.876,1.604,-5.913,11.962,19.480,0.00,0.00,0.00,0.00,0.00,0.00,0.00,0.00,0.00,0.00,0.00,0.00,0.00,0.00,0.00,0.00,0.00
20650,DL:0.1.0:AT.1.0.0,2022-3-4 4:46:50,32.25,0.00,0.00,17.876,1.605,-5.913,11.962,19.481,0.00,0.00,0.00,0.00,0.00,0.00,0.00,0.00,0.00,0.00,0.00,0.00,0.00,0.00,0.00,0.00,0.00
20650,DL:0.1.0:AT.1.0.0,2022-3-4 4:46:56,32.25,0.00,0.00,17.879,1.602,-5.918,11.961,19.481,0.00,0.00,0.00,0.00,0.00,0.00,0.00,0.00,0.00,0.00,0.00,0.00,0.00,0.00,0.00,0.00,0.00
20650,DL:0.1.0:AT.1.0.0,2022-3-4 4:47:3,32.00,0.00,0.00,17.883,1.599,-5.922,11.961,19.482,0.00,0.00,0.00,0.00,0.00,0.00,0.00,0.00,0.00,0.00,0.00,0.00,0.00,0.00,0.00,0.00,0.00
20650,DL:0.1.0:AT.1.0.0,2022-3-4 4:47:9,32.00,0.00,0.00,17.879,1.604,-5.919,11.960,19.483,0.00,0.00,0.00,0.00,0.00,0.00,0.00,0.00,0.00,0.00,0.00,0.00,0.00,0.00,0.00,0.00,0.00
20650,DL:0.1.0:AT.1.0.0,2022-3-4 4:47:17,32.00,0.00,0.00,17.843,1.640,-5.883,11.960,19.483,0.00,0.00,0.00,0.00,0.00,0.00,0.00,0.00,0.00,0.00,0.00,0.00,0.00,0.00,0.00,0.00,0.00
20650,DL:0.1.0:AT.1.0.0,2022-3-4 4:47:23,32.00,0.00,0.00,17.895,1.590,-5.936,11.959,19.484,0.00,0.00,0.00,0.00,0.00,0.00,0.00,0.00,0.00,0.00,0.00,0.00,0.00,0.00,0.00,0.00,0.00
20650,DL:0.1.0:AT.1.0.0,2022-3-4 4:47:30,32.00,0.00,0.00,17.842,1.643,-5.883,11.959,19.484,0.00,0.00,0.00,0.00,0.00,0.00,0.00,0.00,0.00,0.00,0.00,0.00,0.00,0.00,0.00,0.00,0.00
20650,DL:0.1.0:AT.1.0.0,2022-3-4 4:47:35,32.00,0.00,0.00,17.870,1.616,-5.911,11.959,19.486,0.00,0.00,0.00,0.00,0.00,0.00,0.00,0.00,0.00,0.00,0.00,0.00,0.00,0.00,0.00,0.00,0.00
20650,DL:0.1.0:AT.1.0.0,2022-3-4 4:47:40,32.00,0.00,0.00,17.863,1.623,-5.905,11.959,19.487,0.00,0.00,0.00,0.00,0.00,0.00,0.00,0.00,0.00,0.00,0.00,0.00,0.00,0.00,0.00,0.00,0.00
20650,DL:0.1.0:AT.1.0.0,2022-3-4 4:47:52,32.00,0.00,0.00,17.882,1.607,-5.925,11.956,19.488,0.00,0.00,0.00,0.00,0.00,0.00,0.00,0.00,0.00,0.00,0.00,0.00,0.00,0.00,0.00,0.00,0.00
20650,DL:0.1.0:AT.1.0.0,2022-3-4 4:47:57,32.00,0.00,0.00,17.837,1.651,-5.880,11.957,19.488,0.00,0.00,0.00,0.00,0.00,0.00,0.00,0.00,0.00,0.00,0.00,0.00,0.00,0.00,0.00,0.00,0.00
20650,DL:0.1.0:AT.1.0.0,2022-3-4 4:48:4,32.00,0.00,0.00,17.870,1.619,-5.913,11.956,19.488,0.00,0.00,0.00,0.00,0.00,0.00,0.00,0.00,0.00,0.00,0.00,0.00,0.00,0.00,0.00,0.00,0.00
20650,DL:0.1.0:AT.1.0.0,2022-3-4 4:48:11,32.00,0.00,0.00,17.854,1.635,-5.898,11.956,19.489,0.00,0.00,0.00,0.00,0.00,0.00,0.00,0.00,0.00,0.00,0.00,0.00,0.00,0.00,0.00,0.00,0.00
20650,DL:0.1.0:AT.1.0.0,2022-3-4 4:48:16,32.00,0.00,0.00,17.844,1.646,-5.889,11.955,19.491,0.00,0.00,0.00,0.00,0.00,0.00,0.00,0.00,0.00,0.00,0.00,0.00,0.00,0.00,0.00,0.00,0.00
20650,DL:0.1.0:AT.1.0.0,2022-3-4 4:48:21,32.00,0.00,0.00,17.879,1.611,-5.924,11.955,19.491,0.00,0.00,0.00,0.00,0.00,0.00,0.00,0.00,0.00,0.00,0.00,0.00,0.00,0.00,0.00,0.00,0.00
20650,DL:0.1.0:AT.1.0.0,2022-3-4 4:48:28,32.00,0.00,0.00,17.850,1.640,-5.896,11.954,19.491,0.00,0.00,0.00,0.00,0.00,0.00,0.00,0.00,0.00,0.00,0.00,0.00,0.00,0.00,0.00,0.00,0.00
20650,DL:0.1.0:AT.1.0.0,2022-3-4 4:48:33,32.00,0.00,0.00,17.876,1.616,-5.922,11.954,19.492,0.00,0.00,0.00,0.00,0.00,0.00,0.00,0.00,0.00,0.00,0.00,0.00,0.00,0.00,0.00,0.00,0.00
20650,DL:0.1.0:AT.1.0.0,2022-3-4 4:48:38,32.00,0.00,0.00,17.856,1.637,-5.904,11.953,19.493,0.00,0.00,0.00,0.00,0.00,0.00,0.00,0.00,0.00,0.00,0.00,0.00,0.00,0.00,0.00,0.00,0.00
20650,DL:0.1.0:AT.1.0.0,2022-3-4 4:48:45,32.00,0.00,0.00,17.843,1.650,-5.890,11.953,19.493,0.00,0.00,0.00,0.00,0.00,0.00,0.00,0.00,0.00,0.00,0.00,0.00,0.00,0.00,0.00,0.00,0.00
20650,DL:0.1.0:AT.1.0.0,2022-3-4 4:48:52,32.00,0.00,0.00,17.867,1.627,-5.916,11.951,19.494,0.00,0.00,0.00,0.00,0.00,0.00,0.00,0.00,0.00,0.00,0.00,0.00,0.00,0.00,0.00,0.00,0.00
20650,DL:0.1.0:AT.1.0.0,2022-3-4 4:48:59,32.00,0.00,0.00,17.835,1.659,-5.883,11.951,19.494,0.00,0.00,0.00,0.00,0.00,0.00,0.00,0.00,0.00,0.00,0.00,0.00,0.00,0.00,0.00,0.00,0.00
20650,DL:0.1.0:AT.1.0.0,2022-3-4 4:49:6,32.00,0.00,0.00,17.839,1.655,-5.888,11.951,19.494,0.00,0.00,0.00,0.00,0.00,0.00,0.00,0.00,0.00,0.00,0.00,0.00,0.00,0.00,0.00,0.00,0.00
20650,DL:0.1.0:AT.1.0.0,2022-3-4 4:49:12,32.00,0.00,0.00,17.836,1.658,-5.884,11.951,19.494,0.00,0.00,0.00,0.00,0.00,0.00,0.00,0.00,0.00,0.00,0.00,0.00,0.00,0.00,0.00,0.00,0.00
20650,DL:0.1.0:AT.1.0.0,2022-3-4 4:49:23,32.00,0.00,0.00,17.870,1.626,-5.920,11.949,19.495,0.00,0.00,0.00,0.00,0.00,0.00,0.00,0.00,0.00,0.00,0.00,0.00,0.00,0.00,0.00,0.00,0.00
20650,DL:0.1.0:AT.1.0.0,2022-3-4 4:49:29,32.00,0.00,0.00,17.860,1.634,-5.910,11.950,19.494,0.00,0.00,0.00,0.00,0.00,0.00,0.00,0.00,0.00,0.00,0.00,0.00,0.00,0.00,0.00,0.00,0.00
20650,DL:0.1.0:AT.1.0.0,2022-3-4 4:49:36,32.00,0.00,0.00,17.841,1.655,-5.892,11.949,19.495,0.00,0.00,0.00,0.00,0.00,0.00,0.00,0.00,0.00,0.00,0.00,0.00,0.00,0.00,0.00,0.00,0.00
20650,DL:0.1.0:AT.1.0.0,2022-3-4 4:49:43,32.00,0.00,0.00,17.850,1.645,-5.902,11.948,19.495,0.00,0.00,0.00,0.00,0.00,0.00,0.00,0.00,0.00,0.00,0.00,0.00,0.00,0.00,0.00,0.00,0.00
20650,DL:0.1.0:AT.1.0.0,2022-3-4 4:49:52,32.00,0.00,0.00,17.860,1.635,-5.912,11.948,19.495,0.00,0.00,0.00,0.00,0.00,0.00,0.00,0.00,0.00,0.00,0.00,0.00,0.00,0.00,0.00,0.00,0.00
20650,DL:0.1.0:AT.1.0.0,2022-3-4 4:49:57,32.00,0.00,0.00,17.857,1.639,-5.910,11.948,19.497,0.00,0.00,0.00,0.00,0.00,0.00,0.00,0.00,0.00,0.00,0.00,0.00,0.00,0.00,0.00,0.00,0.00
20650,DL:0.1.0:AT.1.0.0,2022-3-4 4:50:3,32.00,0.00,0.00,17.867,1.629,-5.920,11.947,19.497,0.00,0.00,0.00,0.00,0.00,0.00,0.00,0.00,0.00,0.00,0.00,0.00,0.00,0.00,0.00,0.00,0.00
20650,DL:0.1.0:AT.1.0.0,2022-3-4 4:50:13,32.00,0.00,0.00,17.870,1.627,-5.924,11.945,19.497,0.00,0.00,0.00,0.00,0.00,0.00,0.00,0.00,0.00,0.00,0.00,0.00,0.00,0.00,0.00,0.00,0.00
20650,DL:0.1.0:AT.1.0.0,2022-3-4 4:50:22,32.00,0.00,0.00,17.812,1.686,-5.866,11.945,19.498,0.00,0.00,0.00,0.00,0.00,0.00,0.00,0.00,0.00,0.00,0.00,0.00,0.00,0.00,0.00,0.00,0.00
20650,DL:0.1.0:AT.1.0.0,2022-3-4 4:50:28,32.00,0.00,0.00,17.831,1.665,-5.886,11.945,19.497,0.00,0.00,0.00,0.00,0.00,0.00,0.00,0.00,0.00,0.00,0.00,0.00,0.00,0.00,0.00,0.00,0.00
20650,DL:0.1.0:AT.1.0.0,2022-3-4 4:50:33,32.00,0.00,0.00,17.871,1.626,-5.926,11.944,19.497,0.00,0.00,0.00,0.00,0.00,0.00,0.00,0.00,0.00,0.00,0.00,0.00,0.00,0.00,0.00,0.00,0.00
20650,DL:0.1.0:AT.1.0.0,2022-3-4 4:50:38,32.00,0.00,0.00,17.874,1.622,-5.930,11.944,19.497,0.00,0.00,0.00,0.00,0.00,0.00,0.00,0.00,0.00,0.00,0.00,0.00,0.00,0.00,0.00,0.00,0.00
20650,DL:0.1.0:AT.1.0.0,2022-3-4 4:50:45,32.00,0.00,0.00,17.842,1.656,-5.898,11.944,19.498,0.00,0.00,0.00,0.00,0.00,0.00,0.00,0.00,0.00,0.00,0.00,0.00,0.00,0.00,0.00,0.00,0.00
20650,DL:0.1.0:AT.1.0.0,2022-3-4 4:50:50,32.00,0.00,0.00,17.831,1.667,-5.889,11.942,19.498,0.00,0.00,0.00,0.00,0.00,0.00,0.00,0.00,0.00,0.00,0.00,0.00,0.00,0.00,0.00,0.00,0.00
20650,DL:0.1.0:AT.1.0.0,2022-3-4 4:50:55,32.00,0.00,0.00,17.838,1.659,-5.896,11.942,19.498,0.00,0.00,0.00,0.00,0.00,0.00,0.00,0.00,0.00,0.00,0.00,0.00,0.00,0.00,0.00,0.00,0.00
20650,DL:0.1.0:AT.1.0.0,2022-3-4 4:51:0,32.00,0.00,0.00,17.848,1.650,-5.906,11.942,19.498,0.00,0.00,0.00,0.00,0.00,0.00,0.00,0.00,0.00,0.00,0.00,0.00,0.00,0.00,0.00,0.00,0.00
20650,DL:0.1.0:AT.1.0.0,2022-3-4 4:51:5,32.00,0.00,0.00,17.863,1.634,-5.922,11.942,19.498,0.00,0.00,0.00,0.00,0.00,0.00,0.00,0.00,0.00,0.00,0.00,0.00,0.00,0.00,0.00,0.00,0.00
20650,DL:0.1.0:AT.1.0.0,2022-3-4 4:51:12,32.00,0.00,0.00,17.857,1.639,-5.916,11.942,19.497,0.00,0.00,0.00,0.00,0.00,0.00,0.00,0.00,0.00,0.00,0.00,0.00,0.00,0.00,0.00,0.00,0.00
20650,DL:0.1.0:AT.1.0.0,2022-3-4 4:51:19,32.00,0.00,0.00,17.833,1.663,-5.893,11.941,19.497,0.00,0.00,0.00,0.00,0.00,0.00,0.00,0.00,0.00,0.00,0.00,0.00,0.00,0.00,0.00,0.00,0.00
20650,DL:0.1.0:AT.1.0.0,2022-3-4 4:51:27,32.00,0.00,0.00,17.833,1.664,-5.894,11.939,19.498,0.00,0.00,0.00,0.00,0.00,0.00,0.00,0.00,0.00,0.00,0.00,0.00,0.00,0.00,0.00,0.00,0.00
20650,DL:0.1.0:AT.1.0.0,2022-3-4 4:51:33,32.00,0.00,0.00,17.832,1.665,-5.893,11.939,19.498,0.00,0.00,0.00,0.00,0.00,0.00,0.00,0.00,0.00,0.00,0.00,0.00,0.00,0.00,0.00,0.00,0.00
20650,DL:0.1.0:AT.1.0.0,2022-3-4 4:51:40,32.00,0.00,0.00,17.871,1.627,-5.931,11.939,19.498,0.00,0.00,0.00,0.00,0.00,0.00,0.00,0.00,0.00,0.00,0.00,0.00,0.00,0.00,0.00,0.00,0.00
20650,DL:0.1.0:AT.1.0.0,2022-3-4 4:51:46,32.00,0.00,0.00,17.843,1.656,-5.905,11.938,19.499,0.00,0.00,0.00,0.00,0.00,0.00,0.00,0.00,0.00,0.00,0.00,0.00,0.00,0.00,0.00,0.00,0.00
20650,DL:0.1.0:AT.1.0.0,2022-3-4 4:51:54,32.00,0.00,0.00,17.814,1.685,-5.877,11.937,19.499,0.00,0.00,0.00,0.00,0.00,0.00,0.00,0.00,0.00,0.00,0.00,0.00,0.00,0.00,0.00,0.00,0.00
20650,DL:0.1.0:AT.1.0.0,2022-3-4 4:51:59,32.00,0.00,0.00,17.860,1.638,-5.922,11.938,19.498,0.00,0.00,0.00,0.00,0.00,0.00,0.00,0.00,0.00,0.00,0.00,0.00,0.00,0.00,0.00,0.00,0.00
20650,DL:0.1.0:AT.1.0.0,2022-3-4 4:52:4,32.00,0.00,0.00,17.835,1.664,-5.898,11.937,19.499,0.00,0.00,0.00,0.00,0.00,0.00,0.00,0.00,0.00,0.00,0.00,0.00,0.00,0.00,0.00,0.00,0.00
20650,DL:0.1.0:AT.1.0.0,2022-3-4 4:52:10,32.00,0.00,0.00,17.856,1.643,-5.920,11.936,19.499,0.00,0.00,0.00,0.00,0.00,0.00,0.00,0.00,0.00,0.00,0.00,0.00,0.00,0.00,0.00,0.00,0.00
20650,DL:0.1.0:AT.1.0.0,2022-3-4 4:52:17,32.00,0.00,0.00,17.827,1.671,-5.890,11.937,19.499,0.00,0.00,0.00,0.00,0.00,0.00,0.00,0.00,0.00,0.00,0.00,0.00,0.00,0.00,0.00,0.00,0.00
20650,DL:0.1.0:AT.1.0.0,2022-3-4 4:52:22,32.00,0.00,0.00,17.872,1.627,-5.937,11.935,19.499,0.00,0.00,0.00,0.00,0.00,0.00,0.00,0.00,0.00,0.00,0.00,0.00,0.00,0.00,0.00,0.00,0.00
20650,DL:0.1.0:AT.1.0.0,2022-3-4 4:52:28,32.00,0.00,0.00,17.818,1.680,-5.883,11.935,19.498,0.00,0.00,0.00,0.00,0.00,0.00,0.00,0.00,0.00,0.00,0.00,0.00,0.00,0.00,0.00,0.00,0.00
20650,DL:0.1.0:AT.1.0.0,2022-3-4 4:52:34,32.00,0.00,0.00,17.838,1.659,-5.904,11.935,19.498,0.00,0.00,0.00,0.00,0.00,0.00,0.00,0.00,0.00,0.00,0.00,0.00,0.00,0.00,0.00,0.00,0.00
20650,DL:0.1.0:AT.1.0.0,2022-3-4 4:52:41,32.00,0.00,0.00,17.847,1.651,-5.912,11.935,19.498,0.00,0.00,0.00,0.00,0.00,0.00,0.00,0.00,0.00,0.00,0.00,0.00,0.00,0.00,0.00,0.00,0.00
20650,DL:0.1.0:AT.1.0.0,2022-3-4 4:52:48,32.00,0.00,0.00,17.832,1.664,-5.899,11.933,19.497,0.00,0.00,0.00,0.00,0.00,0.00,0.00,0.00,0.00,0.00,0.00,0.00,0.00,0.00,0.00,0.00,0.00
20650,DL:0.1.0:AT.1.0.0,2022-3-4 4:52:53,32.00,0.00,0.00,17.835,1.662,-5.901,11.933,19.497,0.00,0.00,0.00,0.00,0.00,0.00,0.00,0.00,0.00,0.00,0.00,0.00,0.00,0.00,0.00,0.00,0.00
20650,DL:0.1.0:AT.1.0.0,2022-3-4 4:52:59,32.00,0.00,0.00,17.841,1.655,-5.908,11.932,19.495,0.00,0.00,0.00,0.00,0.00,0.00,0.00,0.00,0.00,0.00,0.00,0.00,0.00,0.00,0.00,0.00,0.00
20650,DL:0.1.0:AT.1.0.0,2022-3-4 4:53:5,32.00,0.00,0.00,17.843,1.652,-5.911,11.932,19.495,0.00,0.00,0.00,0.00,0.00,0.00,0.00,0.00,0.00,0.00,0.00,0.00,0.00,0.00,0.00,0.00,0.00
20650,DL:0.1.0:AT.1.0.0,2022-3-4 4:53:12,32.00,0.00,0.00,17.880,1.615,-5.949,11.931,19.495,0.00,0.00,0.00,0.00,0.00,0.00,0.00,0.00,0.00,0.00,0.00,0.00,0.00,0.00,0.00,0.00,0.00
20650,DL:0.1.0:AT.1.0.0,2022-3-4 4:53:18,32.00,0.00,0.00,17.850,1.644,-5.919,11.931,19.494,0.00,0.00,0.00,0.00,0.00,0.00,0.00,0.00,0.00,0.00,0.00,0.00,0.00,0.00,0.00,0.00,0.00
20650,DL:0.1.0:AT.1.0.0,2022-3-4 4:53:30,32.00,0.00,0.00,17.845,1.647,-5.916,11.930,19.493,0.00,0.00,0.00,0.00,0.00,0.00,0.00,0.00,0.00,0.00,0.00,0.00,0.00,0.00,0.00,0.00,0.00
20650,DL:0.1.0:AT.1.0.0,2022-3-4 4:53:36,32.00,0.00,0.00,17.830,1.664,-5.900,11.930,19.494,0.00,0.00,0.00,0.00,0.00,0.00,0.00,0.00,0.00,0.00,0.00,0.00,0.00,0.00,0.00,0.00,0.00
20650,DL:0.1.0:AT.1.0.0,2022-3-4 4:53:42,32.00,0.00,0.00,17.833,1.659,-5.905,11.929,19.493,0.00,0.00,0.00,0.00,0.00,0.00,0.00,0.00,0.00,0.00,0.00,0.00,0.00,0.00,0.00,0.00,0.00
20650,DL:0.1.0:AT.1.0.0,2022-3-4 4:53:49,32.00,0.00,0.00,17.857,1.635,-5.929,11.929,19.493,0.00,0.00,0.00,0.00,0.00,0.00,0.00,0.00,0.00,0.00,0.00,0.00,0.00,0.00,0.00,0.00,0.00
20650,DL:0.1.0:AT.1.0.0,2022-3-4 4:54:0,32.00,0.00,0.00,17.824,1.668,-5.896,11.927,19.492,0.00,0.00,0.00,0.00,0.00,0.00,0.00,0.00,0.00,0.00,0.00,0.00,0.00,0.00,0.00,0.00,0.00
20650,DL:0.1.0:AT.1.0.0,2022-3-4 4:54:6,32.00,0.00,0.00,17.860,1.633,-5.932,11.927,19.493,0.00,0.00,0.00,0.00,0.00,0.00,0.00,0.00,0.00,0.00,0.00,0.00,0.00,0.00,0.00,0.00,0.00
20650,DL:0.1.0:AT.1.0.0,2022-3-4 4:54:13,32.00,0.00,0.00,17.862,1.629,-5.935,11.927,19.492,0.00,0.00,0.00,0.00,0.00,0.00,0.00,0.00,0.00,0.00,0.00,0.00,0.00,0.00,0.00,0.00,0.00
20650,DL:0.1.0:AT.1.0.0,2022-3-4 4:54:20,32.00,0.00,0.00,17.871,1.621,-5.944,11.926,19.492,0.00,0.00,0.00,0.00,0.00,0.00,0.00,0.00,0.00,0.00,0.00,0.00,0.00,0.00,0.00,0.00,0.00
20650,DL:0.1.0:AT.1.0.0,2022-3-4 4:54:25,32.00,0.00,0.00,17.837,1.655,-5.912,11.925,19.492,0.00,0.00,0.00,0.00,0.00,0.00,0.00,0.00,0.00,0.00,0.00,0.00,0.00,0.00,0.00,0.00,0.00
20650,DL:0.1.0:AT.1.0.0,2022-3-4 4:54:31,32.00,0.00,0.00,17.865,1.627,-5.938,11.926,19.492,0.00,0.00,0.00,0.00,0.00,0.00,0.00,0.00,0.00,0.00,0.00,0.00,0.00,0.00,0.00,0.00,0.00
20650,DL:0.1.0:AT.1.0.0,2022-3-4 4:54:36,32.00,0.00,0.00,17.876,1.616,-5.950,11.925,19.492,0.00,0.00,0.00,0.00,0.00,0.00,0.00,0.00,0.00,0.00,0.00,0.00,0.00,0.00,0.00,0.00,0.00
20650,DL:0.1.0:AT.1.0.0,2022-3-4 4:54:44,32.00,0.00,0.00,17.855,1.637,-5.931,11.924,19.492,0.00,0.00,0.00,0.00,0.00,0.00,0.00,0.00,0.00,0.00,0.00,0.00,0.00,0.00,0.00,0.00,0.00
20650,DL:0.1.0:AT.1.0.0,2022-3-4 4:54:51,32.00,0.00,0.00,17.865,1.627,-5.942,11.923,19.492,0.00,0.00,0.00,0.00,0.00,0.00,0.00,0.00,0.00,0.00,0.00,0.00,0.00,0.00,0.00,0.00,0.00
20650,DL:0.1.0:AT.1.0.0,2022-3-4 4:54:58,32.00,0.00,0.00,17.866,1.625,-5.942,11.924,19.491,0.00,0.00,0.00,0.00,0.00,0.00,0.00,0.00,0.00,0.00,0.00,0.00,0.00,0.00,0.00,0.00,0.00
20650,DL:0.1.0:AT.1.0.0,2022-3-4 4:55:5,32.00,0.00,0.00,17.868,1.623,-5.946,11.923,19.492,0.00,0.00,0.00,0.00,0.00,0.00,0.00,0.00,0.00,0.00,0.00,0.00,0.00,0.00,0.00,0.00,0.00
20650,DL:0.1.0:AT.1.0.0,2022-3-4 4:55:11,32.00,0.00,0.00,17.871,1.620,-5.948,11.923,19.491,0.00,0.00,0.00,0.00,0.00,0.00,0.00,0.00,0.00,0.00,0.00,0.00,0.00,0.00,0.00,0.00,0.00
20650,DL:0.1.0:AT.1.0.0,2022-3-4 4:55:18,32.00,0.00,0.00,17.836,1.655,-5.914,11.921,19.491,0.00,0.00,0.00,0.00,0.00,0.00,0.00,0.00,0.00,0.00,0.00,0.00,0.00,0.00,0.00,0.00,0.00
20650,DL:0.1.0:AT.1.0.0,2022-3-4 4:55:25,32.00,0.00,0.00,17.868,1.621,-5.946,11.923,19.489,0.00,0.00,0.00,0.00,0.00,0.00,0.00,0.00,0.00,0.00,0.00,0.00,0.00,0.00,0.00,0.00,0.00
20650,DL:0.1.0:AT.1.0.0,2022-3-4 4:55:32,32.00,0.00,0.00,17.836,1.655,-5.913,11.923,19.491,0.00,0.00,0.00,0.00,0.00,0.00,0.00,0.00,0.00,0.00,0.00,0.00,0.00,0.00,0.00,0.00,0.00
20650,DL:0.1.0:AT.1.0.0,2022-3-4 4:55:37,32.00,0.00,0.00,17.818,1.673,-5.896,11.921,19.491,0.00,0.00,0.00,0.00,0.00,0.00,0.00,0.00,0.00,0.00,0.00,0.00,0.00,0.00,0.00,0.00,0.00
20650,DL:0.1.0:AT.1.0.0,2022-3-4 4:55:42,32.00,0.00,0.00,17.848,1.644,-5.926,11.921,19.492,0.00,0.00,0.00,0.00,0.00,0.00,0.00,0.00,0.00,0.00,0.00,0.00,0.00,0.00,0.00,0.00,0.00
20650,DL:0.1.0:AT.1.0.0,2022-3-4 4:55:49,32.00,0.00,0.00,17.831,1.659,-5.910,11.921,19.491,0.00,0.00,0.00,0.00,0.00,0.00,0.00,0.00,0.00,0.00,0.00,0.00,0.00,0.00,0.00,0.00,0.00
20650,DL:0.1.0:AT.1.0.0,2022-3-4 4:55:54,32.00,0.00,0.00,17.885,1.608,-5.964,11.921,19.493,0.00,0.00,0.00,0.00,0.00,0.00,0.00,0.00,0.00,0.00,0.00,0.00,0.00,0.00,0.00,0.00,0.00
20650,DL:0.1.0:AT.1.0.0,2022-3-4 4:56:0,32.00,0.00,0.00,17.849,1.643,-5.929,11.920,19.492,0.00,0.00,0.00,0.00,0.00,0.00,0.00,0.00,0.00,0.00,0.00,0.00,0.00,0.00,0.00,0.00,0.00
20650,DL:0.1.0:AT.1.0.0,2022-3-4 4:56:6,32.00,0.00,0.00,17.841,1.652,-5.920,11.920,19.493,0.00,0.00,0.00,0.00,0.00,0.00,0.00,0.00,0.00,0.00,0.00,0.00,0.00,0.00,0.00,0.00,0.00
20650,DL:0.1.0:AT.1.0.0,2022-3-4 4:56:13,32.00,0.00,0.00,17.884,1.609,-5.963,11.921,19.493,0.00,0.00,0.00,0.00,0.00,0.00,0.00,0.00,0.00,0.00,0.00,0.00,0.00,0.00,0.00,0.00,0.00
20650,DL:0.1.0:AT.1.0.0,2022-3-4 4:56:18,32.00,0.00,0.00,17.888,1.605,-5.969,11.919,19.493,0.00,0.00,0.00,0.00,0.00,0.00,0.00,0.00,0.00,0.00,0.00,0.00,0.00,0.00,0.00,0.00,0.00
20650,DL:0.1.0:AT.1.0.0,2022-3-4 4:56:23,32.00,0.00,0.00,17.812,1.681,-5.892,11.920,19.493,0.00,0.00,0.00,0.00,0.00,0.00,0.00,0.00,0.00,0.00,0.00,0.00,0.00,0.00,0.00,0.00,0.00
20650,DL:0.1.0:AT.1.0.0,2022-3-4 4:56:34,32.00,0.00,0.00,17.825,1.669,-5.906,11.919,19.494,0.00,0.00,0.00,0.00,0.00,0.00,0.00,0.00,0.00,0.00,0.00,0.00,0.00,0.00,0.00,0.00,0.00
20650,DL:0.1.0:AT.1.0.0,2022-3-4 4:56:40,32.00,0.00,0.00,17.872,1.622,-5.954,11.918,19.494,0.00,0.00,0.00,0.00,0.00,0.00,0.00,0.00,0.00,0.00,0.00,0.00,0.00,0.00,0.00,0.00,0.00
20650,DL:0.1.0:AT.1.0.0,2022-3-4 4:56:47,32.00,0.00,0.00,17.885,1.609,-5.967,11.918,19.494,0.00,0.00,0.00,0.00,0.00,0.00,0.00,0.00,0.00,0.00,0.00,0.00,0.00,0.00,0.00,0.00,0.00
20650,DL:0.1.0:AT.1.0.0,2022-3-4 4:56:54,32.00,0.00,0.00,17.848,1.646,-5.930,11.918,19.494,0.00,0.00,0.00,0.00,0.00,0.00,0.00,0.00,0.00,0.00,0.00,0.00,0.00,0.00,0.00,0.00,0.00
20650,DL:0.1.0:AT.1.0.0,2022-3-4 4:57:1,32.00,0.00,0.00,17.853,1.643,-5.935,11.918,19.495,0.00,0.00,0.00,0.00,0.00,0.00,0.00,0.00,0.00,0.00,0.00,0.00,0.00,0.00,0.00,0.00,0.00
20650,DL:0.1.0:AT.1.0.0,2022-3-4 4:57:7,32.00,0.00,0.00,17.848,1.646,-5.930,11.918,19.494,0.00,0.00,0.00,0.00,0.00,0.00,0.00,0.00,0.00,0.00,0.00,0.00,0.00,0.00,0.00,0.00,0.00
20650,DL:0.1.0:AT.1.0.0,2022-3-4 4:57:12,32.00,0.00,0.00,17.871,1.625,-5.954,11.917,19.495,0.00,0.00,0.00,0.00,0.00,0.00,0.00,0.00,0.00,0.00,0.00,0.00,0.00,0.00,0.00,0.00,0.00
20650,DL:0.1.0:AT.1.0.0,2022-3-4 4:57:18,32.00,0.00,0.00,17.829,1.667,-5.911,11.918,19.495,0.00,0.00,0.00,0.00,0.00,0.00,0.00,0.00,0.00,0.00,0.00,0.00,0.00,0.00,0.00,0.00,0.00
20650,DL:0.1.0:AT.1.0.0,2022-3-4 4:57:23,32.00,0.00,0.00,17.848,1.646,-5.931,11.917,19.494,0.00,0.00,0.00,0.00,0.00,0.00,0.00,0.00,0.00,0.00,0.00,0.00,0.00,0.00,0.00,0.00,0.00
20650,DL:0.1.0:AT.1.0.0,2022-3-4 4:57:28,32.00,0.00,0.00,17.862,1.633,-5.947,11.915,19.495,0.00,0.00,0.00,0.00,0.00,0.00,0.00,0.00,0.00,0.00,0.00,0.00,0.00,0.00,0.00,0.00,0.00
20650,DL:0.1.0:AT.1.0.0,2022-3-4 4:57:35,32.00,0.00,0.00,17.831,1.664,-5.916,11.915,19.495,0.00,0.00,0.00,0.00,0.00,0.00,0.00,0.00,0.00,0.00,0.00,0.00,0.00,0.00,0.00,0.00,0.00
20650,DL:0.1.0:AT.1.0.0,2022-3-4 4:57:41,32.00,0.00,0.00,17.866,1.629,-5.950,11.915,19.495,0.00,0.00,0.00,0.00,0.00,0.00,0.00,0.00,0.00,0.00,0.00,0.00,0.00,0.00,0.00,0.00,0.00
20650,DL:0.1.0:AT.1.0.0,2022-3-4 4:57:48,32.00,0.00,0.00,17.844,1.651,-5.930,11.914,19.495,0.00,0.00,0.00,0.00,0.00,0.00,0.00,0.00,0.00,0.00,0.00,0.00,0.00,0.00,0.00,0.00,0.00
20650,DL:0.1.0:AT.1.0.0,2022-3-4 4:57:55,32.00,0.00,0.00,17.843,1.651,-5.929,11.914,19.494,0.00,0.00,0.00,0.00,0.00,0.00,0.00,0.00,0.00,0.00,0.00,0.00,0.00,0.00,0.00,0.00,0.00
20650,DL:0.1.0:AT.1.0.0,2022-3-4 4:58:3,32.00,0.00,0.00,17.856,1.639,-5.942,11.914,19.495,0.00,0.00,0.00,0.00,0.00,0.00,0.00,0.00,0.00,0.00,0.00,0.00,0.00,0.00,0.00,0.00,0.00
20650,DL:0.1.0:AT.1.0.0,2022-3-4 4:58:9,32.00,0.00,0.00,17.861,1.634,-5.947,11.914,19.495,0.00,0.00,0.00,0.00,0.00,0.00,0.00,0.00,0.00,0.00,0.00,0.00,0.00,0.00,0.00,0.00,0.00
20650,DL:0.1.0:AT.1.0.0,2022-3-4 4:58:16,32.00,0.00,0.00,17.849,1.645,-5.936,11.913,19.494,0.00,0.00,0.00,0.00,0.00,0.00,0.00,0.00,0.00,0.00,0.00,0.00,0.00,0.00,0.00,0.00,0.00
20650,DL:0.1.0:AT.1.0.0,2022-3-4 4:58:23,32.00,0.00,0.00,17.849,1.646,-5.936,11.913,19.495,0.00,0.00,0.00,0.00,0.00,0.00,0.00,0.00,0.00,0.00,0.00,0.00,0.00,0.00,0.00,0.00,0.00
20650,DL:0.1.0:AT.1.0.0,2022-3-4 4:58:28,32.00,0.00,0.00,17.833,1.661,-5.920,11.913,19.494,0.00,0.00,0.00,0.00,0.00,0.00,0.00,0.00,0.00,0.00,0.00,0.00,0.00,0.00,0.00,0.00,0.00
20650,DL:0.1.0:AT.1.0.0,2022-3-4 4:58:34,32.00,0.00,0.00,17.849,1.646,-5.937,11.912,19.495,0.00,0.00,0.00,0.00,0.00,0.00,0.00,0.00,0.00,0.00,0.00,0.00,0.00,0.00,0.00,0.00,0.00
20650,DL:0.1.0:AT.1.0.0,2022-3-4 4:58:40,32.00,0.00,0.00,17.827,1.668,-5.916,11.912,19.495,0.00,0.00,0.00,0.00,0.00,0.00,0.00,0.00,0.00,0.00,0.00,0.00,0.00,0.00,0.00,0.00,0.00
20650,DL:0.1.0:AT.1.0.0,2022-3-4 4:58:46,32.00,0.00,0.00,17.817,1.679,-5.905,11.912,19.495,0.00,0.00,0.00,0.00,0.00,0.00,0.00,0.00,0.00,0.00,0.00,0.00,0.00,0.00,0.00,0.00,0.00
20650,DL:0.1.0:AT.1.0.0,2022-3-4 4:58:53,32.00,0.00,0.00,17.836,1.659,-5.925,11.911,19.495,0.00,0.00,0.00,0.00,0.00,0.00,0.00,0.00,0.00,0.00,0.00,0.00,0.00,0.00,0.00,0.00,0.00
20650,DL:0.1.0:AT.1.0.0,2022-3-4 4:59:1,32.00,0.00,0.00,17.820,1.675,-5.910,11.911,19.495,0.00,0.00,0.00,0.00,0.00,0.00,0.00,0.00,0.00,0.00,0.00,0.00,0.00,0.00,0.00,0.00,0.00
20650,DL:0.1.0:AT.1.0.0,2022-3-4 4:59:6,32.00,0.00,0.00,17.830,1.665,-5.920,11.909,19.495,0.00,0.00,0.00,0.00,0.00,0.00,0.00,0.00,0.00,0.00,0.00,0.00,0.00,0.00,0.00,0.00,0.00
20650,DL:0.1.0:AT.1.0.0,2022-3-4 4:59:11,32.00,0.00,0.00,17.830,1.665,-5.920,11.909,19.495,0.00,0.00,0.00,0.00,0.00,0.00,0.00,0.00,0.00,0.00,0.00,0.00,0.00,0.00,0.00,0.00,0.00
20650,DL:0.1.0:AT.1.0.0,2022-3-4 4:59:18,32.00,0.00,0.00,17.821,1.674,-5.912,11.909,19.495,0.00,0.00,0.00,0.00,0.00,0.00,0.00,0.00,0.00,0.00,0.00,0.00,0.00,0.00,0.00,0.00,0.00
20650,DL:0.1.0:AT.1.0.0,2022-3-4 4:59:23,32.00,0.00,0.00,17.836,1.659,-5.926,11.909,19.495,0.00,0.00,0.00,0.00,0.00,0.00,0.00,0.00,0.00,0.00,0.00,0.00,0.00,0.00,0.00,0.00,0.00
20650,DL:0.1.0:AT.1.0.0,2022-3-4 4:59:28,32.00,0.00,0.00,17.830,1.665,-5.922,11.908,19.495,0.00,0.00,0.00,0.00,0.00,0.00,0.00,0.00,0.00,0.00,0.00,0.00,0.00,0.00,0.00,0.00,0.00
20650,DL:0.1.0:AT.1.0.0,2022-3-4 4:59:35,32.00,0.00,0.00,17.845,1.650,-5.937,11.908,19.495,0.00,0.00,0.00,0.00,0.00,0.00,0.00,0.00,0.00,0.00,0.00,0.00,0.00,0.00,0.00,0.00,0.00
20650,DL:0.1.0:AT.1.0.0,2022-3-4 4:59:42,32.00,0.00,0.00,17.853,1.644,-5.946,11.907,19.497,0.00,0.00,0.00,0.00,0.00,0.00,0.00,0.00,0.00,0.00,0.00,0.00,0.00,0.00,0.00,0.00,0.00
20650,DL:0.1.0:AT.1.0.0,2022-3-4 4:59:48,32.00,0.00,0.00,17.870,1.627,-5.964,11.906,19.497,0.00,0.00,0.00,0.00,0.00,0.00,0.00,0.00,0.00,0.00,0.00,0.00,0.00,0.00,0.00,0.00,0.00
20650,DL:0.1.0:AT.1.0.0,2022-3-4 4:59:55,32.00,0.00,0.00,17.878,1.620,-5.972,11.906,19.498,0.00,0.00,0.00,0.00,0.00,0.00,0.00,0.00,0.00,0.00,0.00,0.00,0.00,0.00,0.00,0.00,0.00
20650,DL:0.1.0:AT.1.0.0,2022-3-4 5:0:2,32.00,0.00,0.00,17.854,1.644,-5.948,11.906,19.498,0.00,0.00,0.00,0.00,0.00,0.00,0.00,0.00,0.00,0.00,0.00,0.00,0.00,0.00,0.00,0.00,0.00
20650,DL:0.1.0:AT.1.0.0,2022-3-4 5:0:9,32.00,0.00,0.00,17.874,1.623,-5.969,11.906,19.498,0.00,0.00,0.00,0.00,0.00,0.00,0.00,0.00,0.00,0.00,0.00,0.00,0.00,0.00,0.00,0.00,0.00
20650,DL:0.1.0:AT.1.0.0,2022-3-4 5:0:16,32.00,0.00,0.00,17.847,1.650,-5.943,11.903,19.497,0.00,0.00,0.00,0.00,0.00,0.00,0.00,0.00,0.00,0.00,0.00,0.00,0.00,0.00,0.00,0.00,0.00
20650,DL:0.1.0:AT.1.0.0,2022-3-4 5:0:23,32.00,0.00,0.00,17.863,1.634,-5.960,11.903,19.498,0.00,0.00,0.00,0.00,0.00,0.00,0.00,0.00,0.00,0.00,0.00,0.00,0.00,0.00,0.00,0.00,0.00
20650,DL:0.1.0:AT.1.0.0,2022-3-4 5:0:29,32.00,0.00,0.00,17.873,1.625,-5.970,11.903,19.498,0.00,0.00,0.00,0.00,0.00,0.00,0.00,0.00,0.00,0.00,0.00,0.00,0.00,0.00,0.00,0.00,0.00
20650,DL:0.1.0:AT.1.0.0,2022-3-4 5:0:34,32.00,0.00,0.00,17.856,1.641,-5.954,11.902,19.498,0.00,0.00,0.00,0.00,0.00,0.00,0.00,0.00,0.00,0.00,0.00,0.00,0.00,0.00,0.00,0.00,0.00
20650,DL:0.1.0:AT.1.0.0,2022-3-4 5:0:39,32.00,0.00,0.00,17.835,1.663,-5.932,11.902,19.498,0.00,0.00,0.00,0.00,0.00,0.00,0.00,0.00,0.00,0.00,0.00,0.00,0.00,0.00,0.00,0.00,0.00
20650,DL:0.1.0:AT.1.0.0,2022-3-4 5:0:46,32.00,0.00,0.00,17.856,1.641,-5.954,11.902,19.498,0.00,0.00,0.00,0.00,0.00,0.00,0.00,0.00,0.00,0.00,0.00,0.00,0.00,0.00,0.00,0.00,0.00
20650,DL:0.1.0:AT.1.0.0,2022-3-4 5:0:53,32.00,0.00,0.00,17.839,1.658,-5.938,11.901,19.498,0.00,0.00,0.00,0.00,0.00,0.00,0.00,0.00,0.00,0.00,0.00,0.00,0.00,0.00,0.00,0.00,0.00
20650,DL:0.1.0:AT.1.0.0,2022-3-4 5:1:3,32.00,0.00,0.00,17.829,1.669,-5.929,11.900,19.498,0.00,0.00,0.00,0.00,0.00,0.00,0.00,0.00,0.00,0.00,0.00,0.00,0.00,0.00,0.00,0.00,0.00
20650,DL:0.1.0:AT.1.0.0,2022-3-4 5:1:8,32.00,0.00,0.00,17.897,1.601,-5.997,11.900,19.498,0.00,0.00,0.00,0.00,0.00,0.00,0.00,0.00,0.00,0.00,0.00,0.00,0.00,0.00,0.00,0.00,0.00
20650,DL:0.1.0:AT.1.0.0,2022-3-4 5:1:14,32.00,0.00,0.00,17.849,1.649,-5.949,11.900,19.498,0.00,0.00,0.00,0.00,0.00,0.00,0.00,0.00,0.00,0.00,0.00,0.00,0.00,0.00,0.00,0.00,0.00
20650,DL:0.1.0:AT.1.0.0,2022-3-4 5:1:19,32.00,0.00,0.00,17.851,1.646,-5.952,11.900,19.498,0.00,0.00,0.00,0.00,0.00,0.00,0.00,0.00,0.00,0.00,0.00,0.00,0.00,0.00,0.00,0.00,0.00
20650,DL:0.1.0:AT.1.0.0,2022-3-4 5:1:24,32.00,0.00,0.00,17.868,1.629,-5.970,11.899,19.498,0.00,0.00,0.00,0.00,0.00,0.00,0.00,0.00,0.00,0.00,0.00,0.00,0.00,0.00,0.00,0.00,0.00
20650,DL:0.1.0:AT.1.0.0,2022-3-4 5:1:31,32.00,0.00,0.00,17.855,1.644,-5.957,11.899,19.499,0.00,0.00,0.00,0.00,0.00,0.00,0.00,0.00,0.00,0.00,0.00,0.00,0.00,0.00,0.00,0.00,0.00
20650,DL:0.1.0:AT.1.0.0,2022-3-4 5:1:39,32.00,0.00,0.00,17.873,1.626,-5.976,11.897,19.499,0.00,0.00,0.00,0.00,0.00,0.00,0.00,0.00,0.00,0.00,0.00,0.00,0.00,0.00,0.00,0.00,0.00
20650,DL:0.1.0:AT.1.0.0,2022-3-4 5:1:45,32.00,0.00,0.00,17.854,1.646,-5.957,11.897,19.500,0.00,0.00,0.00,0.00,0.00,0.00,0.00,0.00,0.00,0.00,0.00,0.00,0.00,0.00,0.00,0.00,0.00
20650,DL:0.1.0:AT.1.0.0,2022-3-4 5:1:51,32.00,0.00,0.00,17.863,1.635,-5.966,11.897,19.499,0.00,0.00,0.00,0.00,0.00,0.00,0.00,0.00,0.00,0.00,0.00,0.00,0.00,0.00,0.00,0.00,0.00
20650,DL:0.1.0:AT.1.0.0,2022-3-4 5:1:56,32.00,0.00,0.00,17.856,1.644,-5.960,11.896,19.500,0.00,0.00,0.00,0.00,0.00,0.00,0.00,0.00,0.00,0.00,0.00,0.00,0.00,0.00,0.00,0.00,0.00
20650,DL:0.1.0:AT.1.0.0,2022-3-4 5:2:2,32.00,0.00,0.00,17.862,1.638,-5.966,11.896,19.500,0.00,0.00,0.00,0.00,0.00,0.00,0.00,0.00,0.00,0.00,0.00,0.00,0.00,0.00,0.00,0.00,0.00
20650,DL:0.1.0:AT.1.0.0,2022-3-4 5:2:9,32.00,0.00,0.00,17.884,1.616,-5.989,11.895,19.500,0.00,0.00,0.00,0.00,0.00,0.00,0.00,0.00,0.00,0.00,0.00,0.00,0.00,0.00,0.00,0.00,0.00
20650,DL:0.1.0:AT.1.0.0,2022-3-4 5:2:15,32.00,0.00,0.00,17.837,1.664,-5.942,11.895,19.501,0.00,0.00,0.00,0.00,0.00,0.00,0.00,0.00,0.00,0.00,0.00,0.00,0.00,0.00,0.00,0.00,0.00
20650,DL:0.1.0:AT.1.0.0,2022-3-4 5:2:22,32.00,0.00,0.00,17.863,1.637,-5.969,11.895,19.500,0.00,0.00,0.00,0.00,0.00,0.00,0.00,0.00,0.00,0.00,0.00,0.00,0.00,0.00,0.00,0.00,0.00
20650,DL:0.1.0:AT.1.0.0,2022-3-4 5:2:29,32.00,0.00,0.00,17.833,1.667,-5.940,11.894,19.500,0.00,0.00,0.00,0.00,0.00,0.00,0.00,0.00,0.00,0.00,0.00,0.00,0.00,0.00,0.00,0.00,0.00
20650,DL:0.1.0:AT.1.0.0,2022-3-4 5:2:34,32.00,0.00,0.00,17.827,1.674,-5.935,11.893,19.501,0.00,0.00,0.00,0.00,0.00,0.00,0.00,0.00,0.00,0.00,0.00,0.00,0.00,0.00,0.00,0.00,0.00
20650,DL:0.1.0:AT.1.0.0,2022-3-4 5:2:40,32.00,0.00,0.00,17.826,1.674,-5.934,11.893,19.500,0.00,0.00,0.00,0.00,0.00,0.00,0.00,0.00,0.00,0.00,0.00,0.00,0.00,0.00,0.00,0.00,0.00
20650,DL:0.1.0:AT.1.0.0,2022-3-4 5:2:46,32.00,0.00,0.00,17.829,1.671,-5.937,11.891,19.500,0.00,0.00,0.00,0.00,0.00,0.00,0.00,0.00,0.00,0.00,0.00,0.00,0.00,0.00,0.00,0.00,0.00
20650,DL:0.1.0:AT.1.0.0,2022-3-4 5:2:53,32.00,0.00,0.00,17.824,1.676,-5.931,11.893,19.500,0.00,0.00,0.00,0.00,0.00,0.00,0.00,0.00,0.00,0.00,0.00,0.00,0.00,0.00,0.00,0.00,0.00
20650,DL:0.1.0:AT.1.0.0,2022-3-4 5:3:0,32.00,0.00,0.00,17.802,1.698,-5.911,11.891,19.500,0.00,0.00,0.00,0.00,0.00,0.00,0.00,0.00,0.00,0.00,0.00,0.00,0.00,0.00,0.00,0.00,0.00
20650,DL:0.1.0:AT.1.0.0,2022-3-4 5:3:5,32.00,0.00,0.00,17.823,1.677,-5.932,11.890,19.500,0.00,0.00,0.00,0.00,0.00,0.00,0.00,0.00,0.00,0.00,0.00,0.00,0.00,0.00,0.00,0.00,0.00
20650,DL:0.1.0:AT.1.0.0,2022-3-4 5:3:14,32.00,0.00,0.00,17.857,1.641,-5.967,11.890,19.499,0.00,0.00,0.00,0.00,0.00,0.00,0.00,0.00,0.00,0.00,0.00,0.00,0.00,0.00,0.00,0.00,0.00
20650,DL:0.1.0:AT.1.0.0,2022-3-4 5:3:20,32.00,0.00,0.00,17.833,1.665,-5.944,11.889,19.499,0.00,0.00,0.00,0.00,0.00,0.00,0.00,0.00,0.00,0.00,0.00,0.00,0.00,0.00,0.00,0.00,0.00
20650,DL:0.1.0:AT.1.0.0,2022-3-4 5:3:27,32.00,0.00,0.00,17.896,1.603,-6.007,11.889,19.499,0.00,0.00,0.00,0.00,0.00,0.00,0.00,0.00,0.00,0.00,0.00,0.00,0.00,0.00,0.00,0.00,0.00
20650,DL:0.1.0:AT.1.0.0,2022-3-4 5:3:34,32.00,0.00,0.00,17.860,1.639,-5.971,11.889,19.499,0.00,0.00,0.00,0.00,0.00,0.00,0.00,0.00,0.00,0.00,0.00,0.00,0.00,0.00,0.00,0.00,0.00
20650,DL:0.1.0:AT.1.0.0,2022-3-4 5:3:41,32.00,0.00,0.00,17.860,1.639,-5.971,11.889,19.499,0.00,0.00,0.00,0.00,0.00,0.00,0.00,0.00,0.00,0.00,0.00,0.00,0.00,0.00,0.00,0.00,0.00
20650,DL:0.1.0:AT.1.0.0,2022-3-4 5:3:51,32.00,0.00,0.00,17.878,1.621,-5.991,11.887,19.499,0.00,0.00,0.00,0.00,0.00,0.00,0.00,0.00,0.00,0.00,0.00,0.00,0.00,0.00,0.00,0.00,0.00
20650,DL:0.1.0:AT.1.0.0,2022-3-4 5:3:56,32.00,0.00,0.00,17.830,1.669,-5.943,11.887,19.499,0.00,0.00,0.00,0.00,0.00,0.00,0.00,0.00,0.00,0.00,0.00,0.00,0.00,0.00,0.00,0.00,0.00
20650,DL:0.1.0:AT.1.0.0,2022-3-4 5:4:1,32.00,0.00,0.00,17.815,1.683,-5.929,11.887,19.499,0.00,0.00,0.00,0.00,0.00,0.00,0.00,0.00,0.00,0.00,0.00,0.00,0.00,0.00,0.00,0.00,0.00
20650,DL:0.1.0:AT.1.0.0,2022-3-4 5:4:6,32.00,0.00,0.00,17.809,1.689,-5.924,11.885,19.499,0.00,0.00,0.00,0.00,0.00,0.00,0.00,0.00,0.00,0.00,0.00,0.00,0.00,0.00,0.00,0.00,0.00
20650,DL:0.1.0:AT.1.0.0,2022-3-4 5:4:12,32.00,0.00,0.00,17.853,1.646,-5.967,11.885,19.499,0.00,0.00,0.00,0.00,0.00,0.00,0.00,0.00,0.00,0.00,0.00,0.00,0.00,0.00,0.00,0.00,0.00
20650,DL:0.1.0:AT.1.0.0,2022-3-4 5:4:18,32.00,0.00,0.00,17.848,1.651,-5.963,11.885,19.499,0.00,0.00,0.00,0.00,0.00,0.00,0.00,0.00,0.00,0.00,0.00,0.00,0.00,0.00,0.00,0.00,0.00
20650,DL:0.1.0:AT.1.0.0,2022-3-4 5:4:25,32.00,0.00,0.00,17.835,1.665,-5.950,11.884,19.500,0.00,0.00,0.00,0.00,0.00,0.00,0.00,0.00,0.00,0.00,0.00,0.00,0.00,0.00,0.00,0.00,0.00
20650,DL:0.1.0:AT.1.0.0,2022-3-4 5:4:32,32.00,0.00,0.00,17.848,1.651,-5.965,11.883,19.499,0.00,0.00,0.00,0.00,0.00,0.00,0.00,0.00,0.00,0.00,0.00,0.00,0.00,0.00,0.00,0.00,0.00
20650,DL:0.1.0:AT.1.0.0,2022-3-4 5:4:39,32.00,0.00,0.00,17.850,1.649,-5.967,11.883,19.499,0.00,0.00,0.00,0.00,0.00,0.00,0.00,0.00,0.00,0.00,0.00,0.00,0.00,0.00,0.00,0.00,0.00
20650,DL:0.1.0:AT.1.0.0,2022-3-4 5:4:45,32.00,0.00,0.00,17.871,1.629,-5.988,11.883,19.500,0.00,0.00,0.00,0.00,0.00,0.00,0.00,0.00,0.00,0.00,0.00,0.00,0.00,0.00,0.00,0.00,0.00
20650,DL:0.1.0:AT.1.0.0,2022-3-4 5:4:52,32.00,0.00,0.00,17.830,1.669,-5.947,11.883,19.499,0.00,0.00,0.00,0.00,0.00,0.00,0.00,0.00,0.00,0.00,0.00,0.00,0.00,0.00,0.00,0.00,0.00
20650,DL:0.1.0:AT.1.0.0,2022-3-4 5:4:59,32.00,0.00,0.00,17.844,1.655,-5.963,11.882,19.499,0.00,0.00,0.00,0.00,0.00,0.00,0.00,0.00,0.00,0.00,0.00,0.00,0.00,0.00,0.00,0.00,0.00
20650,DL:0.1.0:AT.1.0.0,2022-3-4 5:5:6,32.00,0.00,0.00,17.823,1.676,-5.941,11.882,19.499,0.00,0.00,0.00,0.00,0.00,0.00,0.00,0.00,0.00,0.00,0.00,0.00,0.00,0.00,0.00,0.00,0.00
20650,DL:0.1.0:AT.1.0.0,2022-3-4 5:5:14,32.00,0.00,0.00,17.843,1.656,-5.963,11.881,19.499,0.00,0.00,0.00,0.00,0.00,0.00,0.00,0.00,0.00,0.00,0.00,0.00,0.00,0.00,0.00,0.00,0.00
20650,DL:0.1.0:AT.1.0.0,2022-3-4 5:5:22,32.00,0.00,0.00,17.865,1.635,-5.984,11.881,19.500,0.00,0.00,0.00,0.00,0.00,0.00,0.00,0.00,0.00,0.00,0.00,0.00,0.00,0.00,0.00,0.00,0.00
20650,DL:0.1.0:AT.1.0.0,2022-3-4 5:5:29,32.00,0.00,0.00,17.859,1.640,-5.979,11.879,19.499,0.00,0.00,0.00,0.00,0.00,0.00,0.00,0.00,0.00,0.00,0.00,0.00,0.00,0.00,0.00,0.00,0.00
20650,DL:0.1.0:AT.1.0.0,2022-3-4 5:5:36,32.00,0.00,0.00,17.821,1.677,-5.943,11.878,19.499,0.00,0.00,0.00,0.00,0.00,0.00,0.00,0.00,0.00,0.00,0.00,0.00,0.00,0.00,0.00,0.00,0.00
20650,DL:0.1.0:AT.1.0.0,2022-3-4 5:5:44,32.00,0.00,0.00,17.825,1.673,-5.947,11.878,19.498,0.00,0.00,0.00,0.00,0.00,0.00,0.00,0.00,0.00,0.00,0.00,0.00,0.00,0.00,0.00,0.00,0.00
20650,DL:0.1.0:AT.1.0.0,2022-3-4 5:5:50,32.00,0.00,0.00,17.836,1.663,-5.959,11.877,19.499,0.00,0.00,0.00,0.00,0.00,0.00,0.00,0.00,0.00,0.00,0.00,0.00,0.00,0.00,0.00,0.00,0.00
20650,DL:0.1.0:AT.1.0.0,2022-3-4 5:5:55,32.00,0.00,0.00,17.874,1.625,-5.999,11.876,19.499,0.00,0.00,0.00,0.00,0.00,0.00,0.00,0.00,0.00,0.00,0.00,0.00,0.00,0.00,0.00,0.00,0.00
20650,DL:0.1.0:AT.1.0.0,2022-3-4 5:6:0,32.00,0.00,0.00,17.841,1.658,-5.964,11.877,19.499,0.00,0.00,0.00,0.00,0.00,0.00,0.00,0.00,0.00,0.00,0.00,0.00,0.00,0.00,0.00,0.00,0.00
20650,DL:0.1.0:AT.1.0.0,2022-3-4 5:6:7,32.00,0.00,0.00,17.857,1.641,-5.982,11.876,19.499,0.00,0.00,0.00,0.00,0.00,0.00,0.00,0.00,0.00,0.00,0.00,0.00,0.00,0.00,0.00,0.00,0.00
20650,DL:0.1.0:AT.1.0.0,2022-3-4 5:6:18,31.75,0.00,0.00,17.821,1.676,-5.947,11.875,19.498,0.00,0.00,0.00,0.00,0.00,0.00,0.00,0.00,0.00,0.00,0.00,0.00,0.00,0.00,0.00,0.00,0.00
20650,DL:0.1.0:AT.1.0.0,2022-3-4 5:6:23,31.75,0.00,0.00,17.826,1.671,-5.952,11.875,19.498,0.00,0.00,0.00,0.00,0.00,0.00,0.00,0.00,0.00,0.00,0.00,0.00,0.00,0.00,0.00,0.00,0.00
20650,DL:0.1.0:AT.1.0.0,2022-3-4 5:6:28,31.75,0.00,0.00,17.853,1.645,-5.978,11.875,19.498,0.00,0.00,0.00,0.00,0.00,0.00,0.00,0.00,0.00,0.00,0.00,0.00,0.00,0.00,0.00,0.00,0.00
20650,DL:0.1.0:AT.1.0.0,2022-3-4 5:6:35,31.75,0.00,0.00,17.856,1.643,-5.983,11.873,19.499,0.00,0.00,0.00,0.00,0.00,0.00,0.00,0.00,0.00,0.00,0.00,0.00,0.00,0.00,0.00,0.00,0.00
20650,DL:0.1.0:AT.1.0.0,2022-3-4 5:6:40,31.75,0.00,0.00,17.854,1.644,-5.979,11.875,19.498,0.00,0.00,0.00,0.00,0.00,0.00,0.00,0.00,0.00,0.00,0.00,0.00,0.00,0.00,0.00,0.00,0.00
20650,DL:0.1.0:AT.1.0.0,2022-3-4 5:6:45,31.75,0.00,0.00,17.842,1.656,-5.969,11.873,19.498,0.00,0.00,0.00,0.00,0.00,0.00,0.00,0.00,0.00,0.00,0.00,0.00,0.00,0.00,0.00,0.00,0.00
20650,DL:0.1.0:AT.1.0.0,2022-3-4 5:6:50,31.75,0.00,0.00,17.841,1.657,-5.967,11.873,19.498,0.00,0.00,0.00,0.00,0.00,0.00,0.00,0.00,0.00,0.00,0.00,0.00,0.00,0.00,0.00,0.00,0.00
20650,DL:0.1.0:AT.1.0.0,2022-3-4 5:6:55,31.75,0.00,0.00,17.845,1.651,-5.973,11.872,19.497,0.00,0.00,0.00,0.00,0.00,0.00,0.00,0.00,0.00,0.00,0.00,0.00,0.00,0.00,0.00,0.00,0.00
20650,DL:0.1.0:AT.1.0.0,2022-3-4 5:7:2,31.75,0.00,0.00,17.851,1.645,-5.981,11.871,19.497,0.00,0.00,0.00,0.00,0.00,0.00,0.00,0.00,0.00,0.00,0.00,0.00,0.00,0.00,0.00,0.00,0.00
20650,DL:0.1.0:AT.1.0.0,2022-3-4 5:7:12,31.75,0.00,0.00,17.853,1.644,-5.982,11.871,19.497,0.00,0.00,0.00,0.00,0.00,0.00,0.00,0.00,0.00,0.00,0.00,0.00,0.00,0.00,0.00,0.00,0.00
20650,DL:0.1.0:AT.1.0.0,2022-3-4 5:7:17,32.00,0.00,0.00,17.855,1.641,-5.984,11.871,19.497,0.00,0.00,0.00,0.00,0.00,0.00,0.00,0.00,0.00,0.00,0.00,0.00,0.00,0.00,0.00,0.00,0.00
20650,DL:0.1.0:AT.1.0.0,2022-3-4 5:7:25,32.00,0.00,0.00,17.842,1.656,-5.973,11.869,19.498,0.00,0.00,0.00,0.00,0.00,0.00,0.00,0.00,0.00,0.00,0.00,0.00,0.00,0.00,0.00,0.00,0.00
20650,DL:0.1.0:AT.1.0.0,2022-3-4 5:7:30,32.00,0.00,0.00,17.853,1.644,-5.984,11.869,19.497,0.00,0.00,0.00,0.00,0.00,0.00,0.00,0.00,0.00,0.00,0.00,0.00,0.00,0.00,0.00,0.00,0.00
20650,DL:0.1.0:AT.1.0.0,2022-3-4 5:7:36,32.00,0.00,0.00,17.855,1.641,-5.987,11.869,19.497,0.00,0.00,0.00,0.00,0.00,0.00,0.00,0.00,0.00,0.00,0.00,0.00,0.00,0.00,0.00,0.00,0.00
20650,DL:0.1.0:AT.1.0.0,2022-3-4 5:7:41,32.00,0.00,0.00,17.862,1.634,-5.994,11.869,19.497,0.00,0.00,0.00,0.00,0.00,0.00,0.00,0.00,0.00,0.00,0.00,0.00,0.00,0.00,0.00,0.00,0.00
20650,DL:0.1.0:AT.1.0.0,2022-3-4 5:7:51,32.00,0.00,0.00,17.860,1.637,-5.994,11.866,19.497,0.00,0.00,0.00,0.00,0.00,0.00,0.00,0.00,0.00,0.00,0.00,0.00,0.00,0.00,0.00,0.00,0.00
20650,DL:0.1.0:AT.1.0.0,2022-3-4 5:7:57,32.00,0.00,0.00,17.843,1.652,-5.977,11.866,19.495,0.00,0.00,0.00,0.00,0.00,0.00,0.00,0.00,0.00,0.00,0.00,0.00,0.00,0.00,0.00,0.00,0.00
20650,DL:0.1.0:AT.1.0.0,2022-3-4 5:8:2,32.00,0.00,0.00,17.855,1.640,-5.989,11.866,19.495,0.00,0.00,0.00,0.00,0.00,0.00,0.00,0.00,0.00,0.00,0.00,0.00,0.00,0.00,0.00,0.00,0.00
20650,DL:0.1.0:AT.1.0.0,2022-3-4 5:8:7,32.00,0.00,0.00,17.812,1.683,-5.947,11.865,19.495,0.00,0.00,0.00,0.00,0.00,0.00,0.00,0.00,0.00,0.00,0.00,0.00,0.00,0.00,0.00,0.00,0.00
20650,DL:0.1.0:AT.1.0.0,2022-3-4 5:8:14,32.00,0.00,0.00,17.831,1.664,-5.966,11.865,19.495,0.00,0.00,0.00,0.00,0.00,0.00,0.00,0.00,0.00,0.00,0.00,0.00,0.00,0.00,0.00,0.00,0.00
20650,DL:0.1.0:AT.1.0.0,2022-3-4 5:8:19,31.75,0.00,0.00,17.835,1.661,-5.971,11.864,19.495,0.00,0.00,0.00,0.00,0.00,0.00,0.00,0.00,0.00,0.00,0.00,0.00,0.00,0.00,0.00,0.00,0.00
20650,DL:0.1.0:AT.1.0.0,2022-3-4 5:8:24,31.75,0.00,0.00,17.829,1.665,-5.965,11.864,19.494,0.00,0.00,0.00,0.00,0.00,0.00,0.00,0.00,0.00,0.00,0.00,0.00,0.00,0.00,0.00,0.00,0.00
20650,DL:0.1.0:AT.1.0.0,2022-3-4 5:8:31,31.75,0.00,0.00,17.855,1.639,-5.990,11.865,19.494,0.00,0.00,0.00,0.00,0.00,0.00,0.00,0.00,0.00,0.00,0.00,0.00,0.00,0.00,0.00,0.00,0.00
20650,DL:0.1.0:AT.1.0.0,2022-3-4 5:8:38,31.75,0.00,0.00,17.847,1.647,-5.984,11.863,19.494,0.00,0.00,0.00,0.00,0.00,0.00,0.00,0.00,0.00,0.00,0.00,0.00,0.00,0.00,0.00,0.00,0.00
20650,DL:0.1.0:AT.1.0.0,2022-3-4 5:8:45,31.75,0.00,0.00,17.845,1.649,-5.983,11.863,19.494,0.00,0.00,0.00,0.00,0.00,0.00,0.00,0.00,0.00,0.00,0.00,0.00,0.00,0.00,0.00,0.00,0.00
20650,DL:0.1.0:AT.1.0.0,2022-3-4 5:8:50,31.75,0.00,0.00,17.837,1.657,-5.976,11.861,19.494,0.00,0.00,0.00,0.00,0.00,0.00,0.00,0.00,0.00,0.00,0.00,0.00,0.00,0.00,0.00,0.00,0.00
20650,DL:0.1.0:AT.1.0.0,2022-3-4 5:8:55,31.75,0.00,0.00,17.851,1.643,-5.990,11.861,19.494,0.00,0.00,0.00,0.00,0.00,0.00,0.00,0.00,0.00,0.00,0.00,0.00,0.00,0.00,0.00,0.00,0.00
20650,DL:0.1.0:AT.1.0.0,2022-3-4 5:9:2,31.75,0.00,0.00,17.870,1.623,-6.008,11.861,19.493,0.00,0.00,0.00,0.00,0.00,0.00,0.00,0.00,0.00,0.00,0.00,0.00,0.00,0.00,0.00,0.00,0.00
20650,DL:0.1.0:AT.1.0.0,2022-3-4 5:9:9,31.75,0.00,0.00,17.876,1.617,-6.015,11.860,19.493,0.00,0.00,0.00,0.00,0.00,0.00,0.00,0.00,0.00,0.00,0.00,0.00,0.00,0.00,0.00,0.00,0.00
20650,DL:0.1.0:AT.1.0.0,2022-3-4 5:9:14,31.75,0.00,0.00,17.866,1.627,-6.007,11.859,19.493,0.00,0.00,0.00,0.00,0.00,0.00,0.00,0.00,0.00,0.00,0.00,0.00,0.00,0.00,0.00,0.00,0.00
20650,DL:0.1.0:AT.1.0.0,2022-3-4 5:9:23,32.00,0.00,0.00,17.838,1.653,-5.978,11.860,19.492,0.00,0.00,0.00,0.00,0.00,0.00,0.00,0.00,0.00,0.00,0.00,0.00,0.00,0.00,0.00,0.00,0.00
20650,DL:0.1.0:AT.1.0.0,2022-3-4 5:9:29,32.00,0.00,0.00,17.848,1.644,-5.989,11.859,19.492,0.00,0.00,0.00,0.00,0.00,0.00,0.00,0.00,0.00,0.00,0.00,0.00,0.00,0.00,0.00,0.00,0.00
20650,DL:0.1.0:AT.1.0.0,2022-3-4 5:9:36,32.00,0.00,0.00,17.832,1.661,-5.973,11.859,19.493,0.00,0.00,0.00,0.00,0.00,0.00,0.00,0.00,0.00,0.00,0.00,0.00,0.00,0.00,0.00,0.00,0.00
20650,DL:0.1.0:AT.1.0.0,2022-3-4 5:9:43,32.00,0.00,0.00,17.861,1.631,-6.003,11.858,19.492,0.00,0.00,0.00,0.00,0.00,0.00,0.00,0.00,0.00,0.00,0.00,0.00,0.00,0.00,0.00,0.00,0.00
20650,DL:0.1.0:AT.1.0.0,2022-3-4 5:9:48,32.00,0.00,0.00,17.833,1.658,-5.977,11.857,19.492,0.00,0.00,0.00,0.00,0.00,0.00,0.00,0.00,0.00,0.00,0.00,0.00,0.00,0.00,0.00,0.00,0.00
20650,DL:0.1.0:AT.1.0.0,2022-3-4 5:9:53,32.00,0.00,0.00,17.847,1.645,-5.990,11.857,19.492,0.00,0.00,0.00,0.00,0.00,0.00,0.00,0.00,0.00,0.00,0.00,0.00,0.00,0.00,0.00,0.00,0.00
20650,DL:0.1.0:AT.1.0.0,2022-3-4 5:10:0,32.00,0.00,0.00,17.851,1.640,-5.995,11.857,19.492,0.00,0.00,0.00,0.00,0.00,0.00,0.00,0.00,0.00,0.00,0.00,0.00,0.00,0.00,0.00,0.00,0.00
20650,DL:0.1.0:AT.1.0.0,2022-3-4 5:10:5,32.00,0.00,0.00,17.839,1.652,-5.983,11.857,19.492,0.00,0.00,0.00,0.00,0.00,0.00,0.00,0.00,0.00,0.00,0.00,0.00,0.00,0.00,0.00,0.00,0.00
20650,DL:0.1.0:AT.1.0.0,2022-3-4 5:10:10,32.00,0.00,0.00,17.832,1.661,-5.977,11.855,19.493,0.00,0.00,0.00,0.00,0.00,0.00,0.00,0.00,0.00,0.00,0.00,0.00,0.00,0.00,0.00,0.00,0.00
20650,DL:0.1.0:AT.1.0.0,2022-3-4 5:10:17,32.00,0.00,0.00,17.886,1.607,-6.032,11.854,19.493,0.00,0.00,0.00,0.00,0.00,0.00,0.00,0.00,0.00,0.00,0.00,0.00,0.00,0.00,0.00,0.00,0.00
20650,DL:0.1.0:AT.1.0.0,2022-3-4 5:10:22,32.00,0.00,0.00,17.819,1.674,-5.965,11.854,19.493,0.00,0.00,0.00,0.00,0.00,0.00,0.00,0.00,0.00,0.00,0.00,0.00,0.00,0.00,0.00,0.00,0.00
20650,DL:0.1.0:AT.1.0.0,2022-3-4 5:10:30,31.75,0.00,0.00,17.847,1.646,-5.993,11.854,19.493,0.00,0.00,0.00,0.00,0.00,0.00,0.00,0.00,0.00,0.00,0.00,0.00,0.00,0.00,0.00,0.00,0.00
20650,DL:0.1.0:AT.1.0.0,2022-3-4 5:10:37,31.75,0.00,0.00,17.826,1.667,-5.973,11.853,19.493,0.00,0.00,0.00,0.00,0.00,0.00,0.00,0.00,0.00,0.00,0.00,0.00,0.00,0.00,0.00,0.00,0.00
20650,DL:0.1.0:AT.1.0.0,2022-3-4 5:10:44,31.75,0.00,0.00,17.827,1.665,-5.976,11.852,19.493,0.00,0.00,0.00,0.00,0.00,0.00,0.00,0.00,0.00,0.00,0.00,0.00,0.00,0.00,0.00,0.00,0.00
20650,DL:0.1.0:AT.1.0.0,2022-3-4 5:10:52,31.75,0.00,0.00,17.821,1.671,-5.970,11.852,19.493,0.00,0.00,0.00,0.00,0.00,0.00,0.00,0.00,0.00,0.00,0.00,0.00,0.00,0.00,0.00,0.00,0.00
20650,DL:0.1.0:AT.1.0.0,2022-3-4 5:10:58,31.75,0.00,0.00,17.826,1.667,-5.975,11.852,19.493,0.00,0.00,0.00,0.00,0.00,0.00,0.00,0.00,0.00,0.00,0.00,0.00,0.00,0.00,0.00,0.00,0.00
20650,DL:0.1.0:AT.1.0.0,2022-3-4 5:11:3,31.75,0.00,0.00,17.817,1.676,-5.965,11.852,19.493,0.00,0.00,0.00,0.00,0.00,0.00,0.00,0.00,0.00,0.00,0.00,0.00,0.00,0.00,0.00,0.00,0.00
20650,DL:0.1.0:AT.1.0.0,2022-3-4 5:11:8,31.75,0.00,0.00,17.824,1.670,-5.973,11.851,19.494,0.00,0.00,0.00,0.00,0.00,0.00,0.00,0.00,0.00,0.00,0.00,0.00,0.00,0.00,0.00,0.00,0.00
20650,DL:0.1.0:AT.1.0.0,2022-3-4 5:11:13,31.75,0.00,0.00,17.863,1.629,-6.013,11.851,19.493,0.00,0.00,0.00,0.00,0.00,0.00,0.00,0.00,0.00,0.00,0.00,0.00,0.00,0.00,0.00,0.00,0.00
20650,DL:0.1.0:AT.1.0.0,2022-3-4 5:11:18,31.75,0.00,0.00,17.849,1.644,-6.000,11.849,19.493,0.00,0.00,0.00,0.00,0.00,0.00,0.00,0.00,0.00,0.00,0.00,0.00,0.00,0.00,0.00,0.00,0.00
20650,DL:0.1.0:AT.1.0.0,2022-3-4 5:11:25,31.75,0.00,0.00,17.833,1.659,-5.984,11.849,19.493,0.00,0.00,0.00,0.00,0.00,0.00,0.00,0.00,0.00,0.00,0.00,0.00,0.00,0.00,0.00,0.00,0.00
20650,DL:0.1.0:AT.1.0.0,2022-3-4 5:11:32,31.75,0.00,0.00,17.844,1.649,-5.995,11.849,19.493,0.00,0.00,0.00,0.00,0.00,0.00,0.00,0.00,0.00,0.00,0.00,0.00,0.00,0.00,0.00,0.00,0.00
20650,DL:0.1.0:AT.1.0.0,2022-3-4 5:11:39,31.75,0.00,0.00,17.818,1.676,-5.970,11.848,19.494,0.00,0.00,0.00,0.00,0.00,0.00,0.00,0.00,0.00,0.00,0.00,0.00,0.00,0.00,0.00,0.00,0.00
20650,DL:0.1.0:AT.1.0.0,2022-3-4 5:11:46,31.75,0.00,0.00,17.843,1.650,-5.996,11.847,19.493,0.00,0.00,0.00,0.00,0.00,0.00,0.00,0.00,0.00,0.00,0.00,0.00,0.00,0.00,0.00,0.00,0.00
20650,DL:0.1.0:AT.1.0.0,2022-3-4 5:11:53,31.75,0.00,0.00,17.845,1.649,-5.997,11.848,19.494,0.00,0.00,0.00,0.00,0.00,0.00,0.00,0.00,0.00,0.00,0.00,0.00,0.00,0.00,0.00,0.00,0.00
20650,DL:0.1.0:AT.1.0.0,2022-3-4 5:11:59,31.75,0.00,0.00,17.842,1.653,-5.995,11.847,19.495,0.00,0.00,0.00,0.00,0.00,0.00,0.00,0.00,0.00,0.00,0.00,0.00,0.00,0.00,0.00,0.00,0.00
20650,DL:0.1.0:AT.1.0.0,2022-3-4 5:12:6,31.75,0.00,0.00,17.830,1.665,-5.984,11.846,19.495,0.00,0.00,0.00,0.00,0.00,0.00,0.00,0.00,0.00,0.00,0.00,0.00,0.00,0.00,0.00,0.00,0.00
20650,DL:0.1.0:AT.1.0.0,2022-3-4 5:12:13,31.75,0.00,0.00,17.832,1.663,-5.987,11.846,19.495,0.00,0.00,0.00,0.00,0.00,0.00,0.00,0.00,0.00,0.00,0.00,0.00,0.00,0.00,0.00,0.00,0.00
20650,DL:0.1.0:AT.1.0.0,2022-3-4 5:12:20,31.75,0.00,0.00,17.857,1.639,-6.013,11.845,19.497,0.00,0.00,0.00,0.00,0.00,0.00,0.00,0.00,0.00,0.00,0.00,0.00,0.00,0.00,0.00,0.00,0.00
20650,DL:0.1.0:AT.1.0.0,2022-3-4 5:12:27,31.75,0.00,0.00,17.845,1.651,-6.002,11.843,19.497,0.00,0.00,0.00,0.00,0.00,0.00,0.00,0.00,0.00,0.00,0.00,0.00,0.00,0.00,0.00,0.00,0.00
20650,DL:0.1.0:AT.1.0.0,2022-3-4 5:12:34,31.75,0.00,0.00,17.848,1.649,-6.005,11.843,19.497,0.00,0.00,0.00,0.00,0.00,0.00,0.00,0.00,0.00,0.00,0.00,0.00,0.00,0.00,0.00,0.00,0.00
20650,DL:0.1.0:AT.1.0.0,2022-3-4 5:12:40,31.75,0.00,0.00,17.818,1.680,-5.975,11.843,19.498,0.00,0.00,0.00,0.00,0.00,0.00,0.00,0.00,0.00,0.00,0.00,0.00,0.00,0.00,0.00,0.00,0.00
20650,DL:0.1.0:AT.1.0.0,2022-3-4 5:12:47,31.75,0.00,0.00,17.865,1.633,-6.023,11.842,19.498,0.00,0.00,0.00,0.00,0.00,0.00,0.00,0.00,0.00,0.00,0.00,0.00,0.00,0.00,0.00,0.00,0.00
20650,DL:0.1.0:AT.1.0.0,2022-3-4 5:12:56,31.75,0.00,0.00,17.837,1.661,-5.995,11.842,19.498,0.00,0.00,0.00,0.00,0.00,0.00,0.00,0.00,0.00,0.00,0.00,0.00,0.00,0.00,0.00,0.00,0.00
20650,DL:0.1.0:AT.1.0.0,2022-3-4 5:13:1,31.75,0.00,0.00,17.851,1.647,-6.011,11.841,19.499,0.00,0.00,0.00,0.00,0.00,0.00,0.00,0.00,0.00,0.00,0.00,0.00,0.00,0.00,0.00,0.00,0.00
20650,DL:0.1.0:AT.1.0.0,2022-3-4 5:13:6,31.75,0.00,0.00,17.849,1.650,-6.008,11.841,19.499,0.00,0.00,0.00,0.00,0.00,0.00,0.00,0.00,0.00,0.00,0.00,0.00,0.00,0.00,0.00,0.00,0.00
20650,DL:0.1.0:AT.1.0.0,2022-3-4 5:13:11,31.75,0.00,0.00,17.830,1.669,-5.989,11.841,19.499,0.00,0.00,0.00,0.00,0.00,0.00,0.00,0.00,0.00,0.00,0.00,0.00,0.00,0.00,0.00,0.00,0.00
20650,DL:0.1.0:AT.1.0.0,2022-3-4 5:13:18,31.75,0.00,0.00,17.863,1.635,-6.023,11.841,19.499,0.00,0.00,0.00,0.00,0.00,0.00,0.00,0.00,0.00,0.00,0.00,0.00,0.00,0.00,0.00,0.00,0.00
20650,DL:0.1.0:AT.1.0.0,2022-3-4 5:13:23,31.75,0.00,0.00,17.849,1.650,-6.009,11.840,19.499,0.00,0.00,0.00,0.00,0.00,0.00,0.00,0.00,0.00,0.00,0.00,0.00,0.00,0.00,0.00,0.00,0.00
20650,DL:0.1.0:AT.1.0.0,2022-3-4 5:13:28,31.75,0.00,0.00,17.850,1.650,-6.012,11.839,19.500,0.00,0.00,0.00,0.00,0.00,0.00,0.00,0.00,0.00,0.00,0.00,0.00,0.00,0.00,0.00,0.00,0.00
20650,DL:0.1.0:AT.1.0.0,2022-3-4 5:13:35,31.75,0.00,0.00,17.873,1.628,-6.035,11.839,19.501,0.00,0.00,0.00,0.00,0.00,0.00,0.00,0.00,0.00,0.00,0.00,0.00,0.00,0.00,0.00,0.00,0.00
20650,DL:0.1.0:AT.1.0.0,2022-3-4 5:13:41,31.75,0.00,0.00,17.876,1.627,-6.038,11.837,19.503,0.00,0.00,0.00,0.00,0.00,0.00,0.00,0.00,0.00,0.00,0.00,0.00,0.00,0.00,0.00,0.00,0.00
20650,DL:0.1.0:AT.1.0.0,2022-3-4 5:13:48,31.75,0.00,0.00,17.866,1.637,-6.029,11.837,19.503,0.00,0.00,0.00,0.00,0.00,0.00,0.00,0.00,0.00,0.00,0.00,0.00,0.00,0.00,0.00,0.00,0.00
20650,DL:0.1.0:AT.1.0.0,2022-3-4 5:14:0,31.75,0.00,0.00,17.835,1.668,-5.999,11.836,19.503,0.00,0.00,0.00,0.00,0.00,0.00,0.00,0.00,0.00,0.00,0.00,0.00,0.00,0.00,0.00,0.00,0.00
20650,DL:0.1.0:AT.1.0.0,2022-3-4 5:14:6,31.75,0.00,0.00,17.850,1.653,-6.014,11.836,19.504,0.00,0.00,0.00,0.00,0.00,0.00,0.00,0.00,0.00,0.00,0.00,0.00,0.00,0.00,0.00,0.00,0.00
20650,DL:0.1.0:AT.1.0.0,2022-3-4 5:14:12,31.75,0.00,0.00,17.865,1.639,-6.029,11.836,19.504,0.00,0.00,0.00,0.00,0.00,0.00,0.00,0.00,0.00,0.00,0.00,0.00,0.00,0.00,0.00,0.00,0.00
20650,DL:0.1.0:AT.1.0.0,2022-3-4 5:14:20,31.75,0.00,0.00,17.844,1.661,-6.009,11.835,19.505,0.00,0.00,0.00,0.00,0.00,0.00,0.00,0.00,0.00,0.00,0.00,0.00,0.00,0.00,0.00,0.00,0.00
20650,DL:0.1.0:AT.1.0.0,2022-3-4 5:14:26,31.75,0.00,0.00,17.841,1.664,-6.006,11.835,19.505,0.00,0.00,0.00,0.00,0.00,0.00,0.00,0.00,0.00,0.00,0.00,0.00,0.00,0.00,0.00,0.00,0.00
20650,DL:0.1.0:AT.1.0.0,2022-3-4 5:14:33,31.75,0.00,0.00,17.829,1.677,-5.995,11.834,19.506,0.00,0.00,0.00,0.00,0.00,0.00,0.00,0.00,0.00,0.00,0.00,0.00,0.00,0.00,0.00,0.00,0.00
20650,DL:0.1.0:AT.1.0.0,2022-3-4 5:14:40,31.75,0.00,0.00,17.845,1.659,-6.012,11.834,19.505,0.00,0.00,0.00,0.00,0.00,0.00,0.00,0.00,0.00,0.00,0.00,0.00,0.00,0.00,0.00,0.00,0.00
20650,DL:0.1.0:AT.1.0.0,2022-3-4 5:14:47,31.75,0.00,0.00,17.832,1.673,-5.999,11.834,19.505,0.00,0.00,0.00,0.00,0.00,0.00,0.00,0.00,0.00,0.00,0.00,0.00,0.00,0.00,0.00,0.00,0.00
20650,DL:0.1.0:AT.1.0.0,2022-3-4 5:14:54,31.75,0.00,0.00,17.807,1.699,-5.975,11.832,19.506,0.00,0.00,0.00,0.00,0.00,0.00,0.00,0.00,0.00,0.00,0.00,0.00,0.00,0.00,0.00,0.00,0.00
20650,DL:0.1.0:AT.1.0.0,2022-3-4 5:15:1,31.75,0.00,0.00,17.813,1.693,-5.981,11.832,19.506,0.00,0.00,0.00,0.00,0.00,0.00,0.00,0.00,0.00,0.00,0.00,0.00,0.00,0.00,0.00,0.00,0.00
20650,DL:0.1.0:AT.1.0.0,2022-3-4 5:15:7,31.75,0.00,0.00,17.851,1.656,-6.020,11.831,19.507,0.00,0.00,0.00,0.00,0.00,0.00,0.00,0.00,0.00,0.00,0.00,0.00,0.00,0.00,0.00,0.00,0.00
20650,DL:0.1.0:AT.1.0.0,2022-3-4 5:15:12,31.75,0.00,0.00,17.827,1.680,-5.996,11.831,19.507,0.00,0.00,0.00,0.00,0.00,0.00,0.00,0.00,0.00,0.00,0.00,0.00,0.00,0.00,0.00,0.00,0.00
20650,DL:0.1.0:AT.1.0.0,2022-3-4 5:15:17,31.75,0.00,0.00,17.859,1.649,-6.027,11.831,19.507,0.00,0.00,0.00,0.00,0.00,0.00,0.00,0.00,0.00,0.00,0.00,0.00,0.00,0.00,0.00,0.00,0.00
20650,DL:0.1.0:AT.1.0.0,2022-3-4 5:15:22,31.75,0.00,0.00,17.824,1.685,-5.994,11.830,19.509,0.00,0.00,0.00,0.00,0.00,0.00,0.00,0.00,0.00,0.00,0.00,0.00,0.00,0.00,0.00,0.00,0.00
20650,DL:0.1.0:AT.1.0.0,2022-3-4 5:15:28,31.75,0.00,0.00,17.842,1.667,-6.013,11.829,19.509,0.00,0.00,0.00,0.00,0.00,0.00,0.00,0.00,0.00,0.00,0.00,0.00,0.00,0.00,0.00,0.00,0.00
20650,DL:0.1.0:AT.1.0.0,2022-3-4 5:15:33,31.75,0.00,0.00,17.842,1.667,-6.012,11.830,19.509,0.00,0.00,0.00,0.00,0.00,0.00,0.00,0.00,0.00,0.00,0.00,0.00,0.00,0.00,0.00,0.00,0.00
20650,DL:0.1.0:AT.1.0.0,2022-3-4 5:15:38,31.75,0.00,0.00,17.832,1.677,-6.005,11.828,19.510,0.00,0.00,0.00,0.00,0.00,0.00,0.00,0.00,0.00,0.00,0.00,0.00,0.00,0.00,0.00,0.00,0.00
20650,DL:0.1.0:AT.1.0.0,2022-3-4 5:15:45,31.75,0.00,0.00,17.801,1.709,-5.972,11.829,19.510,0.00,0.00,0.00,0.00,0.00,0.00,0.00,0.00,0.00,0.00,0.00,0.00,0.00,0.00,0.00,0.00,0.00
20650,DL:0.1.0:AT.1.0.0,2022-3-4 5:15:52,31.75,0.00,0.00,17.830,1.680,-6.002,11.828,19.510,0.00,0.00,0.00,0.00,0.00,0.00,0.00,0.00,0.00,0.00,0.00,0.00,0.00,0.00,0.00,0.00,0.00
20650,DL:0.1.0:AT.1.0.0,2022-3-4 5:15:57,31.75,0.00,0.00,17.809,1.702,-5.983,11.826,19.511,0.00,0.00,0.00,0.00,0.00,0.00,0.00,0.00,0.00,0.00,0.00,0.00,0.00,0.00,0.00,0.00,0.00
20650,DL:0.1.0:AT.1.0.0,2022-3-4 5:16:6,31.75,0.00,0.00,17.824,1.687,-5.996,11.828,19.511,0.00,0.00,0.00,0.00,0.00,0.00,0.00,0.00,0.00,0.00,0.00,0.00,0.00,0.00,0.00,0.00,0.00
20650,DL:0.1.0:AT.1.0.0,2022-3-4 5:16:12,31.75,0.00,0.00,17.837,1.675,-6.012,11.825,19.512,0.00,0.00,0.00,0.00,0.00,0.00,0.00,0.00,0.00,0.00,0.00,0.00,0.00,0.00,0.00,0.00,0.00
20650,DL:0.1.0:AT.1.0.0,2022-3-4 5:16:17,31.75,0.00,0.00,17.811,1.702,-5.984,11.826,19.512,0.00,0.00,0.00,0.00,0.00,0.00,0.00,0.00,0.00,0.00,0.00,0.00,0.00,0.00,0.00,0.00,0.00
20650,DL:0.1.0:AT.1.0.0,2022-3-4 5:16:22,31.75,0.00,0.00,17.821,1.692,-5.996,11.825,19.513,0.00,0.00,0.00,0.00,0.00,0.00,0.00,0.00,0.00,0.00,0.00,0.00,0.00,0.00,0.00,0.00,0.00
20650,DL:0.1.0:AT.1.0.0,2022-3-4 5:16:29,31.75,0.00,0.00,17.821,1.692,-5.996,11.825,19.513,0.00,0.00,0.00,0.00,0.00,0.00,0.00,0.00,0.00,0.00,0.00,0.00,0.00,0.00,0.00,0.00,0.00
20650,DL:0.1.0:AT.1.0.0,2022-3-4 5:16:36,31.75,0.00,0.00,17.863,1.650,-6.039,11.824,19.513,0.00,0.00,0.00,0.00,0.00,0.00,0.00,0.00,0.00,0.00,0.00,0.00,0.00,0.00,0.00,0.00,0.00
20650,DL:0.1.0:AT.1.0.0,2022-3-4 5:16:41,31.75,0.00,0.00,17.837,1.676,-6.013,11.824,19.513,0.00,0.00,0.00,0.00,0.00,0.00,0.00,0.00,0.00,0.00,0.00,0.00,0.00,0.00,0.00,0.00,0.00
20650,DL:0.1.0:AT.1.0.0,2022-3-4 5:16:46,31.75,0.00,0.00,17.831,1.683,-6.008,11.823,19.515,0.00,0.00,0.00,0.00,0.00,0.00,0.00,0.00,0.00,0.00,0.00,0.00,0.00,0.00,0.00,0.00,0.00
20650,DL:0.1.0:AT.1.0.0,2022-3-4 5:16:53,31.75,0.00,0.00,17.832,1.682,-6.009,11.823,19.515,0.00,0.00,0.00,0.00,0.00,0.00,0.00,0.00,0.00,0.00,0.00,0.00,0.00,0.00,0.00,0.00,0.00
20650,DL:0.1.0:AT.1.0.0,2022-3-4 5:17:0,31.75,0.00,0.00,17.824,1.692,-6.001,11.823,19.516,0.00,0.00,0.00,0.00,0.00,0.00,0.00,0.00,0.00,0.00,0.00,0.00,0.00,0.00,0.00,0.00,0.00
20650,DL:0.1.0:AT.1.0.0,2022-3-4 5:17:7,31.75,0.00,0.00,17.809,1.708,-5.988,11.822,19.517,0.00,0.00,0.00,0.00,0.00,0.00,0.00,0.00,0.00,0.00,0.00,0.00,0.00,0.00,0.00,0.00,0.00
20650,DL:0.1.0:AT.1.0.0,2022-3-4 5:17:14,31.75,0.00,0.00,17.841,1.677,-6.020,11.820,19.518,0.00,0.00,0.00,0.00,0.00,0.00,0.00,0.00,0.00,0.00,0.00,0.00,0.00,0.00,0.00,0.00,0.00
20650,DL:0.1.0:AT.1.0.0,2022-3-4 5:17:20,31.75,0.00,0.00,17.814,1.705,-5.994,11.820,19.519,0.00,0.00,0.00,0.00,0.00,0.00,0.00,0.00,0.00,0.00,0.00,0.00,0.00,0.00,0.00,0.00,0.00
20650,DL:0.1.0:AT.1.0.0,2022-3-4 5:17:27,31.75,0.00,0.00,17.835,1.686,-6.014,11.820,19.521,0.00,0.00,0.00,0.00,0.00,0.00,0.00,0.00,0.00,0.00,0.00,0.00,0.00,0.00,0.00,0.00,0.00
20650,DL:0.1.0:AT.1.0.0,2022-3-4 5:17:34,31.75,0.00,0.00,17.838,1.683,-6.018,11.820,19.522,0.00,0.00,0.00,0.00,0.00,0.00,0.00,0.00,0.00,0.00,0.00,0.00,0.00,0.00,0.00,0.00,0.00
20650,DL:0.1.0:AT.1.0.0,2022-3-4 5:17:41,31.75,0.00,0.00,17.820,1.702,-6.001,11.819,19.522,0.00,0.00,0.00,0.00,0.00,0.00,0.00,0.00,0.00,0.00,0.00,0.00,0.00,0.00,0.00,0.00,0.00
20650,DL:0.1.0:AT.1.0.0,2022-3-4 5:17:48,31.75,0.00,0.00,17.835,1.688,-6.015,11.819,19.523,0.00,0.00,0.00,0.00,0.00,0.00,0.00,0.00,0.00,0.00,0.00,0.00,0.00,0.00,0.00,0.00,0.00
20650,DL:0.1.0:AT.1.0.0,2022-3-4 5:17:54,31.75,0.00,0.00,17.817,1.708,-5.999,11.818,19.524,0.00,0.00,0.00,0.00,0.00,0.00,0.00,0.00,0.00,0.00,0.00,0.00,0.00,0.00,0.00,0.00,0.00
20650,DL:0.1.0:AT.1.0.0,2022-3-4 5:18:1,31.75,0.00,0.00,17.814,1.711,-5.996,11.818,19.525,0.00,0.00,0.00,0.00,0.00,0.00,0.00,0.00,0.00,0.00,0.00,0.00,0.00,0.00,0.00,0.00,0.00
20650,DL:0.1.0:AT.1.0.0,2022-3-4 5:18:6,31.75,0.00,0.00,17.815,1.711,-5.999,11.817,19.527,0.00,0.00,0.00,0.00,0.00,0.00,0.00,0.00,0.00,0.00,0.00,0.00,0.00,0.00,0.00,0.00,0.00
20650,DL:0.1.0:AT.1.0.0,2022-3-4 5:18:12,31.75,0.00,0.00,17.825,1.700,-6.008,11.817,19.525,0.00,0.00,0.00,0.00,0.00,0.00,0.00,0.00,0.00,0.00,0.00,0.00,0.00,0.00,0.00,0.00,0.00
20650,DL:0.1.0:AT.1.0.0,2022-3-4 5:18:18,31.75,0.00,0.00,17.802,1.724,-5.987,11.816,19.527,0.00,0.00,0.00,0.00,0.00,0.00,0.00,0.00,0.00,0.00,0.00,0.00,0.00,0.00,0.00,0.00,0.00
20650,DL:0.1.0:AT.1.0.0,2022-3-4 5:18:25,31.75,0.00,0.00,17.800,1.727,-5.984,11.816,19.527,0.00,0.00,0.00,0.00,0.00,0.00,0.00,0.00,0.00,0.00,0.00,0.00,0.00,0.00,0.00,0.00,0.00
20650,DL:0.1.0:AT.1.0.0,2022-3-4 5:18:32,31.75,0.00,0.00,17.807,1.720,-5.993,11.814,19.527,0.00,0.00,0.00,0.00,0.00,0.00,0.00,0.00,0.00,0.00,0.00,0.00,0.00,0.00,0.00,0.00,0.00
20650,DL:0.1.0:AT.1.0.0,2022-3-4 5:18:43,31.75,0.00,0.00,17.825,1.703,-6.011,11.814,19.528,0.00,0.00,0.00,0.00,0.00,0.00,0.00,0.00,0.00,0.00,0.00,0.00,0.00,0.00,0.00,0.00,0.00
20650,DL:0.1.0:AT.1.0.0,2022-3-4 5:18:49,31.75,0.00,0.00,17.813,1.716,-6.000,11.813,19.529,0.00,0.00,0.00,0.00,0.00,0.00,0.00,0.00,0.00,0.00,0.00,0.00,0.00,0.00,0.00,0.00,0.00
20650,DL:0.1.0:AT.1.0.0,2022-3-4 5:18:56,31.75,0.00,0.00,17.824,1.706,-6.011,11.813,19.530,0.00,0.00,0.00,0.00,0.00,0.00,0.00,0.00,0.00,0.00,0.00,0.00,0.00,0.00,0.00,0.00,0.00
20650,DL:0.1.0:AT.1.0.0,2022-3-4 5:19:1,31.75,0.00,0.00,17.824,1.706,-6.011,11.813,19.530,0.00,0.00,0.00,0.00,0.00,0.00,0.00,0.00,0.00,0.00,0.00,0.00,0.00,0.00,0.00,0.00,0.00
20650,DL:0.1.0:AT.1.0.0,2022-3-4 5:19:6,31.75,0.00,0.00,17.861,1.670,-6.049,11.812,19.531,0.00,0.00,0.00,0.00,0.00,0.00,0.00,0.00,0.00,0.00,0.00,0.00,0.00,0.00,0.00,0.00,0.00
20650,DL:0.1.0:AT.1.0.0,2022-3-4 5:19:11,31.75,0.00,0.00,17.818,1.714,-6.005,11.813,19.531,0.00,0.00,0.00,0.00,0.00,0.00,0.00,0.00,0.00,0.00,0.00,0.00,0.00,0.00,0.00,0.00,0.00
20650,DL:0.1.0:AT.1.0.0,2022-3-4 5:19:17,31.75,0.00,0.00,17.853,1.680,-6.041,11.812,19.533,0.00,0.00,0.00,0.00,0.00,0.00,0.00,0.00,0.00,0.00,0.00,0.00,0.00,0.00,0.00,0.00,0.00
20650,DL:0.1.0:AT.1.0.0,2022-3-4 5:19:23,31.75,0.00,0.00,17.857,1.676,-6.047,11.811,19.534,0.00,0.00,0.00,0.00,0.00,0.00,0.00,0.00,0.00,0.00,0.00,0.00,0.00,0.00,0.00,0.00,0.00
20650,DL:0.1.0:AT.1.0.0,2022-3-4 5:19:30,31.75,0.00,0.00,17.863,1.670,-6.054,11.810,19.534,0.00,0.00,0.00,0.00,0.00,0.00,0.00,0.00,0.00,0.00,0.00,0.00,0.00,0.00,0.00,0.00,0.00
20650,DL:0.1.0:AT.1.0.0,2022-3-4 5:19:35,31.75,0.00,0.00,17.838,1.694,-6.029,11.810,19.533,0.00,0.00,0.00,0.00,0.00,0.00,0.00,0.00,0.00,0.00,0.00,0.00,0.00,0.00,0.00,0.00,0.00
20650,DL:0.1.0:AT.1.0.0,2022-3-4 5:19:45,31.75,0.00,0.00,17.859,1.675,-6.049,11.810,19.534,0.00,0.00,0.00,0.00,0.00,0.00,0.00,0.00,0.00,0.00,0.00,0.00,0.00,0.00,0.00,0.00,0.00
20650,DL:0.1.0:AT.1.0.0,2022-3-4 5:19:51,31.75,0.00,0.00,17.841,1.694,-6.032,11.808,19.535,0.00,0.00,0.00,0.00,0.00,0.00,0.00,0.00,0.00,0.00,0.00,0.00,0.00,0.00,0.00,0.00,0.00
20650,DL:0.1.0:AT.1.0.0,2022-3-4 5:19:56,31.75,0.00,0.00,17.863,1.670,-6.055,11.808,19.534,0.00,0.00,0.00,0.00,0.00,0.00,0.00,0.00,0.00,0.00,0.00,0.00,0.00,0.00,0.00,0.00,0.00
20650,DL:0.1.0:AT.1.0.0,2022-3-4 5:20:1,31.75,0.00,0.00,17.844,1.689,-6.036,11.808,19.534,0.00,0.00,0.00,0.00,0.00,0.00,0.00,0.00,0.00,0.00,0.00,0.00,0.00,0.00,0.00,0.00,0.00
20650,DL:0.1.0:AT.1.0.0,2022-3-4 5:20:8,31.75,0.00,0.00,17.831,1.703,-6.023,11.808,19.534,0.00,0.00,0.00,0.00,0.00,0.00,0.00,0.00,0.00,0.00,0.00,0.00,0.00,0.00,0.00,0.00,0.00
20650,DL:0.1.0:AT.1.0.0,2022-3-4 5:20:13,31.75,0.00,0.00,17.845,1.688,-6.038,11.807,19.534,0.00,0.00,0.00,0.00,0.00,0.00,0.00,0.00,0.00,0.00,0.00,0.00,0.00,0.00,0.00,0.00,0.00
20650,DL:0.1.0:AT.1.0.0,2022-3-4 5:20:18,31.75,0.00,0.00,17.855,1.679,-6.048,11.807,19.534,0.00,0.00,0.00,0.00,0.00,0.00,0.00,0.00,0.00,0.00,0.00,0.00,0.00,0.00,0.00,0.00,0.00
20650,DL:0.1.0:AT.1.0.0,2022-3-4 5:20:23,31.75,0.00,0.00,17.847,1.688,-6.041,11.806,19.535,0.00,0.00,0.00,0.00,0.00,0.00,0.00,0.00,0.00,0.00,0.00,0.00,0.00,0.00,0.00,0.00,0.00
20650,DL:0.1.0:AT.1.0.0,2022-3-4 5:20:28,31.75,0.00,0.00,17.839,1.696,-6.033,11.806,19.535,0.00,0.00,0.00,0.00,0.00,0.00,0.00,0.00,0.00,0.00,0.00,0.00,0.00,0.00,0.00,0.00,0.00
20650,DL:0.1.0:AT.1.0.0,2022-3-4 5:20:35,31.75,0.00,0.00,17.831,1.704,-6.025,11.806,19.535,0.00,0.00,0.00,0.00,0.00,0.00,0.00,0.00,0.00,0.00,0.00,0.00,0.00,0.00,0.00,0.00,0.00
20650,DL:0.1.0:AT.1.0.0,2022-3-4 5:20:40,31.75,0.00,0.00,17.827,1.708,-6.021,11.806,19.535,0.00,0.00,0.00,0.00,0.00,0.00,0.00,0.00,0.00,0.00,0.00,0.00,0.00,0.00,0.00,0.00,0.00
20650,DL:0.1.0:AT.1.0.0,2022-3-4 5:20:46,31.75,0.00,0.00,17.790,1.745,-5.985,11.805,19.535,0.00,0.00,0.00,0.00,0.00,0.00,0.00,0.00,0.00,0.00,0.00,0.00,0.00,0.00,0.00,0.00,0.00
20650,DL:0.1.0:AT.1.0.0,2022-3-4 5:20:52,31.75,0.00,0.00,17.841,1.696,-6.036,11.805,19.536,0.00,0.00,0.00,0.00,0.00,0.00,0.00,0.00,0.00,0.00,0.00,0.00,0.00,0.00,0.00,0.00,0.00
20650,DL:0.1.0:AT.1.0.0,2022-3-4 5:20:59,31.75,0.00,0.00,17.833,1.702,-6.027,11.806,19.535,0.00,0.00,0.00,0.00,0.00,0.00,0.00,0.00,0.00,0.00,0.00,0.00,0.00,0.00,0.00,0.00,0.00
20650,DL:0.1.0:AT.1.0.0,2022-3-4 5:21:6,31.75,0.00,0.00,17.801,1.734,-5.996,11.805,19.535,0.00,0.00,0.00,0.00,0.00,0.00,0.00,0.00,0.00,0.00,0.00,0.00,0.00,0.00,0.00,0.00,0.00
20650,DL:0.1.0:AT.1.0.0,2022-3-4 5:21:17,31.75,0.00,0.00,17.809,1.727,-6.005,11.805,19.536,0.00,0.00,0.00,0.00,0.00,0.00,0.00,0.00,0.00,0.00,0.00,0.00,0.00,0.00,0.00,0.00,0.00
20650,DL:0.1.0:AT.1.0.0,2022-3-4 5:21:23,31.75,0.00,0.00,17.821,1.716,-6.017,11.805,19.537,0.00,0.00,0.00,0.00,0.00,0.00,0.00,0.00,0.00,0.00,0.00,0.00,0.00,0.00,0.00,0.00,0.00
20650,DL:0.1.0:AT.1.0.0,2022-3-4 5:21:28,31.75,0.00,0.00,17.824,1.714,-6.019,11.805,19.537,0.00,0.00,0.00,0.00,0.00,0.00,0.00,0.00,0.00,0.00,0.00,0.00,0.00,0.00,0.00,0.00,0.00
20650,DL:0.1.0:AT.1.0.0,2022-3-4 5:21:34,31.75,0.00,0.00,17.805,1.732,-6.001,11.804,19.536,0.00,0.00,0.00,0.00,0.00,0.00,0.00,0.00,0.00,0.00,0.00,0.00,0.00,0.00,0.00,0.00,0.00
20650,DL:0.1.0:AT.1.0.0,2022-3-4 5:21:40,31.75,0.00,0.00,17.827,1.709,-6.024,11.804,19.536,0.00,0.00,0.00,0.00,0.00,0.00,0.00,0.00,0.00,0.00,0.00,0.00,0.00,0.00,0.00,0.00,0.00
20650,DL:0.1.0:AT.1.0.0,2022-3-4 5:21:45,31.75,0.00,0.00,17.802,1.735,-5.999,11.804,19.537,0.00,0.00,0.00,0.00,0.00,0.00,0.00,0.00,0.00,0.00,0.00,0.00,0.00,0.00,0.00,0.00,0.00
20650,DL:0.1.0:AT.1.0.0,2022-3-4 5:21:50,31.75,0.00,0.00,17.832,1.706,-6.030,11.802,19.539,0.00,0.00,0.00,0.00,0.00,0.00,0.00,0.00,0.00,0.00,0.00,0.00,0.00,0.00,0.00,0.00,0.00
20650,DL:0.1.0:AT.1.0.0,2022-3-4 5:21:55,31.75,0.00,0.00,17.814,1.724,-6.011,11.804,19.539,0.00,0.00,0.00,0.00,0.00,0.00,0.00,0.00,0.00,0.00,0.00,0.00,0.00,0.00,0.00,0.00,0.00
20650,DL:0.1.0:AT.1.0.0,2022-3-4 5:22:1,31.75,0.00,0.00,17.825,1.714,-6.023,11.802,19.539,0.00,0.00,0.00,0.00,0.00,0.00,0.00,0.00,0.00,0.00,0.00,0.00,0.00,0.00,0.00,0.00,0.00
20650,DL:0.1.0:AT.1.0.0,2022-3-4 5:22:7,31.75,0.00,0.00,17.833,1.706,-6.031,11.802,19.540,0.00,0.00,0.00,0.00,0.00,0.00,0.00,0.00,0.00,0.00,0.00,0.00,0.00,0.00,0.00,0.00,0.00
20650,DL:0.1.0:AT.1.0.0,2022-3-4 5:22:16,31.75,0.00,0.00,17.835,1.704,-6.033,11.801,19.539,0.00,0.00,0.00,0.00,0.00,0.00,0.00,0.00,0.00,0.00,0.00,0.00,0.00,0.00,0.00,0.00,0.00
20650,DL:0.1.0:AT.1.0.0,2022-3-4 5:22:22,31.75,0.00,0.00,17.862,1.676,-6.060,11.802,19.539,0.00,0.00,0.00,0.00,0.00,0.00,0.00,0.00,0.00,0.00,0.00,0.00,0.00,0.00,0.00,0.00,0.00
20650,DL:0.1.0:AT.1.0.0,2022-3-4 5:22:27,31.75,0.00,0.00,17.848,1.692,-6.048,11.800,19.540,0.00,0.00,0.00,0.00,0.00,0.00,0.00,0.00,0.00,0.00,0.00,0.00,0.00,0.00,0.00,0.00,0.00
20650,DL:0.1.0:AT.1.0.0,2022-3-4 5:22:33,31.75,0.00,0.00,17.839,1.700,-6.038,11.801,19.540,0.00,0.00,0.00,0.00,0.00,0.00,0.00,0.00,0.00,0.00,0.00,0.00,0.00,0.00,0.00,0.00,0.00
20650,DL:0.1.0:AT.1.0.0,2022-3-4 5:22:38,31.75,0.00,0.00,17.826,1.714,-6.026,11.800,19.540,0.00,0.00,0.00,0.00,0.00,0.00,0.00,0.00,0.00,0.00,0.00,0.00,0.00,0.00,0.00,0.00,0.00
20650,DL:0.1.0:AT.1.0.0,2022-3-4 5:22:44,31.75,0.00,0.00,17.831,1.709,-6.031,11.800,19.540,0.00,0.00,0.00,0.00,0.00,0.00,0.00,0.00,0.00,0.00,0.00,0.00,0.00,0.00,0.00,0.00,0.00
20650,DL:0.1.0:AT.1.0.0,2022-3-4 5:22:51,31.75,0.00,0.00,17.825,1.715,-6.026,11.799,19.540,0.00,0.00,0.00,0.00,0.00,0.00,0.00,0.00,0.00,0.00,0.00,0.00,0.00,0.00,0.00,0.00,0.00
20650,DL:0.1.0:AT.1.0.0,2022-3-4 5:22:59,31.75,0.00,0.00,17.831,1.709,-6.031,11.800,19.540,0.00,0.00,0.00,0.00,0.00,0.00,0.00,0.00,0.00,0.00,0.00,0.00,0.00,0.00,0.00,0.00,0.00
20650,DL:0.1.0:AT.1.0.0,2022-3-4 5:23:5,31.75,0.00,0.00,17.851,1.688,-6.053,11.799,19.540,0.00,0.00,0.00,0.00,0.00,0.00,0.00,0.00,0.00,0.00,0.00,0.00,0.00,0.00,0.00,0.00,0.00
20650,DL:0.1.0:AT.1.0.0,2022-3-4 5:23:10,31.75,0.00,0.00,17.826,1.714,-6.027,11.799,19.540,0.00,0.00,0.00,0.00,0.00,0.00,0.00,0.00,0.00,0.00,0.00,0.00,0.00,0.00,0.00,0.00,0.00
20650,DL:0.1.0:AT.1.0.0,2022-3-4 5:23:15,31.75,0.00,0.00,17.841,1.699,-6.042,11.799,19.540,0.00,0.00,0.00,0.00,0.00,0.00,0.00,0.00,0.00,0.00,0.00,0.00,0.00,0.00,0.00,0.00,0.00
20650,DL:0.1.0:AT.1.0.0,2022-3-4 5:23:20,31.75,0.00,0.00,17.826,1.714,-6.027,11.799,19.540,0.00,0.00,0.00,0.00,0.00,0.00,0.00,0.00,0.00,0.00,0.00,0.00,0.00,0.00,0.00,0.00,0.00
20650,DL:0.1.0:AT.1.0.0,2022-3-4 5:23:26,31.75,0.00,0.00,17.820,1.720,-6.023,11.798,19.540,0.00,0.00,0.00,0.00,0.00,0.00,0.00,0.00,0.00,0.00,0.00,0.00,0.00,0.00,0.00,0.00,0.00
20650,DL:0.1.0:AT.1.0.0,2022-3-4 5:23:31,31.75,0.00,0.00,17.841,1.699,-6.043,11.798,19.540,0.00,0.00,0.00,0.00,0.00,0.00,0.00,0.00,0.00,0.00,0.00,0.00,0.00,0.00,0.00,0.00,0.00
20650,DL:0.1.0:AT.1.0.0,2022-3-4 5:23:36,31.75,0.00,0.00,17.831,1.709,-6.033,11.798,19.540,0.00,0.00,0.00,0.00,0.00,0.00,0.00,0.00,0.00,0.00,0.00,0.00,0.00,0.00,0.00,0.00,0.00
20650,DL:0.1.0:AT.1.0.0,2022-3-4 5:23:41,31.75,0.00,0.00,17.811,1.730,-6.014,11.796,19.541,0.00,0.00,0.00,0.00,0.00,0.00,0.00,0.00,0.00,0.00,0.00,0.00,0.00,0.00,0.00,0.00,0.00
20650,DL:0.1.0:AT.1.0.0,2022-3-4 5:23:46,31.75,0.00,0.00,17.801,1.739,-6.005,11.796,19.540,0.00,0.00,0.00,0.00,0.00,0.00,0.00,0.00,0.00,0.00,0.00,0.00,0.00,0.00,0.00,0.00,0.00
20650,DL:0.1.0:AT.1.0.0,2022-3-4 5:23:51,31.75,0.00,0.00,17.859,1.682,-6.062,11.796,19.541,0.00,0.00,0.00,0.00,0.00,0.00,0.00,0.00,0.00,0.00,0.00,0.00,0.00,0.00,0.00,0.00,0.00
20650,DL:0.1.0:AT.1.0.0,2022-3-4 5:23:57,31.75,0.00,0.00,17.850,1.689,-6.054,11.796,19.540,0.00,0.00,0.00,0.00,0.00,0.00,0.00,0.00,0.00,0.00,0.00,0.00,0.00,0.00,0.00,0.00,0.00
20650,DL:0.1.0:AT.1.0.0,2022-3-4 5:24:4,31.75,0.00,0.00,17.830,1.711,-6.035,11.795,19.541,0.00,0.00,0.00,0.00,0.00,0.00,0.00,0.00,0.00,0.00,0.00,0.00,0.00,0.00,0.00,0.00,0.00
20650,DL:0.1.0:AT.1.0.0,2022-3-4 5:24:11,31.75,0.00,0.00,17.855,1.685,-6.061,11.794,19.540,0.00,0.00,0.00,0.00,0.00,0.00,0.00,0.00,0.00,0.00,0.00,0.00,0.00,0.00,0.00,0.00,0.00
20650,DL:0.1.0:AT.1.0.0,2022-3-4 5:24:17,31.75,0.00,0.00,17.836,1.703,-6.042,11.794,19.539,0.00,0.00,0.00,0.00,0.00,0.00,0.00,0.00,0.00,0.00,0.00,0.00,0.00,0.00,0.00,0.00,0.00
20650,DL:0.1.0:AT.1.0.0,2022-3-4 5:24:25,31.75,0.00,0.00,17.839,1.700,-6.045,11.794,19.540,0.00,0.00,0.00,0.00,0.00,0.00,0.00,0.00,0.00,0.00,0.00,0.00,0.00,0.00,0.00,0.00,0.00
20650,DL:0.1.0:AT.1.0.0,2022-3-4 5:24:30,31.75,0.00,0.00,17.815,1.723,-6.023,11.793,19.539,0.00,0.00,0.00,0.00,0.00,0.00,0.00,0.00,0.00,0.00,0.00,0.00,0.00,0.00,0.00,0.00,0.00
20650,DL:0.1.0:AT.1.0.0,2022-3-4 5:24:35,31.75,0.00,0.00,17.814,1.726,-6.021,11.793,19.540,0.00,0.00,0.00,0.00,0.00,0.00,0.00,0.00,0.00,0.00,0.00,0.00,0.00,0.00,0.00,0.00,0.00
20650,DL:0.1.0:AT.1.0.0,2022-3-4 5:24:41,31.75,0.00,0.00,17.835,1.705,-6.042,11.793,19.540,0.00,0.00,0.00,0.00,0.00,0.00,0.00,0.00,0.00,0.00,0.00,0.00,0.00,0.00,0.00,0.00,0.00
20650,DL:0.1.0:AT.1.0.0,2022-3-4 5:24:48,31.75,0.00,0.00,17.809,1.729,-6.018,11.792,19.539,0.00,0.00,0.00,0.00,0.00,0.00,0.00,0.00,0.00,0.00,0.00,0.00,0.00,0.00,0.00,0.00,0.00
20650,DL:0.1.0:AT.1.0.0,2022-3-4 5:24:55,31.75,0.00,0.00,17.811,1.728,-6.019,11.792,19.539,0.00,0.00,0.00,0.00,0.00,0.00,0.00,0.00,0.00,0.00,0.00,0.00,0.00,0.00,0.00,0.00,0.00
20650,DL:0.1.0:AT.1.0.0,2022-3-4 5:25:2,31.75,0.00,0.00,17.843,1.696,-6.053,11.790,19.539,0.00,0.00,0.00,0.00,0.00,0.00,0.00,0.00,0.00,0.00,0.00,0.00,0.00,0.00,0.00,0.00,0.00
20650,DL:0.1.0:AT.1.0.0,2022-3-4 5:25:9,31.75,0.00,0.00,17.826,1.712,-6.036,11.790,19.539,0.00,0.00,0.00,0.00,0.00,0.00,0.00,0.00,0.00,0.00,0.00,0.00,0.00,0.00,0.00,0.00,0.00
20650,DL:0.1.0:AT.1.0.0,2022-3-4 5:25:14,31.75,0.00,0.00,17.827,1.711,-6.038,11.789,19.539,0.00,0.00,0.00,0.00,0.00,0.00,0.00,0.00,0.00,0.00,0.00,0.00,0.00,0.00,0.00,0.00,0.00
20650,DL:0.1.0:AT.1.0.0,2022-3-4 5:25:19,31.75,0.00,0.00,17.801,1.738,-6.012,11.789,19.539,0.00,0.00,0.00,0.00,0.00,0.00,0.00,0.00,0.00,0.00,0.00,0.00,0.00,0.00,0.00,0.00,0.00
20650,DL:0.1.0:AT.1.0.0,2022-3-4 5:25:26,31.75,0.00,0.00,17.820,1.718,-6.031,11.789,19.539,0.00,0.00,0.00,0.00,0.00,0.00,0.00,0.00,0.00,0.00,0.00,0.00,0.00,0.00,0.00,0.00,0.00
20650,DL:0.1.0:AT.1.0.0,2022-3-4 5:25:33,31.75,0.00,0.00,17.835,1.704,-6.047,11.788,19.539,0.00,0.00,0.00,0.00,0.00,0.00,0.00,0.00,0.00,0.00,0.00,0.00,0.00,0.00,0.00,0.00,0.00
20650,DL:0.1.0:AT.1.0.0,2022-3-4 5:25:39,31.75,0.00,0.00,17.832,1.708,-6.044,11.788,19.540,0.00,0.00,0.00,0.00,0.00,0.00,0.00,0.00,0.00,0.00,0.00,0.00,0.00,0.00,0.00,0.00,0.00
20650,DL:0.1.0:AT.1.0.0,2022-3-4 5:25:46,31.75,0.00,0.00,17.827,1.711,-6.041,11.787,19.539,0.00,0.00,0.00,0.00,0.00,0.00,0.00,0.00,0.00,0.00,0.00,0.00,0.00,0.00,0.00,0.00,0.00
20650,DL:0.1.0:AT.1.0.0,2022-3-4 5:25:54,31.75,0.00,0.00,17.831,1.708,-6.044,11.787,19.539,0.00,0.00,0.00,0.00,0.00,0.00,0.00,0.00,0.00,0.00,0.00,0.00,0.00,0.00,0.00,0.00,0.00
20650,DL:0.1.0:AT.1.0.0,2022-3-4 5:26:0,31.75,0.00,0.00,17.861,1.677,-6.074,11.787,19.539,0.00,0.00,0.00,0.00,0.00,0.00,0.00,0.00,0.00,0.00,0.00,0.00,0.00,0.00,0.00,0.00,0.00
20650,DL:0.1.0:AT.1.0.0,2022-3-4 5:26:6,31.75,0.00,0.00,17.847,1.693,-6.061,11.786,19.540,0.00,0.00,0.00,0.00,0.00,0.00,0.00,0.00,0.00,0.00,0.00,0.00,0.00,0.00,0.00,0.00,0.00
20650,DL:0.1.0:AT.1.0.0,2022-3-4 5:26:12,31.75,0.00,0.00,17.854,1.686,-6.069,11.784,19.540,0.00,0.00,0.00,0.00,0.00,0.00,0.00,0.00,0.00,0.00,0.00,0.00,0.00,0.00,0.00,0.00,0.00
20650,DL:0.1.0:AT.1.0.0,2022-3-4 5:26:17,31.75,0.00,0.00,17.857,1.682,-6.073,11.784,19.540,0.00,0.00,0.00,0.00,0.00,0.00,0.00,0.00,0.00,0.00,0.00,0.00,0.00,0.00,0.00,0.00,0.00
20650,DL:0.1.0:AT.1.0.0,2022-3-4 5:26:22,31.75,0.00,0.00,17.853,1.687,-6.068,11.784,19.540,0.00,0.00,0.00,0.00,0.00,0.00,0.00,0.00,0.00,0.00,0.00,0.00,0.00,0.00,0.00,0.00,0.00
20650,DL:0.1.0:AT.1.0.0,2022-3-4 5:26:27,31.75,0.00,0.00,17.830,1.709,-6.047,11.783,19.539,0.00,0.00,0.00,0.00,0.00,0.00,0.00,0.00,0.00,0.00,0.00,0.00,0.00,0.00,0.00,0.00,0.00
20650,DL:0.1.0:AT.1.0.0,2022-3-4 5:26:34,31.75,0.00,0.00,17.826,1.712,-6.043,11.783,19.539,0.00,0.00,0.00,0.00,0.00,0.00,0.00,0.00,0.00,0.00,0.00,0.00,0.00,0.00,0.00,0.00,0.00
20650,DL:0.1.0:AT.1.0.0,2022-3-4 5:26:40,31.75,0.00,0.00,17.827,1.712,-6.045,11.782,19.540,0.00,0.00,0.00,0.00,0.00,0.00,0.00,0.00,0.00,0.00,0.00,0.00,0.00,0.00,0.00,0.00,0.00
20650,DL:0.1.0:AT.1.0.0,2022-3-4 5:26:48,31.75,0.00,0.00,17.842,1.698,-6.060,11.782,19.540,0.00,0.00,0.00,0.00,0.00,0.00,0.00,0.00,0.00,0.00,0.00,0.00,0.00,0.00,0.00,0.00,0.00
20650,DL:0.1.0:AT.1.0.0,2022-3-4 5:26:58,31.75,0.00,0.00,17.855,1.683,-6.073,11.782,19.539,0.00,0.00,0.00,0.00,0.00,0.00,0.00,0.00,0.00,0.00,0.00,0.00,0.00,0.00,0.00,0.00,0.00
20650,DL:0.1.0:AT.1.0.0,2022-3-4 5:27:5,31.75,0.00,0.00,17.833,1.705,-6.047,11.787,19.539,0.00,0.00,0.00,0.00,0.00,0.00,0.00,0.00,0.00,0.00,0.00,0.00,0.00,0.00,0.00,0.00,0.00
20650,DL:0.1.0:AT.1.0.0,2022-3-4 5:27:10,31.75,0.00,0.00,17.878,1.661,-6.090,11.788,19.539,0.00,0.00,0.00,0.00,0.00,0.00,0.00,0.00,0.00,0.00,0.00,0.00,0.00,0.00,0.00,0.00,0.00
20650,DL:0.1.0:AT.1.0.0,2022-3-4 5:27:15,31.75,0.00,0.00,17.870,1.669,-6.083,11.787,19.539,0.00,0.00,0.00,0.00,0.00,0.00,0.00,0.00,0.00,0.00,0.00,0.00,0.00,0.00,0.00,0.00,0.00
20650,DL:0.1.0:AT.1.0.0,2022-3-4 5:27:21,31.75,0.00,0.00,17.827,1.711,-6.042,11.786,19.539,0.00,0.00,0.00,0.00,0.00,0.00,0.00,0.00,0.00,0.00,0.00,0.00,0.00,0.00,0.00,0.00,0.00
20650,DL:0.1.0:AT.1.0.0,2022-3-4 5:27:29,31.75,0.00,0.00,17.854,1.685,-6.068,11.786,19.539,0.00,0.00,0.00,0.00,0.00,0.00,0.00,0.00,0.00,0.00,0.00,0.00,0.00,0.00,0.00,0.00,0.00
20650,DL:0.1.0:AT.1.0.0,2022-3-4 5:27:34,31.75,0.00,0.00,17.843,1.696,-6.059,11.784,19.539,0.00,0.00,0.00,0.00,0.00,0.00,0.00,0.00,0.00,0.00,0.00,0.00,0.00,0.00,0.00,0.00,0.00
20650,DL:0.1.0:AT.1.0.0,2022-3-4 5:27:39,31.75,0.00,0.00,17.837,1.702,-6.051,11.786,19.539,0.00,0.00,0.00,0.00,0.00,0.00,0.00,0.00,0.00,0.00,0.00,0.00,0.00,0.00,0.00,0.00,0.00
20650,DL:0.1.0:AT.1.0.0,2022-3-4 5:27:46,31.75,0.00,0.00,17.866,1.673,-6.083,11.783,19.539,0.00,0.00,0.00,0.00,0.00,0.00,0.00,0.00,0.00,0.00,0.00,0.00,0.00,0.00,0.00,0.00,0.00
20650,DL:0.1.0:AT.1.0.0,2022-3-4 5:27:53,31.75,0.00,0.00,17.823,1.716,-6.039,11.783,19.539,0.00,0.00,0.00,0.00,0.00,0.00,0.00,0.00,0.00,0.00,0.00,0.00,0.00,0.00,0.00,0.00,0.00
20650,DL:0.1.0:AT.1.0.0,2022-3-4 5:28:0,31.75,0.00,0.00,17.849,1.689,-6.067,11.782,19.539,0.00,0.00,0.00,0.00,0.00,0.00,0.00,0.00,0.00,0.00,0.00,0.00,0.00,0.00,0.00,0.00,0.00
20650,DL:0.1.0:AT.1.0.0,2022-3-4 5:28:6,31.75,0.00,0.00,17.850,1.688,-6.069,11.781,19.539,0.00,0.00,0.00,0.00,0.00,0.00,0.00,0.00,0.00,0.00,0.00,0.00,0.00,0.00,0.00,0.00,0.00
20650,DL:0.1.0:AT.1.0.0,2022-3-4 5:28:13,31.75,0.00,0.00,17.860,1.679,-6.078,11.782,19.539,0.00,0.00,0.00,0.00,0.00,0.00,0.00,0.00,0.00,0.00,0.00,0.00,0.00,0.00,0.00,0.00,0.00
20650,DL:0.1.0:AT.1.0.0,2022-3-4 5:28:20,31.75,0.00,0.00,17.831,1.708,-6.051,11.780,19.539,0.00,0.00,0.00,0.00,0.00,0.00,0.00,0.00,0.00,0.00,0.00,0.00,0.00,0.00,0.00,0.00,0.00
20650,DL:0.1.0:AT.1.0.0,2022-3-4 5:28:31,31.75,0.00,0.00,17.823,1.715,-6.044,11.778,19.537,0.00,0.00,0.00,0.00,0.00,0.00,0.00,0.00,0.00,0.00,0.00,0.00,0.00,0.00,0.00,0.00,0.00
20650,DL:0.1.0:AT.1.0.0,2022-3-4 5:28:37,31.75,0.00,0.00,17.836,1.703,-6.057,11.778,19.539,0.00,0.00,0.00,0.00,0.00,0.00,0.00,0.00,0.00,0.00,0.00,0.00,0.00,0.00,0.00,0.00,0.00
20650,DL:0.1.0:AT.1.0.0,2022-3-4 5:28:44,31.75,0.00,0.00,17.835,1.703,-6.056,11.778,19.537,0.00,0.00,0.00,0.00,0.00,0.00,0.00,0.00,0.00,0.00,0.00,0.00,0.00,0.00,0.00,0.00,0.00
20650,DL:0.1.0:AT.1.0.0,2022-3-4 5:28:51,31.75,0.00,0.00,17.830,1.709,-6.053,11.777,19.539,0.00,0.00,0.00,0.00,0.00,0.00,0.00,0.00,0.00,0.00,0.00,0.00,0.00,0.00,0.00,0.00,0.00
20650,DL:0.1.0:AT.1.0.0,2022-3-4 5:28:59,31.75,0.00,0.00,17.842,1.696,-6.065,11.777,19.537,0.00,0.00,0.00,0.00,0.00,0.00,0.00,0.00,0.00,0.00,0.00,0.00,0.00,0.00,0.00,0.00,0.00
20650,DL:0.1.0:AT.1.0.0,2022-3-4 5:29:4,31.75,0.00,0.00,17.861,1.677,-6.085,11.776,19.539,0.00,0.00,0.00,0.00,0.00,0.00,0.00,0.00,0.00,0.00,0.00,0.00,0.00,0.00,0.00,0.00,0.00
20650,DL:0.1.0:AT.1.0.0,2022-3-4 5:29:11,31.75,0.00,0.00,17.818,1.720,-6.042,11.776,19.537,0.00,0.00,0.00,0.00,0.00,0.00,0.00,0.00,0.00,0.00,0.00,0.00,0.00,0.00,0.00,0.00,0.00
20650,DL:0.1.0:AT.1.0.0,2022-3-4 5:29:16,31.75,0.00,0.00,17.820,1.717,-6.045,11.775,19.537,0.00,0.00,0.00,0.00,0.00,0.00,0.00,0.00,0.00,0.00,0.00,0.00,0.00,0.00,0.00,0.00,0.00
20650,DL:0.1.0:AT.1.0.0,2022-3-4 5:29:21,31.75,0.00,0.00,17.820,1.717,-6.047,11.774,19.537,0.00,0.00,0.00,0.00,0.00,0.00,0.00,0.00,0.00,0.00,0.00,0.00,0.00,0.00,0.00,0.00,0.00
20650,DL:0.1.0:AT.1.0.0,2022-3-4 5:29:29,31.75,0.00,0.00,17.835,1.704,-6.061,11.774,19.539,0.00,0.00,0.00,0.00,0.00,0.00,0.00,0.00,0.00,0.00,0.00,0.00,0.00,0.00,0.00,0.00,0.00
20650,DL:0.1.0:AT.1.0.0,2022-3-4 5:29:35,31.75,0.00,0.00,17.831,1.706,-6.057,11.774,19.537,0.00,0.00,0.00,0.00,0.00,0.00,0.00,0.00,0.00,0.00,0.00,0.00,0.00,0.00,0.00,0.00,0.00
20650,DL:0.1.0:AT.1.0.0,2022-3-4 5:29:42,31.50,0.00,0.00,17.838,1.700,-6.065,11.774,19.539,0.00,0.00,0.00,0.00,0.00,0.00,0.00,0.00,0.00,0.00,0.00,0.00,0.00,0.00,0.00,0.00,0.00
20650,DL:0.1.0:AT.1.0.0,2022-3-4 5:29:48,31.50,0.00,0.00,17.835,1.703,-6.062,11.772,19.537,0.00,0.00,0.00,0.00,0.00,0.00,0.00,0.00,0.00,0.00,0.00,0.00,0.00,0.00,0.00,0.00,0.00
20650,DL:0.1.0:AT.1.0.0,2022-3-4 5:29:56,31.50,0.00,0.00,17.789,1.751,-6.017,11.772,19.540,0.00,0.00,0.00,0.00,0.00,0.00,0.00,0.00,0.00,0.00,0.00,0.00,0.00,0.00,0.00,0.00,0.00
20650,DL:0.1.0:AT.1.0.0,2022-3-4 5:30:2,31.50,0.00,0.00,17.808,1.730,-6.037,11.771,19.539,0.00,0.00,0.00,0.00,0.00,0.00,0.00,0.00,0.00,0.00,0.00,0.00,0.00,0.00,0.00,0.00,0.00
20650,DL:0.1.0:AT.1.0.0,2022-3-4 5:30:7,31.50,0.00,0.00,17.836,1.703,-6.066,11.770,19.539,0.00,0.00,0.00,0.00,0.00,0.00,0.00,0.00,0.00,0.00,0.00,0.00,0.00,0.00,0.00,0.00,0.00
20650,DL:0.1.0:AT.1.0.0,2022-3-4 5:30:13,31.50,0.00,0.00,17.815,1.723,-6.044,11.771,19.539,0.00,0.00,0.00,0.00,0.00,0.00,0.00,0.00,0.00,0.00,0.00,0.00,0.00,0.00,0.00,0.00,0.00
20650,DL:0.1.0:AT.1.0.0,2022-3-4 5:30:19,31.50,0.00,0.00,17.830,1.710,-6.060,11.770,19.540,0.00,0.00,0.00,0.00,0.00,0.00,0.00,0.00,0.00,0.00,0.00,0.00,0.00,0.00,0.00,0.00,0.00
20650,DL:0.1.0:AT.1.0.0,2022-3-4 5:30:26,31.50,0.00,0.00,17.841,1.699,-6.072,11.769,19.540,0.00,0.00,0.00,0.00,0.00,0.00,0.00,0.00,0.00,0.00,0.00,0.00,0.00,0.00,0.00,0.00,0.00
20650,DL:0.1.0:AT.1.0.0,2022-3-4 5:30:34,31.50,0.00,0.00,17.838,1.702,-6.069,11.769,19.540,0.00,0.00,0.00,0.00,0.00,0.00,0.00,0.00,0.00,0.00,0.00,0.00,0.00,0.00,0.00,0.00,0.00
20650,DL:0.1.0:AT.1.0.0,2022-3-4 5:30:40,31.50,0.00,0.00,17.827,1.712,-6.059,11.769,19.540,0.00,0.00,0.00,0.00,0.00,0.00,0.00,0.00,0.00,0.00,0.00,0.00,0.00,0.00,0.00,0.00,0.00
20650,DL:0.1.0:AT.1.0.0,2022-3-4 5:30:45,31.75,0.00,0.00,17.837,1.704,-6.069,11.768,19.541,0.00,0.00,0.00,0.00,0.00,0.00,0.00,0.00,0.00,0.00,0.00,0.00,0.00,0.00,0.00,0.00,0.00
20650,DL:0.1.0:AT.1.0.0,2022-3-4 5:30:50,31.75,0.00,0.00,17.848,1.693,-6.080,11.768,19.541,0.00,0.00,0.00,0.00,0.00,0.00,0.00,0.00,0.00,0.00,0.00,0.00,0.00,0.00,0.00,0.00,0.00
20650,DL:0.1.0:AT.1.0.0,2022-3-4 5:30:55,31.75,0.00,0.00,17.845,1.696,-6.079,11.766,19.541,0.00,0.00,0.00,0.00,0.00,0.00,0.00,0.00,0.00,0.00,0.00,0.00,0.00,0.00,0.00,0.00,0.00
20650,DL:0.1.0:AT.1.0.0,2022-3-4 5:31:1,31.75,0.00,0.00,17.796,1.745,-6.030,11.766,19.541,0.00,0.00,0.00,0.00,0.00,0.00,0.00,0.00,0.00,0.00,0.00,0.00,0.00,0.00,0.00,0.00,0.00
20650,DL:0.1.0:AT.1.0.0,2022-3-4 5:31:7,31.75,0.00,0.00,17.801,1.741,-6.033,11.768,19.542,0.00,0.00,0.00,0.00,0.00,0.00,0.00,0.00,0.00,0.00,0.00,0.00,0.00,0.00,0.00,0.00,0.00
20650,DL:0.1.0:AT.1.0.0,2022-3-4 5:31:14,31.75,0.00,0.00,17.830,1.711,-6.065,11.765,19.541,0.00,0.00,0.00,0.00,0.00,0.00,0.00,0.00,0.00,0.00,0.00,0.00,0.00,0.00,0.00,0.00,0.00
20650,DL:0.1.0:AT.1.0.0,2022-3-4 5:31:21,31.75,0.00,0.00,17.833,1.709,-6.067,11.766,19.542,0.00,0.00,0.00,0.00,0.00,0.00,0.00,0.00,0.00,0.00,0.00,0.00,0.00,0.00,0.00,0.00,0.00
20650,DL:0.1.0:AT.1.0.0,2022-3-4 5:31:28,31.75,0.00,0.00,17.826,1.717,-6.061,11.765,19.543,0.00,0.00,0.00,0.00,0.00,0.00,0.00,0.00,0.00,0.00,0.00,0.00,0.00,0.00,0.00,0.00,0.00
20650,DL:0.1.0:AT.1.0.0,2022-3-4 5:31:35,31.75,0.00,0.00,17.796,1.747,-6.032,11.764,19.543,0.00,0.00,0.00,0.00,0.00,0.00,0.00,0.00,0.00,0.00,0.00,0.00,0.00,0.00,0.00,0.00,0.00
20650,DL:0.1.0:AT.1.0.0,2022-3-4 5:31:40,31.75,0.00,0.00,17.815,1.728,-6.053,11.763,19.543,0.00,0.00,0.00,0.00,0.00,0.00,0.00,0.00,0.00,0.00,0.00,0.00,0.00,0.00,0.00,0.00,0.00
20650,DL:0.1.0:AT.1.0.0,2022-3-4 5:31:48,31.50,0.00,0.00,17.817,1.727,-6.054,11.763,19.543,0.00,0.00,0.00,0.00,0.00,0.00,0.00,0.00,0.00,0.00,0.00,0.00,0.00,0.00,0.00,0.00,0.00
20650,DL:0.1.0:AT.1.0.0,2022-3-4 5:31:55,31.50,0.00,0.00,17.831,1.712,-6.068,11.763,19.543,0.00,0.00,0.00,0.00,0.00,0.00,0.00,0.00,0.00,0.00,0.00,0.00,0.00,0.00,0.00,0.00,0.00
20650,DL:0.1.0:AT.1.0.0,2022-3-4 5:32:6,31.50,0.00,0.00,17.820,1.724,-6.059,11.762,19.545,0.00,0.00,0.00,0.00,0.00,0.00,0.00,0.00,0.00,0.00,0.00,0.00,0.00,0.00,0.00,0.00,0.00
20650,DL:0.1.0:AT.1.0.0,2022-3-4 5:32:15,31.50,0.00,0.00,17.806,1.739,-6.044,11.762,19.545,0.00,0.00,0.00,0.00,0.00,0.00,0.00,0.00,0.00,0.00,0.00,0.00,0.00,0.00,0.00,0.00,0.00
20650,DL:0.1.0:AT.1.0.0,2022-3-4 5:32:23,31.50,0.00,0.00,17.845,1.700,-6.085,11.760,19.546,0.00,0.00,0.00,0.00,0.00,0.00,0.00,0.00,0.00,0.00,0.00,0.00,0.00,0.00,0.00,0.00,0.00
20650,DL:0.1.0:AT.1.0.0,2022-3-4 5:32:30,31.50,0.00,0.00,17.806,1.740,-6.045,11.760,19.546,0.00,0.00,0.00,0.00,0.00,0.00,0.00,0.00,0.00,0.00,0.00,0.00,0.00,0.00,0.00,0.00,0.00
20650,DL:0.1.0:AT.1.0.0,2022-3-4 5:32:37,31.50,0.00,0.00,17.825,1.722,-6.066,11.759,19.547,0.00,0.00,0.00,0.00,0.00,0.00,0.00,0.00,0.00,0.00,0.00,0.00,0.00,0.00,0.00,0.00,0.00
20650,DL:0.1.0:AT.1.0.0,2022-3-4 5:32:42,31.50,0.00,0.00,17.835,1.712,-6.075,11.759,19.547,0.00,0.00,0.00,0.00,0.00,0.00,0.00,0.00,0.00,0.00,0.00,0.00,0.00,0.00,0.00,0.00,0.00
20650,DL:0.1.0:AT.1.0.0,2022-3-4 5:32:47,31.50,0.00,0.00,17.821,1.724,-6.062,11.759,19.546,0.00,0.00,0.00,0.00,0.00,0.00,0.00,0.00,0.00,0.00,0.00,0.00,0.00,0.00,0.00,0.00,0.00
20650,DL:0.1.0:AT.1.0.0,2022-3-4 5:32:53,31.75,0.00,0.00,17.859,1.688,-6.099,11.759,19.547,0.00,0.00,0.00,0.00,0.00,0.00,0.00,0.00,0.00,0.00,0.00,0.00,0.00,0.00,0.00,0.00,0.00
20650,DL:0.1.0:AT.1.0.0,2022-3-4 5:33:0,31.75,0.00,0.00,17.839,1.709,-6.081,11.758,19.548,0.00,0.00,0.00,0.00,0.00,0.00,0.00,0.00,0.00,0.00,0.00,0.00,0.00,0.00,0.00,0.00,0.00
20650,DL:0.1.0:AT.1.0.0,2022-3-4 5:33:7,31.75,0.00,0.00,17.807,1.741,-6.049,11.758,19.548,0.00,0.00,0.00,0.00,0.00,0.00,0.00,0.00,0.00,0.00,0.00,0.00,0.00,0.00,0.00,0.00,0.00
20650,DL:0.1.0:AT.1.0.0,2022-3-4 5:33:17,31.75,0.00,0.00,17.823,1.724,-6.066,11.757,19.547,0.00,0.00,0.00,0.00,0.00,0.00,0.00,0.00,0.00,0.00,0.00,0.00,0.00,0.00,0.00,0.00,0.00
20650,DL:0.1.0:AT.1.0.0,2022-3-4 5:33:24,31.75,0.00,0.00,17.845,1.702,-6.090,11.756,19.547,0.00,0.00,0.00,0.00,0.00,0.00,0.00,0.00,0.00,0.00,0.00,0.00,0.00,0.00,0.00,0.00,0.00
20650,DL:0.1.0:AT.1.0.0,2022-3-4 5:33:31,31.75,0.00,0.00,17.819,1.729,-6.063,11.756,19.548,0.00,0.00,0.00,0.00,0.00,0.00,0.00,0.00,0.00,0.00,0.00,0.00,0.00,0.00,0.00,0.00,0.00
20650,DL:0.1.0:AT.1.0.0,2022-3-4 5:33:38,31.75,0.00,0.00,17.789,1.759,-6.033,11.756,19.548,0.00,0.00,0.00,0.00,0.00,0.00,0.00,0.00,0.00,0.00,0.00,0.00,0.00,0.00,0.00,0.00,0.00
20650,DL:0.1.0:AT.1.0.0,2022-3-4 5:33:45,31.75,0.00,0.00,17.808,1.741,-6.054,11.754,19.549,0.00,0.00,0.00,0.00,0.00,0.00,0.00,0.00,0.00,0.00,0.00,0.00,0.00,0.00,0.00,0.00,0.00
20650,DL:0.1.0:AT.1.0.0,2022-3-4 5:33:52,31.75,0.00,0.00,17.829,1.720,-6.074,11.754,19.548,0.00,0.00,0.00,0.00,0.00,0.00,0.00,0.00,0.00,0.00,0.00,0.00,0.00,0.00,0.00,0.00,0.00
20650,DL:0.1.0:AT.1.0.0,2022-3-4 5:33:57,31.50,0.00,0.00,17.799,1.751,-6.045,11.753,19.549,0.00,0.00,0.00,0.00,0.00,0.00,0.00,0.00,0.00,0.00,0.00,0.00,0.00,0.00,0.00,0.00,0.00
20650,DL:0.1.0:AT.1.0.0,2022-3-4 5:34:2,31.50,0.00,0.00,17.811,1.739,-6.056,11.754,19.549,0.00,0.00,0.00,0.00,0.00,0.00,0.00,0.00,0.00,0.00,0.00,0.00,0.00,0.00,0.00,0.00,0.00
20650,DL:0.1.0:AT.1.0.0,2022-3-4 5:34:9,31.50,0.00,0.00,17.837,1.712,-6.084,11.753,19.549,0.00,0.00,0.00,0.00,0.00,0.00,0.00,0.00,0.00,0.00,0.00,0.00,0.00,0.00,0.00,0.00,0.00
20650,DL:0.1.0:AT.1.0.0,2022-3-4 5:34:16,31.50,0.00,0.00,17.782,1.768,-6.030,11.752,19.549,0.00,0.00,0.00,0.00,0.00,0.00,0.00,0.00,0.00,0.00,0.00,0.00,0.00,0.00,0.00,0.00,0.00
20650,DL:0.1.0:AT.1.0.0,2022-3-4 5:34:22,31.50,0.00,0.00,17.796,1.752,-6.043,11.753,19.548,0.00,0.00,0.00,0.00,0.00,0.00,0.00,0.00,0.00,0.00,0.00,0.00,0.00,0.00,0.00,0.00,0.00
20650,DL:0.1.0:AT.1.0.0,2022-3-4 5:34:29,31.50,0.00,0.00,17.789,1.760,-6.037,11.752,19.549,0.00,0.00,0.00,0.00,0.00,0.00,0.00,0.00,0.00,0.00,0.00,0.00,0.00,0.00,0.00,0.00,0.00
20650,DL:0.1.0:AT.1.0.0,2022-3-4 5:34:37,31.50,0.00,0.00,17.814,1.735,-6.063,11.751,19.549,0.00,0.00,0.00,0.00,0.00,0.00,0.00,0.00,0.00,0.00,0.00,0.00,0.00,0.00,0.00,0.00,0.00
20650,DL:0.1.0:AT.1.0.0,2022-3-4 5:34:43,31.50,0.00,0.00,17.819,1.732,-6.069,11.750,19.551,0.00,0.00,0.00,0.00,0.00,0.00,0.00,0.00,0.00,0.00,0.00,0.00,0.00,0.00,0.00,0.00,0.00
20650,DL:0.1.0:AT.1.0.0,2022-3-4 5:34:48,31.50,0.00,0.00,17.801,1.748,-6.051,11.750,19.549,0.00,0.00,0.00,0.00,0.00,0.00,0.00,0.00,0.00,0.00,0.00,0.00,0.00,0.00,0.00,0.00,0.00
20650,DL:0.1.0:AT.1.0.0,2022-3-4 5:34:53,31.50,0.00,0.00,17.802,1.748,-6.053,11.750,19.551,0.00,0.00,0.00,0.00,0.00,0.00,0.00,0.00,0.00,0.00,0.00,0.00,0.00,0.00,0.00,0.00,0.00
20650,DL:0.1.0:AT.1.0.0,2022-3-4 5:35:0,31.50,0.00,0.00,17.801,1.750,-6.051,11.750,19.551,0.00,0.00,0.00,0.00,0.00,0.00,0.00,0.00,0.00,0.00,0.00,0.00,0.00,0.00,0.00,0.00,0.00
20650,DL:0.1.0:AT.1.0.0,2022-3-4 5:35:8,31.50,0.00,0.00,17.790,1.760,-6.041,11.750,19.551,0.00,0.00,0.00,0.00,0.00,0.00,0.00,0.00,0.00,0.00,0.00,0.00,0.00,0.00,0.00,0.00,0.00
20650,DL:0.1.0:AT.1.0.0,2022-3-4 5:35:13,31.50,0.00,0.00,17.793,1.759,-6.044,11.748,19.552,0.00,0.00,0.00,0.00,0.00,0.00,0.00,0.00,0.00,0.00,0.00,0.00,0.00,0.00,0.00,0.00,0.00
20650,DL:0.1.0:AT.1.0.0,2022-3-4 5:35:20,31.50,0.00,0.00,17.826,1.724,-6.078,11.748,19.551,0.00,0.00,0.00,0.00,0.00,0.00,0.00,0.00,0.00,0.00,0.00,0.00,0.00,0.00,0.00,0.00,0.00
20650,DL:0.1.0:AT.1.0.0,2022-3-4 5:35:25,31.50,0.00,0.00,17.832,1.720,-6.085,11.747,19.552,0.00,0.00,0.00,0.00,0.00,0.00,0.00,0.00,0.00,0.00,0.00,0.00,0.00,0.00,0.00,0.00,0.00
20650,DL:0.1.0:AT.1.0.0,2022-3-4 5:35:31,31.50,0.00,0.00,17.802,1.751,-6.055,11.747,19.553,0.00,0.00,0.00,0.00,0.00,0.00,0.00,0.00,0.00,0.00,0.00,0.00,0.00,0.00,0.00,0.00,0.00
20650,DL:0.1.0:AT.1.0.0,2022-3-4 5:35:38,31.50,0.00,0.00,17.802,1.752,-6.055,11.747,19.554,0.00,0.00,0.00,0.00,0.00,0.00,0.00,0.00,0.00,0.00,0.00,0.00,0.00,0.00,0.00,0.00,0.00
20650,DL:0.1.0:AT.1.0.0,2022-3-4 5:35:44,31.50,0.00,0.00,17.820,1.734,-6.074,11.746,19.554,0.00,0.00,0.00,0.00,0.00,0.00,0.00,0.00,0.00,0.00,0.00,0.00,0.00,0.00,0.00,0.00,0.00
20650,DL:0.1.0:AT.1.0.0,2022-3-4 5:35:51,31.50,0.00,0.00,17.857,1.697,-6.110,11.747,19.554,0.00,0.00,0.00,0.00,0.00,0.00,0.00,0.00,0.00,0.00,0.00,0.00,0.00,0.00,0.00,0.00,0.00
20650,DL:0.1.0:AT.1.0.0,2022-3-4 5:35:58,31.50,0.00,0.00,17.850,1.705,-6.106,11.745,19.555,0.00,0.00,0.00,0.00,0.00,0.00,0.00,0.00,0.00,0.00,0.00,0.00,0.00,0.00,0.00,0.00,0.00
20650,DL:0.1.0:AT.1.0.0,2022-3-4 5:36:5,31.50,0.00,0.00,17.836,1.720,-6.091,11.745,19.555,0.00,0.00,0.00,0.00,0.00,0.00,0.00,0.00,0.00,0.00,0.00,0.00,0.00,0.00,0.00,0.00,0.00
20650,DL:0.1.0:AT.1.0.0,2022-3-4 5:36:12,31.50,0.00,0.00,17.811,1.746,-6.067,11.744,19.557,0.00,0.00,0.00,0.00,0.00,0.00,0.00,0.00,0.00,0.00,0.00,0.00,0.00,0.00,0.00,0.00,0.00
20650,DL:0.1.0:AT.1.0.0,2022-3-4 5:36:18,31.50,0.00,0.00,17.824,1.733,-6.080,11.744,19.557,0.00,0.00,0.00,0.00,0.00,0.00,0.00,0.00,0.00,0.00,0.00,0.00,0.00,0.00,0.00,0.00,0.00
20650,DL:0.1.0:AT.1.0.0,2022-3-4 5:36:25,31.50,0.00,0.00,17.824,1.733,-6.080,11.744,19.557,0.00,0.00,0.00,0.00,0.00,0.00,0.00,0.00,0.00,0.00,0.00,0.00,0.00,0.00,0.00,0.00,0.00
20650,DL:0.1.0:AT.1.0.0,2022-3-4 5:36:32,31.50,0.00,0.00,17.854,1.703,-6.110,11.744,19.557,0.00,0.00,0.00,0.00,0.00,0.00,0.00,0.00,0.00,0.00,0.00,0.00,0.00,0.00,0.00,0.00,0.00
20650,DL:0.1.0:AT.1.0.0,2022-3-4 5:36:43,31.50,0.00,0.00,17.823,1.736,-6.080,11.742,19.559,0.00,0.00,0.00,0.00,0.00,0.00,0.00,0.00,0.00,0.00,0.00,0.00,0.00,0.00,0.00,0.00,0.00
20650,DL:0.1.0:AT.1.0.0,2022-3-4 5:36:49,31.50,0.00,0.00,17.802,1.757,-6.061,11.741,19.559,0.00,0.00,0.00,0.00,0.00,0.00,0.00,0.00,0.00,0.00,0.00,0.00,0.00,0.00,0.00,0.00,0.00
20650,DL:0.1.0:AT.1.0.0,2022-3-4 5:36:56,31.50,0.00,0.00,17.839,1.720,-6.099,11.740,19.559,0.00,0.00,0.00,0.00,0.00,0.00,0.00,0.00,0.00,0.00,0.00,0.00,0.00,0.00,0.00,0.00,0.00
20650,DL:0.1.0:AT.1.0.0,2022-3-4 5:37:1,31.50,0.00,0.00,17.811,1.748,-6.069,11.741,19.559,0.00,0.00,0.00,0.00,0.00,0.00,0.00,0.00,0.00,0.00,0.00,0.00,0.00,0.00,0.00,0.00,0.00
20650,DL:0.1.0:AT.1.0.0,2022-3-4 5:37:6,31.50,0.00,0.00,17.802,1.757,-6.061,11.741,19.559,0.00,0.00,0.00,0.00,0.00,0.00,0.00,0.00,0.00,0.00,0.00,0.00,0.00,0.00,0.00,0.00,0.00
20650,DL:0.1.0:AT.1.0.0,2022-3-4 5:37:11,31.50,0.00,0.00,17.814,1.746,-6.074,11.740,19.560,0.00,0.00,0.00,0.00,0.00,0.00,0.00,0.00,0.00,0.00,0.00,0.00,0.00,0.00,0.00,0.00,0.00
20650,DL:0.1.0:AT.1.0.0,2022-3-4 5:37:17,31.50,0.00,0.00,17.796,1.763,-6.057,11.739,19.559,0.00,0.00,0.00,0.00,0.00,0.00,0.00,0.00,0.00,0.00,0.00,0.00,0.00,0.00,0.00,0.00,0.00
20650,DL:0.1.0:AT.1.0.0,2022-3-4 5:37:22,31.50,0.00,0.00,17.818,1.741,-6.079,11.739,19.559,0.00,0.00,0.00,0.00,0.00,0.00,0.00,0.00,0.00,0.00,0.00,0.00,0.00,0.00,0.00,0.00,0.00
20650,DL:0.1.0:AT.1.0.0,2022-3-4 5:37:27,31.50,0.00,0.00,17.831,1.728,-6.092,11.739,19.559,0.00,0.00,0.00,0.00,0.00,0.00,0.00,0.00,0.00,0.00,0.00,0.00,0.00,0.00,0.00,0.00,0.00
20650,DL:0.1.0:AT.1.0.0,2022-3-4 5:37:34,31.50,0.00,0.00,17.833,1.728,-6.096,11.738,19.561,0.00,0.00,0.00,0.00,0.00,0.00,0.00,0.00,0.00,0.00,0.00,0.00,0.00,0.00,0.00,0.00,0.00
20650,DL:0.1.0:AT.1.0.0,2022-3-4 5:37:39,31.50,0.00,0.00,17.809,1.752,-6.072,11.738,19.561,0.00,0.00,0.00,0.00,0.00,0.00,0.00,0.00,0.00,0.00,0.00,0.00,0.00,0.00,0.00,0.00,0.00
20650,DL:0.1.0:AT.1.0.0,2022-3-4 5:37:44,31.50,0.00,0.00,17.811,1.751,-6.073,11.738,19.561,0.00,0.00,0.00,0.00,0.00,0.00,0.00,0.00,0.00,0.00,0.00,0.00,0.00,0.00,0.00,0.00,0.00
20650,DL:0.1.0:AT.1.0.0,2022-3-4 5:37:51,31.50,0.00,0.00,17.821,1.740,-6.085,11.736,19.561,0.00,0.00,0.00,0.00,0.00,0.00,0.00,0.00,0.00,0.00,0.00,0.00,0.00,0.00,0.00,0.00,0.00
20650,DL:0.1.0:AT.1.0.0,2022-3-4 5:37:58,31.50,0.00,0.00,17.808,1.753,-6.072,11.736,19.561,0.00,0.00,0.00,0.00,0.00,0.00,0.00,0.00,0.00,0.00,0.00,0.00,0.00,0.00,0.00,0.00,0.00
20650,DL:0.1.0:AT.1.0.0,2022-3-4 5:38:4,31.50,0.00,0.00,17.797,1.764,-6.061,11.736,19.561,0.00,0.00,0.00,0.00,0.00,0.00,0.00,0.00,0.00,0.00,0.00,0.00,0.00,0.00,0.00,0.00,0.00
20650,DL:0.1.0:AT.1.0.0,2022-3-4 5:38:9,31.50,0.00,0.00,17.785,1.776,-6.049,11.736,19.561,0.00,0.00,0.00,0.00,0.00,0.00,0.00,0.00,0.00,0.00,0.00,0.00,0.00,0.00,0.00,0.00,0.00
20650,DL:0.1.0:AT.1.0.0,2022-3-4 5:38:15,31.50,0.00,0.00,17.784,1.777,-6.048,11.736,19.561,0.00,0.00,0.00,0.00,0.00,0.00,0.00,0.00,0.00,0.00,0.00,0.00,0.00,0.00,0.00,0.00,0.00
20650,DL:0.1.0:AT.1.0.0,2022-3-4 5:38:21,31.50,0.00,0.00,17.839,1.722,-6.103,11.736,19.561,0.00,0.00,0.00,0.00,0.00,0.00,0.00,0.00,0.00,0.00,0.00,0.00,0.00,0.00,0.00,0.00,0.00
20650,DL:0.1.0:AT.1.0.0,2022-3-4 5:38:26,31.50,0.00,0.00,17.819,1.742,-6.083,11.736,19.561,0.00,0.00,0.00,0.00,0.00,0.00,0.00,0.00,0.00,0.00,0.00,0.00,0.00,0.00,0.00,0.00,0.00
20650,DL:0.1.0:AT.1.0.0,2022-3-4 5:38:31,31.50,0.00,0.00,17.815,1.746,-6.079,11.736,19.561,0.00,0.00,0.00,0.00,0.00,0.00,0.00,0.00,0.00,0.00,0.00,0.00,0.00,0.00,0.00,0.00,0.00
20650,DL:0.1.0:AT.1.0.0,2022-3-4 5:38:36,31.50,0.00,0.00,17.799,1.764,-6.063,11.735,19.563,0.00,0.00,0.00,0.00,0.00,0.00,0.00,0.00,0.00,0.00,0.00,0.00,0.00,0.00,0.00,0.00,0.00
20650,DL:0.1.0:AT.1.0.0,2022-3-4 5:38:42,31.50,0.00,0.00,17.770,1.793,-6.035,11.735,19.563,0.00,0.00,0.00,0.00,0.00,0.00,0.00,0.00,0.00,0.00,0.00,0.00,0.00,0.00,0.00,0.00,0.00
20650,DL:0.1.0:AT.1.0.0,2022-3-4 5:38:49,31.50,0.00,0.00,17.818,1.745,-6.081,11.736,19.563,0.00,0.00,0.00,0.00,0.00,0.00,0.00,0.00,0.00,0.00,0.00,0.00,0.00,0.00,0.00,0.00,0.00
20650,DL:0.1.0:AT.1.0.0,2022-3-4 5:38:55,31.50,0.00,0.00,17.809,1.753,-6.074,11.735,19.563,0.00,0.00,0.00,0.00,0.00,0.00,0.00,0.00,0.00,0.00,0.00,0.00,0.00,0.00,0.00,0.00,0.00
20650,DL:0.1.0:AT.1.0.0,2022-3-4 5:39:2,31.50,0.00,0.00,17.801,1.763,-6.066,11.735,19.564,0.00,0.00,0.00,0.00,0.00,0.00,0.00,0.00,0.00,0.00,0.00,0.00,0.00,0.00,0.00,0.00,0.00
20650,DL:0.1.0:AT.1.0.0,2022-3-4 5:39:10,31.50,0.00,0.00,17.821,1.742,-6.087,11.734,19.564,0.00,0.00,0.00,0.00,0.00,0.00,0.00,0.00,0.00,0.00,0.00,0.00,0.00,0.00,0.00,0.00,0.00
20650,DL:0.1.0:AT.1.0.0,2022-3-4 5:39:15,31.50,0.00,0.00,17.799,1.765,-6.069,11.729,19.564,0.00,0.00,0.00,0.00,0.00,0.00,0.00,0.00,0.00,0.00,0.00,0.00,0.00,0.00,0.00,0.00,0.00
20650,DL:0.1.0:AT.1.0.0,2022-3-4 5:39:20,31.50,0.00,0.00,17.813,1.752,-6.079,11.734,19.565,0.00,0.00,0.00,0.00,0.00,0.00,0.00,0.00,0.00,0.00,0.00,0.00,0.00,0.00,0.00,0.00,0.00
20650,DL:0.1.0:AT.1.0.0,2022-3-4 5:39:25,31.50,0.00,0.00,17.803,1.762,-6.071,11.733,19.565,0.00,0.00,0.00,0.00,0.00,0.00,0.00,0.00,0.00,0.00,0.00,0.00,0.00,0.00,0.00,0.00,0.00
20650,DL:0.1.0:AT.1.0.0,2022-3-4 5:39:30,31.50,0.00,0.00,17.811,1.754,-6.078,11.733,19.565,0.00,0.00,0.00,0.00,0.00,0.00,0.00,0.00,0.00,0.00,0.00,0.00,0.00,0.00,0.00,0.00,0.00
20650,DL:0.1.0:AT.1.0.0,2022-3-4 5:39:35,31.50,0.00,0.00,17.812,1.753,-6.079,11.733,19.565,0.00,0.00,0.00,0.00,0.00,0.00,0.00,0.00,0.00,0.00,0.00,0.00,0.00,0.00,0.00,0.00,0.00
20650,DL:0.1.0:AT.1.0.0,2022-3-4 5:39:40,31.50,0.00,0.00,17.827,1.738,-6.095,11.733,19.565,0.00,0.00,0.00,0.00,0.00,0.00,0.00,0.00,0.00,0.00,0.00,0.00,0.00,0.00,0.00,0.00,0.00
20650,DL:0.1.0:AT.1.0.0,2022-3-4 5:39:47,31.50,0.00,0.00,17.830,1.736,-6.098,11.732,19.566,0.00,0.00,0.00,0.00,0.00,0.00,0.00,0.00,0.00,0.00,0.00,0.00,0.00,0.00,0.00,0.00,0.00
20650,DL:0.1.0:AT.1.0.0,2022-3-4 5:39:52,31.50,0.00,0.00,17.839,1.728,-6.108,11.732,19.567,0.00,0.00,0.00,0.00,0.00,0.00,0.00,0.00,0.00,0.00,0.00,0.00,0.00,0.00,0.00,0.00,0.00
20650,DL:0.1.0:AT.1.0.0,2022-3-4 5:39:57,31.50,0.00,0.00,17.817,1.751,-6.081,11.735,19.567,0.00,0.00,0.00,0.00,0.00,0.00,0.00,0.00,0.00,0.00,0.00,0.00,0.00,0.00,0.00,0.00,0.00
20650,DL:0.1.0:AT.1.0.0,2022-3-4 5:40:4,31.50,0.00,0.00,17.793,1.775,-6.062,11.730,19.567,0.00,0.00,0.00,0.00,0.00,0.00,0.00,0.00,0.00,0.00,0.00,0.00,0.00,0.00,0.00,0.00,0.00
20650,DL:0.1.0:AT.1.0.0,2022-3-4 5:40:12,31.50,0.00,0.00,17.818,1.750,-6.087,11.730,19.567,0.00,0.00,0.00,0.00,0.00,0.00,0.00,0.00,0.00,0.00,0.00,0.00,0.00,0.00,0.00,0.00,0.00
20650,DL:0.1.0:AT.1.0.0,2022-3-4 5:40:17,31.50,0.00,0.00,17.818,1.750,-6.087,11.730,19.567,0.00,0.00,0.00,0.00,0.00,0.00,0.00,0.00,0.00,0.00,0.00,0.00,0.00,0.00,0.00,0.00,0.00
20650,DL:0.1.0:AT.1.0.0,2022-3-4 5:40:22,31.50,0.00,0.00,17.813,1.756,-6.083,11.730,19.569,0.00,0.00,0.00,0.00,0.00,0.00,0.00,0.00,0.00,0.00,0.00,0.00,0.00,0.00,0.00,0.00,0.00
20650,DL:0.1.0:AT.1.0.0,2022-3-4 5:40:28,31.50,0.00,0.00,17.802,1.766,-6.073,11.729,19.569,0.00,0.00,0.00,0.00,0.00,0.00,0.00,0.00,0.00,0.00,0.00,0.00,0.00,0.00,0.00,0.00,0.00
20650,DL:0.1.0:AT.1.0.0,2022-3-4 5:40:34,31.50,0.00,0.00,17.829,1.740,-6.099,11.729,19.569,0.00,0.00,0.00,0.00,0.00,0.00,0.00,0.00,0.00,0.00,0.00,0.00,0.00,0.00,0.00,0.00,0.00
20650,DL:0.1.0:AT.1.0.0,2022-3-4 5:40:43,31.50,0.00,0.00,17.838,1.730,-6.109,11.729,19.569,0.00,0.00,0.00,0.00,0.00,0.00,0.00,0.00,0.00,0.00,0.00,0.00,0.00,0.00,0.00,0.00,0.00
20650,DL:0.1.0:AT.1.0.0,2022-3-4 5:40:49,31.50,0.00,0.00,17.814,1.754,-6.086,11.728,19.569,0.00,0.00,0.00,0.00,0.00,0.00,0.00,0.00,0.00,0.00,0.00,0.00,0.00,0.00,0.00,0.00,0.00
20650,DL:0.1.0:AT.1.0.0,2022-3-4 5:40:54,31.50,0.00,0.00,17.839,1.729,-6.110,11.729,19.569,0.00,0.00,0.00,0.00,0.00,0.00,0.00,0.00,0.00,0.00,0.00,0.00,0.00,0.00,0.00,0.00,0.00
20650,DL:0.1.0:AT.1.0.0,2022-3-4 5:40:59,31.50,0.00,0.00,17.857,1.711,-6.128,11.729,19.569,0.00,0.00,0.00,0.00,0.00,0.00,0.00,0.00,0.00,0.00,0.00,0.00,0.00,0.00,0.00,0.00,0.00
20650,DL:0.1.0:AT.1.0.0,2022-3-4 5:41:4,31.50,0.00,0.00,17.811,1.758,-6.081,11.729,19.569,0.00,0.00,0.00,0.00,0.00,0.00,0.00,0.00,0.00,0.00,0.00,0.00,0.00,0.00,0.00,0.00,0.00
20650,DL:0.1.0:AT.1.0.0,2022-3-4 5:41:9,31.50,0.00,0.00,17.818,1.752,-6.090,11.728,19.570,0.00,0.00,0.00,0.00,0.00,0.00,0.00,0.00,0.00,0.00,0.00,0.00,0.00,0.00,0.00,0.00,0.00
20650,DL:0.1.0:AT.1.0.0,2022-3-4 5:41:17,31.50,0.00,0.00,17.824,1.745,-6.097,11.727,19.569,0.00,0.00,0.00,0.00,0.00,0.00,0.00,0.00,0.00,0.00,0.00,0.00,0.00,0.00,0.00,0.00,0.00
20650,DL:0.1.0:AT.1.0.0,2022-3-4 5:41:23,31.50,0.00,0.00,17.814,1.754,-6.087,11.727,19.569,0.00,0.00,0.00,0.00,0.00,0.00,0.00,0.00,0.00,0.00,0.00,0.00,0.00,0.00,0.00,0.00,0.00
20650,DL:0.1.0:AT.1.0.0,2022-3-4 5:41:28,31.50,0.00,0.00,17.794,1.775,-6.067,11.727,19.569,0.00,0.00,0.00,0.00,0.00,0.00,0.00,0.00,0.00,0.00,0.00,0.00,0.00,0.00,0.00,0.00,0.00
20650,DL:0.1.0:AT.1.0.0,2022-3-4 5:41:33,31.50,0.00,0.00,17.805,1.764,-6.081,11.723,19.569,0.00,0.00,0.00,0.00,0.00,0.00,0.00,0.00,0.00,0.00,0.00,0.00,0.00,0.00,0.00,0.00,0.00
20650,DL:0.1.0:AT.1.0.0,2022-3-4 5:41:38,31.50,0.00,0.00,17.814,1.754,-6.090,11.724,19.569,0.00,0.00,0.00,0.00,0.00,0.00,0.00,0.00,0.00,0.00,0.00,0.00,0.00,0.00,0.00,0.00,0.00
20650,DL:0.1.0:AT.1.0.0,2022-3-4 5:41:44,31.50,0.00,0.00,17.811,1.757,-6.085,11.726,19.567,0.00,0.00,0.00,0.00,0.00,0.00,0.00,0.00,0.00,0.00,0.00,0.00,0.00,0.00,0.00,0.00,0.00
20650,DL:0.1.0:AT.1.0.0,2022-3-4 5:41:50,31.50,0.00,0.00,17.789,1.780,-6.065,11.724,19.569,0.00,0.00,0.00,0.00,0.00,0.00,0.00,0.00,0.00,0.00,0.00,0.00,0.00,0.00,0.00,0.00,0.00
20650,DL:0.1.0:AT.1.0.0,2022-3-4 5:41:57,31.50,0.00,0.00,17.866,1.702,-6.142,11.724,19.567,0.00,0.00,0.00,0.00,0.00,0.00,0.00,0.00,0.00,0.00,0.00,0.00,0.00,0.00,0.00,0.00,0.00
20650,DL:0.1.0:AT.1.0.0,2022-3-4 5:42:3,31.50,0.00,0.00,17.829,1.739,-6.104,11.724,19.567,0.00,0.00,0.00,0.00,0.00,0.00,0.00,0.00,0.00,0.00,0.00,0.00,0.00,0.00,0.00,0.00,0.00
20650,DL:0.1.0:AT.1.0.0,2022-3-4 5:42:10,31.50,0.00,0.00,17.809,1.759,-6.086,11.723,19.569,0.00,0.00,0.00,0.00,0.00,0.00,0.00,0.00,0.00,0.00,0.00,0.00,0.00,0.00,0.00,0.00,0.00
20650,DL:0.1.0:AT.1.0.0,2022-3-4 5:42:15,31.50,0.00,0.00,17.781,1.787,-6.057,11.723,19.567,0.00,0.00,0.00,0.00,0.00,0.00,0.00,0.00,0.00,0.00,0.00,0.00,0.00,0.00,0.00,0.00,0.00
20650,DL:0.1.0:AT.1.0.0,2022-3-4 5:42:21,31.50,0.00,0.00,17.801,1.766,-6.079,11.722,19.567,0.00,0.00,0.00,0.00,0.00,0.00,0.00,0.00,0.00,0.00,0.00,0.00,0.00,0.00,0.00,0.00,0.00
20650,DL:0.1.0:AT.1.0.0,2022-3-4 5:42:27,31.50,0.00,0.00,17.795,1.772,-6.073,11.722,19.567,0.00,0.00,0.00,0.00,0.00,0.00,0.00,0.00,0.00,0.00,0.00,0.00,0.00,0.00,0.00,0.00,0.00
20650,DL:0.1.0:AT.1.0.0,2022-3-4 5:42:32,31.50,0.00,0.00,17.794,1.775,-6.073,11.721,19.569,0.00,0.00,0.00,0.00,0.00,0.00,0.00,0.00,0.00,0.00,0.00,0.00,0.00,0.00,0.00,0.00,0.00
20650,DL:0.1.0:AT.1.0.0,2022-3-4 5:42:37,31.50,0.00,0.00,17.796,1.772,-6.074,11.722,19.569,0.00,0.00,0.00,0.00,0.00,0.00,0.00,0.00,0.00,0.00,0.00,0.00,0.00,0.00,0.00,0.00,0.00
20650,DL:0.1.0:AT.1.0.0,2022-3-4 5:42:42,31.50,0.00,0.00,17.825,1.744,-6.108,11.717,19.569,0.00,0.00,0.00,0.00,0.00,0.00,0.00,0.00,0.00,0.00,0.00,0.00,0.00,0.00,0.00,0.00,0.00
20650,DL:0.1.0:AT.1.0.0,2022-3-4 5:42:50,31.50,0.00,0.00,17.806,1.762,-6.086,11.720,19.567,0.00,0.00,0.00,0.00,0.00,0.00,0.00,0.00,0.00,0.00,0.00,0.00,0.00,0.00,0.00,0.00,0.00
20650,DL:0.1.0:AT.1.0.0,2022-3-4 5:42:56,31.50,0.00,0.00,17.791,1.777,-6.072,11.720,19.569,0.00,0.00,0.00,0.00,0.00,0.00,0.00,0.00,0.00,0.00,0.00,0.00,0.00,0.00,0.00,0.00,0.00
20650,DL:0.1.0:AT.1.0.0,2022-3-4 5:43:2,31.50,0.00,0.00,17.820,1.748,-6.101,11.720,19.569,0.00,0.00,0.00,0.00,0.00,0.00,0.00,0.00,0.00,0.00,0.00,0.00,0.00,0.00,0.00,0.00,0.00
20650,DL:0.1.0:AT.1.0.0,2022-3-4 5:43:7,31.50,0.00,0.00,17.811,1.758,-6.089,11.722,19.569,0.00,0.00,0.00,0.00,0.00,0.00,0.00,0.00,0.00,0.00,0.00,0.00,0.00,0.00,0.00,0.00,0.00
20650,DL:0.1.0:AT.1.0.0,2022-3-4 5:43:13,31.50,0.00,0.00,17.827,1.742,-6.109,11.718,19.570,0.00,0.00,0.00,0.00,0.00,0.00,0.00,0.00,0.00,0.00,0.00,0.00,0.00,0.00,0.00,0.00,0.00
20650,DL:0.1.0:AT.1.0.0,2022-3-4 5:43:21,31.50,0.00,0.00,17.818,1.752,-6.099,11.718,19.570,0.00,0.00,0.00,0.00,0.00,0.00,0.00,0.00,0.00,0.00,0.00,0.00,0.00,0.00,0.00,0.00,0.00
20650,DL:0.1.0:AT.1.0.0,2022-3-4 5:43:26,31.50,0.00,0.00,17.817,1.752,-6.099,11.717,19.569,0.00,0.00,0.00,0.00,0.00,0.00,0.00,0.00,0.00,0.00,0.00,0.00,0.00,0.00,0.00,0.00,0.00
20650,DL:0.1.0:AT.1.0.0,2022-3-4 5:43:33,31.50,0.00,0.00,17.813,1.757,-6.097,11.716,19.570,0.00,0.00,0.00,0.00,0.00,0.00,0.00,0.00,0.00,0.00,0.00,0.00,0.00,0.00,0.00,0.00,0.00
20650,DL:0.1.0:AT.1.0.0,2022-3-4 5:43:40,31.50,0.00,0.00,17.820,1.751,-6.104,11.716,19.571,0.00,0.00,0.00,0.00,0.00,0.00,0.00,0.00,0.00,0.00,0.00,0.00,0.00,0.00,0.00,0.00,0.00
20650,DL:0.1.0:AT.1.0.0,2022-3-4 5:43:46,31.50,0.00,0.00,17.829,1.742,-6.113,11.716,19.571,0.00,0.00,0.00,0.00,0.00,0.00,0.00,0.00,0.00,0.00,0.00,0.00,0.00,0.00,0.00,0.00,0.00
20650,DL:0.1.0:AT.1.0.0,2022-3-4 5:43:52,31.50,0.00,0.00,17.807,1.764,-6.090,11.717,19.571,0.00,0.00,0.00,0.00,0.00,0.00,0.00,0.00,0.00,0.00,0.00,0.00,0.00,0.00,0.00,0.00,0.00
20650,DL:0.1.0:AT.1.0.0,2022-3-4 5:43:57,31.50,0.00,0.00,17.809,1.762,-6.096,11.714,19.571,0.00,0.00,0.00,0.00,0.00,0.00,0.00,0.00,0.00,0.00,0.00,0.00,0.00,0.00,0.00,0.00,0.00
20650,DL:0.1.0:AT.1.0.0,2022-3-4 5:44:3,31.50,0.00,0.00,17.815,1.757,-6.101,11.715,19.572,0.00,0.00,0.00,0.00,0.00,0.00,0.00,0.00,0.00,0.00,0.00,0.00,0.00,0.00,0.00,0.00,0.00
20650,DL:0.1.0:AT.1.0.0,2022-3-4 5:44:8,31.50,0.00,0.00,17.799,1.774,-6.084,11.715,19.572,0.00,0.00,0.00,0.00,0.00,0.00,0.00,0.00,0.00,0.00,0.00,0.00,0.00,0.00,0.00,0.00,0.00
20650,DL:0.1.0:AT.1.0.0,2022-3-4 5:44:14,31.50,0.00,0.00,17.799,1.775,-6.085,11.714,19.573,0.00,0.00,0.00,0.00,0.00,0.00,0.00,0.00,0.00,0.00,0.00,0.00,0.00,0.00,0.00,0.00,0.00
20650,DL:0.1.0:AT.1.0.0,2022-3-4 5:44:23,31.50,0.00,0.00,17.795,1.778,-6.083,11.712,19.573,0.00,0.00,0.00,0.00,0.00,0.00,0.00,0.00,0.00,0.00,0.00,0.00,0.00,0.00,0.00,0.00,0.00
20650,DL:0.1.0:AT.1.0.0,2022-3-4 5:44:28,31.50,0.00,0.00,17.819,1.754,-6.102,11.717,19.573,0.00,0.00,0.00,0.00,0.00,0.00,0.00,0.00,0.00,0.00,0.00,0.00,0.00,0.00,0.00,0.00,0.00
20650,DL:0.1.0:AT.1.0.0,2022-3-4 5:44:33,31.50,0.00,0.00,17.795,1.778,-6.085,11.710,19.573,0.00,0.00,0.00,0.00,0.00,0.00,0.00,0.00,0.00,0.00,0.00,0.00,0.00,0.00,0.00,0.00,0.00
20650,DL:0.1.0:AT.1.0.0,2022-3-4 5:44:38,31.50,0.00,0.00,17.807,1.768,-6.095,11.712,19.575,0.00,0.00,0.00,0.00,0.00,0.00,0.00,0.00,0.00,0.00,0.00,0.00,0.00,0.00,0.00,0.00,0.00
20650,DL:0.1.0:AT.1.0.0,2022-3-4 5:44:43,31.50,0.00,0.00,17.829,1.746,-6.118,11.711,19.575,0.00,0.00,0.00,0.00,0.00,0.00,0.00,0.00,0.00,0.00,0.00,0.00,0.00,0.00,0.00,0.00,0.00
20650,DL:0.1.0:AT.1.0.0,2022-3-4 5:44:48,31.50,0.00,0.00,17.793,1.782,-6.080,11.712,19.575,0.00,0.00,0.00,0.00,0.00,0.00,0.00,0.00,0.00,0.00,0.00,0.00,0.00,0.00,0.00,0.00,0.00
20650,DL:0.1.0:AT.1.0.0,2022-3-4 5:44:56,31.50,0.00,0.00,17.796,1.777,-6.081,11.715,19.573,0.00,0.00,0.00,0.00,0.00,0.00,0.00,0.00,0.00,0.00,0.00,0.00,0.00,0.00,0.00,0.00,0.00
20650,DL:0.1.0:AT.1.0.0,2022-3-4 5:45:2,31.50,0.00,0.00,17.824,1.751,-6.114,11.710,19.575,0.00,0.00,0.00,0.00,0.00,0.00,0.00,0.00,0.00,0.00,0.00,0.00,0.00,0.00,0.00,0.00,0.00
20650,DL:0.1.0:AT.1.0.0,2022-3-4 5:45:9,31.50,0.00,0.00,17.813,1.762,-6.103,11.710,19.575,0.00,0.00,0.00,0.00,0.00,0.00,0.00,0.00,0.00,0.00,0.00,0.00,0.00,0.00,0.00,0.00,0.00
20650,DL:0.1.0:AT.1.0.0,2022-3-4 5:45:16,31.50,0.00,0.00,17.791,1.783,-6.081,11.710,19.575,0.00,0.00,0.00,0.00,0.00,0.00,0.00,0.00,0.00,0.00,0.00,0.00,0.00,0.00,0.00,0.00,0.00
20650,DL:0.1.0:AT.1.0.0,2022-3-4 5:45:24,31.50,0.00,0.00,17.817,1.758,-6.112,11.705,19.575,0.00,0.00,0.00,0.00,0.00,0.00,0.00,0.00,0.00,0.00,0.00,0.00,0.00,0.00,0.00,0.00,0.00
20650,DL:0.1.0:AT.1.0.0,2022-3-4 5:45:29,31.50,0.00,0.00,17.843,1.732,-6.134,11.709,19.575,0.00,0.00,0.00,0.00,0.00,0.00,0.00,0.00,0.00,0.00,0.00,0.00,0.00,0.00,0.00,0.00,0.00
20650,DL:0.1.0:AT.1.0.0,2022-3-4 5:45:36,31.50,0.00,0.00,17.812,1.763,-6.103,11.709,19.575,0.00,0.00,0.00,0.00,0.00,0.00,0.00,0.00,0.00,0.00,0.00,0.00,0.00,0.00,0.00,0.00,0.00
20650,DL:0.1.0:AT.1.0.0,2022-3-4 5:45:41,31.50,0.00,0.00,17.824,1.751,-6.114,11.710,19.575,0.00,0.00,0.00,0.00,0.00,0.00,0.00,0.00,0.00,0.00,0.00,0.00,0.00,0.00,0.00,0.00,0.00
20650,DL:0.1.0:AT.1.0.0,2022-3-4 5:45:47,31.50,0.00,0.00,17.802,1.771,-6.095,11.708,19.573,0.00,0.00,0.00,0.00,0.00,0.00,0.00,0.00,0.00,0.00,0.00,0.00,0.00,0.00,0.00,0.00,0.00
20650,DL:0.1.0:AT.1.0.0,2022-3-4 5:45:57,31.50,0.00,0.00,17.815,1.758,-6.109,11.706,19.573,0.00,0.00,0.00,0.00,0.00,0.00,0.00,0.00,0.00,0.00,0.00,0.00,0.00,0.00,0.00,0.00,0.00
20650,DL:0.1.0:AT.1.0.0,2022-3-4 5:46:2,31.50,0.00,0.00,17.819,1.754,-6.113,11.706,19.573,0.00,0.00,0.00,0.00,0.00,0.00,0.00,0.00,0.00,0.00,0.00,0.00,0.00,0.00,0.00,0.00,0.00
20650,DL:0.1.0:AT.1.0.0,2022-3-4 5:46:7,31.50,0.00,0.00,17.801,1.772,-6.095,11.706,19.573,0.00,0.00,0.00,0.00,0.00,0.00,0.00,0.00,0.00,0.00,0.00,0.00,0.00,0.00,0.00,0.00,0.00
20650,DL:0.1.0:AT.1.0.0,2022-3-4 5:46:12,31.50,0.00,0.00,17.785,1.788,-6.080,11.705,19.573,0.00,0.00,0.00,0.00,0.00,0.00,0.00,0.00,0.00,0.00,0.00,0.00,0.00,0.00,0.00,0.00,0.00
20650,DL:0.1.0:AT.1.0.0,2022-3-4 5:46:20,31.50,0.00,0.00,17.825,1.748,-6.124,11.702,19.573,0.00,0.00,0.00,0.00,0.00,0.00,0.00,0.00,0.00,0.00,0.00,0.00,0.00,0.00,0.00,0.00,0.00
20650,DL:0.1.0:AT.1.0.0,2022-3-4 5:46:28,31.50,0.00,0.00,17.802,1.771,-6.098,11.704,19.573,0.00,0.00,0.00,0.00,0.00,0.00,0.00,0.00,0.00,0.00,0.00,0.00,0.00,0.00,0.00,0.00,0.00
20650,DL:0.1.0:AT.1.0.0,2022-3-4 5:46:34,31.50,0.00,0.00,17.825,1.750,-6.122,11.703,19.575,0.00,0.00,0.00,0.00,0.00,0.00,0.00,0.00,0.00,0.00,0.00,0.00,0.00,0.00,0.00,0.00,0.00
20650,DL:0.1.0:AT.1.0.0,2022-3-4 5:46:41,31.50,0.00,0.00,17.813,1.760,-6.110,11.703,19.573,0.00,0.00,0.00,0.00,0.00,0.00,0.00,0.00,0.00,0.00,0.00,0.00,0.00,0.00,0.00,0.00,0.00
20650,DL:0.1.0:AT.1.0.0,2022-3-4 5:46:46,31.50,0.00,0.00,17.823,1.751,-6.120,11.703,19.573,0.00,0.00,0.00,0.00,0.00,0.00,0.00,0.00,0.00,0.00,0.00,0.00,0.00,0.00,0.00,0.00,0.00
20650,DL:0.1.0:AT.1.0.0,2022-3-4 5:46:52,31.50,0.00,0.00,17.821,1.754,-6.120,11.702,19.576,0.00,0.00,0.00,0.00,0.00,0.00,0.00,0.00,0.00,0.00,0.00,0.00,0.00,0.00,0.00,0.00,0.00
20650,DL:0.1.0:AT.1.0.0,2022-3-4 5:46:57,31.50,0.00,0.00,17.809,1.765,-6.108,11.702,19.575,0.00,0.00,0.00,0.00,0.00,0.00,0.00,0.00,0.00,0.00,0.00,0.00,0.00,0.00,0.00,0.00,0.00
20650,DL:0.1.0:AT.1.0.0,2022-3-4 5:47:2,31.50,0.00,0.00,17.803,1.771,-6.099,11.704,19.575,0.00,0.00,0.00,0.00,0.00,0.00,0.00,0.00,0.00,0.00,0.00,0.00,0.00,0.00,0.00,0.00,0.00
20650,DL:0.1.0:AT.1.0.0,2022-3-4 5:47:9,31.50,0.00,0.00,17.808,1.768,-6.107,11.702,19.576,0.00,0.00,0.00,0.00,0.00,0.00,0.00,0.00,0.00,0.00,0.00,0.00,0.00,0.00,0.00,0.00,0.00
20650,DL:0.1.0:AT.1.0.0,2022-3-4 5:47:16,31.50,0.00,0.00,17.811,1.764,-6.110,11.700,19.575,0.00,0.00,0.00,0.00,0.00,0.00,0.00,0.00,0.00,0.00,0.00,0.00,0.00,0.00,0.00,0.00,0.00
20650,DL:0.1.0:AT.1.0.0,2022-3-4 5:47:23,31.50,0.00,0.00,17.794,1.782,-6.093,11.700,19.576,0.00,0.00,0.00,0.00,0.00,0.00,0.00,0.00,0.00,0.00,0.00,0.00,0.00,0.00,0.00,0.00,0.00
20650,DL:0.1.0:AT.1.0.0,2022-3-4 5:47:30,31.50,0.00,0.00,17.805,1.770,-6.106,11.699,19.575,0.00,0.00,0.00,0.00,0.00,0.00,0.00,0.00,0.00,0.00,0.00,0.00,0.00,0.00,0.00,0.00,0.00
20650,DL:0.1.0:AT.1.0.0,2022-3-4 5:47:36,31.50,0.00,0.00,17.812,1.763,-6.114,11.698,19.575,0.00,0.00,0.00,0.00,0.00,0.00,0.00,0.00,0.00,0.00,0.00,0.00,0.00,0.00,0.00,0.00,0.00
20650,DL:0.1.0:AT.1.0.0,2022-3-4 5:47:43,31.50,0.00,0.00,17.812,1.763,-6.113,11.699,19.575,0.00,0.00,0.00,0.00,0.00,0.00,0.00,0.00,0.00,0.00,0.00,0.00,0.00,0.00,0.00,0.00,0.00
20650,DL:0.1.0:AT.1.0.0,2022-3-4 5:47:50,31.50,0.00,0.00,17.801,1.774,-6.107,11.694,19.575,0.00,0.00,0.00,0.00,0.00,0.00,0.00,0.00,0.00,0.00,0.00,0.00,0.00,0.00,0.00,0.00,0.00
20650,DL:0.1.0:AT.1.0.0,2022-3-4 5:47:58,31.50,0.00,0.00,17.829,1.746,-6.131,11.698,19.575,0.00,0.00,0.00,0.00,0.00,0.00,0.00,0.00,0.00,0.00,0.00,0.00,0.00,0.00,0.00,0.00,0.00
20650,DL:0.1.0:AT.1.0.0,2022-3-4 5:48:3,31.50,0.00,0.00,17.831,1.744,-6.134,11.697,19.575,0.00,0.00,0.00,0.00,0.00,0.00,0.00,0.00,0.00,0.00,0.00,0.00,0.00,0.00,0.00,0.00,0.00
20650,DL:0.1.0:AT.1.0.0,2022-3-4 5:48:8,31.50,0.00,0.00,17.814,1.760,-6.118,11.697,19.575,0.00,0.00,0.00,0.00,0.00,0.00,0.00,0.00,0.00,0.00,0.00,0.00,0.00,0.00,0.00,0.00,0.00
20650,DL:0.1.0:AT.1.0.0,2022-3-4 5:48:14,31.50,0.00,0.00,17.811,1.764,-6.114,11.697,19.575,0.00,0.00,0.00,0.00,0.00,0.00,0.00,0.00,0.00,0.00,0.00,0.00,0.00,0.00,0.00,0.00,0.00
20650,DL:0.1.0:AT.1.0.0,2022-3-4 5:48:19,31.50,0.00,0.00,17.833,1.741,-6.138,11.696,19.575,0.00,0.00,0.00,0.00,0.00,0.00,0.00,0.00,0.00,0.00,0.00,0.00,0.00,0.00,0.00,0.00,0.00
20650,DL:0.1.0:AT.1.0.0,2022-3-4 5:48:24,31.50,0.00,0.00,17.821,1.753,-6.127,11.694,19.575,0.00,0.00,0.00,0.00,0.00,0.00,0.00,0.00,0.00,0.00,0.00,0.00,0.00,0.00,0.00,0.00,0.00
20650,DL:0.1.0:AT.1.0.0,2022-3-4 5:48:29,31.50,0.00,0.00,17.830,1.745,-6.134,11.696,19.575,0.00,0.00,0.00,0.00,0.00,0.00,0.00,0.00,0.00,0.00,0.00,0.00,0.00,0.00,0.00,0.00,0.00
20650,DL:0.1.0:AT.1.0.0,2022-3-4 5:48:34,31.50,0.00,0.00,17.833,1.741,-6.138,11.696,19.575,0.00,0.00,0.00,0.00,0.00,0.00,0.00,0.00,0.00,0.00,0.00,0.00,0.00,0.00,0.00,0.00,0.00
20650,DL:0.1.0:AT.1.0.0,2022-3-4 5:48:39,31.50,0.00,0.00,17.814,1.760,-6.120,11.694,19.575,0.00,0.00,0.00,0.00,0.00,0.00,0.00,0.00,0.00,0.00,0.00,0.00,0.00,0.00,0.00,0.00,0.00
20650,DL:0.1.0:AT.1.0.0,2022-3-4 5:48:45,31.50,0.00,0.00,17.813,1.762,-6.119,11.694,19.575,0.00,0.00,0.00,0.00,0.00,0.00,0.00,0.00,0.00,0.00,0.00,0.00,0.00,0.00,0.00,0.00,0.00
20650,DL:0.1.0:AT.1.0.0,2022-3-4 5:48:52,31.50,0.00,0.00,17.826,1.750,-6.133,11.693,19.576,0.00,0.00,0.00,0.00,0.00,0.00,0.00,0.00,0.00,0.00,0.00,0.00,0.00,0.00,0.00,0.00,0.00
20650,DL:0.1.0:AT.1.0.0,2022-3-4 5:48:57,31.50,0.00,0.00,17.831,1.744,-6.138,11.693,19.575,0.00,0.00,0.00,0.00,0.00,0.00,0.00,0.00,0.00,0.00,0.00,0.00,0.00,0.00,0.00,0.00,0.00
20650,DL:0.1.0:AT.1.0.0,2022-3-4 5:49:2,31.50,0.00,0.00,17.825,1.751,-6.136,11.689,19.576,0.00,0.00,0.00,0.00,0.00,0.00,0.00,0.00,0.00,0.00,0.00,0.00,0.00,0.00,0.00,0.00,0.00
20650,DL:0.1.0:AT.1.0.0,2022-3-4 5:49:9,31.50,0.00,0.00,17.808,1.766,-6.116,11.692,19.575,0.00,0.00,0.00,0.00,0.00,0.00,0.00,0.00,0.00,0.00,0.00,0.00,0.00,0.00,0.00,0.00,0.00
20650,DL:0.1.0:AT.1.0.0,2022-3-4 5:49:14,31.50,0.00,0.00,17.812,1.763,-6.120,11.692,19.575,0.00,0.00,0.00,0.00,0.00,0.00,0.00,0.00,0.00,0.00,0.00,0.00,0.00,0.00,0.00,0.00,0.00
20650,DL:0.1.0:AT.1.0.0,2022-3-4 5:49:19,31.50,0.00,0.00,17.819,1.757,-6.128,11.691,19.576,0.00,0.00,0.00,0.00,0.00,0.00,0.00,0.00,0.00,0.00,0.00,0.00,0.00,0.00,0.00,0.00,0.00
20650,DL:0.1.0:AT.1.0.0,2022-3-4 5:49:26,31.50,0.00,0.00,17.831,1.745,-6.140,11.691,19.576,0.00,0.00,0.00,0.00,0.00,0.00,0.00,0.00,0.00,0.00,0.00,0.00,0.00,0.00,0.00,0.00,0.00
20650,DL:0.1.0:AT.1.0.0,2022-3-4 5:49:31,31.50,0.00,0.00,17.824,1.752,-6.134,11.689,19.576,0.00,0.00,0.00,0.00,0.00,0.00,0.00,0.00,0.00,0.00,0.00,0.00,0.00,0.00,0.00,0.00,0.00
20650,DL:0.1.0:AT.1.0.0,2022-3-4 5:49:36,31.50,0.00,0.00,17.818,1.758,-6.128,11.689,19.576,0.00,0.00,0.00,0.00,0.00,0.00,0.00,0.00,0.00,0.00,0.00,0.00,0.00,0.00,0.00,0.00,0.00
20650,DL:0.1.0:AT.1.0.0,2022-3-4 5:49:43,31.50,0.00,0.00,17.839,1.738,-6.150,11.689,19.577,0.00,0.00,0.00,0.00,0.00,0.00,0.00,0.00,0.00,0.00,0.00,0.00,0.00,0.00,0.00,0.00,0.00
20650,DL:0.1.0:AT.1.0.0,2022-3-4 5:49:48,31.50,0.00,0.00,17.833,1.745,-6.144,11.689,19.578,0.00,0.00,0.00,0.00,0.00,0.00,0.00,0.00,0.00,0.00,0.00,0.00,0.00,0.00,0.00,0.00,0.00
20650,DL:0.1.0:AT.1.0.0,2022-3-4 5:49:53,31.50,0.00,0.00,17.823,1.756,-6.134,11.688,19.578,0.00,0.00,0.00,0.00,0.00,0.00,0.00,0.00,0.00,0.00,0.00,0.00,0.00,0.00,0.00,0.00,0.00
20650,DL:0.1.0:AT.1.0.0,2022-3-4 5:49:58,31.50,0.00,0.00,17.839,1.739,-6.151,11.688,19.578,0.00,0.00,0.00,0.00,0.00,0.00,0.00,0.00,0.00,0.00,0.00,0.00,0.00,0.00,0.00,0.00,0.00
20650,DL:0.1.0:AT.1.0.0,2022-3-4 5:50:3,31.50,0.00,0.00,17.835,1.744,-6.144,11.691,19.578,0.00,0.00,0.00,0.00,0.00,0.00,0.00,0.00,0.00,0.00,0.00,0.00,0.00,0.00,0.00,0.00,0.00
20650,DL:0.1.0:AT.1.0.0,2022-3-4 5:50:8,31.50,0.00,0.00,17.815,1.763,-6.128,11.687,19.578,0.00,0.00,0.00,0.00,0.00,0.00,0.00,0.00,0.00,0.00,0.00,0.00,0.00,0.00,0.00,0.00,0.00
20650,DL:0.1.0:AT.1.0.0,2022-3-4 5:50:14,31.50,0.00,0.00,17.825,1.753,-6.138,11.687,19.578,0.00,0.00,0.00,0.00,0.00,0.00,0.00,0.00,0.00,0.00,0.00,0.00,0.00,0.00,0.00,0.00,0.00
20650,DL:0.1.0:AT.1.0.0,2022-3-4 5:50:21,31.50,0.00,0.00,17.817,1.763,-6.130,11.687,19.579,0.00,0.00,0.00,0.00,0.00,0.00,0.00,0.00,0.00,0.00,0.00,0.00,0.00,0.00,0.00,0.00,0.00
20650,DL:0.1.0:AT.1.0.0,2022-3-4 5:50:28,31.50,0.00,0.00,17.814,1.765,-6.124,11.691,19.579,0.00,0.00,0.00,0.00,0.00,0.00,0.00,0.00,0.00,0.00,0.00,0.00,0.00,0.00,0.00,0.00,0.00
20650,DL:0.1.0:AT.1.0.0,2022-3-4 5:50:34,31.50,0.00,0.00,17.787,1.793,-6.099,11.687,19.579,0.00,0.00,0.00,0.00,0.00,0.00,0.00,0.00,0.00,0.00,0.00,0.00,0.00,0.00,0.00,0.00,0.00
20650,DL:0.1.0:AT.1.0.0,2022-3-4 5:50:39,31.50,0.00,0.00,17.808,1.771,-6.122,11.686,19.579,0.00,0.00,0.00,0.00,0.00,0.00,0.00,0.00,0.00,0.00,0.00,0.00,0.00,0.00,0.00,0.00,0.00
20650,DL:0.1.0:AT.1.0.0,2022-3-4 5:50:44,31.50,0.00,0.00,17.832,1.747,-6.148,11.685,19.579,0.00,0.00,0.00,0.00,0.00,0.00,0.00,0.00,0.00,0.00,0.00,0.00,0.00,0.00,0.00,0.00,0.00
20650,DL:0.1.0:AT.1.0.0,2022-3-4 5:50:49,31.50,0.00,0.00,17.827,1.753,-6.143,11.685,19.581,0.00,0.00,0.00,0.00,0.00,0.00,0.00,0.00,0.00,0.00,0.00,0.00,0.00,0.00,0.00,0.00,0.00
20650,DL:0.1.0:AT.1.0.0,2022-3-4 5:50:55,31.50,0.00,0.00,17.812,1.769,-6.127,11.685,19.581,0.00,0.00,0.00,0.00,0.00,0.00,0.00,0.00,0.00,0.00,0.00,0.00,0.00,0.00,0.00,0.00,0.00
20650,DL:0.1.0:AT.1.0.0,2022-3-4 5:51:5,31.25,0.00,0.00,17.787,1.794,-6.104,11.682,19.581,0.00,0.00,0.00,0.00,0.00,0.00,0.00,0.00,0.00,0.00,0.00,0.00,0.00,0.00,0.00,0.00,0.00
20650,DL:0.1.0:AT.1.0.0,2022-3-4 5:51:10,31.25,0.00,0.00,17.827,1.753,-6.144,11.683,19.581,0.00,0.00,0.00,0.00,0.00,0.00,0.00,0.00,0.00,0.00,0.00,0.00,0.00,0.00,0.00,0.00,0.00
20650,DL:0.1.0:AT.1.0.0,2022-3-4 5:51:15,31.25,0.00,0.00,17.825,1.756,-6.140,11.685,19.581,0.00,0.00,0.00,0.00,0.00,0.00,0.00,0.00,0.00,0.00,0.00,0.00,0.00,0.00,0.00,0.00,0.00
20650,DL:0.1.0:AT.1.0.0,2022-3-4 5:51:22,31.25,0.00,0.00,17.835,1.746,-6.151,11.683,19.581,0.00,0.00,0.00,0.00,0.00,0.00,0.00,0.00,0.00,0.00,0.00,0.00,0.00,0.00,0.00,0.00,0.00
20650,DL:0.1.0:AT.1.0.0,2022-3-4 5:51:29,31.25,0.00,0.00,17.826,1.754,-6.143,11.683,19.581,0.00,0.00,0.00,0.00,0.00,0.00,0.00,0.00,0.00,0.00,0.00,0.00,0.00,0.00,0.00,0.00,0.00
20650,DL:0.1.0:AT.1.0.0,2022-3-4 5:51:35,31.25,0.00,0.00,17.802,1.780,-6.120,11.682,19.582,0.00,0.00,0.00,0.00,0.00,0.00,0.00,0.00,0.00,0.00,0.00,0.00,0.00,0.00,0.00,0.00,0.00
20650,DL:0.1.0:AT.1.0.0,2022-3-4 5:51:40,31.25,0.00,0.00,17.814,1.768,-6.126,11.688,19.582,0.00,0.00,0.00,0.00,0.00,0.00,0.00,0.00,0.00,0.00,0.00,0.00,0.00,0.00,0.00,0.00,0.00
20650,DL:0.1.0:AT.1.0.0,2022-3-4 5:51:45,31.25,0.00,0.00,17.836,1.747,-6.152,11.683,19.583,0.00,0.00,0.00,0.00,0.00,0.00,0.00,0.00,0.00,0.00,0.00,0.00,0.00,0.00,0.00,0.00,0.00
20650,DL:0.1.0:AT.1.0.0,2022-3-4 5:51:50,31.25,0.00,0.00,17.847,1.736,-6.163,11.683,19.583,0.00,0.00,0.00,0.00,0.00,0.00,0.00,0.00,0.00,0.00,0.00,0.00,0.00,0.00,0.00,0.00,0.00
20650,DL:0.1.0:AT.1.0.0,2022-3-4 5:51:56,31.25,0.00,0.00,17.799,1.784,-6.116,11.682,19.583,0.00,0.00,0.00,0.00,0.00,0.00,0.00,0.00,0.00,0.00,0.00,0.00,0.00,0.00,0.00,0.00,0.00
20650,DL:0.1.0:AT.1.0.0,2022-3-4 5:52:1,31.25,0.00,0.00,17.818,1.766,-6.134,11.683,19.584,0.00,0.00,0.00,0.00,0.00,0.00,0.00,0.00,0.00,0.00,0.00,0.00,0.00,0.00,0.00,0.00,0.00
20650,DL:0.1.0:AT.1.0.0,2022-3-4 5:52:7,31.50,0.00,0.00,17.845,1.739,-6.162,11.683,19.584,0.00,0.00,0.00,0.00,0.00,0.00,0.00,0.00,0.00,0.00,0.00,0.00,0.00,0.00,0.00,0.00,0.00
20650,DL:0.1.0:AT.1.0.0,2022-3-4 5:52:12,31.50,0.00,0.00,17.818,1.768,-6.136,11.682,19.585,0.00,0.00,0.00,0.00,0.00,0.00,0.00,0.00,0.00,0.00,0.00,0.00,0.00,0.00,0.00,0.00,0.00
20650,DL:0.1.0:AT.1.0.0,2022-3-4 5:52:17,31.50,0.00,0.00,17.806,1.778,-6.125,11.681,19.584,0.00,0.00,0.00,0.00,0.00,0.00,0.00,0.00,0.00,0.00,0.00,0.00,0.00,0.00,0.00,0.00,0.00
20650,DL:0.1.0:AT.1.0.0,2022-3-4 5:52:22,31.50,0.00,0.00,17.815,1.770,-6.134,11.681,19.585,0.00,0.00,0.00,0.00,0.00,0.00,0.00,0.00,0.00,0.00,0.00,0.00,0.00,0.00,0.00,0.00,0.00
20650,DL:0.1.0:AT.1.0.0,2022-3-4 5:52:27,31.50,0.00,0.00,17.820,1.765,-6.138,11.682,19.585,0.00,0.00,0.00,0.00,0.00,0.00,0.00,0.00,0.00,0.00,0.00,0.00,0.00,0.00,0.00,0.00,0.00
20650,DL:0.1.0:AT.1.0.0,2022-3-4 5:52:38,31.50,0.00,0.00,17.807,1.781,-6.126,11.681,19.588,0.00,0.00,0.00,0.00,0.00,0.00,0.00,0.00,0.00,0.00,0.00,0.00,0.00,0.00,0.00,0.00,0.00
20650,DL:0.1.0:AT.1.0.0,2022-3-4 5:52:44,31.50,0.00,0.00,17.777,1.810,-6.096,11.681,19.587,0.00,0.00,0.00,0.00,0.00,0.00,0.00,0.00,0.00,0.00,0.00,0.00,0.00,0.00,0.00,0.00,0.00
20650,DL:0.1.0:AT.1.0.0,2022-3-4 5:52:52,31.50,0.00,0.00,17.778,1.810,-6.098,11.680,19.588,0.00,0.00,0.00,0.00,0.00,0.00,0.00,0.00,0.00,0.00,0.00,0.00,0.00,0.00,0.00,0.00,0.00
20650,DL:0.1.0:AT.1.0.0,2022-3-4 5:52:57,31.50,0.00,0.00,17.817,1.772,-6.137,11.680,19.589,0.00,0.00,0.00,0.00,0.00,0.00,0.00,0.00,0.00,0.00,0.00,0.00,0.00,0.00,0.00,0.00,0.00
20650,DL:0.1.0:AT.1.0.0,2022-3-4 5:53:2,31.50,0.00,0.00,17.808,1.780,-6.128,11.680,19.588,0.00,0.00,0.00,0.00,0.00,0.00,0.00,0.00,0.00,0.00,0.00,0.00,0.00,0.00,0.00,0.00,0.00
20650,DL:0.1.0:AT.1.0.0,2022-3-4 5:53:9,31.50,0.00,0.00,17.788,1.801,-6.108,11.680,19.589,0.00,0.00,0.00,0.00,0.00,0.00,0.00,0.00,0.00,0.00,0.00,0.00,0.00,0.00,0.00,0.00,0.00
20650,DL:0.1.0:AT.1.0.0,2022-3-4 5:53:14,31.50,0.00,0.00,17.807,1.782,-6.127,11.680,19.589,0.00,0.00,0.00,0.00,0.00,0.00,0.00,0.00,0.00,0.00,0.00,0.00,0.00,0.00,0.00,0.00,0.00
20650,DL:0.1.0:AT.1.0.0,2022-3-4 5:53:19,31.50,0.00,0.00,17.811,1.778,-6.132,11.679,19.589,0.00,0.00,0.00,0.00,0.00,0.00,0.00,0.00,0.00,0.00,0.00,0.00,0.00,0.00,0.00,0.00,0.00
20650,DL:0.1.0:AT.1.0.0,2022-3-4 5:53:25,31.50,0.00,0.00,17.817,1.774,-6.138,11.679,19.590,0.00,0.00,0.00,0.00,0.00,0.00,0.00,0.00,0.00,0.00,0.00,0.00,0.00,0.00,0.00,0.00,0.00
20650,DL:0.1.0:AT.1.0.0,2022-3-4 5:53:33,31.50,0.00,0.00,17.799,1.793,-6.119,11.680,19.591,0.00,0.00,0.00,0.00,0.00,0.00,0.00,0.00,0.00,0.00,0.00,0.00,0.00,0.00,0.00,0.00,0.00
20650,DL:0.1.0:AT.1.0.0,2022-3-4 5:53:39,31.50,0.00,0.00,17.815,1.776,-6.136,11.680,19.591,0.00,0.00,0.00,0.00,0.00,0.00,0.00,0.00,0.00,0.00,0.00,0.00,0.00,0.00,0.00,0.00,0.00
20650,DL:0.1.0:AT.1.0.0,2022-3-4 5:53:46,31.50,0.00,0.00,17.807,1.784,-6.128,11.679,19.591,0.00,0.00,0.00,0.00,0.00,0.00,0.00,0.00,0.00,0.00,0.00,0.00,0.00,0.00,0.00,0.00,0.00
20650,DL:0.1.0:AT.1.0.0,2022-3-4 5:53:53,31.50,0.00,0.00,17.819,1.772,-6.142,11.677,19.591,0.00,0.00,0.00,0.00,0.00,0.00,0.00,0.00,0.00,0.00,0.00,0.00,0.00,0.00,0.00,0.00,0.00
20650,DL:0.1.0:AT.1.0.0,2022-3-4 5:54:0,31.50,0.00,0.00,17.797,1.795,-6.120,11.677,19.593,0.00,0.00,0.00,0.00,0.00,0.00,0.00,0.00,0.00,0.00,0.00,0.00,0.00,0.00,0.00,0.00,0.00
20650,DL:0.1.0:AT.1.0.0,2022-3-4 5:54:7,31.50,0.00,0.00,17.800,1.793,-6.124,11.676,19.593,0.00,0.00,0.00,0.00,0.00,0.00,0.00,0.00,0.00,0.00,0.00,0.00,0.00,0.00,0.00,0.00,0.00
20650,DL:0.1.0:AT.1.0.0,2022-3-4 5:54:14,31.25,0.00,0.00,17.805,1.788,-6.128,11.676,19.593,0.00,0.00,0.00,0.00,0.00,0.00,0.00,0.00,0.00,0.00,0.00,0.00,0.00,0.00,0.00,0.00,0.00
20650,DL:0.1.0:AT.1.0.0,2022-3-4 5:54:20,31.25,0.00,0.00,17.791,1.801,-6.115,11.676,19.593,0.00,0.00,0.00,0.00,0.00,0.00,0.00,0.00,0.00,0.00,0.00,0.00,0.00,0.00,0.00,0.00,0.00
20650,DL:0.1.0:AT.1.0.0,2022-3-4 5:54:27,31.25,0.00,0.00,17.779,1.813,-6.103,11.676,19.593,0.00,0.00,0.00,0.00,0.00,0.00,0.00,0.00,0.00,0.00,0.00,0.00,0.00,0.00,0.00,0.00,0.00
20650,DL:0.1.0:AT.1.0.0,2022-3-4 5:54:34,31.25,0.00,0.00,17.811,1.782,-6.136,11.675,19.593,0.00,0.00,0.00,0.00,0.00,0.00,0.00,0.00,0.00,0.00,0.00,0.00,0.00,0.00,0.00,0.00,0.00
20650,DL:0.1.0:AT.1.0.0,2022-3-4 5:54:39,31.25,0.00,0.00,17.799,1.794,-6.124,11.675,19.593,0.00,0.00,0.00,0.00,0.00,0.00,0.00,0.00,0.00,0.00,0.00,0.00,0.00,0.00,0.00,0.00,0.00
20650,DL:0.1.0:AT.1.0.0,2022-3-4 5:54:44,31.25,0.00,0.00,17.801,1.793,-6.127,11.674,19.594,0.00,0.00,0.00,0.00,0.00,0.00,0.00,0.00,0.00,0.00,0.00,0.00,0.00,0.00,0.00,0.00,0.00
20650,DL:0.1.0:AT.1.0.0,2022-3-4 5:54:49,31.25,0.00,0.00,17.821,1.772,-6.146,11.675,19.594,0.00,0.00,0.00,0.00,0.00,0.00,0.00,0.00,0.00,0.00,0.00,0.00,0.00,0.00,0.00,0.00,0.00
20650,DL:0.1.0:AT.1.0.0,2022-3-4 5:54:54,31.25,0.00,0.00,17.817,1.777,-6.142,11.675,19.594,0.00,0.00,0.00,0.00,0.00,0.00,0.00,0.00,0.00,0.00,0.00,0.00,0.00,0.00,0.00,0.00,0.00
20650,DL:0.1.0:AT.1.0.0,2022-3-4 5:54:59,31.25,0.00,0.00,17.824,1.770,-6.151,11.673,19.594,0.00,0.00,0.00,0.00,0.00,0.00,0.00,0.00,0.00,0.00,0.00,0.00,0.00,0.00,0.00,0.00,0.00
20650,DL:0.1.0:AT.1.0.0,2022-3-4 5:55:5,31.25,0.00,0.00,17.752,1.842,-6.077,11.675,19.594,0.00,0.00,0.00,0.00,0.00,0.00,0.00,0.00,0.00,0.00,0.00,0.00,0.00,0.00,0.00,0.00,0.00
20650,DL:0.1.0:AT.1.0.0,2022-3-4 5:55:11,31.25,0.00,0.00,17.793,1.802,-6.119,11.674,19.595,0.00,0.00,0.00,0.00,0.00,0.00,0.00,0.00,0.00,0.00,0.00,0.00,0.00,0.00,0.00,0.00,0.00
20650,DL:0.1.0:AT.1.0.0,2022-3-4 5:55:17,31.25,0.00,0.00,17.807,1.788,-6.134,11.673,19.595,0.00,0.00,0.00,0.00,0.00,0.00,0.00,0.00,0.00,0.00,0.00,0.00,0.00,0.00,0.00,0.00,0.00
20650,DL:0.1.0:AT.1.0.0,2022-3-4 5:55:25,31.25,0.00,0.00,17.819,1.776,-6.145,11.674,19.595,0.00,0.00,0.00,0.00,0.00,0.00,0.00,0.00,0.00,0.00,0.00,0.00,0.00,0.00,0.00,0.00,0.00
20650,DL:0.1.0:AT.1.0.0,2022-3-4 5:55:32,31.25,0.00,0.00,17.801,1.794,-6.128,11.673,19.595,0.00,0.00,0.00,0.00,0.00,0.00,0.00,0.00,0.00,0.00,0.00,0.00,0.00,0.00,0.00,0.00,0.00
20650,DL:0.1.0:AT.1.0.0,2022-3-4 5:55:40,31.25,0.00,0.00,17.795,1.801,-6.124,11.671,19.596,0.00,0.00,0.00,0.00,0.00,0.00,0.00,0.00,0.00,0.00,0.00,0.00,0.00,0.00,0.00,0.00,0.00
20650,DL:0.1.0:AT.1.0.0,2022-3-4 5:55:46,31.25,0.00,0.00,17.809,1.786,-6.137,11.673,19.595,0.00,0.00,0.00,0.00,0.00,0.00,0.00,0.00,0.00,0.00,0.00,0.00,0.00,0.00,0.00,0.00,0.00
20650,DL:0.1.0:AT.1.0.0,2022-3-4 5:55:56,31.25,0.00,0.00,17.800,1.796,-6.130,11.670,19.596,0.00,0.00,0.00,0.00,0.00,0.00,0.00,0.00,0.00,0.00,0.00,0.00,0.00,0.00,0.00,0.00,0.00
20650,DL:0.1.0:AT.1.0.0,2022-3-4 5:56:2,31.25,0.00,0.00,17.808,1.787,-6.138,11.670,19.595,0.00,0.00,0.00,0.00,0.00,0.00,0.00,0.00,0.00,0.00,0.00,0.00,0.00,0.00,0.00,0.00,0.00
20650,DL:0.1.0:AT.1.0.0,2022-3-4 5:56:13,31.25,0.00,0.00,17.791,1.805,-6.122,11.669,19.596,0.00,0.00,0.00,0.00,0.00,0.00,0.00,0.00,0.00,0.00,0.00,0.00,0.00,0.00,0.00,0.00,0.00
20650,DL:0.1.0:AT.1.0.0,2022-3-4 5:56:20,31.50,0.00,0.00,17.785,1.811,-6.116,11.669,19.596,0.00,0.00,0.00,0.00,0.00,0.00,0.00,0.00,0.00,0.00,0.00,0.00,0.00,0.00,0.00,0.00,0.00
20650,DL:0.1.0:AT.1.0.0,2022-3-4 5:56:26,31.50,0.00,0.00,17.797,1.799,-6.128,11.669,19.596,0.00,0.00,0.00,0.00,0.00,0.00,0.00,0.00,0.00,0.00,0.00,0.00,0.00,0.00,0.00,0.00,0.00
20650,DL:0.1.0:AT.1.0.0,2022-3-4 5:56:32,31.50,0.00,0.00,17.807,1.789,-6.139,11.668,19.596,0.00,0.00,0.00,0.00,0.00,0.00,0.00,0.00,0.00,0.00,0.00,0.00,0.00,0.00,0.00,0.00,0.00
20650,DL:0.1.0:AT.1.0.0,2022-3-4 5:56:37,31.50,0.00,0.00,17.808,1.788,-6.142,11.667,19.596,0.00,0.00,0.00,0.00,0.00,0.00,0.00,0.00,0.00,0.00,0.00,0.00,0.00,0.00,0.00,0.00,0.00
20650,DL:0.1.0:AT.1.0.0,2022-3-4 5:56:44,31.50,0.00,0.00,17.811,1.786,-6.144,11.667,19.596,0.00,0.00,0.00,0.00,0.00,0.00,0.00,0.00,0.00,0.00,0.00,0.00,0.00,0.00,0.00,0.00,0.00
20650,DL:0.1.0:AT.1.0.0,2022-3-4 5:56:50,31.50,0.00,0.00,17.821,1.775,-6.155,11.667,19.596,0.00,0.00,0.00,0.00,0.00,0.00,0.00,0.00,0.00,0.00,0.00,0.00,0.00,0.00,0.00,0.00,0.00
20650,DL:0.1.0:AT.1.0.0,2022-3-4 5:56:58,31.50,0.00,0.00,17.785,1.811,-6.119,11.667,19.596,0.00,0.00,0.00,0.00,0.00,0.00,0.00,0.00,0.00,0.00,0.00,0.00,0.00,0.00,0.00,0.00,0.00
20650,DL:0.1.0:AT.1.0.0,2022-3-4 5:57:4,31.50,0.00,0.00,17.802,1.794,-6.137,11.665,19.596,0.00,0.00,0.00,0.00,0.00,0.00,0.00,0.00,0.00,0.00,0.00,0.00,0.00,0.00,0.00,0.00,0.00
20650,DL:0.1.0:AT.1.0.0,2022-3-4 5:57:12,31.50,0.00,0.00,17.801,1.796,-6.137,11.664,19.597,0.00,0.00,0.00,0.00,0.00,0.00,0.00,0.00,0.00,0.00,0.00,0.00,0.00,0.00,0.00,0.00,0.00
20650,DL:0.1.0:AT.1.0.0,2022-3-4 5:57:18,31.50,0.00,0.00,17.815,1.781,-6.151,11.664,19.596,0.00,0.00,0.00,0.00,0.00,0.00,0.00,0.00,0.00,0.00,0.00,0.00,0.00,0.00,0.00,0.00,0.00
20650,DL:0.1.0:AT.1.0.0,2022-3-4 5:57:25,31.25,0.00,0.00,17.807,1.789,-6.143,11.664,19.596,0.00,0.00,0.00,0.00,0.00,0.00,0.00,0.00,0.00,0.00,0.00,0.00,0.00,0.00,0.00,0.00,0.00
20650,DL:0.1.0:AT.1.0.0,2022-3-4 5:57:32,31.25,0.00,0.00,17.825,1.771,-6.162,11.663,19.596,0.00,0.00,0.00,0.00,0.00,0.00,0.00,0.00,0.00,0.00,0.00,0.00,0.00,0.00,0.00,0.00,0.00
20650,DL:0.1.0:AT.1.0.0,2022-3-4 5:57:39,31.25,0.00,0.00,17.789,1.807,-6.125,11.664,19.596,0.00,0.00,0.00,0.00,0.00,0.00,0.00,0.00,0.00,0.00,0.00,0.00,0.00,0.00,0.00,0.00,0.00
20650,DL:0.1.0:AT.1.0.0,2022-3-4 5:57:46,31.25,0.00,0.00,17.805,1.792,-6.142,11.663,19.596,0.00,0.00,0.00,0.00,0.00,0.00,0.00,0.00,0.00,0.00,0.00,0.00,0.00,0.00,0.00,0.00,0.00
20650,DL:0.1.0:AT.1.0.0,2022-3-4 5:57:53,31.25,0.00,0.00,17.800,1.798,-6.138,11.662,19.597,0.00,0.00,0.00,0.00,0.00,0.00,0.00,0.00,0.00,0.00,0.00,0.00,0.00,0.00,0.00,0.00,0.00
20650,DL:0.1.0:AT.1.0.0,2022-3-4 5:58:0,31.25,0.00,0.00,17.812,1.784,-6.149,11.663,19.596,0.00,0.00,0.00,0.00,0.00,0.00,0.00,0.00,0.00,0.00,0.00,0.00,0.00,0.00,0.00,0.00,0.00
20650,DL:0.1.0:AT.1.0.0,2022-3-4 5:58:5,31.25,0.00,0.00,17.796,1.801,-6.136,11.661,19.597,0.00,0.00,0.00,0.00,0.00,0.00,0.00,0.00,0.00,0.00,0.00,0.00,0.00,0.00,0.00,0.00,0.00
20650,DL:0.1.0:AT.1.0.0,2022-3-4 5:58:10,31.25,0.00,0.00,17.795,1.802,-6.133,11.662,19.597,0.00,0.00,0.00,0.00,0.00,0.00,0.00,0.00,0.00,0.00,0.00,0.00,0.00,0.00,0.00,0.00,0.00
20650,DL:0.1.0:AT.1.0.0,2022-3-4 5:58:15,31.25,0.00,0.00,17.807,1.789,-6.146,11.661,19.596,0.00,0.00,0.00,0.00,0.00,0.00,0.00,0.00,0.00,0.00,0.00,0.00,0.00,0.00,0.00,0.00,0.00
20650,DL:0.1.0:AT.1.0.0,2022-3-4 5:58:20,31.25,0.00,0.00,17.824,1.772,-6.163,11.661,19.596,0.00,0.00,0.00,0.00,0.00,0.00,0.00,0.00,0.00,0.00,0.00,0.00,0.00,0.00,0.00,0.00,0.00
20650,DL:0.1.0:AT.1.0.0,2022-3-4 5:58:25,31.25,0.00,0.00,17.813,1.783,-6.152,11.661,19.596,0.00,0.00,0.00,0.00,0.00,0.00,0.00,0.00,0.00,0.00,0.00,0.00,0.00,0.00,0.00,0.00,0.00
20650,DL:0.1.0:AT.1.0.0,2022-3-4 5:58:30,31.25,0.00,0.00,17.824,1.772,-6.163,11.661,19.596,0.00,0.00,0.00,0.00,0.00,0.00,0.00,0.00,0.00,0.00,0.00,0.00,0.00,0.00,0.00,0.00,0.00
20650,DL:0.1.0:AT.1.0.0,2022-3-4 5:58:37,31.25,0.00,0.00,17.797,1.799,-6.138,11.659,19.596,0.00,0.00,0.00,0.00,0.00,0.00,0.00,0.00,0.00,0.00,0.00,0.00,0.00,0.00,0.00,0.00,0.00
20650,DL:0.1.0:AT.1.0.0,2022-3-4 5:58:46,31.25,0.00,0.00,17.793,1.805,-6.134,11.658,19.597,0.00,0.00,0.00,0.00,0.00,0.00,0.00,0.00,0.00,0.00,0.00,0.00,0.00,0.00,0.00,0.00,0.00
20650,DL:0.1.0:AT.1.0.0,2022-3-4 5:58:51,31.25,0.00,0.00,17.784,1.813,-6.125,11.659,19.597,0.00,0.00,0.00,0.00,0.00,0.00,0.00,0.00,0.00,0.00,0.00,0.00,0.00,0.00,0.00,0.00,0.00
20650,DL:0.1.0:AT.1.0.0,2022-3-4 5:58:56,31.25,0.00,0.00,17.796,1.801,-6.138,11.658,19.597,0.00,0.00,0.00,0.00,0.00,0.00,0.00,0.00,0.00,0.00,0.00,0.00,0.00,0.00,0.00,0.00,0.00
20650,DL:0.1.0:AT.1.0.0,2022-3-4 5:59:3,31.25,0.00,0.00,17.800,1.799,-6.142,11.658,19.599,0.00,0.00,0.00,0.00,0.00,0.00,0.00,0.00,0.00,0.00,0.00,0.00,0.00,0.00,0.00,0.00,0.00
20650,DL:0.1.0:AT.1.0.0,2022-3-4 5:59:8,31.25,0.00,0.00,17.772,1.825,-6.114,11.658,19.597,0.00,0.00,0.00,0.00,0.00,0.00,0.00,0.00,0.00,0.00,0.00,0.00,0.00,0.00,0.00,0.00,0.00
20650,DL:0.1.0:AT.1.0.0,2022-3-4 5:59:19,31.25,0.00,0.00,17.794,1.804,-6.136,11.658,19.597,0.00,0.00,0.00,0.00,0.00,0.00,0.00,0.00,0.00,0.00,0.00,0.00,0.00,0.00,0.00,0.00,0.00
20650,DL:0.1.0:AT.1.0.0,2022-3-4 5:59:25,31.25,0.00,0.00,17.788,1.811,-6.131,11.657,19.599,0.00,0.00,0.00,0.00,0.00,0.00,0.00,0.00,0.00,0.00,0.00,0.00,0.00,0.00,0.00,0.00,0.00
20650,DL:0.1.0:AT.1.0.0,2022-3-4 5:59:32,31.25,0.00,0.00,17.797,1.801,-6.140,11.657,19.599,0.00,0.00,0.00,0.00,0.00,0.00,0.00,0.00,0.00,0.00,0.00,0.00,0.00,0.00,0.00,0.00,0.00
20650,DL:0.1.0:AT.1.0.0,2022-3-4 5:59:39,31.25,0.00,0.00,17.811,1.788,-6.155,11.656,19.599,0.00,0.00,0.00,0.00,0.00,0.00,0.00,0.00,0.00,0.00,0.00,0.00,0.00,0.00,0.00,0.00,0.00
20650,DL:0.1.0:AT.1.0.0,2022-3-4 5:59:48,31.25,0.00,0.00,17.796,1.802,-6.142,11.655,19.599,0.00,0.00,0.00,0.00,0.00,0.00,0.00,0.00,0.00,0.00,0.00,0.00,0.00,0.00,0.00,0.00,0.00
20650,DL:0.1.0:AT.1.0.0,2022-3-4 5:59:53,31.25,0.00,0.00,17.809,1.790,-6.156,11.653,19.600,0.00,0.00,0.00,0.00,0.00,0.00,0.00,0.00,0.00,0.00,0.00,0.00,0.00,0.00,0.00,0.00,0.00
20650,DL:0.1.0:AT.1.0.0,2022-3-4 5:59:58,31.25,0.00,0.00,17.782,1.818,-6.127,11.655,19.600,0.00,0.00,0.00,0.00,0.00,0.00,0.00,0.00,0.00,0.00,0.00,0.00,0.00,0.00,0.00,0.00,0.00
20650,DL:0.1.0:AT.1.0.0,2022-3-4 6:0:3,31.25,0.00,0.00,17.800,1.800,-6.146,11.653,19.600,0.00,0.00,0.00,0.00,0.00,0.00,0.00,0.00,0.00,0.00,0.00,0.00,0.00,0.00,0.00,0.00,0.00
20650,DL:0.1.0:AT.1.0.0,2022-3-4 6:0:8,31.25,0.00,0.00,17.800,1.799,-6.146,11.653,19.599,0.00,0.00,0.00,0.00,0.00,0.00,0.00,0.00,0.00,0.00,0.00,0.00,0.00,0.00,0.00,0.00,0.00
20650,DL:0.1.0:AT.1.0.0,2022-3-4 6:0:14,31.25,0.00,0.00,17.812,1.788,-6.158,11.653,19.600,0.00,0.00,0.00,0.00,0.00,0.00,0.00,0.00,0.00,0.00,0.00,0.00,0.00,0.00,0.00,0.00,0.00
20650,DL:0.1.0:AT.1.0.0,2022-3-4 6:0:19,31.25,0.00,0.00,17.794,1.806,-6.142,11.652,19.600,0.00,0.00,0.00,0.00,0.00,0.00,0.00,0.00,0.00,0.00,0.00,0.00,0.00,0.00,0.00,0.00,0.00
20650,DL:0.1.0:AT.1.0.0,2022-3-4 6:0:24,31.25,0.00,0.00,17.800,1.800,-6.148,11.652,19.600,0.00,0.00,0.00,0.00,0.00,0.00,0.00,0.00,0.00,0.00,0.00,0.00,0.00,0.00,0.00,0.00,0.00
20650,DL:0.1.0:AT.1.0.0,2022-3-4 6:0:29,31.25,0.00,0.00,17.797,1.802,-6.146,11.651,19.600,0.00,0.00,0.00,0.00,0.00,0.00,0.00,0.00,0.00,0.00,0.00,0.00,0.00,0.00,0.00,0.00,0.00
20650,DL:0.1.0:AT.1.0.0,2022-3-4 6:0:34,31.25,0.00,0.00,17.809,1.789,-6.157,11.652,19.599,0.00,0.00,0.00,0.00,0.00,0.00,0.00,0.00,0.00,0.00,0.00,0.00,0.00,0.00,0.00,0.00,0.00
20650,DL:0.1.0:AT.1.0.0,2022-3-4 6:0:39,31.25,0.00,0.00,17.790,1.808,-6.139,11.651,19.599,0.00,0.00,0.00,0.00,0.00,0.00,0.00,0.00,0.00,0.00,0.00,0.00,0.00,0.00,0.00,0.00,0.00
20650,DL:0.1.0:AT.1.0.0,2022-3-4 6:0:44,31.25,0.00,0.00,17.801,1.799,-6.151,11.650,19.600,0.00,0.00,0.00,0.00,0.00,0.00,0.00,0.00,0.00,0.00,0.00,0.00,0.00,0.00,0.00,0.00,0.00
20650,DL:0.1.0:AT.1.0.0,2022-3-4 6:0:50,31.25,0.00,0.00,17.842,1.758,-6.192,11.650,19.600,0.00,0.00,0.00,0.00,0.00,0.00,0.00,0.00,0.00,0.00,0.00,0.00,0.00,0.00,0.00,0.00,0.00
20650,DL:0.1.0:AT.1.0.0,2022-3-4 6:0:57,31.25,0.00,0.00,17.831,1.769,-6.181,11.650,19.600,0.00,0.00,0.00,0.00,0.00,0.00,0.00,0.00,0.00,0.00,0.00,0.00,0.00,0.00,0.00,0.00,0.00
20650,DL:0.1.0:AT.1.0.0,2022-3-4 6:1:4,31.25,0.00,0.00,17.824,1.777,-6.175,11.649,19.601,0.00,0.00,0.00,0.00,0.00,0.00,0.00,0.00,0.00,0.00,0.00,0.00,0.00,0.00,0.00,0.00,0.00
20650,DL:0.1.0:AT.1.0.0,2022-3-4 6:1:9,31.25,0.00,0.00,17.812,1.790,-6.163,11.649,19.602,0.00,0.00,0.00,0.00,0.00,0.00,0.00,0.00,0.00,0.00,0.00,0.00,0.00,0.00,0.00,0.00,0.00
20650,DL:0.1.0:AT.1.0.0,2022-3-4 6:1:14,31.25,0.00,0.00,17.809,1.793,-6.161,11.649,19.602,0.00,0.00,0.00,0.00,0.00,0.00,0.00,0.00,0.00,0.00,0.00,0.00,0.00,0.00,0.00,0.00,0.00
20650,DL:0.1.0:AT.1.0.0,2022-3-4 6:1:19,31.25,0.00,0.00,17.832,1.769,-6.184,11.649,19.601,0.00,0.00,0.00,0.00,0.00,0.00,0.00,0.00,0.00,0.00,0.00,0.00,0.00,0.00,0.00,0.00,0.00
20650,DL:0.1.0:AT.1.0.0,2022-3-4 6:1:25,31.25,0.00,0.00,17.854,1.747,-6.205,11.649,19.601,0.00,0.00,0.00,0.00,0.00,0.00,0.00,0.00,0.00,0.00,0.00,0.00,0.00,0.00,0.00,0.00,0.00
20650,DL:0.1.0:AT.1.0.0,2022-3-4 6:1:30,31.25,0.00,0.00,17.821,1.780,-6.174,11.647,19.601,0.00,0.00,0.00,0.00,0.00,0.00,0.00,0.00,0.00,0.00,0.00,0.00,0.00,0.00,0.00,0.00,0.00
20650,DL:0.1.0:AT.1.0.0,2022-3-4 6:1:35,31.25,0.00,0.00,17.803,1.799,-6.156,11.647,19.602,0.00,0.00,0.00,0.00,0.00,0.00,0.00,0.00,0.00,0.00,0.00,0.00,0.00,0.00,0.00,0.00,0.00
20650,DL:0.1.0:AT.1.0.0,2022-3-4 6:1:40,31.25,0.00,0.00,17.812,1.789,-6.166,11.646,19.601,0.00,0.00,0.00,0.00,0.00,0.00,0.00,0.00,0.00,0.00,0.00,0.00,0.00,0.00,0.00,0.00,0.00
20650,DL:0.1.0:AT.1.0.0,2022-3-4 6:1:45,31.25,0.00,0.00,17.787,1.816,-6.139,11.647,19.602,0.00,0.00,0.00,0.00,0.00,0.00,0.00,0.00,0.00,0.00,0.00,0.00,0.00,0.00,0.00,0.00,0.00
20650,DL:0.1.0:AT.1.0.0,2022-3-4 6:1:53,31.25,0.00,0.00,17.771,1.831,-6.125,11.646,19.602,0.00,0.00,0.00,0.00,0.00,0.00,0.00,0.00,0.00,0.00,0.00,0.00,0.00,0.00,0.00,0.00,0.00
20650,DL:0.1.0:AT.1.0.0,2022-3-4 6:1:59,31.25,0.00,0.00,17.817,1.787,-6.172,11.645,19.603,0.00,0.00,0.00,0.00,0.00,0.00,0.00,0.00,0.00,0.00,0.00,0.00,0.00,0.00,0.00,0.00,0.00
20650,DL:0.1.0:AT.1.0.0,2022-3-4 6:2:6,31.25,0.00,0.00,17.807,1.796,-6.162,11.645,19.603,0.00,0.00,0.00,0.00,0.00,0.00,0.00,0.00,0.00,0.00,0.00,0.00,0.00,0.00,0.00,0.00,0.00
20650,DL:0.1.0:AT.1.0.0,2022-3-4 6:2:12,31.25,0.00,0.00,17.821,1.782,-6.178,11.644,19.603,0.00,0.00,0.00,0.00,0.00,0.00,0.00,0.00,0.00,0.00,0.00,0.00,0.00,0.00,0.00,0.00,0.00
20650,DL:0.1.0:AT.1.0.0,2022-3-4 6:2:23,31.25,0.00,0.00,17.803,1.800,-6.160,11.644,19.603,0.00,0.00,0.00,0.00,0.00,0.00,0.00,0.00,0.00,0.00,0.00,0.00,0.00,0.00,0.00,0.00,0.00
20650,DL:0.1.0:AT.1.0.0,2022-3-4 6:2:28,31.25,0.00,0.00,17.784,1.819,-6.140,11.644,19.603,0.00,0.00,0.00,0.00,0.00,0.00,0.00,0.00,0.00,0.00,0.00,0.00,0.00,0.00,0.00,0.00,0.00
20650,DL:0.1.0:AT.1.0.0,2022-3-4 6:2:33,31.25,0.00,0.00,17.801,1.802,-6.158,11.643,19.603,0.00,0.00,0.00,0.00,0.00,0.00,0.00,0.00,0.00,0.00,0.00,0.00,0.00,0.00,0.00,0.00,0.00
20650,DL:0.1.0:AT.1.0.0,2022-3-4 6:2:40,31.25,0.00,0.00,17.799,1.805,-6.156,11.643,19.603,0.00,0.00,0.00,0.00,0.00,0.00,0.00,0.00,0.00,0.00,0.00,0.00,0.00,0.00,0.00,0.00,0.00
20650,DL:0.1.0:AT.1.0.0,2022-3-4 6:2:47,31.25,0.00,0.00,17.819,1.784,-6.176,11.643,19.603,0.00,0.00,0.00,0.00,0.00,0.00,0.00,0.00,0.00,0.00,0.00,0.00,0.00,0.00,0.00,0.00,0.00
20650,DL:0.1.0:AT.1.0.0,2022-3-4 6:2:53,31.25,0.00,0.00,17.770,1.835,-6.128,11.641,19.605,0.00,0.00,0.00,0.00,0.00,0.00,0.00,0.00,0.00,0.00,0.00,0.00,0.00,0.00,0.00,0.00,0.00
20650,DL:0.1.0:AT.1.0.0,2022-3-4 6:3:0,31.25,0.00,0.00,17.799,1.806,-6.158,11.640,19.605,0.00,0.00,0.00,0.00,0.00,0.00,0.00,0.00,0.00,0.00,0.00,0.00,0.00,0.00,0.00,0.00,0.00
20650,DL:0.1.0:AT.1.0.0,2022-3-4 6:3:7,31.25,0.00,0.00,17.765,1.840,-6.125,11.640,19.605,0.00,0.00,0.00,0.00,0.00,0.00,0.00,0.00,0.00,0.00,0.00,0.00,0.00,0.00,0.00,0.00,0.00
20650,DL:0.1.0:AT.1.0.0,2022-3-4 6:3:14,31.25,0.00,0.00,17.817,1.789,-6.170,11.646,19.606,0.00,0.00,0.00,0.00,0.00,0.00,0.00,0.00,0.00,0.00,0.00,0.00,0.00,0.00,0.00,0.00,0.00
20650,DL:0.1.0:AT.1.0.0,2022-3-4 6:3:22,31.25,0.00,0.00,17.807,1.799,-6.158,11.649,19.606,0.00,0.00,0.00,0.00,0.00,0.00,0.00,0.00,0.00,0.00,0.00,0.00,0.00,0.00,0.00,0.00,0.00
20650,DL:0.1.0:AT.1.0.0,2022-3-4 6:3:28,31.25,0.00,0.00,17.789,1.817,-6.139,11.650,19.606,0.00,0.00,0.00,0.00,0.00,0.00,0.00,0.00,0.00,0.00,0.00,0.00,0.00,0.00,0.00,0.00,0.00
20650,DL:0.1.0:AT.1.0.0,2022-3-4 6:3:34,31.25,0.00,0.00,17.766,1.840,-6.116,11.650,19.606,0.00,0.00,0.00,0.00,0.00,0.00,0.00,0.00,0.00,0.00,0.00,0.00,0.00,0.00,0.00,0.00,0.00
20650,DL:0.1.0:AT.1.0.0,2022-3-4 6:3:41,31.25,0.00,0.00,17.820,1.786,-6.170,11.650,19.606,0.00,0.00,0.00,0.00,0.00,0.00,0.00,0.00,0.00,0.00,0.00,0.00,0.00,0.00,0.00,0.00,0.00
20650,DL:0.1.0:AT.1.0.0,2022-3-4 6:3:48,31.25,0.00,0.00,17.807,1.799,-6.157,11.650,19.606,0.00,0.00,0.00,0.00,0.00,0.00,0.00,0.00,0.00,0.00,0.00,0.00,0.00,0.00,0.00,0.00,0.00
20650,DL:0.1.0:AT.1.0.0,2022-3-4 6:3:53,31.25,0.00,0.00,17.806,1.800,-6.157,11.649,19.606,0.00,0.00,0.00,0.00,0.00,0.00,0.00,0.00,0.00,0.00,0.00,0.00,0.00,0.00,0.00,0.00,0.00
20650,DL:0.1.0:AT.1.0.0,2022-3-4 6:3:59,31.25,0.00,0.00,17.783,1.823,-6.134,11.649,19.606,0.00,0.00,0.00,0.00,0.00,0.00,0.00,0.00,0.00,0.00,0.00,0.00,0.00,0.00,0.00,0.00,0.00
20650,DL:0.1.0:AT.1.0.0,2022-3-4 6:4:4,31.25,0.00,0.00,17.787,1.819,-6.138,11.649,19.606,0.00,0.00,0.00,0.00,0.00,0.00,0.00,0.00,0.00,0.00,0.00,0.00,0.00,0.00,0.00,0.00,0.00
20650,DL:0.1.0:AT.1.0.0,2022-3-4 6:4:9,31.25,0.00,0.00,17.820,1.786,-6.173,11.647,19.606,0.00,0.00,0.00,0.00,0.00,0.00,0.00,0.00,0.00,0.00,0.00,0.00,0.00,0.00,0.00,0.00,0.00
20650,DL:0.1.0:AT.1.0.0,2022-3-4 6:4:14,31.25,0.00,0.00,17.802,1.804,-6.155,11.647,19.606,0.00,0.00,0.00,0.00,0.00,0.00,0.00,0.00,0.00,0.00,0.00,0.00,0.00,0.00,0.00,0.00,0.00
20650,DL:0.1.0:AT.1.0.0,2022-3-4 6:4:19,31.25,0.00,0.00,17.775,1.831,-6.128,11.646,19.606,0.00,0.00,0.00,0.00,0.00,0.00,0.00,0.00,0.00,0.00,0.00,0.00,0.00,0.00,0.00,0.00,0.00
20650,DL:0.1.0:AT.1.0.0,2022-3-4 6:4:26,31.25,0.00,0.00,17.811,1.794,-6.163,11.647,19.605,0.00,0.00,0.00,0.00,0.00,0.00,0.00,0.00,0.00,0.00,0.00,0.00,0.00,0.00,0.00,0.00,0.00
20650,DL:0.1.0:AT.1.0.0,2022-3-4 6:4:31,31.25,0.00,0.00,17.779,1.826,-6.133,11.646,19.606,0.00,0.00,0.00,0.00,0.00,0.00,0.00,0.00,0.00,0.00,0.00,0.00,0.00,0.00,0.00,0.00,0.00
20650,DL:0.1.0:AT.1.0.0,2022-3-4 6:4:36,31.25,0.00,0.00,17.832,1.774,-6.186,11.646,19.606,0.00,0.00,0.00,0.00,0.00,0.00,0.00,0.00,0.00,0.00,0.00,0.00,0.00,0.00,0.00,0.00,0.00
20650,DL:0.1.0:AT.1.0.0,2022-3-4 6:4:43,31.25,0.00,0.00,17.806,1.799,-6.160,11.646,19.605,0.00,0.00,0.00,0.00,0.00,0.00,0.00,0.00,0.00,0.00,0.00,0.00,0.00,0.00,0.00,0.00,0.00
20650,DL:0.1.0:AT.1.0.0,2022-3-4 6:4:51,31.25,0.00,0.00,17.815,1.790,-6.170,11.645,19.606,0.00,0.00,0.00,0.00,0.00,0.00,0.00,0.00,0.00,0.00,0.00,0.00,0.00,0.00,0.00,0.00,0.00
20650,DL:0.1.0:AT.1.0.0,2022-3-4 6:4:57,31.25,0.00,0.00,17.781,1.824,-6.136,11.645,19.605,0.00,0.00,0.00,0.00,0.00,0.00,0.00,0.00,0.00,0.00,0.00,0.00,0.00,0.00,0.00,0.00,0.00
20650,DL:0.1.0:AT.1.0.0,2022-3-4 6:5:2,31.25,0.00,0.00,17.808,1.796,-6.163,11.645,19.605,0.00,0.00,0.00,0.00,0.00,0.00,0.00,0.00,0.00,0.00,0.00,0.00,0.00,0.00,0.00,0.00,0.00
20650,DL:0.1.0:AT.1.0.0,2022-3-4 6:5:7,31.25,0.00,0.00,17.824,1.781,-6.178,11.646,19.605,0.00,0.00,0.00,0.00,0.00,0.00,0.00,0.00,0.00,0.00,0.00,0.00,0.00,0.00,0.00,0.00,0.00
20650,DL:0.1.0:AT.1.0.0,2022-3-4 6:5:14,31.25,0.00,0.00,17.836,1.769,-6.191,11.645,19.605,0.00,0.00,0.00,0.00,0.00,0.00,0.00,0.00,0.00,0.00,0.00,0.00,0.00,0.00,0.00,0.00,0.00
20650,DL:0.1.0:AT.1.0.0,2022-3-4 6:5:19,31.25,0.00,0.00,17.793,1.812,-6.146,11.646,19.605,0.00,0.00,0.00,0.00,0.00,0.00,0.00,0.00,0.00,0.00,0.00,0.00,0.00,0.00,0.00,0.00,0.00
20650,DL:0.1.0:AT.1.0.0,2022-3-4 6:5:24,31.25,0.00,0.00,17.770,1.836,-6.125,11.645,19.606,0.00,0.00,0.00,0.00,0.00,0.00,0.00,0.00,0.00,0.00,0.00,0.00,0.00,0.00,0.00,0.00,0.00
20650,DL:0.1.0:AT.1.0.0,2022-3-4 6:5:31,31.25,0.00,0.00,17.793,1.812,-6.148,11.645,19.605,0.00,0.00,0.00,0.00,0.00,0.00,0.00,0.00,0.00,0.00,0.00,0.00,0.00,0.00,0.00,0.00,0.00
20650,DL:0.1.0:AT.1.0.0,2022-3-4 6:5:38,31.25,0.00,0.00,17.783,1.822,-6.138,11.645,19.605,0.00,0.00,0.00,0.00,0.00,0.00,0.00,0.00,0.00,0.00,0.00,0.00,0.00,0.00,0.00,0.00,0.00
20650,DL:0.1.0:AT.1.0.0,2022-3-4 6:5:43,31.25,0.00,0.00,17.771,1.834,-6.126,11.645,19.605,0.00,0.00,0.00,0.00,0.00,0.00,0.00,0.00,0.00,0.00,0.00,0.00,0.00,0.00,0.00,0.00,0.00
20650,DL:0.1.0:AT.1.0.0,2022-3-4 6:5:48,31.25,0.00,0.00,17.793,1.811,-6.148,11.645,19.603,0.00,0.00,0.00,0.00,0.00,0.00,0.00,0.00,0.00,0.00,0.00,0.00,0.00,0.00,0.00,0.00,0.00
20650,DL:0.1.0:AT.1.0.0,2022-3-4 6:5:54,31.25,0.00,0.00,17.802,1.801,-6.158,11.644,19.603,0.00,0.00,0.00,0.00,0.00,0.00,0.00,0.00,0.00,0.00,0.00,0.00,0.00,0.00,0.00,0.00,0.00
20650,DL:0.1.0:AT.1.0.0,2022-3-4 6:6:1,31.25,0.00,0.00,17.773,1.830,-6.130,11.644,19.603,0.00,0.00,0.00,0.00,0.00,0.00,0.00,0.00,0.00,0.00,0.00,0.00,0.00,0.00,0.00,0.00,0.00
20650,DL:0.1.0:AT.1.0.0,2022-3-4 6:6:8,31.25,0.00,0.00,17.785,1.819,-6.144,11.641,19.605,0.00,0.00,0.00,0.00,0.00,0.00,0.00,0.00,0.00,0.00,0.00,0.00,0.00,0.00,0.00,0.00,0.00
20650,DL:0.1.0:AT.1.0.0,2022-3-4 6:6:13,31.25,0.00,0.00,17.815,1.788,-6.172,11.644,19.603,0.00,0.00,0.00,0.00,0.00,0.00,0.00,0.00,0.00,0.00,0.00,0.00,0.00,0.00,0.00,0.00,0.00
20650,DL:0.1.0:AT.1.0.0,2022-3-4 6:6:18,31.25,0.00,0.00,17.819,1.784,-6.175,11.644,19.603,0.00,0.00,0.00,0.00,0.00,0.00,0.00,0.00,0.00,0.00,0.00,0.00,0.00,0.00,0.00,0.00,0.00
20650,DL:0.1.0:AT.1.0.0,2022-3-4 6:6:27,31.25,0.00,0.00,17.821,1.782,-6.179,11.643,19.603,0.00,0.00,0.00,0.00,0.00,0.00,0.00,0.00,0.00,0.00,0.00,0.00,0.00,0.00,0.00,0.00,0.00
20650,DL:0.1.0:AT.1.0.0,2022-3-4 6:6:32,31.25,0.00,0.00,17.794,1.810,-6.151,11.643,19.603,0.00,0.00,0.00,0.00,0.00,0.00,0.00,0.00,0.00,0.00,0.00,0.00,0.00,0.00,0.00,0.00,0.00
20650,DL:0.1.0:AT.1.0.0,2022-3-4 6:6:37,31.25,0.00,0.00,17.808,1.795,-6.166,11.643,19.603,0.00,0.00,0.00,0.00,0.00,0.00,0.00,0.00,0.00,0.00,0.00,0.00,0.00,0.00,0.00,0.00,0.00
20650,DL:0.1.0:AT.1.0.0,2022-3-4 6:6:43,31.25,0.00,0.00,17.776,1.826,-6.134,11.641,19.602,0.00,0.00,0.00,0.00,0.00,0.00,0.00,0.00,0.00,0.00,0.00,0.00,0.00,0.00,0.00,0.00,0.00
20650,DL:0.1.0:AT.1.0.0,2022-3-4 6:6:50,31.25,0.00,0.00,17.799,1.805,-6.157,11.641,19.603,0.00,0.00,0.00,0.00,0.00,0.00,0.00,0.00,0.00,0.00,0.00,0.00,0.00,0.00,0.00,0.00,0.00
20650,DL:0.1.0:AT.1.0.0,2022-3-4 6:6:58,31.25,0.00,0.00,17.799,1.804,-6.157,11.641,19.602,0.00,0.00,0.00,0.00,0.00,0.00,0.00,0.00,0.00,0.00,0.00,0.00,0.00,0.00,0.00,0.00,0.00
20650,DL:0.1.0:AT.1.0.0,2022-3-4 6:7:3,31.25,0.00,0.00,17.796,1.807,-6.156,11.640,19.603,0.00,0.00,0.00,0.00,0.00,0.00,0.00,0.00,0.00,0.00,0.00,0.00,0.00,0.00,0.00,0.00,0.00
20650,DL:0.1.0:AT.1.0.0,2022-3-4 6:7:9,31.25,0.00,0.00,17.779,1.824,-6.138,11.641,19.603,0.00,0.00,0.00,0.00,0.00,0.00,0.00,0.00,0.00,0.00,0.00,0.00,0.00,0.00,0.00,0.00,0.00
20650,DL:0.1.0:AT.1.0.0,2022-3-4 6:7:14,31.25,0.00,0.00,17.794,1.810,-6.152,11.641,19.603,0.00,0.00,0.00,0.00,0.00,0.00,0.00,0.00,0.00,0.00,0.00,0.00,0.00,0.00,0.00,0.00,0.00
20650,DL:0.1.0:AT.1.0.0,2022-3-4 6:7:19,31.25,0.00,0.00,17.778,1.825,-6.138,11.640,19.603,0.00,0.00,0.00,0.00,0.00,0.00,0.00,0.00,0.00,0.00,0.00,0.00,0.00,0.00,0.00,0.00,0.00
20650,DL:0.1.0:AT.1.0.0,2022-3-4 6:7:24,31.25,0.00,0.00,17.748,1.854,-6.108,11.640,19.602,0.00,0.00,0.00,0.00,0.00,0.00,0.00,0.00,0.00,0.00,0.00,0.00,0.00,0.00,0.00,0.00,0.00
20650,DL:0.1.0:AT.1.0.0,2022-3-4 6:7:31,31.25,0.00,0.00,17.763,1.841,-6.122,11.640,19.603,0.00,0.00,0.00,0.00,0.00,0.00,0.00,0.00,0.00,0.00,0.00,0.00,0.00,0.00,0.00,0.00,0.00
20650,DL:0.1.0:AT.1.0.0,2022-3-4 6:7:38,31.25,0.00,0.00,17.775,1.830,-6.134,11.640,19.605,0.00,0.00,0.00,0.00,0.00,0.00,0.00,0.00,0.00,0.00,0.00,0.00,0.00,0.00,0.00,0.00,0.00
20650,DL:0.1.0:AT.1.0.0,2022-3-4 6:7:43,31.25,0.00,0.00,17.760,1.843,-6.120,11.640,19.603,0.00,0.00,0.00,0.00,0.00,0.00,0.00,0.00,0.00,0.00,0.00,0.00,0.00,0.00,0.00,0.00,0.00
20650,DL:0.1.0:AT.1.0.0,2022-3-4 6:7:48,31.25,0.00,0.00,17.769,1.836,-6.130,11.639,19.605,0.00,0.00,0.00,0.00,0.00,0.00,0.00,0.00,0.00,0.00,0.00,0.00,0.00,0.00,0.00,0.00,0.00
20650,DL:0.1.0:AT.1.0.0,2022-3-4 6:7:54,31.25,0.00,0.00,17.788,1.817,-6.149,11.639,19.605,0.00,0.00,0.00,0.00,0.00,0.00,0.00,0.00,0.00,0.00,0.00,0.00,0.00,0.00,0.00,0.00,0.00
20650,DL:0.1.0:AT.1.0.0,2022-3-4 6:7:59,31.25,0.00,0.00,17.764,1.841,-6.125,11.639,19.605,0.00,0.00,0.00,0.00,0.00,0.00,0.00,0.00,0.00,0.00,0.00,0.00,0.00,0.00,0.00,0.00,0.00
20650,DL:0.1.0:AT.1.0.0,2022-3-4 6:8:5,31.25,0.00,0.00,17.791,1.813,-6.154,11.638,19.605,0.00,0.00,0.00,0.00,0.00,0.00,0.00,0.00,0.00,0.00,0.00,0.00,0.00,0.00,0.00,0.00,0.00
20650,DL:0.1.0:AT.1.0.0,2022-3-4 6:8:12,31.25,0.00,0.00,17.776,1.829,-6.138,11.638,19.605,0.00,0.00,0.00,0.00,0.00,0.00,0.00,0.00,0.00,0.00,0.00,0.00,0.00,0.00,0.00,0.00,0.00
20650,DL:0.1.0:AT.1.0.0,2022-3-4 6:8:19,31.25,0.00,0.00,17.773,1.831,-6.134,11.639,19.605,0.00,0.00,0.00,0.00,0.00,0.00,0.00,0.00,0.00,0.00,0.00,0.00,0.00,0.00,0.00,0.00,0.00
20650,DL:0.1.0:AT.1.0.0,2022-3-4 6:8:24,31.25,0.00,0.00,17.772,1.831,-6.134,11.638,19.603,0.00,0.00,0.00,0.00,0.00,0.00,0.00,0.00,0.00,0.00,0.00,0.00,0.00,0.00,0.00,0.00,0.00
20650,DL:0.1.0:AT.1.0.0,2022-3-4 6:8:30,31.25,0.00,0.00,17.771,1.832,-6.133,11.638,19.603,0.00,0.00,0.00,0.00,0.00,0.00,0.00,0.00,0.00,0.00,0.00,0.00,0.00,0.00,0.00,0.00,0.00
20650,DL:0.1.0:AT.1.0.0,2022-3-4 6:8:35,31.25,0.00,0.00,17.767,1.836,-6.131,11.637,19.603,0.00,0.00,0.00,0.00,0.00,0.00,0.00,0.00,0.00,0.00,0.00,0.00,0.00,0.00,0.00,0.00,0.00
20650,DL:0.1.0:AT.1.0.0,2022-3-4 6:8:40,31.25,0.00,0.00,17.787,1.817,-6.150,11.637,19.603,0.00,0.00,0.00,0.00,0.00,0.00,0.00,0.00,0.00,0.00,0.00,0.00,0.00,0.00,0.00,0.00,0.00
20650,DL:0.1.0:AT.1.0.0,2022-3-4 6:8:45,31.25,0.00,0.00,17.764,1.840,-6.127,11.637,19.603,0.00,0.00,0.00,0.00,0.00,0.00,0.00,0.00,0.00,0.00,0.00,0.00,0.00,0.00,0.00,0.00,0.00
20650,DL:0.1.0:AT.1.0.0,2022-3-4 6:8:53,31.25,0.00,0.00,17.793,1.811,-6.156,11.637,19.603,0.00,0.00,0.00,0.00,0.00,0.00,0.00,0.00,0.00,0.00,0.00,0.00,0.00,0.00,0.00,0.00,0.00
20650,DL:0.1.0:AT.1.0.0,2022-3-4 6:8:58,31.25,0.00,0.00,17.788,1.816,-6.152,11.635,19.603,0.00,0.00,0.00,0.00,0.00,0.00,0.00,0.00,0.00,0.00,0.00,0.00,0.00,0.00,0.00,0.00,0.00
20650,DL:0.1.0:AT.1.0.0,2022-3-4 6:9:3,31.25,0.00,0.00,17.797,1.806,-6.161,11.637,19.603,0.00,0.00,0.00,0.00,0.00,0.00,0.00,0.00,0.00,0.00,0.00,0.00,0.00,0.00,0.00,0.00,0.00
20650,DL:0.1.0:AT.1.0.0,2022-3-4 6:9:10,31.25,0.00,0.00,17.765,1.837,-6.130,11.635,19.602,0.00,0.00,0.00,0.00,0.00,0.00,0.00,0.00,0.00,0.00,0.00,0.00,0.00,0.00,0.00,0.00,0.00
20650,DL:0.1.0:AT.1.0.0,2022-3-4 6:9:16,31.25,0.00,0.00,17.791,1.812,-6.156,11.635,19.603,0.00,0.00,0.00,0.00,0.00,0.00,0.00,0.00,0.00,0.00,0.00,0.00,0.00,0.00,0.00,0.00,0.00
20650,DL:0.1.0:AT.1.0.0,2022-3-4 6:9:23,31.25,0.00,0.00,17.824,1.778,-6.190,11.634,19.602,0.00,0.00,0.00,0.00,0.00,0.00,0.00,0.00,0.00,0.00,0.00,0.00,0.00,0.00,0.00,0.00,0.00
20650,DL:0.1.0:AT.1.0.0,2022-3-4 6:9:28,31.25,0.00,0.00,17.797,1.806,-6.162,11.635,19.603,0.00,0.00,0.00,0.00,0.00,0.00,0.00,0.00,0.00,0.00,0.00,0.00,0.00,0.00,0.00,0.00,0.00
20650,DL:0.1.0:AT.1.0.0,2022-3-4 6:9:33,31.25,0.00,0.00,17.819,1.784,-6.185,11.634,19.603,0.00,0.00,0.00,0.00,0.00,0.00,0.00,0.00,0.00,0.00,0.00,0.00,0.00,0.00,0.00,0.00,0.00
20650,DL:0.1.0:AT.1.0.0,2022-3-4 6:9:41,31.25,0.00,0.00,17.800,1.804,-6.166,11.634,19.603,0.00,0.00,0.00,0.00,0.00,0.00,0.00,0.00,0.00,0.00,0.00,0.00,0.00,0.00,0.00,0.00,0.00
20650,DL:0.1.0:AT.1.0.0,2022-3-4 6:9:47,31.25,0.00,0.00,17.805,1.800,-6.172,11.633,19.605,0.00,0.00,0.00,0.00,0.00,0.00,0.00,0.00,0.00,0.00,0.00,0.00,0.00,0.00,0.00,0.00,0.00
20650,DL:0.1.0:AT.1.0.0,2022-3-4 6:9:52,31.25,0.00,0.00,17.785,1.819,-6.152,11.633,19.605,0.00,0.00,0.00,0.00,0.00,0.00,0.00,0.00,0.00,0.00,0.00,0.00,0.00,0.00,0.00,0.00,0.00
20650,DL:0.1.0:AT.1.0.0,2022-3-4 6:9:58,31.25,0.00,0.00,17.821,1.783,-6.190,11.632,19.605,0.00,0.00,0.00,0.00,0.00,0.00,0.00,0.00,0.00,0.00,0.00,0.00,0.00,0.00,0.00,0.00,0.00
20650,DL:0.1.0:AT.1.0.0,2022-3-4 6:10:5,31.25,0.00,0.00,17.823,1.782,-6.190,11.633,19.605,0.00,0.00,0.00,0.00,0.00,0.00,0.00,0.00,0.00,0.00,0.00,0.00,0.00,0.00,0.00,0.00,0.00
20650,DL:0.1.0:AT.1.0.0,2022-3-4 6:10:10,31.25,0.00,0.00,17.808,1.796,-6.176,11.632,19.605,0.00,0.00,0.00,0.00,0.00,0.00,0.00,0.00,0.00,0.00,0.00,0.00,0.00,0.00,0.00,0.00,0.00
20650,DL:0.1.0:AT.1.0.0,2022-3-4 6:10:18,31.25,0.00,0.00,17.794,1.811,-6.162,11.632,19.605,0.00,0.00,0.00,0.00,0.00,0.00,0.00,0.00,0.00,0.00,0.00,0.00,0.00,0.00,0.00,0.00,0.00
20650,DL:0.1.0:AT.1.0.0,2022-3-4 6:10:25,31.25,0.00,0.00,17.791,1.814,-6.161,11.631,19.606,0.00,0.00,0.00,0.00,0.00,0.00,0.00,0.00,0.00,0.00,0.00,0.00,0.00,0.00,0.00,0.00,0.00
20650,DL:0.1.0:AT.1.0.0,2022-3-4 6:10:30,31.25,0.00,0.00,17.812,1.794,-6.181,11.631,19.606,0.00,0.00,0.00,0.00,0.00,0.00,0.00,0.00,0.00,0.00,0.00,0.00,0.00,0.00,0.00,0.00,0.00
20650,DL:0.1.0:AT.1.0.0,2022-3-4 6:10:39,31.25,0.00,0.00,17.791,1.816,-6.161,11.631,19.607,0.00,0.00,0.00,0.00,0.00,0.00,0.00,0.00,0.00,0.00,0.00,0.00,0.00,0.00,0.00,0.00,0.00
20650,DL:0.1.0:AT.1.0.0,2022-3-4 6:10:44,31.25,0.00,0.00,17.799,1.808,-6.169,11.629,19.607,0.00,0.00,0.00,0.00,0.00,0.00,0.00,0.00,0.00,0.00,0.00,0.00,0.00,0.00,0.00,0.00,0.00
20650,DL:0.1.0:AT.1.0.0,2022-3-4 6:10:49,31.25,0.00,0.00,17.761,1.846,-6.132,11.629,19.607,0.00,0.00,0.00,0.00,0.00,0.00,0.00,0.00,0.00,0.00,0.00,0.00,0.00,0.00,0.00,0.00,0.00
20650,DL:0.1.0:AT.1.0.0,2022-3-4 6:10:55,31.25,0.00,0.00,17.812,1.796,-6.182,11.629,19.608,0.00,0.00,0.00,0.00,0.00,0.00,0.00,0.00,0.00,0.00,0.00,0.00,0.00,0.00,0.00,0.00,0.00
20650,DL:0.1.0:AT.1.0.0,2022-3-4 6:11:0,31.25,0.00,0.00,17.796,1.813,-6.167,11.629,19.609,0.00,0.00,0.00,0.00,0.00,0.00,0.00,0.00,0.00,0.00,0.00,0.00,0.00,0.00,0.00,0.00,0.00
20650,DL:0.1.0:AT.1.0.0,2022-3-4 6:11:10,31.25,0.00,0.00,17.805,1.806,-6.176,11.628,19.611,0.00,0.00,0.00,0.00,0.00,0.00,0.00,0.00,0.00,0.00,0.00,0.00,0.00,0.00,0.00,0.00,0.00
20650,DL:0.1.0:AT.1.0.0,2022-3-4 6:11:15,31.25,0.00,0.00,17.796,1.816,-6.169,11.627,19.612,0.00,0.00,0.00,0.00,0.00,0.00,0.00,0.00,0.00,0.00,0.00,0.00,0.00,0.00,0.00,0.00,0.00
20650,DL:0.1.0:AT.1.0.0,2022-3-4 6:11:20,31.25,0.00,0.00,17.789,1.823,-6.161,11.628,19.612,0.00,0.00,0.00,0.00,0.00,0.00,0.00,0.00,0.00,0.00,0.00,0.00,0.00,0.00,0.00,0.00,0.00
20650,DL:0.1.0:AT.1.0.0,2022-3-4 6:11:26,31.25,0.00,0.00,17.795,1.818,-6.167,11.628,19.613,0.00,0.00,0.00,0.00,0.00,0.00,0.00,0.00,0.00,0.00,0.00,0.00,0.00,0.00,0.00,0.00,0.00
20650,DL:0.1.0:AT.1.0.0,2022-3-4 6:11:39,31.25,0.00,0.00,17.817,1.798,-6.190,11.627,19.614,0.00,0.00,0.00,0.00,0.00,0.00,0.00,0.00,0.00,0.00,0.00,0.00,0.00,0.00,0.00,0.00,0.00
20650,DL:0.1.0:AT.1.0.0,2022-3-4 6:11:47,31.25,0.00,0.00,17.803,1.811,-6.176,11.627,19.614,0.00,0.00,0.00,0.00,0.00,0.00,0.00,0.00,0.00,0.00,0.00,0.00,0.00,0.00,0.00,0.00,0.00
20650,DL:0.1.0:AT.1.0.0,2022-3-4 6:11:53,31.25,0.00,0.00,17.817,1.799,-6.191,11.626,19.615,0.00,0.00,0.00,0.00,0.00,0.00,0.00,0.00,0.00,0.00,0.00,0.00,0.00,0.00,0.00,0.00,0.00
20650,DL:0.1.0:AT.1.0.0,2022-3-4 6:12:1,31.25,0.00,0.00,17.797,1.818,-6.170,11.627,19.615,0.00,0.00,0.00,0.00,0.00,0.00,0.00,0.00,0.00,0.00,0.00,0.00,0.00,0.00,0.00,0.00,0.00
20650,DL:0.1.0:AT.1.0.0,2022-3-4 6:12:12,31.25,0.00,0.00,17.789,1.829,-6.164,11.625,19.618,0.00,0.00,0.00,0.00,0.00,0.00,0.00,0.00,0.00,0.00,0.00,0.00,0.00,0.00,0.00,0.00,0.00
20650,DL:0.1.0:AT.1.0.0,2022-3-4 6:12:18,31.25,0.00,0.00,17.806,1.812,-6.180,11.626,19.618,0.00,0.00,0.00,0.00,0.00,0.00,0.00,0.00,0.00,0.00,0.00,0.00,0.00,0.00,0.00,0.00,0.00
20650,DL:0.1.0:AT.1.0.0,2022-3-4 6:12:23,31.25,0.00,0.00,17.811,1.808,-6.186,11.625,19.619,0.00,0.00,0.00,0.00,0.00,0.00,0.00,0.00,0.00,0.00,0.00,0.00,0.00,0.00,0.00,0.00,0.00
20650,DL:0.1.0:AT.1.0.0,2022-3-4 6:12:28,31.25,0.00,0.00,17.794,1.825,-6.169,11.625,19.619,0.00,0.00,0.00,0.00,0.00,0.00,0.00,0.00,0.00,0.00,0.00,0.00,0.00,0.00,0.00,0.00,0.00
20650,DL:0.1.0:AT.1.0.0,2022-3-4 6:12:35,31.25,0.00,0.00,17.800,1.819,-6.175,11.625,19.619,0.00,0.00,0.00,0.00,0.00,0.00,0.00,0.00,0.00,0.00,0.00,0.00,0.00,0.00,0.00,0.00,0.00
20650,DL:0.1.0:AT.1.0.0,2022-3-4 6:12:40,31.25,0.00,0.00,17.802,1.817,-6.179,11.623,19.619,0.00,0.00,0.00,0.00,0.00,0.00,0.00,0.00,0.00,0.00,0.00,0.00,0.00,0.00,0.00,0.00,0.00
20650,DL:0.1.0:AT.1.0.0,2022-3-4 6:12:45,31.25,0.00,0.00,17.787,1.834,-6.163,11.623,19.620,0.00,0.00,0.00,0.00,0.00,0.00,0.00,0.00,0.00,0.00,0.00,0.00,0.00,0.00,0.00,0.00,0.00
20650,DL:0.1.0:AT.1.0.0,2022-3-4 6:12:52,31.25,0.00,0.00,17.795,1.825,-6.173,11.622,19.620,0.00,0.00,0.00,0.00,0.00,0.00,0.00,0.00,0.00,0.00,0.00,0.00,0.00,0.00,0.00,0.00,0.00
20650,DL:0.1.0:AT.1.0.0,2022-3-4 6:12:59,31.25,0.00,0.00,17.813,1.808,-6.190,11.623,19.621,0.00,0.00,0.00,0.00,0.00,0.00,0.00,0.00,0.00,0.00,0.00,0.00,0.00,0.00,0.00,0.00,0.00
20650,DL:0.1.0:AT.1.0.0,2022-3-4 6:13:5,31.25,0.00,0.00,17.813,1.808,-6.190,11.623,19.621,0.00,0.00,0.00,0.00,0.00,0.00,0.00,0.00,0.00,0.00,0.00,0.00,0.00,0.00,0.00,0.00,0.00
20650,DL:0.1.0:AT.1.0.0,2022-3-4 6:13:10,31.25,0.00,0.00,17.769,1.853,-6.146,11.622,19.621,0.00,0.00,0.00,0.00,0.00,0.00,0.00,0.00,0.00,0.00,0.00,0.00,0.00,0.00,0.00,0.00,0.00
20650,DL:0.1.0:AT.1.0.0,2022-3-4 6:13:16,31.25,0.00,0.00,17.800,1.822,-6.178,11.622,19.621,0.00,0.00,0.00,0.00,0.00,0.00,0.00,0.00,0.00,0.00,0.00,0.00,0.00,0.00,0.00,0.00,0.00
20650,DL:0.1.0:AT.1.0.0,2022-3-4 6:13:21,31.25,0.00,0.00,17.808,1.813,-6.186,11.622,19.621,0.00,0.00,0.00,0.00,0.00,0.00,0.00,0.00,0.00,0.00,0.00,0.00,0.00,0.00,0.00,0.00,0.00
20650,DL:0.1.0:AT.1.0.0,2022-3-4 6:13:26,31.25,0.00,0.00,17.790,1.832,-6.169,11.621,19.623,0.00,0.00,0.00,0.00,0.00,0.00,0.00,0.00,0.00,0.00,0.00,0.00,0.00,0.00,0.00,0.00,0.00
20650,DL:0.1.0:AT.1.0.0,2022-3-4 6:13:32,31.25,0.00,0.00,17.759,1.863,-6.138,11.621,19.621,0.00,0.00,0.00,0.00,0.00,0.00,0.00,0.00,0.00,0.00,0.00,0.00,0.00,0.00,0.00,0.00,0.00
20650,DL:0.1.0:AT.1.0.0,2022-3-4 6:13:37,31.25,0.00,0.00,17.781,1.842,-6.160,11.621,19.623,0.00,0.00,0.00,0.00,0.00,0.00,0.00,0.00,0.00,0.00,0.00,0.00,0.00,0.00,0.00,0.00,0.00
20650,DL:0.1.0:AT.1.0.0,2022-3-4 6:13:43,31.25,0.00,0.00,17.811,1.812,-6.190,11.621,19.623,0.00,0.00,0.00,0.00,0.00,0.00,0.00,0.00,0.00,0.00,0.00,0.00,0.00,0.00,0.00,0.00,0.00
20650,DL:0.1.0:AT.1.0.0,2022-3-4 6:13:48,31.25,0.00,0.00,17.776,1.847,-6.156,11.620,19.623,0.00,0.00,0.00,0.00,0.00,0.00,0.00,0.00,0.00,0.00,0.00,0.00,0.00,0.00,0.00,0.00,0.00
20650,DL:0.1.0:AT.1.0.0,2022-3-4 6:13:54,31.25,0.00,0.00,17.773,1.849,-6.154,11.620,19.623,0.00,0.00,0.00,0.00,0.00,0.00,0.00,0.00,0.00,0.00,0.00,0.00,0.00,0.00,0.00,0.00,0.00
20650,DL:0.1.0:AT.1.0.0,2022-3-4 6:14:4,31.25,0.00,0.00,17.787,1.836,-6.168,11.619,19.623,0.00,0.00,0.00,0.00,0.00,0.00,0.00,0.00,0.00,0.00,0.00,0.00,0.00,0.00,0.00,0.00,0.00
20650,DL:0.1.0:AT.1.0.0,2022-3-4 6:14:9,31.25,0.00,0.00,17.793,1.831,-6.174,11.619,19.624,0.00,0.00,0.00,0.00,0.00,0.00,0.00,0.00,0.00,0.00,0.00,0.00,0.00,0.00,0.00,0.00,0.00
20650,DL:0.1.0:AT.1.0.0,2022-3-4 6:14:14,31.25,0.00,0.00,17.785,1.839,-6.168,11.617,19.624,0.00,0.00,0.00,0.00,0.00,0.00,0.00,0.00,0.00,0.00,0.00,0.00,0.00,0.00,0.00,0.00,0.00
20650,DL:0.1.0:AT.1.0.0,2022-3-4 6:14:21,31.25,0.00,0.00,17.782,1.842,-6.164,11.617,19.624,0.00,0.00,0.00,0.00,0.00,0.00,0.00,0.00,0.00,0.00,0.00,0.00,0.00,0.00,0.00,0.00,0.00
20650,DL:0.1.0:AT.1.0.0,2022-3-4 6:14:26,31.25,0.00,0.00,17.754,1.870,-6.137,11.617,19.624,0.00,0.00,0.00,0.00,0.00,0.00,0.00,0.00,0.00,0.00,0.00,0.00,0.00,0.00,0.00,0.00,0.00
20650,DL:0.1.0:AT.1.0.0,2022-3-4 6:14:31,31.25,0.00,0.00,17.795,1.829,-6.176,11.619,19.624,0.00,0.00,0.00,0.00,0.00,0.00,0.00,0.00,0.00,0.00,0.00,0.00,0.00,0.00,0.00,0.00,0.00
20650,DL:0.1.0:AT.1.0.0,2022-3-4 6:14:38,31.25,0.00,0.00,17.759,1.864,-6.140,11.619,19.623,0.00,0.00,0.00,0.00,0.00,0.00,0.00,0.00,0.00,0.00,0.00,0.00,0.00,0.00,0.00,0.00,0.00
20650,DL:0.1.0:AT.1.0.0,2022-3-4 6:14:46,31.25,0.00,0.00,17.764,1.859,-6.146,11.617,19.623,0.00,0.00,0.00,0.00,0.00,0.00,0.00,0.00,0.00,0.00,0.00,0.00,0.00,0.00,0.00,0.00,0.00
20650,DL:0.1.0:AT.1.0.0,2022-3-4 6:14:51,31.25,0.00,0.00,17.755,1.867,-6.138,11.617,19.623,0.00,0.00,0.00,0.00,0.00,0.00,0.00,0.00,0.00,0.00,0.00,0.00,0.00,0.00,0.00,0.00,0.00
20650,DL:0.1.0:AT.1.0.0,2022-3-4 6:14:56,31.25,0.00,0.00,17.785,1.837,-6.167,11.619,19.623,0.00,0.00,0.00,0.00,0.00,0.00,0.00,0.00,0.00,0.00,0.00,0.00,0.00,0.00,0.00,0.00,0.00
20650,DL:0.1.0:AT.1.0.0,2022-3-4 6:15:2,31.25,0.00,0.00,17.789,1.834,-6.172,11.617,19.623,0.00,0.00,0.00,0.00,0.00,0.00,0.00,0.00,0.00,0.00,0.00,0.00,0.00,0.00,0.00,0.00,0.00
20650,DL:0.1.0:AT.1.0.0,2022-3-4 6:15:9,31.25,0.00,0.00,17.789,1.834,-6.172,11.617,19.623,0.00,0.00,0.00,0.00,0.00,0.00,0.00,0.00,0.00,0.00,0.00,0.00,0.00,0.00,0.00,0.00,0.00
20650,DL:0.1.0:AT.1.0.0,2022-3-4 6:15:14,31.25,0.00,0.00,17.779,1.843,-6.162,11.617,19.623,0.00,0.00,0.00,0.00,0.00,0.00,0.00,0.00,0.00,0.00,0.00,0.00,0.00,0.00,0.00,0.00,0.00
20650,DL:0.1.0:AT.1.0.0,2022-3-4 6:15:19,31.25,0.00,0.00,17.785,1.837,-6.168,11.617,19.623,0.00,0.00,0.00,0.00,0.00,0.00,0.00,0.00,0.00,0.00,0.00,0.00,0.00,0.00,0.00,0.00,0.00
20650,DL:0.1.0:AT.1.0.0,2022-3-4 6:15:24,31.25,0.00,0.00,17.772,1.851,-6.156,11.616,19.623,0.00,0.00,0.00,0.00,0.00,0.00,0.00,0.00,0.00,0.00,0.00,0.00,0.00,0.00,0.00,0.00,0.00
20650,DL:0.1.0:AT.1.0.0,2022-3-4 6:15:30,31.25,0.00,0.00,17.769,1.854,-6.152,11.616,19.623,0.00,0.00,0.00,0.00,0.00,0.00,0.00,0.00,0.00,0.00,0.00,0.00,0.00,0.00,0.00,0.00,0.00
20650,DL:0.1.0:AT.1.0.0,2022-3-4 6:15:35,31.25,0.00,0.00,17.754,1.869,-6.138,11.616,19.623,0.00,0.00,0.00,0.00,0.00,0.00,0.00,0.00,0.00,0.00,0.00,0.00,0.00,0.00,0.00,0.00,0.00
20650,DL:0.1.0:AT.1.0.0,2022-3-4 6:15:40,31.25,0.00,0.00,17.743,1.878,-6.127,11.616,19.621,0.00,0.00,0.00,0.00,0.00,0.00,0.00,0.00,0.00,0.00,0.00,0.00,0.00,0.00,0.00,0.00,0.00
20650,DL:0.1.0:AT.1.0.0,2022-3-4 6:15:48,31.25,0.00,0.00,17.793,1.829,-6.178,11.615,19.621,0.00,0.00,0.00,0.00,0.00,0.00,0.00,0.00,0.00,0.00,0.00,0.00,0.00,0.00,0.00,0.00,0.00
20650,DL:0.1.0:AT.1.0.0,2022-3-4 6:15:53,31.25,0.00,0.00,17.787,1.835,-6.170,11.616,19.621,0.00,0.00,0.00,0.00,0.00,0.00,0.00,0.00,0.00,0.00,0.00,0.00,0.00,0.00,0.00,0.00,0.00
20650,DL:0.1.0:AT.1.0.0,2022-3-4 6:16:0,31.25,0.00,0.00,17.789,1.832,-6.174,11.615,19.621,0.00,0.00,0.00,0.00,0.00,0.00,0.00,0.00,0.00,0.00,0.00,0.00,0.00,0.00,0.00,0.00,0.00
20650,DL:0.1.0:AT.1.0.0,2022-3-4 6:16:7,31.25,0.00,0.00,17.801,1.820,-6.186,11.615,19.621,0.00,0.00,0.00,0.00,0.00,0.00,0.00,0.00,0.00,0.00,0.00,0.00,0.00,0.00,0.00,0.00,0.00
20650,DL:0.1.0:AT.1.0.0,2022-3-4 6:16:12,31.25,0.00,0.00,17.817,1.805,-6.202,11.615,19.621,0.00,0.00,0.00,0.00,0.00,0.00,0.00,0.00,0.00,0.00,0.00,0.00,0.00,0.00,0.00,0.00,0.00
20650,DL:0.1.0:AT.1.0.0,2022-3-4 6:16:18,31.25,0.00,0.00,17.800,1.822,-6.186,11.614,19.621,0.00,0.00,0.00,0.00,0.00,0.00,0.00,0.00,0.00,0.00,0.00,0.00,0.00,0.00,0.00,0.00,0.00
20650,DL:0.1.0:AT.1.0.0,2022-3-4 6:16:24,31.25,0.00,0.00,17.781,1.841,-6.167,11.614,19.621,0.00,0.00,0.00,0.00,0.00,0.00,0.00,0.00,0.00,0.00,0.00,0.00,0.00,0.00,0.00,0.00,0.00
20650,DL:0.1.0:AT.1.0.0,2022-3-4 6:16:31,31.25,0.00,0.00,17.802,1.819,-6.188,11.614,19.621,0.00,0.00,0.00,0.00,0.00,0.00,0.00,0.00,0.00,0.00,0.00,0.00,0.00,0.00,0.00,0.00,0.00
20650,DL:0.1.0:AT.1.0.0,2022-3-4 6:16:36,31.25,0.00,0.00,17.781,1.841,-6.167,11.614,19.621,0.00,0.00,0.00,0.00,0.00,0.00,0.00,0.00,0.00,0.00,0.00,0.00,0.00,0.00,0.00,0.00,0.00
20650,DL:0.1.0:AT.1.0.0,2022-3-4 6:16:41,31.25,0.00,0.00,17.783,1.839,-6.169,11.614,19.621,0.00,0.00,0.00,0.00,0.00,0.00,0.00,0.00,0.00,0.00,0.00,0.00,0.00,0.00,0.00,0.00,0.00
20650,DL:0.1.0:AT.1.0.0,2022-3-4 6:16:46,31.25,0.00,0.00,17.794,1.828,-6.181,11.613,19.621,0.00,0.00,0.00,0.00,0.00,0.00,0.00,0.00,0.00,0.00,0.00,0.00,0.00,0.00,0.00,0.00,0.00
20650,DL:0.1.0:AT.1.0.0,2022-3-4 6:16:51,31.25,0.00,0.00,17.814,1.807,-6.202,11.613,19.621,0.00,0.00,0.00,0.00,0.00,0.00,0.00,0.00,0.00,0.00,0.00,0.00,0.00,0.00,0.00,0.00,0.00
20650,DL:0.1.0:AT.1.0.0,2022-3-4 6:16:58,31.25,0.00,0.00,17.796,1.825,-6.184,11.613,19.621,0.00,0.00,0.00,0.00,0.00,0.00,0.00,0.00,0.00,0.00,0.00,0.00,0.00,0.00,0.00,0.00,0.00
20650,DL:0.1.0:AT.1.0.0,2022-3-4 6:17:5,31.25,0.00,0.00,17.823,1.799,-6.209,11.614,19.621,0.00,0.00,0.00,0.00,0.00,0.00,0.00,0.00,0.00,0.00,0.00,0.00,0.00,0.00,0.00,0.00,0.00
20650,DL:0.1.0:AT.1.0.0,2022-3-4 6:17:12,31.25,0.00,0.00,17.807,1.814,-6.194,11.613,19.621,0.00,0.00,0.00,0.00,0.00,0.00,0.00,0.00,0.00,0.00,0.00,0.00,0.00,0.00,0.00,0.00,0.00
20650,DL:0.1.0:AT.1.0.0,2022-3-4 6:17:20,31.25,0.00,0.00,17.775,1.847,-6.162,11.613,19.621,0.00,0.00,0.00,0.00,0.00,0.00,0.00,0.00,0.00,0.00,0.00,0.00,0.00,0.00,0.00,0.00,0.00
20650,DL:0.1.0:AT.1.0.0,2022-3-4 6:17:26,31.25,0.00,0.00,17.767,1.854,-6.156,11.611,19.621,0.00,0.00,0.00,0.00,0.00,0.00,0.00,0.00,0.00,0.00,0.00,0.00,0.00,0.00,0.00,0.00,0.00
20650,DL:0.1.0:AT.1.0.0,2022-3-4 6:17:33,31.25,0.00,0.00,17.773,1.849,-6.162,11.611,19.623,0.00,0.00,0.00,0.00,0.00,0.00,0.00,0.00,0.00,0.00,0.00,0.00,0.00,0.00,0.00,0.00,0.00
20650,DL:0.1.0:AT.1.0.0,2022-3-4 6:17:39,31.25,0.00,0.00,17.789,1.835,-6.178,11.611,19.624,0.00,0.00,0.00,0.00,0.00,0.00,0.00,0.00,0.00,0.00,0.00,0.00,0.00,0.00,0.00,0.00,0.00
20650,DL:0.1.0:AT.1.0.0,2022-3-4 6:17:46,31.25,0.00,0.00,17.808,1.816,-6.197,11.611,19.624,0.00,0.00,0.00,0.00,0.00,0.00,0.00,0.00,0.00,0.00,0.00,0.00,0.00,0.00,0.00,0.00,0.00
20650,DL:0.1.0:AT.1.0.0,2022-3-4 6:17:51,31.25,0.00,0.00,17.819,1.805,-6.209,11.610,19.624,0.00,0.00,0.00,0.00,0.00,0.00,0.00,0.00,0.00,0.00,0.00,0.00,0.00,0.00,0.00,0.00,0.00
20650,DL:0.1.0:AT.1.0.0,2022-3-4 6:17:56,31.25,0.00,0.00,17.812,1.813,-6.200,11.611,19.625,0.00,0.00,0.00,0.00,0.00,0.00,0.00,0.00,0.00,0.00,0.00,0.00,0.00,0.00,0.00,0.00,0.00
20650,DL:0.1.0:AT.1.0.0,2022-3-4 6:18:1,31.25,0.00,0.00,17.801,1.824,-6.191,11.610,19.625,0.00,0.00,0.00,0.00,0.00,0.00,0.00,0.00,0.00,0.00,0.00,0.00,0.00,0.00,0.00,0.00,0.00
20650,DL:0.1.0:AT.1.0.0,2022-3-4 6:18:7,31.25,0.00,0.00,17.784,1.841,-6.174,11.610,19.625,0.00,0.00,0.00,0.00,0.00,0.00,0.00,0.00,0.00,0.00,0.00,0.00,0.00,0.00,0.00,0.00,0.00
20650,DL:0.1.0:AT.1.0.0,2022-3-4 6:18:14,31.25,0.00,0.00,17.787,1.839,-6.176,11.610,19.625,0.00,0.00,0.00,0.00,0.00,0.00,0.00,0.00,0.00,0.00,0.00,0.00,0.00,0.00,0.00,0.00,0.00
20650,DL:0.1.0:AT.1.0.0,2022-3-4 6:18:22,31.25,0.00,0.00,17.787,1.840,-6.176,11.610,19.626,0.00,0.00,0.00,0.00,0.00,0.00,0.00,0.00,0.00,0.00,0.00,0.00,0.00,0.00,0.00,0.00,0.00
20650,DL:0.1.0:AT.1.0.0,2022-3-4 6:18:27,31.25,0.00,0.00,17.782,1.845,-6.172,11.610,19.626,0.00,0.00,0.00,0.00,0.00,0.00,0.00,0.00,0.00,0.00,0.00,0.00,0.00,0.00,0.00,0.00,0.00
20650,DL:0.1.0:AT.1.0.0,2022-3-4 6:18:34,31.25,0.00,0.00,17.789,1.839,-6.180,11.609,19.627,0.00,0.00,0.00,0.00,0.00,0.00,0.00,0.00,0.00,0.00,0.00,0.00,0.00,0.00,0.00,0.00,0.00
20650,DL:0.1.0:AT.1.0.0,2022-3-4 6:18:41,31.25,0.00,0.00,17.791,1.836,-6.182,11.609,19.627,0.00,0.00,0.00,0.00,0.00,0.00,0.00,0.00,0.00,0.00,0.00,0.00,0.00,0.00,0.00,0.00,0.00
20650,DL:0.1.0:AT.1.0.0,2022-3-4 6:18:52,31.25,0.00,0.00,17.790,1.839,-6.184,11.607,19.629,0.00,0.00,0.00,0.00,0.00,0.00,0.00,0.00,0.00,0.00,0.00,0.00,0.00,0.00,0.00,0.00,0.00
20650,DL:0.1.0:AT.1.0.0,2022-3-4 6:18:58,31.25,0.00,0.00,17.784,1.845,-6.176,11.608,19.629,0.00,0.00,0.00,0.00,0.00,0.00,0.00,0.00,0.00,0.00,0.00,0.00,0.00,0.00,0.00,0.00,0.00
20650,DL:0.1.0:AT.1.0.0,2022-3-4 6:19:5,31.25,0.00,0.00,17.795,1.834,-6.187,11.608,19.629,0.00,0.00,0.00,0.00,0.00,0.00,0.00,0.00,0.00,0.00,0.00,0.00,0.00,0.00,0.00,0.00,0.00
20650,DL:0.1.0:AT.1.0.0,2022-3-4 6:19:11,31.25,0.00,0.00,17.782,1.848,-6.175,11.607,19.630,0.00,0.00,0.00,0.00,0.00,0.00,0.00,0.00,0.00,0.00,0.00,0.00,0.00,0.00,0.00,0.00,0.00
20650,DL:0.1.0:AT.1.0.0,2022-3-4 6:19:16,31.25,0.00,0.00,17.787,1.843,-6.180,11.607,19.630,0.00,0.00,0.00,0.00,0.00,0.00,0.00,0.00,0.00,0.00,0.00,0.00,0.00,0.00,0.00,0.00,0.00
20650,DL:0.1.0:AT.1.0.0,2022-3-4 6:19:22,31.25,0.00,0.00,17.797,1.832,-6.191,11.607,19.630,0.00,0.00,0.00,0.00,0.00,0.00,0.00,0.00,0.00,0.00,0.00,0.00,0.00,0.00,0.00,0.00,0.00
20650,DL:0.1.0:AT.1.0.0,2022-3-4 6:19:27,31.25,0.00,0.00,17.773,1.858,-6.167,11.607,19.631,0.00,0.00,0.00,0.00,0.00,0.00,0.00,0.00,0.00,0.00,0.00,0.00,0.00,0.00,0.00,0.00,0.00
20650,DL:0.1.0:AT.1.0.0,2022-3-4 6:19:34,31.25,0.00,0.00,17.781,1.852,-6.175,11.605,19.632,0.00,0.00,0.00,0.00,0.00,0.00,0.00,0.00,0.00,0.00,0.00,0.00,0.00,0.00,0.00,0.00,0.00
20650,DL:0.1.0:AT.1.0.0,2022-3-4 6:19:39,31.25,0.00,0.00,17.767,1.865,-6.162,11.605,19.632,0.00,0.00,0.00,0.00,0.00,0.00,0.00,0.00,0.00,0.00,0.00,0.00,0.00,0.00,0.00,0.00,0.00
20650,DL:0.1.0:AT.1.0.0,2022-3-4 6:19:46,31.25,0.00,0.00,17.767,1.866,-6.162,11.605,19.634,0.00,0.00,0.00,0.00,0.00,0.00,0.00,0.00,0.00,0.00,0.00,0.00,0.00,0.00,0.00,0.00,0.00
20650,DL:0.1.0:AT.1.0.0,2022-3-4 6:19:52,31.25,0.00,0.00,17.775,1.859,-6.170,11.604,19.634,0.00,0.00,0.00,0.00,0.00,0.00,0.00,0.00,0.00,0.00,0.00,0.00,0.00,0.00,0.00,0.00,0.00
20650,DL:0.1.0:AT.1.0.0,2022-3-4 6:19:59,31.25,0.00,0.00,17.783,1.852,-6.179,11.604,19.635,0.00,0.00,0.00,0.00,0.00,0.00,0.00,0.00,0.00,0.00,0.00,0.00,0.00,0.00,0.00,0.00,0.00
20650,DL:0.1.0:AT.1.0.0,2022-3-4 6:20:4,31.25,0.00,0.00,17.777,1.858,-6.174,11.603,19.635,0.00,0.00,0.00,0.00,0.00,0.00,0.00,0.00,0.00,0.00,0.00,0.00,0.00,0.00,0.00,0.00,0.00
20650,DL:0.1.0:AT.1.0.0,2022-3-4 6:20:10,31.25,0.00,0.00,17.788,1.847,-6.185,11.603,19.635,0.00,0.00,0.00,0.00,0.00,0.00,0.00,0.00,0.00,0.00,0.00,0.00,0.00,0.00,0.00,0.00,0.00
20650,DL:0.1.0:AT.1.0.0,2022-3-4 6:20:17,31.25,0.00,0.00,17.772,1.864,-6.168,11.604,19.636,0.00,0.00,0.00,0.00,0.00,0.00,0.00,0.00,0.00,0.00,0.00,0.00,0.00,0.00,0.00,0.00,0.00
20650,DL:0.1.0:AT.1.0.0,2022-3-4 6:20:23,31.25,0.00,0.00,17.791,1.845,-6.188,11.603,19.636,0.00,0.00,0.00,0.00,0.00,0.00,0.00,0.00,0.00,0.00,0.00,0.00,0.00,0.00,0.00,0.00,0.00
20650,DL:0.1.0:AT.1.0.0,2022-3-4 6:20:30,31.25,0.00,0.00,17.775,1.861,-6.173,11.602,19.636,0.00,0.00,0.00,0.00,0.00,0.00,0.00,0.00,0.00,0.00,0.00,0.00,0.00,0.00,0.00,0.00,0.00
20650,DL:0.1.0:AT.1.0.0,2022-3-4 6:20:37,31.25,0.00,0.00,17.781,1.855,-6.179,11.602,19.636,0.00,0.00,0.00,0.00,0.00,0.00,0.00,0.00,0.00,0.00,0.00,0.00,0.00,0.00,0.00,0.00,0.00
20650,DL:0.1.0:AT.1.0.0,2022-3-4 6:20:42,31.25,0.00,0.00,17.806,1.831,-6.204,11.602,19.637,0.00,0.00,0.00,0.00,0.00,0.00,0.00,0.00,0.00,0.00,0.00,0.00,0.00,0.00,0.00,0.00,0.00
20650,DL:0.1.0:AT.1.0.0,2022-3-4 6:20:48,31.25,0.00,0.00,17.790,1.846,-6.190,11.601,19.636,0.00,0.00,0.00,0.00,0.00,0.00,0.00,0.00,0.00,0.00,0.00,0.00,0.00,0.00,0.00,0.00,0.00
20650,DL:0.1.0:AT.1.0.0,2022-3-4 6:20:55,31.25,0.00,0.00,17.785,1.852,-6.186,11.599,19.637,0.00,0.00,0.00,0.00,0.00,0.00,0.00,0.00,0.00,0.00,0.00,0.00,0.00,0.00,0.00,0.00,0.00
20650,DL:0.1.0:AT.1.0.0,2022-3-4 6:21:1,31.25,0.00,0.00,17.800,1.837,-6.199,11.601,19.637,0.00,0.00,0.00,0.00,0.00,0.00,0.00,0.00,0.00,0.00,0.00,0.00,0.00,0.00,0.00,0.00,0.00
20650,DL:0.1.0:AT.1.0.0,2022-3-4 6:21:6,31.25,0.00,0.00,17.764,1.873,-6.163,11.601,19.637,0.00,0.00,0.00,0.00,0.00,0.00,0.00,0.00,0.00,0.00,0.00,0.00,0.00,0.00,0.00,0.00,0.00
20650,DL:0.1.0:AT.1.0.0,2022-3-4 6:21:11,31.25,0.00,0.00,17.763,1.876,-6.162,11.601,19.638,0.00,0.00,0.00,0.00,0.00,0.00,0.00,0.00,0.00,0.00,0.00,0.00,0.00,0.00,0.00,0.00,0.00
20650,DL:0.1.0:AT.1.0.0,2022-3-4 6:21:23,31.25,0.00,0.00,17.776,1.864,-6.176,11.599,19.640,0.00,0.00,0.00,0.00,0.00,0.00,0.00,0.00,0.00,0.00,0.00,0.00,0.00,0.00,0.00,0.00,0.00
20650,DL:0.1.0:AT.1.0.0,2022-3-4 6:21:28,31.25,0.00,0.00,17.772,1.867,-6.173,11.599,19.640,0.00,0.00,0.00,0.00,0.00,0.00,0.00,0.00,0.00,0.00,0.00,0.00,0.00,0.00,0.00,0.00,0.00
20650,DL:0.1.0:AT.1.0.0,2022-3-4 6:21:35,31.25,0.00,0.00,17.781,1.860,-6.182,11.598,19.641,0.00,0.00,0.00,0.00,0.00,0.00,0.00,0.00,0.00,0.00,0.00,0.00,0.00,0.00,0.00,0.00,0.00
20650,DL:0.1.0:AT.1.0.0,2022-3-4 6:21:42,31.25,0.00,0.00,17.791,1.848,-6.193,11.598,19.640,0.00,0.00,0.00,0.00,0.00,0.00,0.00,0.00,0.00,0.00,0.00,0.00,0.00,0.00,0.00,0.00,0.00
20650,DL:0.1.0:AT.1.0.0,2022-3-4 6:21:48,31.25,0.00,0.00,17.782,1.859,-6.185,11.597,19.641,0.00,0.00,0.00,0.00,0.00,0.00,0.00,0.00,0.00,0.00,0.00,0.00,0.00,0.00,0.00,0.00,0.00
20650,DL:0.1.0:AT.1.0.0,2022-3-4 6:21:56,31.25,0.00,0.00,17.781,1.860,-6.184,11.597,19.641,0.00,0.00,0.00,0.00,0.00,0.00,0.00,0.00,0.00,0.00,0.00,0.00,0.00,0.00,0.00,0.00,0.00
20650,DL:0.1.0:AT.1.0.0,2022-3-4 6:22:3,31.25,0.00,0.00,17.800,1.840,-6.204,11.596,19.640,0.00,0.00,0.00,0.00,0.00,0.00,0.00,0.00,0.00,0.00,0.00,0.00,0.00,0.00,0.00,0.00,0.00
20650,DL:0.1.0:AT.1.0.0,2022-3-4 6:22:9,31.25,0.00,0.00,17.779,1.863,-6.184,11.596,19.642,0.00,0.00,0.00,0.00,0.00,0.00,0.00,0.00,0.00,0.00,0.00,0.00,0.00,0.00,0.00,0.00,0.00
20650,DL:0.1.0:AT.1.0.0,2022-3-4 6:22:15,31.25,0.00,0.00,17.772,1.869,-6.176,11.596,19.641,0.00,0.00,0.00,0.00,0.00,0.00,0.00,0.00,0.00,0.00,0.00,0.00,0.00,0.00,0.00,0.00,0.00
20650,DL:0.1.0:AT.1.0.0,2022-3-4 6:22:20,31.25,0.00,0.00,17.772,1.870,-6.176,11.596,19.642,0.00,0.00,0.00,0.00,0.00,0.00,0.00,0.00,0.00,0.00,0.00,0.00,0.00,0.00,0.00,0.00,0.00
20650,DL:0.1.0:AT.1.0.0,2022-3-4 6:22:25,31.25,0.00,0.00,17.773,1.869,-6.178,11.596,19.642,0.00,0.00,0.00,0.00,0.00,0.00,0.00,0.00,0.00,0.00,0.00,0.00,0.00,0.00,0.00,0.00,0.00
20650,DL:0.1.0:AT.1.0.0,2022-3-4 6:22:30,31.25,0.00,0.00,17.752,1.890,-6.157,11.595,19.642,0.00,0.00,0.00,0.00,0.00,0.00,0.00,0.00,0.00,0.00,0.00,0.00,0.00,0.00,0.00,0.00,0.00
20650,DL:0.1.0:AT.1.0.0,2022-3-4 6:22:35,31.25,0.00,0.00,17.761,1.881,-6.167,11.595,19.642,0.00,0.00,0.00,0.00,0.00,0.00,0.00,0.00,0.00,0.00,0.00,0.00,0.00,0.00,0.00,0.00,0.00
20650,DL:0.1.0:AT.1.0.0,2022-3-4 6:22:40,31.25,0.00,0.00,17.758,1.885,-6.163,11.595,19.643,0.00,0.00,0.00,0.00,0.00,0.00,0.00,0.00,0.00,0.00,0.00,0.00,0.00,0.00,0.00,0.00,0.00
20650,DL:0.1.0:AT.1.0.0,2022-3-4 6:22:45,31.25,0.00,0.00,17.785,1.857,-6.191,11.595,19.642,0.00,0.00,0.00,0.00,0.00,0.00,0.00,0.00,0.00,0.00,0.00,0.00,0.00,0.00,0.00,0.00,0.00
20650,DL:0.1.0:AT.1.0.0,2022-3-4 6:22:51,31.25,0.00,0.00,17.771,1.872,-6.176,11.595,19.643,0.00,0.00,0.00,0.00,0.00,0.00,0.00,0.00,0.00,0.00,0.00,0.00,0.00,0.00,0.00,0.00,0.00
20650,DL:0.1.0:AT.1.0.0,2022-3-4 6:22:58,31.25,0.00,0.00,17.765,1.878,-6.170,11.595,19.643,0.00,0.00,0.00,0.00,0.00,0.00,0.00,0.00,0.00,0.00,0.00,0.00,0.00,0.00,0.00,0.00,0.00
20650,DL:0.1.0:AT.1.0.0,2022-3-4 6:23:4,31.25,0.00,0.00,17.773,1.870,-6.179,11.595,19.643,0.00,0.00,0.00,0.00,0.00,0.00,0.00,0.00,0.00,0.00,0.00,0.00,0.00,0.00,0.00,0.00,0.00
20650,DL:0.1.0:AT.1.0.0,2022-3-4 6:23:11,31.25,0.00,0.00,17.776,1.867,-6.181,11.595,19.643,0.00,0.00,0.00,0.00,0.00,0.00,0.00,0.00,0.00,0.00,0.00,0.00,0.00,0.00,0.00,0.00,0.00
20650,DL:0.1.0:AT.1.0.0,2022-3-4 6:23:18,31.25,0.00,0.00,17.797,1.847,-6.203,11.595,19.644,0.00,0.00,0.00,0.00,0.00,0.00,0.00,0.00,0.00,0.00,0.00,0.00,0.00,0.00,0.00,0.00,0.00
20650,DL:0.1.0:AT.1.0.0,2022-3-4 6:23:23,31.25,0.00,0.00,17.769,1.876,-6.174,11.595,19.644,0.00,0.00,0.00,0.00,0.00,0.00,0.00,0.00,0.00,0.00,0.00,0.00,0.00,0.00,0.00,0.00,0.00
20650,DL:0.1.0:AT.1.0.0,2022-3-4 6:23:28,31.25,0.00,0.00,17.787,1.858,-6.191,11.596,19.644,0.00,0.00,0.00,0.00,0.00,0.00,0.00,0.00,0.00,0.00,0.00,0.00,0.00,0.00,0.00,0.00,0.00
20650,DL:0.1.0:AT.1.0.0,2022-3-4 6:23:35,31.25,0.00,0.00,17.785,1.859,-6.191,11.595,19.644,0.00,0.00,0.00,0.00,0.00,0.00,0.00,0.00,0.00,0.00,0.00,0.00,0.00,0.00,0.00,0.00,0.00
20650,DL:0.1.0:AT.1.0.0,2022-3-4 6:23:40,31.25,0.00,0.00,17.761,1.883,-6.167,11.595,19.644,0.00,0.00,0.00,0.00,0.00,0.00,0.00,0.00,0.00,0.00,0.00,0.00,0.00,0.00,0.00,0.00,0.00
20650,DL:0.1.0:AT.1.0.0,2022-3-4 6:23:45,31.25,0.00,0.00,17.802,1.842,-6.208,11.595,19.644,0.00,0.00,0.00,0.00,0.00,0.00,0.00,0.00,0.00,0.00,0.00,0.00,0.00,0.00,0.00,0.00,0.00
20650,DL:0.1.0:AT.1.0.0,2022-3-4 6:23:52,31.25,0.00,0.00,17.764,1.879,-6.170,11.593,19.643,0.00,0.00,0.00,0.00,0.00,0.00,0.00,0.00,0.00,0.00,0.00,0.00,0.00,0.00,0.00,0.00,0.00
20650,DL:0.1.0:AT.1.0.0,2022-3-4 6:24:0,31.25,0.00,0.00,17.760,1.884,-6.167,11.593,19.644,0.00,0.00,0.00,0.00,0.00,0.00,0.00,0.00,0.00,0.00,0.00,0.00,0.00,0.00,0.00,0.00,0.00
20650,DL:0.1.0:AT.1.0.0,2022-3-4 6:24:5,31.00,0.00,0.00,17.764,1.879,-6.170,11.593,19.643,0.00,0.00,0.00,0.00,0.00,0.00,0.00,0.00,0.00,0.00,0.00,0.00,0.00,0.00,0.00,0.00,0.00
20650,DL:0.1.0:AT.1.0.0,2022-3-4 6:24:10,31.00,0.00,0.00,17.729,1.914,-6.136,11.593,19.643,0.00,0.00,0.00,0.00,0.00,0.00,0.00,0.00,0.00,0.00,0.00,0.00,0.00,0.00,0.00,0.00,0.00
20650,DL:0.1.0:AT.1.0.0,2022-3-4 6:24:16,31.00,0.00,0.00,17.775,1.869,-6.181,11.593,19.643,0.00,0.00,0.00,0.00,0.00,0.00,0.00,0.00,0.00,0.00,0.00,0.00,0.00,0.00,0.00,0.00,0.00
20650,DL:0.1.0:AT.1.0.0,2022-3-4 6:24:23,31.00,0.00,0.00,17.771,1.872,-6.178,11.593,19.643,0.00,0.00,0.00,0.00,0.00,0.00,0.00,0.00,0.00,0.00,0.00,0.00,0.00,0.00,0.00,0.00,0.00
20650,DL:0.1.0:AT.1.0.0,2022-3-4 6:24:30,31.00,0.00,0.00,17.772,1.872,-6.179,11.593,19.644,0.00,0.00,0.00,0.00,0.00,0.00,0.00,0.00,0.00,0.00,0.00,0.00,0.00,0.00,0.00,0.00,0.00
20650,DL:0.1.0:AT.1.0.0,2022-3-4 6:24:35,31.00,0.00,0.00,17.747,1.897,-6.154,11.593,19.644,0.00,0.00,0.00,0.00,0.00,0.00,0.00,0.00,0.00,0.00,0.00,0.00,0.00,0.00,0.00,0.00,0.00
20650,DL:0.1.0:AT.1.0.0,2022-3-4 6:24:40,31.00,0.00,0.00,17.752,1.893,-6.160,11.592,19.644,0.00,0.00,0.00,0.00,0.00,0.00,0.00,0.00,0.00,0.00,0.00,0.00,0.00,0.00,0.00,0.00,0.00
20650,DL:0.1.0:AT.1.0.0,2022-3-4 6:24:47,31.00,0.00,0.00,17.777,1.869,-6.185,11.592,19.646,0.00,0.00,0.00,0.00,0.00,0.00,0.00,0.00,0.00,0.00,0.00,0.00,0.00,0.00,0.00,0.00,0.00
20650,DL:0.1.0:AT.1.0.0,2022-3-4 6:24:52,31.00,0.00,0.00,17.760,1.884,-6.169,11.591,19.644,0.00,0.00,0.00,0.00,0.00,0.00,0.00,0.00,0.00,0.00,0.00,0.00,0.00,0.00,0.00,0.00,0.00
20650,DL:0.1.0:AT.1.0.0,2022-3-4 6:24:58,31.00,0.00,0.00,17.748,1.896,-6.157,11.591,19.644,0.00,0.00,0.00,0.00,0.00,0.00,0.00,0.00,0.00,0.00,0.00,0.00,0.00,0.00,0.00,0.00,0.00
20650,DL:0.1.0:AT.1.0.0,2022-3-4 6:25:4,31.00,0.00,0.00,17.755,1.889,-6.166,11.590,19.644,0.00,0.00,0.00,0.00,0.00,0.00,0.00,0.00,0.00,0.00,0.00,0.00,0.00,0.00,0.00,0.00,0.00
20650,DL:0.1.0:AT.1.0.0,2022-3-4 6:25:9,31.00,0.00,0.00,17.767,1.877,-6.176,11.591,19.644,0.00,0.00,0.00,0.00,0.00,0.00,0.00,0.00,0.00,0.00,0.00,0.00,0.00,0.00,0.00,0.00,0.00
20650,DL:0.1.0:AT.1.0.0,2022-3-4 6:25:14,31.00,0.00,0.00,17.751,1.894,-6.161,11.590,19.644,0.00,0.00,0.00,0.00,0.00,0.00,0.00,0.00,0.00,0.00,0.00,0.00,0.00,0.00,0.00,0.00,0.00
20650,DL:0.1.0:AT.1.0.0,2022-3-4 6:25:19,31.00,0.00,0.00,17.764,1.881,-6.174,11.590,19.644,0.00,0.00,0.00,0.00,0.00,0.00,0.00,0.00,0.00,0.00,0.00,0.00,0.00,0.00,0.00,0.00,0.00
20650,DL:0.1.0:AT.1.0.0,2022-3-4 6:25:25,31.00,0.00,0.00,17.742,1.903,-6.152,11.590,19.646,0.00,0.00,0.00,0.00,0.00,0.00,0.00,0.00,0.00,0.00,0.00,0.00,0.00,0.00,0.00,0.00,0.00
20650,DL:0.1.0:AT.1.0.0,2022-3-4 6:25:32,31.00,0.00,0.00,17.776,1.869,-6.187,11.589,19.644,0.00,0.00,0.00,0.00,0.00,0.00,0.00,0.00,0.00,0.00,0.00,0.00,0.00,0.00,0.00,0.00,0.00
20650,DL:0.1.0:AT.1.0.0,2022-3-4 6:25:38,31.00,0.00,0.00,17.733,1.913,-6.144,11.589,19.646,0.00,0.00,0.00,0.00,0.00,0.00,0.00,0.00,0.00,0.00,0.00,0.00,0.00,0.00,0.00,0.00,0.00
20650,DL:0.1.0:AT.1.0.0,2022-3-4 6:25:45,31.00,0.00,0.00,17.788,1.857,-6.199,11.589,19.644,0.00,0.00,0.00,0.00,0.00,0.00,0.00,0.00,0.00,0.00,0.00,0.00,0.00,0.00,0.00,0.00,0.00
20650,DL:0.1.0:AT.1.0.0,2022-3-4 6:25:52,31.00,0.00,0.00,17.751,1.894,-6.163,11.587,19.644,0.00,0.00,0.00,0.00,0.00,0.00,0.00,0.00,0.00,0.00,0.00,0.00,0.00,0.00,0.00,0.00,0.00
20650,DL:0.1.0:AT.1.0.0,2022-3-4 6:25:57,31.00,0.00,0.00,17.741,1.905,-6.154,11.587,19.646,0.00,0.00,0.00,0.00,0.00,0.00,0.00,0.00,0.00,0.00,0.00,0.00,0.00,0.00,0.00,0.00,0.00
20650,DL:0.1.0:AT.1.0.0,2022-3-4 6:26:3,31.00,0.00,0.00,17.749,1.896,-6.163,11.586,19.646,0.00,0.00,0.00,0.00,0.00,0.00,0.00,0.00,0.00,0.00,0.00,0.00,0.00,0.00,0.00,0.00,0.00
20650,DL:0.1.0:AT.1.0.0,2022-3-4 6:26:9,31.00,0.00,0.00,17.761,1.884,-6.176,11.585,19.646,0.00,0.00,0.00,0.00,0.00,0.00,0.00,0.00,0.00,0.00,0.00,0.00,0.00,0.00,0.00,0.00,0.00
20650,DL:0.1.0:AT.1.0.0,2022-3-4 6:26:16,31.00,0.00,0.00,17.765,1.881,-6.180,11.585,19.646,0.00,0.00,0.00,0.00,0.00,0.00,0.00,0.00,0.00,0.00,0.00,0.00,0.00,0.00,0.00,0.00,0.00
20650,DL:0.1.0:AT.1.0.0,2022-3-4 6:26:23,31.00,0.00,0.00,17.761,1.884,-6.176,11.585,19.646,0.00,0.00,0.00,0.00,0.00,0.00,0.00,0.00,0.00,0.00,0.00,0.00,0.00,0.00,0.00,0.00,0.00
20650,DL:0.1.0:AT.1.0.0,2022-3-4 6:26:32,31.00,0.00,0.00,17.765,1.881,-6.180,11.585,19.646,0.00,0.00,0.00,0.00,0.00,0.00,0.00,0.00,0.00,0.00,0.00,0.00,0.00,0.00,0.00,0.00,0.00
20650,DL:0.1.0:AT.1.0.0,2022-3-4 6:26:40,31.00,0.00,0.00,17.741,1.905,-6.157,11.584,19.646,0.00,0.00,0.00,0.00,0.00,0.00,0.00,0.00,0.00,0.00,0.00,0.00,0.00,0.00,0.00,0.00,0.00
20650,DL:0.1.0:AT.1.0.0,2022-3-4 6:26:46,31.00,0.00,0.00,17.729,1.918,-6.146,11.583,19.647,0.00,0.00,0.00,0.00,0.00,0.00,0.00,0.00,0.00,0.00,0.00,0.00,0.00,0.00,0.00,0.00,0.00
20650,DL:0.1.0:AT.1.0.0,2022-3-4 6:26:52,31.00,0.00,0.00,17.759,1.889,-6.176,11.583,19.648,0.00,0.00,0.00,0.00,0.00,0.00,0.00,0.00,0.00,0.00,0.00,0.00,0.00,0.00,0.00,0.00,0.00
20650,DL:0.1.0:AT.1.0.0,2022-3-4 6:26:57,31.00,0.00,0.00,17.755,1.894,-6.173,11.583,19.649,0.00,0.00,0.00,0.00,0.00,0.00,0.00,0.00,0.00,0.00,0.00,0.00,0.00,0.00,0.00,0.00,0.00
20650,DL:0.1.0:AT.1.0.0,2022-3-4 6:27:2,31.00,0.00,0.00,17.770,1.879,-6.188,11.581,19.649,0.00,0.00,0.00,0.00,0.00,0.00,0.00,0.00,0.00,0.00,0.00,0.00,0.00,0.00,0.00,0.00,0.00
20650,DL:0.1.0:AT.1.0.0,2022-3-4 6:27:11,31.00,0.00,0.00,17.771,1.879,-6.190,11.581,19.650,0.00,0.00,0.00,0.00,0.00,0.00,0.00,0.00,0.00,0.00,0.00,0.00,0.00,0.00,0.00,0.00,0.00
20650,DL:0.1.0:AT.1.0.0,2022-3-4 6:27:16,31.00,0.00,0.00,17.772,1.878,-6.192,11.580,19.650,0.00,0.00,0.00,0.00,0.00,0.00,0.00,0.00,0.00,0.00,0.00,0.00,0.00,0.00,0.00,0.00,0.00
20650,DL:0.1.0:AT.1.0.0,2022-3-4 6:27:21,31.00,0.00,0.00,17.755,1.896,-6.175,11.580,19.652,0.00,0.00,0.00,0.00,0.00,0.00,0.00,0.00,0.00,0.00,0.00,0.00,0.00,0.00,0.00,0.00,0.00
20650,DL:0.1.0:AT.1.0.0,2022-3-4 6:27:26,31.00,0.00,0.00,17.761,1.891,-6.181,11.580,19.653,0.00,0.00,0.00,0.00,0.00,0.00,0.00,0.00,0.00,0.00,0.00,0.00,0.00,0.00,0.00,0.00,0.00
20650,DL:0.1.0:AT.1.0.0,2022-3-4 6:27:32,31.00,0.00,0.00,17.749,1.905,-6.170,11.579,19.654,0.00,0.00,0.00,0.00,0.00,0.00,0.00,0.00,0.00,0.00,0.00,0.00,0.00,0.00,0.00,0.00,0.00
20650,DL:0.1.0:AT.1.0.0,2022-3-4 6:27:38,31.00,0.00,0.00,17.755,1.899,-6.176,11.579,19.654,0.00,0.00,0.00,0.00,0.00,0.00,0.00,0.00,0.00,0.00,0.00,0.00,0.00,0.00,0.00,0.00,0.00
20650,DL:0.1.0:AT.1.0.0,2022-3-4 6:27:45,31.00,0.00,0.00,17.760,1.895,-6.181,11.579,19.655,0.00,0.00,0.00,0.00,0.00,0.00,0.00,0.00,0.00,0.00,0.00,0.00,0.00,0.00,0.00,0.00,0.00
20650,DL:0.1.0:AT.1.0.0,2022-3-4 6:27:51,31.00,0.00,0.00,17.766,1.890,-6.190,11.577,19.656,0.00,0.00,0.00,0.00,0.00,0.00,0.00,0.00,0.00,0.00,0.00,0.00,0.00,0.00,0.00,0.00,0.00
20650,DL:0.1.0:AT.1.0.0,2022-3-4 6:27:56,31.00,0.00,0.00,17.764,1.893,-6.187,11.577,19.656,0.00,0.00,0.00,0.00,0.00,0.00,0.00,0.00,0.00,0.00,0.00,0.00,0.00,0.00,0.00,0.00,0.00
20650,DL:0.1.0:AT.1.0.0,2022-3-4 6:28:3,31.00,0.00,0.00,17.776,1.882,-6.199,11.577,19.658,0.00,0.00,0.00,0.00,0.00,0.00,0.00,0.00,0.00,0.00,0.00,0.00,0.00,0.00,0.00,0.00,0.00
20650,DL:0.1.0:AT.1.0.0,2022-3-4 6:28:8,31.00,0.00,0.00,17.764,1.895,-6.187,11.577,19.659,0.00,0.00,0.00,0.00,0.00,0.00,0.00,0.00,0.00,0.00,0.00,0.00,0.00,0.00,0.00,0.00,0.00
20650,DL:0.1.0:AT.1.0.0,2022-3-4 6:28:13,31.00,0.00,0.00,17.748,1.911,-6.172,11.577,19.659,0.00,0.00,0.00,0.00,0.00,0.00,0.00,0.00,0.00,0.00,0.00,0.00,0.00,0.00,0.00,0.00,0.00
20650,DL:0.1.0:AT.1.0.0,2022-3-4 6:28:19,31.00,0.00,0.00,17.754,1.907,-6.179,11.575,19.661,0.00,0.00,0.00,0.00,0.00,0.00,0.00,0.00,0.00,0.00,0.00,0.00,0.00,0.00,0.00,0.00,0.00
20650,DL:0.1.0:AT.1.0.0,2022-3-4 6:28:26,31.00,0.00,0.00,17.776,1.885,-6.202,11.574,19.661,0.00,0.00,0.00,0.00,0.00,0.00,0.00,0.00,0.00,0.00,0.00,0.00,0.00,0.00,0.00,0.00,0.00
20650,DL:0.1.0:AT.1.0.0,2022-3-4 6:28:31,31.00,0.00,0.00,17.807,1.855,-6.233,11.574,19.662,0.00,0.00,0.00,0.00,0.00,0.00,0.00,0.00,0.00,0.00,0.00,0.00,0.00,0.00,0.00,0.00,0.00
20650,DL:0.1.0:AT.1.0.0,2022-3-4 6:28:37,31.00,0.00,0.00,17.799,1.865,-6.224,11.574,19.664,0.00,0.00,0.00,0.00,0.00,0.00,0.00,0.00,0.00,0.00,0.00,0.00,0.00,0.00,0.00,0.00,0.00
20650,DL:0.1.0:AT.1.0.0,2022-3-4 6:28:43,31.00,0.00,0.00,17.775,1.890,-6.202,11.573,19.665,0.00,0.00,0.00,0.00,0.00,0.00,0.00,0.00,0.00,0.00,0.00,0.00,0.00,0.00,0.00,0.00,0.00
20650,DL:0.1.0:AT.1.0.0,2022-3-4 6:28:50,31.00,0.00,0.00,17.769,1.897,-6.196,11.573,19.666,0.00,0.00,0.00,0.00,0.00,0.00,0.00,0.00,0.00,0.00,0.00,0.00,0.00,0.00,0.00,0.00,0.00
20650,DL:0.1.0:AT.1.0.0,2022-3-4 6:28:55,31.00,0.00,0.00,17.784,1.883,-6.211,11.573,19.667,0.00,0.00,0.00,0.00,0.00,0.00,0.00,0.00,0.00,0.00,0.00,0.00,0.00,0.00,0.00,0.00,0.00
20650,DL:0.1.0:AT.1.0.0,2022-3-4 6:29:0,31.00,0.00,0.00,17.783,1.885,-6.210,11.573,19.668,0.00,0.00,0.00,0.00,0.00,0.00,0.00,0.00,0.00,0.00,0.00,0.00,0.00,0.00,0.00,0.00,0.00
20650,DL:0.1.0:AT.1.0.0,2022-3-4 6:29:8,31.00,0.00,0.00,17.788,1.883,-6.216,11.572,19.671,0.00,0.00,0.00,0.00,0.00,0.00,0.00,0.00,0.00,0.00,0.00,0.00,0.00,0.00,0.00,0.00,0.00
20650,DL:0.1.0:AT.1.0.0,2022-3-4 6:29:14,31.00,0.00,0.00,17.777,1.895,-6.205,11.572,19.672,0.00,0.00,0.00,0.00,0.00,0.00,0.00,0.00,0.00,0.00,0.00,0.00,0.00,0.00,0.00,0.00,0.00
20650,DL:0.1.0:AT.1.0.0,2022-3-4 6:29:21,31.00,0.00,0.00,17.758,1.915,-6.186,11.572,19.673,0.00,0.00,0.00,0.00,0.00,0.00,0.00,0.00,0.00,0.00,0.00,0.00,0.00,0.00,0.00,0.00,0.00
20650,DL:0.1.0:AT.1.0.0,2022-3-4 6:29:26,31.00,0.00,0.00,17.789,1.887,-6.218,11.571,19.676,0.00,0.00,0.00,0.00,0.00,0.00,0.00,0.00,0.00,0.00,0.00,0.00,0.00,0.00,0.00,0.00,0.00
20650,DL:0.1.0:AT.1.0.0,2022-3-4 6:29:31,31.00,0.00,0.00,17.785,1.891,-6.215,11.571,19.677,0.00,0.00,0.00,0.00,0.00,0.00,0.00,0.00,0.00,0.00,0.00,0.00,0.00,0.00,0.00,0.00,0.00
20650,DL:0.1.0:AT.1.0.0,2022-3-4 6:29:36,31.00,0.00,0.00,17.752,1.926,-6.181,11.571,19.678,0.00,0.00,0.00,0.00,0.00,0.00,0.00,0.00,0.00,0.00,0.00,0.00,0.00,0.00,0.00,0.00,0.00
20650,DL:0.1.0:AT.1.0.0,2022-3-4 6:29:41,31.00,0.00,0.00,17.772,1.908,-6.202,11.571,19.680,0.00,0.00,0.00,0.00,0.00,0.00,0.00,0.00,0.00,0.00,0.00,0.00,0.00,0.00,0.00,0.00,0.00
20650,DL:0.1.0:AT.1.0.0,2022-3-4 6:29:48,31.00,0.00,0.00,17.754,1.927,-6.184,11.571,19.682,0.00,0.00,0.00,0.00,0.00,0.00,0.00,0.00,0.00,0.00,0.00,0.00,0.00,0.00,0.00,0.00,0.00
20650,DL:0.1.0:AT.1.0.0,2022-3-4 6:29:53,31.00,0.00,0.00,17.775,1.908,-6.205,11.569,19.683,0.00,0.00,0.00,0.00,0.00,0.00,0.00,0.00,0.00,0.00,0.00,0.00,0.00,0.00,0.00,0.00,0.00
20650,DL:0.1.0:AT.1.0.0,2022-3-4 6:29:58,31.00,0.00,0.00,17.739,1.944,-6.169,11.569,19.683,0.00,0.00,0.00,0.00,0.00,0.00,0.00,0.00,0.00,0.00,0.00,0.00,0.00,0.00,0.00,0.00,0.00
20650,DL:0.1.0:AT.1.0.0,2022-3-4 6:30:3,31.00,0.00,0.00,17.761,1.923,-6.192,11.569,19.684,0.00,0.00,0.00,0.00,0.00,0.00,0.00,0.00,0.00,0.00,0.00,0.00,0.00,0.00,0.00,0.00,0.00
20650,DL:0.1.0:AT.1.0.0,2022-3-4 6:30:9,31.00,0.00,0.00,17.772,1.912,-6.204,11.568,19.684,0.00,0.00,0.00,0.00,0.00,0.00,0.00,0.00,0.00,0.00,0.00,0.00,0.00,0.00,0.00,0.00,0.00
20650,DL:0.1.0:AT.1.0.0,2022-3-4 6:30:16,31.00,0.00,0.00,17.775,1.912,-6.206,11.568,19.686,0.00,0.00,0.00,0.00,0.00,0.00,0.00,0.00,0.00,0.00,0.00,0.00,0.00,0.00,0.00,0.00,0.00
20650,DL:0.1.0:AT.1.0.0,2022-3-4 6:30:22,31.00,0.00,0.00,17.764,1.923,-6.196,11.568,19.686,0.00,0.00,0.00,0.00,0.00,0.00,0.00,0.00,0.00,0.00,0.00,0.00,0.00,0.00,0.00,0.00,0.00
20650,DL:0.1.0:AT.1.0.0,2022-3-4 6:30:27,31.00,0.00,0.00,17.742,1.947,-6.174,11.568,19.689,0.00,0.00,0.00,0.00,0.00,0.00,0.00,0.00,0.00,0.00,0.00,0.00,0.00,0.00,0.00,0.00,0.00
20650,DL:0.1.0:AT.1.0.0,2022-3-4 6:30:32,31.00,0.00,0.00,17.737,1.951,-6.170,11.567,19.689,0.00,0.00,0.00,0.00,0.00,0.00,0.00,0.00,0.00,0.00,0.00,0.00,0.00,0.00,0.00,0.00,0.00
20650,DL:0.1.0:AT.1.0.0,2022-3-4 6:30:39,31.00,0.00,0.00,17.747,1.943,-6.180,11.567,19.690,0.00,0.00,0.00,0.00,0.00,0.00,0.00,0.00,0.00,0.00,0.00,0.00,0.00,0.00,0.00,0.00,0.00
20650,DL:0.1.0:AT.1.0.0,2022-3-4 6:30:46,31.00,0.00,0.00,17.743,1.948,-6.176,11.567,19.691,0.00,0.00,0.00,0.00,0.00,0.00,0.00,0.00,0.00,0.00,0.00,0.00,0.00,0.00,0.00,0.00,0.00
20650,DL:0.1.0:AT.1.0.0,2022-3-4 6:30:52,31.00,0.00,0.00,17.796,1.895,-6.230,11.566,19.691,0.00,0.00,0.00,0.00,0.00,0.00,0.00,0.00,0.00,0.00,0.00,0.00,0.00,0.00,0.00,0.00,0.00
20650,DL:0.1.0:AT.1.0.0,2022-3-4 6:30:57,31.00,0.00,0.00,17.731,1.960,-6.166,11.566,19.691,0.00,0.00,0.00,0.00,0.00,0.00,0.00,0.00,0.00,0.00,0.00,0.00,0.00,0.00,0.00,0.00,0.00
20650,DL:0.1.0:AT.1.0.0,2022-3-4 6:31:3,31.00,0.00,0.00,17.777,1.915,-6.211,11.566,19.692,0.00,0.00,0.00,0.00,0.00,0.00,0.00,0.00,0.00,0.00,0.00,0.00,0.00,0.00,0.00,0.00,0.00
20650,DL:0.1.0:AT.1.0.0,2022-3-4 6:31:8,31.00,0.00,0.00,17.791,1.901,-6.227,11.565,19.692,0.00,0.00,0.00,0.00,0.00,0.00,0.00,0.00,0.00,0.00,0.00,0.00,0.00,0.00,0.00,0.00,0.00
20650,DL:0.1.0:AT.1.0.0,2022-3-4 6:31:14,31.00,0.00,0.00,17.783,1.911,-6.218,11.565,19.694,0.00,0.00,0.00,0.00,0.00,0.00,0.00,0.00,0.00,0.00,0.00,0.00,0.00,0.00,0.00,0.00,0.00
20650,DL:0.1.0:AT.1.0.0,2022-3-4 6:31:20,31.00,0.00,0.00,17.723,1.971,-6.158,11.565,19.694,0.00,0.00,0.00,0.00,0.00,0.00,0.00,0.00,0.00,0.00,0.00,0.00,0.00,0.00,0.00,0.00,0.00
20650,DL:0.1.0:AT.1.0.0,2022-3-4 6:31:27,31.00,0.00,0.00,17.771,1.923,-6.206,11.565,19.694,0.00,0.00,0.00,0.00,0.00,0.00,0.00,0.00,0.00,0.00,0.00,0.00,0.00,0.00,0.00,0.00,0.00
20650,DL:0.1.0:AT.1.0.0,2022-3-4 6:31:34,31.00,0.00,0.00,17.778,1.915,-6.215,11.563,19.694,0.00,0.00,0.00,0.00,0.00,0.00,0.00,0.00,0.00,0.00,0.00,0.00,0.00,0.00,0.00,0.00,0.00
20650,DL:0.1.0:AT.1.0.0,2022-3-4 6:31:39,31.00,0.00,0.00,17.766,1.927,-6.203,11.563,19.694,0.00,0.00,0.00,0.00,0.00,0.00,0.00,0.00,0.00,0.00,0.00,0.00,0.00,0.00,0.00,0.00,0.00
20650,DL:0.1.0:AT.1.0.0,2022-3-4 6:31:44,31.00,0.00,0.00,17.777,1.918,-6.214,11.563,19.695,0.00,0.00,0.00,0.00,0.00,0.00,0.00,0.00,0.00,0.00,0.00,0.00,0.00,0.00,0.00,0.00,0.00
20650,DL:0.1.0:AT.1.0.0,2022-3-4 6:31:51,31.00,0.00,0.00,17.755,1.939,-6.192,11.563,19.695,0.00,0.00,0.00,0.00,0.00,0.00,0.00,0.00,0.00,0.00,0.00,0.00,0.00,0.00,0.00,0.00,0.00
20650,DL:0.1.0:AT.1.0.0,2022-3-4 6:32:1,31.00,0.00,0.00,17.761,1.933,-6.197,11.565,19.695,0.00,0.00,0.00,0.00,0.00,0.00,0.00,0.00,0.00,0.00,0.00,0.00,0.00,0.00,0.00,0.00,0.00
20650,DL:0.1.0:AT.1.0.0,2022-3-4 6:32:6,31.00,0.00,0.00,17.790,1.905,-6.227,11.563,19.695,0.00,0.00,0.00,0.00,0.00,0.00,0.00,0.00,0.00,0.00,0.00,0.00,0.00,0.00,0.00,0.00,0.00
20650,DL:0.1.0:AT.1.0.0,2022-3-4 6:32:12,31.00,0.00,0.00,17.782,1.913,-6.217,11.565,19.695,0.00,0.00,0.00,0.00,0.00,0.00,0.00,0.00,0.00,0.00,0.00,0.00,0.00,0.00,0.00,0.00,0.00
20650,DL:0.1.0:AT.1.0.0,2022-3-4 6:32:17,31.00,0.00,0.00,17.777,1.918,-6.214,11.563,19.695,0.00,0.00,0.00,0.00,0.00,0.00,0.00,0.00,0.00,0.00,0.00,0.00,0.00,0.00,0.00,0.00,0.00
20650,DL:0.1.0:AT.1.0.0,2022-3-4 6:32:22,31.00,0.00,0.00,17.777,1.918,-6.212,11.565,19.695,0.00,0.00,0.00,0.00,0.00,0.00,0.00,0.00,0.00,0.00,0.00,0.00,0.00,0.00,0.00,0.00,0.00
20650,DL:0.1.0:AT.1.0.0,2022-3-4 6:32:29,31.00,0.00,0.00,17.778,1.917,-6.215,11.563,19.695,0.00,0.00,0.00,0.00,0.00,0.00,0.00,0.00,0.00,0.00,0.00,0.00,0.00,0.00,0.00,0.00,0.00
20650,DL:0.1.0:AT.1.0.0,2022-3-4 6:32:34,31.00,0.00,0.00,17.754,1.941,-6.191,11.563,19.695,0.00,0.00,0.00,0.00,0.00,0.00,0.00,0.00,0.00,0.00,0.00,0.00,0.00,0.00,0.00,0.00,0.00
20650,DL:0.1.0:AT.1.0.0,2022-3-4 6:32:42,31.00,0.00,0.00,17.781,1.914,-6.216,11.565,19.695,0.00,0.00,0.00,0.00,0.00,0.00,0.00,0.00,0.00,0.00,0.00,0.00,0.00,0.00,0.00,0.00,0.00
20650,DL:0.1.0:AT.1.0.0,2022-3-4 6:32:49,31.00,0.00,0.00,17.763,1.932,-6.199,11.563,19.695,0.00,0.00,0.00,0.00,0.00,0.00,0.00,0.00,0.00,0.00,0.00,0.00,0.00,0.00,0.00,0.00,0.00
20650,DL:0.1.0:AT.1.0.0,2022-3-4 6:32:54,31.00,0.00,0.00,17.799,1.896,-6.236,11.562,19.695,0.00,0.00,0.00,0.00,0.00,0.00,0.00,0.00,0.00,0.00,0.00,0.00,0.00,0.00,0.00,0.00,0.00
20650,DL:0.1.0:AT.1.0.0,2022-3-4 6:32:59,31.00,0.00,0.00,17.770,1.926,-6.206,11.563,19.696,0.00,0.00,0.00,0.00,0.00,0.00,0.00,0.00,0.00,0.00,0.00,0.00,0.00,0.00,0.00,0.00,0.00
20650,DL:0.1.0:AT.1.0.0,2022-3-4 6:33:4,31.00,0.00,0.00,17.793,1.903,-6.230,11.562,19.696,0.00,0.00,0.00,0.00,0.00,0.00,0.00,0.00,0.00,0.00,0.00,0.00,0.00,0.00,0.00,0.00,0.00
20650,DL:0.1.0:AT.1.0.0,2022-3-4 6:33:10,31.00,0.00,0.00,17.770,1.925,-6.208,11.562,19.695,0.00,0.00,0.00,0.00,0.00,0.00,0.00,0.00,0.00,0.00,0.00,0.00,0.00,0.00,0.00,0.00,0.00
20650,DL:0.1.0:AT.1.0.0,2022-3-4 6:33:18,31.00,0.00,0.00,17.789,1.905,-6.226,11.563,19.694,0.00,0.00,0.00,0.00,0.00,0.00,0.00,0.00,0.00,0.00,0.00,0.00,0.00,0.00,0.00,0.00,0.00
20650,DL:0.1.0:AT.1.0.0,2022-3-4 6:33:24,31.00,0.00,0.00,17.760,1.935,-6.198,11.562,19.695,0.00,0.00,0.00,0.00,0.00,0.00,0.00,0.00,0.00,0.00,0.00,0.00,0.00,0.00,0.00,0.00,0.00
20650,DL:0.1.0:AT.1.0.0,2022-3-4 6:33:30,31.00,0.00,0.00,17.754,1.939,-6.192,11.562,19.694,0.00,0.00,0.00,0.00,0.00,0.00,0.00,0.00,0.00,0.00,0.00,0.00,0.00,0.00,0.00,0.00,0.00
20650,DL:0.1.0:AT.1.0.0,2022-3-4 6:33:37,31.00,0.00,0.00,17.782,1.912,-6.220,11.562,19.694,0.00,0.00,0.00,0.00,0.00,0.00,0.00,0.00,0.00,0.00,0.00,0.00,0.00,0.00,0.00,0.00,0.00
20650,DL:0.1.0:AT.1.0.0,2022-3-4 6:33:44,31.00,0.00,0.00,17.766,1.927,-6.205,11.561,19.694,0.00,0.00,0.00,0.00,0.00,0.00,0.00,0.00,0.00,0.00,0.00,0.00,0.00,0.00,0.00,0.00,0.00
20650,DL:0.1.0:AT.1.0.0,2022-3-4 6:33:51,31.00,0.00,0.00,17.779,1.914,-6.218,11.561,19.694,0.00,0.00,0.00,0.00,0.00,0.00,0.00,0.00,0.00,0.00,0.00,0.00,0.00,0.00,0.00,0.00,0.00
20650,DL:0.1.0:AT.1.0.0,2022-3-4 6:33:56,31.00,0.00,0.00,17.767,1.925,-6.206,11.561,19.692,0.00,0.00,0.00,0.00,0.00,0.00,0.00,0.00,0.00,0.00,0.00,0.00,0.00,0.00,0.00,0.00,0.00
20650,DL:0.1.0:AT.1.0.0,2022-3-4 6:34:1,31.00,0.00,0.00,17.777,1.915,-6.216,11.561,19.692,0.00,0.00,0.00,0.00,0.00,0.00,0.00,0.00,0.00,0.00,0.00,0.00,0.00,0.00,0.00,0.00,0.00
20650,DL:0.1.0:AT.1.0.0,2022-3-4 6:34:8,31.00,0.00,0.00,17.773,1.918,-6.212,11.561,19.691,0.00,0.00,0.00,0.00,0.00,0.00,0.00,0.00,0.00,0.00,0.00,0.00,0.00,0.00,0.00,0.00,0.00
20650,DL:0.1.0:AT.1.0.0,2022-3-4 6:34:16,31.00,0.00,0.00,17.754,1.937,-6.192,11.562,19.691,0.00,0.00,0.00,0.00,0.00,0.00,0.00,0.00,0.00,0.00,0.00,0.00,0.00,0.00,0.00,0.00,0.00
20650,DL:0.1.0:AT.1.0.0,2022-3-4 6:34:22,31.00,0.00,0.00,17.766,1.924,-6.205,11.561,19.690,0.00,0.00,0.00,0.00,0.00,0.00,0.00,0.00,0.00,0.00,0.00,0.00,0.00,0.00,0.00,0.00,0.00
20650,DL:0.1.0:AT.1.0.0,2022-3-4 6:34:27,31.00,0.00,0.00,17.751,1.941,-6.190,11.561,19.691,0.00,0.00,0.00,0.00,0.00,0.00,0.00,0.00,0.00,0.00,0.00,0.00,0.00,0.00,0.00,0.00,0.00
20650,DL:0.1.0:AT.1.0.0,2022-3-4 6:34:32,31.00,0.00,0.00,17.767,1.924,-6.206,11.561,19.691,0.00,0.00,0.00,0.00,0.00,0.00,0.00,0.00,0.00,0.00,0.00,0.00,0.00,0.00,0.00,0.00,0.00
20650,DL:0.1.0:AT.1.0.0,2022-3-4 6:34:39,31.00,0.00,0.00,17.746,1.943,-6.186,11.560,19.689,0.00,0.00,0.00,0.00,0.00,0.00,0.00,0.00,0.00,0.00,0.00,0.00,0.00,0.00,0.00,0.00,0.00
20650,DL:0.1.0:AT.1.0.0,2022-3-4 6:34:44,31.00,0.00,0.00,17.782,1.908,-6.221,11.561,19.690,0.00,0.00,0.00,0.00,0.00,0.00,0.00,0.00,0.00,0.00,0.00,0.00,0.00,0.00,0.00,0.00,0.00
20650,DL:0.1.0:AT.1.0.0,2022-3-4 6:34:49,31.00,0.00,0.00,17.763,1.927,-6.203,11.560,19.690,0.00,0.00,0.00,0.00,0.00,0.00,0.00,0.00,0.00,0.00,0.00,0.00,0.00,0.00,0.00,0.00,0.00
20650,DL:0.1.0:AT.1.0.0,2022-3-4 6:34:54,31.00,0.00,0.00,17.777,1.912,-6.217,11.560,19.689,0.00,0.00,0.00,0.00,0.00,0.00,0.00,0.00,0.00,0.00,0.00,0.00,0.00,0.00,0.00,0.00,0.00
20650,DL:0.1.0:AT.1.0.0,2022-3-4 6:34:59,31.00,0.00,0.00,17.789,1.901,-6.229,11.560,19.690,0.00,0.00,0.00,0.00,0.00,0.00,0.00,0.00,0.00,0.00,0.00,0.00,0.00,0.00,0.00,0.00,0.00
20650,DL:0.1.0:AT.1.0.0,2022-3-4 6:35:6,31.00,0.00,0.00,17.777,1.912,-6.217,11.560,19.689,0.00,0.00,0.00,0.00,0.00,0.00,0.00,0.00,0.00,0.00,0.00,0.00,0.00,0.00,0.00,0.00,0.00
20650,DL:0.1.0:AT.1.0.0,2022-3-4 6:35:13,31.00,0.00,0.00,17.758,1.931,-6.198,11.560,19.689,0.00,0.00,0.00,0.00,0.00,0.00,0.00,0.00,0.00,0.00,0.00,0.00,0.00,0.00,0.00,0.00,0.00
20650,DL:0.1.0:AT.1.0.0,2022-3-4 6:35:20,31.00,0.00,0.00,17.767,1.921,-6.208,11.560,19.689,0.00,0.00,0.00,0.00,0.00,0.00,0.00,0.00,0.00,0.00,0.00,0.00,0.00,0.00,0.00,0.00,0.00
20650,DL:0.1.0:AT.1.0.0,2022-3-4 6:35:26,31.00,0.00,0.00,17.759,1.929,-6.200,11.559,19.688,0.00,0.00,0.00,0.00,0.00,0.00,0.00,0.00,0.00,0.00,0.00,0.00,0.00,0.00,0.00,0.00,0.00
20650,DL:0.1.0:AT.1.0.0,2022-3-4 6:35:33,31.00,0.00,0.00,17.795,1.893,-6.236,11.559,19.688,0.00,0.00,0.00,0.00,0.00,0.00,0.00,0.00,0.00,0.00,0.00,0.00,0.00,0.00,0.00,0.00,0.00
20650,DL:0.1.0:AT.1.0.0,2022-3-4 6:35:38,31.00,0.00,0.00,17.758,1.931,-6.199,11.559,19.689,0.00,0.00,0.00,0.00,0.00,0.00,0.00,0.00,0.00,0.00,0.00,0.00,0.00,0.00,0.00,0.00,0.00
20650,DL:0.1.0:AT.1.0.0,2022-3-4 6:35:47,31.00,0.00,0.00,17.759,1.929,-6.200,11.559,19.688,0.00,0.00,0.00,0.00,0.00,0.00,0.00,0.00,0.00,0.00,0.00,0.00,0.00,0.00,0.00,0.00,0.00
20650,DL:0.1.0:AT.1.0.0,2022-3-4 6:35:53,31.00,0.00,0.00,17.797,1.890,-6.239,11.559,19.688,0.00,0.00,0.00,0.00,0.00,0.00,0.00,0.00,0.00,0.00,0.00,0.00,0.00,0.00,0.00,0.00,0.00
20650,DL:0.1.0:AT.1.0.0,2022-3-4 6:35:58,31.00,0.00,0.00,17.772,1.915,-6.215,11.557,19.688,0.00,0.00,0.00,0.00,0.00,0.00,0.00,0.00,0.00,0.00,0.00,0.00,0.00,0.00,0.00,0.00,0.00
20650,DL:0.1.0:AT.1.0.0,2022-3-4 6:36:4,31.00,0.00,0.00,17.763,1.924,-6.204,11.559,19.686,0.00,0.00,0.00,0.00,0.00,0.00,0.00,0.00,0.00,0.00,0.00,0.00,0.00,0.00,0.00,0.00,0.00
20650,DL:0.1.0:AT.1.0.0,2022-3-4 6:36:9,31.00,0.00,0.00,17.788,1.899,-6.230,11.557,19.686,0.00,0.00,0.00,0.00,0.00,0.00,0.00,0.00,0.00,0.00,0.00,0.00,0.00,0.00,0.00,0.00,0.00
20650,DL:0.1.0:AT.1.0.0,2022-3-4 6:36:15,31.00,0.00,0.00,17.766,1.920,-6.210,11.556,19.686,0.00,0.00,0.00,0.00,0.00,0.00,0.00,0.00,0.00,0.00,0.00,0.00,0.00,0.00,0.00,0.00,0.00
20650,DL:0.1.0:AT.1.0.0,2022-3-4 6:36:21,31.00,0.00,0.00,17.789,1.897,-6.233,11.556,19.686,0.00,0.00,0.00,0.00,0.00,0.00,0.00,0.00,0.00,0.00,0.00,0.00,0.00,0.00,0.00,0.00,0.00
20650,DL:0.1.0:AT.1.0.0,2022-3-4 6:36:26,31.00,0.00,0.00,17.777,1.909,-6.220,11.557,19.686,0.00,0.00,0.00,0.00,0.00,0.00,0.00,0.00,0.00,0.00,0.00,0.00,0.00,0.00,0.00,0.00,0.00
20650,DL:0.1.0:AT.1.0.0,2022-3-4 6:36:32,31.00,0.00,0.00,17.785,1.901,-6.229,11.556,19.686,0.00,0.00,0.00,0.00,0.00,0.00,0.00,0.00,0.00,0.00,0.00,0.00,0.00,0.00,0.00,0.00,0.00
20650,DL:0.1.0:AT.1.0.0,2022-3-4 6:36:37,31.00,0.00,0.00,17.782,1.905,-6.226,11.556,19.686,0.00,0.00,0.00,0.00,0.00,0.00,0.00,0.00,0.00,0.00,0.00,0.00,0.00,0.00,0.00,0.00,0.00
20650,DL:0.1.0:AT.1.0.0,2022-3-4 6:36:42,31.00,0.00,0.00,17.797,1.889,-6.242,11.555,19.686,0.00,0.00,0.00,0.00,0.00,0.00,0.00,0.00,0.00,0.00,0.00,0.00,0.00,0.00,0.00,0.00,0.00
20650,DL:0.1.0:AT.1.0.0,2022-3-4 6:36:47,31.00,0.00,0.00,17.778,1.908,-6.223,11.555,19.686,0.00,0.00,0.00,0.00,0.00,0.00,0.00,0.00,0.00,0.00,0.00,0.00,0.00,0.00,0.00,0.00,0.00
20650,DL:0.1.0:AT.1.0.0,2022-3-4 6:36:52,31.00,0.00,0.00,17.801,1.884,-6.246,11.555,19.685,0.00,0.00,0.00,0.00,0.00,0.00,0.00,0.00,0.00,0.00,0.00,0.00,0.00,0.00,0.00,0.00,0.00
20650,DL:0.1.0:AT.1.0.0,2022-3-4 6:36:57,31.00,0.00,0.00,17.770,1.917,-6.215,11.555,19.686,0.00,0.00,0.00,0.00,0.00,0.00,0.00,0.00,0.00,0.00,0.00,0.00,0.00,0.00,0.00,0.00,0.00
20650,DL:0.1.0:AT.1.0.0,2022-3-4 6:37:2,31.00,0.00,0.00,17.775,1.911,-6.220,11.555,19.685,0.00,0.00,0.00,0.00,0.00,0.00,0.00,0.00,0.00,0.00,0.00,0.00,0.00,0.00,0.00,0.00,0.00
20650,DL:0.1.0:AT.1.0.0,2022-3-4 6:37:9,31.00,0.00,0.00,17.760,1.926,-6.205,11.555,19.686,0.00,0.00,0.00,0.00,0.00,0.00,0.00,0.00,0.00,0.00,0.00,0.00,0.00,0.00,0.00,0.00,0.00
20650,DL:0.1.0:AT.1.0.0,2022-3-4 6:37:17,31.00,0.00,0.00,17.737,1.949,-6.184,11.554,19.686,0.00,0.00,0.00,0.00,0.00,0.00,0.00,0.00,0.00,0.00,0.00,0.00,0.00,0.00,0.00,0.00,0.00
20650,DL:0.1.0:AT.1.0.0,2022-3-4 6:37:23,31.00,0.00,0.00,17.772,1.914,-6.218,11.554,19.686,0.00,0.00,0.00,0.00,0.00,0.00,0.00,0.00,0.00,0.00,0.00,0.00,0.00,0.00,0.00,0.00,0.00
20650,DL:0.1.0:AT.1.0.0,2022-3-4 6:37:32,31.00,0.00,0.00,17.746,1.939,-6.192,11.554,19.685,0.00,0.00,0.00,0.00,0.00,0.00,0.00,0.00,0.00,0.00,0.00,0.00,0.00,0.00,0.00,0.00,0.00
20650,DL:0.1.0:AT.1.0.0,2022-3-4 6:37:42,31.00,0.00,0.00,17.772,1.913,-6.220,11.553,19.685,0.00,0.00,0.00,0.00,0.00,0.00,0.00,0.00,0.00,0.00,0.00,0.00,0.00,0.00,0.00,0.00,0.00
20650,DL:0.1.0:AT.1.0.0,2022-3-4 6:37:47,31.00,0.00,0.00,17.803,1.882,-6.248,11.555,19.685,0.00,0.00,0.00,0.00,0.00,0.00,0.00,0.00,0.00,0.00,0.00,0.00,0.00,0.00,0.00,0.00,0.00
20650,DL:0.1.0:AT.1.0.0,2022-3-4 6:37:54,31.00,0.00,0.00,17.787,1.897,-6.232,11.555,19.684,0.00,0.00,0.00,0.00,0.00,0.00,0.00,0.00,0.00,0.00,0.00,0.00,0.00,0.00,0.00,0.00,0.00
20650,DL:0.1.0:AT.1.0.0,2022-3-4 6:38:0,31.00,0.00,0.00,17.785,1.900,-6.230,11.555,19.685,0.00,0.00,0.00,0.00,0.00,0.00,0.00,0.00,0.00,0.00,0.00,0.00,0.00,0.00,0.00,0.00,0.00
20650,DL:0.1.0:AT.1.0.0,2022-3-4 6:38:7,31.00,0.00,0.00,17.803,1.881,-6.250,11.554,19.684,0.00,0.00,0.00,0.00,0.00,0.00,0.00,0.00,0.00,0.00,0.00,0.00,0.00,0.00,0.00,0.00,0.00
20650,DL:0.1.0:AT.1.0.0,2022-3-4 6:38:14,31.00,0.00,0.00,17.775,1.909,-6.220,11.555,19.684,0.00,0.00,0.00,0.00,0.00,0.00,0.00,0.00,0.00,0.00,0.00,0.00,0.00,0.00,0.00,0.00,0.00
20650,DL:0.1.0:AT.1.0.0,2022-3-4 6:38:20,31.00,0.00,0.00,17.781,1.903,-6.227,11.554,19.684,0.00,0.00,0.00,0.00,0.00,0.00,0.00,0.00,0.00,0.00,0.00,0.00,0.00,0.00,0.00,0.00,0.00
20650,DL:0.1.0:AT.1.0.0,2022-3-4 6:38:28,31.00,0.00,0.00,17.793,1.891,-6.238,11.555,19.684,0.00,0.00,0.00,0.00,0.00,0.00,0.00,0.00,0.00,0.00,0.00,0.00,0.00,0.00,0.00,0.00,0.00
20650,DL:0.1.0:AT.1.0.0,2022-3-4 6:38:35,31.00,0.00,0.00,17.769,1.915,-6.215,11.554,19.684,0.00,0.00,0.00,0.00,0.00,0.00,0.00,0.00,0.00,0.00,0.00,0.00,0.00,0.00,0.00,0.00,0.00
20650,DL:0.1.0:AT.1.0.0,2022-3-4 6:38:41,31.00,0.00,0.00,17.776,1.908,-6.222,11.554,19.684,0.00,0.00,0.00,0.00,0.00,0.00,0.00,0.00,0.00,0.00,0.00,0.00,0.00,0.00,0.00,0.00,0.00
20650,DL:0.1.0:AT.1.0.0,2022-3-4 6:38:49,31.00,0.00,0.00,17.755,1.929,-6.202,11.554,19.684,0.00,0.00,0.00,0.00,0.00,0.00,0.00,0.00,0.00,0.00,0.00,0.00,0.00,0.00,0.00,0.00,0.00
20650,DL:0.1.0:AT.1.0.0,2022-3-4 6:38:55,31.00,0.00,0.00,17.787,1.897,-6.232,11.555,19.684,0.00,0.00,0.00,0.00,0.00,0.00,0.00,0.00,0.00,0.00,0.00,0.00,0.00,0.00,0.00,0.00,0.00
20650,DL:0.1.0:AT.1.0.0,2022-3-4 6:39:2,31.00,0.00,0.00,17.757,1.926,-6.203,11.554,19.683,0.00,0.00,0.00,0.00,0.00,0.00,0.00,0.00,0.00,0.00,0.00,0.00,0.00,0.00,0.00,0.00,0.00
20650,DL:0.1.0:AT.1.0.0,2022-3-4 6:39:7,31.00,0.00,0.00,17.748,1.933,-6.194,11.554,19.682,0.00,0.00,0.00,0.00,0.00,0.00,0.00,0.00,0.00,0.00,0.00,0.00,0.00,0.00,0.00,0.00,0.00
20650,DL:0.1.0:AT.1.0.0,2022-3-4 6:39:12,31.00,0.00,0.00,17.793,1.890,-6.239,11.554,19.683,0.00,0.00,0.00,0.00,0.00,0.00,0.00,0.00,0.00,0.00,0.00,0.00,0.00,0.00,0.00,0.00,0.00
20650,DL:0.1.0:AT.1.0.0,2022-3-4 6:39:20,31.00,0.00,0.00,17.778,1.905,-6.224,11.554,19.683,0.00,0.00,0.00,0.00,0.00,0.00,0.00,0.00,0.00,0.00,0.00,0.00,0.00,0.00,0.00,0.00,0.00
20650,DL:0.1.0:AT.1.0.0,2022-3-4 6:39:26,31.00,0.00,0.00,17.805,1.878,-6.251,11.554,19.683,0.00,0.00,0.00,0.00,0.00,0.00,0.00,0.00,0.00,0.00,0.00,0.00,0.00,0.00,0.00,0.00,0.00
20650,DL:0.1.0:AT.1.0.0,2022-3-4 6:39:33,31.00,0.00,0.00,17.758,1.925,-6.204,11.554,19.683,0.00,0.00,0.00,0.00,0.00,0.00,0.00,0.00,0.00,0.00,0.00,0.00,0.00,0.00,0.00,0.00,0.00
20650,DL:0.1.0:AT.1.0.0,2022-3-4 6:39:38,31.00,0.00,0.00,17.782,1.901,-6.228,11.554,19.683,0.00,0.00,0.00,0.00,0.00,0.00,0.00,0.00,0.00,0.00,0.00,0.00,0.00,0.00,0.00,0.00,0.00
20650,DL:0.1.0:AT.1.0.0,2022-3-4 6:39:43,31.00,0.00,0.00,17.777,1.906,-6.224,11.553,19.683,0.00,0.00,0.00,0.00,0.00,0.00,0.00,0.00,0.00,0.00,0.00,0.00,0.00,0.00,0.00,0.00,0.00
20650,DL:0.1.0:AT.1.0.0,2022-3-4 6:39:48,31.00,0.00,0.00,17.791,1.891,-6.239,11.553,19.683,0.00,0.00,0.00,0.00,0.00,0.00,0.00,0.00,0.00,0.00,0.00,0.00,0.00,0.00,0.00,0.00,0.00
20650,DL:0.1.0:AT.1.0.0,2022-3-4 6:39:53,31.00,0.00,0.00,17.808,1.876,-6.256,11.553,19.684,0.00,0.00,0.00,0.00,0.00,0.00,0.00,0.00,0.00,0.00,0.00,0.00,0.00,0.00,0.00,0.00,0.00
20650,DL:0.1.0:AT.1.0.0,2022-3-4 6:40:0,31.00,0.00,0.00,17.755,1.929,-6.202,11.554,19.684,0.00,0.00,0.00,0.00,0.00,0.00,0.00,0.00,0.00,0.00,0.00,0.00,0.00,0.00,0.00,0.00,0.00
20650,DL:0.1.0:AT.1.0.0,2022-3-4 6:40:7,31.00,0.00,0.00,17.778,1.905,-6.226,11.553,19.683,0.00,0.00,0.00,0.00,0.00,0.00,0.00,0.00,0.00,0.00,0.00,0.00,0.00,0.00,0.00,0.00,0.00
20650,DL:0.1.0:AT.1.0.0,2022-3-4 6:40:13,31.00,0.00,0.00,17.776,1.906,-6.223,11.553,19.682,0.00,0.00,0.00,0.00,0.00,0.00,0.00,0.00,0.00,0.00,0.00,0.00,0.00,0.00,0.00,0.00,0.00
20650,DL:0.1.0:AT.1.0.0,2022-3-4 6:40:20,31.00,0.00,0.00,17.766,1.914,-6.214,11.553,19.680,0.00,0.00,0.00,0.00,0.00,0.00,0.00,0.00,0.00,0.00,0.00,0.00,0.00,0.00,0.00,0.00,0.00
20650,DL:0.1.0:AT.1.0.0,2022-3-4 6:40:27,31.00,0.00,0.00,17.783,1.899,-6.230,11.553,19.682,0.00,0.00,0.00,0.00,0.00,0.00,0.00,0.00,0.00,0.00,0.00,0.00,0.00,0.00,0.00,0.00,0.00
20650,DL:0.1.0:AT.1.0.0,2022-3-4 6:40:34,31.00,0.00,0.00,17.779,1.901,-6.228,11.551,19.680,0.00,0.00,0.00,0.00,0.00,0.00,0.00,0.00,0.00,0.00,0.00,0.00,0.00,0.00,0.00,0.00,0.00
20650,DL:0.1.0:AT.1.0.0,2022-3-4 6:40:41,31.00,0.00,0.00,17.779,1.901,-6.228,11.551,19.680,0.00,0.00,0.00,0.00,0.00,0.00,0.00,0.00,0.00,0.00,0.00,0.00,0.00,0.00,0.00,0.00,0.00
20650,DL:0.1.0:AT.1.0.0,2022-3-4 6:40:46,31.00,0.00,0.00,17.764,1.915,-6.212,11.551,19.679,0.00,0.00,0.00,0.00,0.00,0.00,0.00,0.00,0.00,0.00,0.00,0.00,0.00,0.00,0.00,0.00,0.00
20650,DL:0.1.0:AT.1.0.0,2022-3-4 6:40:51,31.00,0.00,0.00,17.788,1.891,-6.236,11.551,19.679,0.00,0.00,0.00,0.00,0.00,0.00,0.00,0.00,0.00,0.00,0.00,0.00,0.00,0.00,0.00,0.00,0.00
20650,DL:0.1.0:AT.1.0.0,2022-3-4 6:40:58,31.00,0.00,0.00,17.787,1.893,-6.235,11.551,19.679,0.00,0.00,0.00,0.00,0.00,0.00,0.00,0.00,0.00,0.00,0.00,0.00,0.00,0.00,0.00,0.00,0.00
20650,DL:0.1.0:AT.1.0.0,2022-3-4 6:41:5,31.00,0.00,0.00,17.760,1.918,-6.210,11.550,19.678,0.00,0.00,0.00,0.00,0.00,0.00,0.00,0.00,0.00,0.00,0.00,0.00,0.00,0.00,0.00,0.00,0.00
20650,DL:0.1.0:AT.1.0.0,2022-3-4 6:41:10,31.00,0.00,0.00,17.791,1.887,-6.240,11.551,19.678,0.00,0.00,0.00,0.00,0.00,0.00,0.00,0.00,0.00,0.00,0.00,0.00,0.00,0.00,0.00,0.00,0.00
20650,DL:0.1.0:AT.1.0.0,2022-3-4 6:41:15,31.00,0.00,0.00,17.771,1.906,-6.221,11.550,19.677,0.00,0.00,0.00,0.00,0.00,0.00,0.00,0.00,0.00,0.00,0.00,0.00,0.00,0.00,0.00,0.00,0.00
20650,DL:0.1.0:AT.1.0.0,2022-3-4 6:41:22,31.00,0.00,0.00,17.760,1.917,-6.210,11.550,19.677,0.00,0.00,0.00,0.00,0.00,0.00,0.00,0.00,0.00,0.00,0.00,0.00,0.00,0.00,0.00,0.00,0.00
20650,DL:0.1.0:AT.1.0.0,2022-3-4 6:41:29,31.00,0.00,0.00,17.790,1.885,-6.240,11.550,19.676,0.00,0.00,0.00,0.00,0.00,0.00,0.00,0.00,0.00,0.00,0.00,0.00,0.00,0.00,0.00,0.00,0.00
20650,DL:0.1.0:AT.1.0.0,2022-3-4 6:41:36,31.00,0.00,0.00,17.758,1.918,-6.208,11.550,19.676,0.00,0.00,0.00,0.00,0.00,0.00,0.00,0.00,0.00,0.00,0.00,0.00,0.00,0.00,0.00,0.00,0.00
20650,DL:0.1.0:AT.1.0.0,2022-3-4 6:41:43,31.00,0.00,0.00,17.769,1.907,-6.220,11.549,19.676,0.00,0.00,0.00,0.00,0.00,0.00,0.00,0.00,0.00,0.00,0.00,0.00,0.00,0.00,0.00,0.00,0.00
20650,DL:0.1.0:AT.1.0.0,2022-3-4 6:41:48,31.00,0.00,0.00,17.785,1.890,-6.235,11.550,19.676,0.00,0.00,0.00,0.00,0.00,0.00,0.00,0.00,0.00,0.00,0.00,0.00,0.00,0.00,0.00,0.00,0.00
20650,DL:0.1.0:AT.1.0.0,2022-3-4 6:41:53,31.00,0.00,0.00,17.775,1.901,-6.224,11.550,19.676,0.00,0.00,0.00,0.00,0.00,0.00,0.00,0.00,0.00,0.00,0.00,0.00,0.00,0.00,0.00,0.00,0.00
20650,DL:0.1.0:AT.1.0.0,2022-3-4 6:42:0,31.00,0.00,0.00,17.761,1.914,-6.212,11.549,19.676,0.00,0.00,0.00,0.00,0.00,0.00,0.00,0.00,0.00,0.00,0.00,0.00,0.00,0.00,0.00,0.00,0.00
20650,DL:0.1.0:AT.1.0.0,2022-3-4 6:42:6,31.00,0.00,0.00,17.761,1.914,-6.212,11.549,19.676,0.00,0.00,0.00,0.00,0.00,0.00,0.00,0.00,0.00,0.00,0.00,0.00,0.00,0.00,0.00,0.00,0.00
20650,DL:0.1.0:AT.1.0.0,2022-3-4 6:42:13,31.00,0.00,0.00,17.775,1.900,-6.226,11.549,19.674,0.00,0.00,0.00,0.00,0.00,0.00,0.00,0.00,0.00,0.00,0.00,0.00,0.00,0.00,0.00,0.00,0.00
20650,DL:0.1.0:AT.1.0.0,2022-3-4 6:42:18,31.00,0.00,0.00,17.783,1.891,-6.235,11.548,19.674,0.00,0.00,0.00,0.00,0.00,0.00,0.00,0.00,0.00,0.00,0.00,0.00,0.00,0.00,0.00,0.00,0.00
20650,DL:0.1.0:AT.1.0.0,2022-3-4 6:42:24,31.00,0.00,0.00,17.779,1.895,-6.230,11.549,19.674,0.00,0.00,0.00,0.00,0.00,0.00,0.00,0.00,0.00,0.00,0.00,0.00,0.00,0.00,0.00,0.00,0.00
20650,DL:0.1.0:AT.1.0.0,2022-3-4 6:42:30,31.00,0.00,0.00,17.766,1.908,-6.217,11.549,19.674,0.00,0.00,0.00,0.00,0.00,0.00,0.00,0.00,0.00,0.00,0.00,0.00,0.00,0.00,0.00,0.00,0.00
20650,DL:0.1.0:AT.1.0.0,2022-3-4 6:42:37,31.00,0.00,0.00,17.764,1.911,-6.215,11.549,19.674,0.00,0.00,0.00,0.00,0.00,0.00,0.00,0.00,0.00,0.00,0.00,0.00,0.00,0.00,0.00,0.00,0.00
20650,DL:0.1.0:AT.1.0.0,2022-3-4 6:42:44,31.00,0.00,0.00,17.765,1.909,-6.217,11.548,19.674,0.00,0.00,0.00,0.00,0.00,0.00,0.00,0.00,0.00,0.00,0.00,0.00,0.00,0.00,0.00,0.00,0.00
20650,DL:0.1.0:AT.1.0.0,2022-3-4 6:42:52,31.00,0.00,0.00,17.766,1.907,-6.218,11.548,19.673,0.00,0.00,0.00,0.00,0.00,0.00,0.00,0.00,0.00,0.00,0.00,0.00,0.00,0.00,0.00,0.00,0.00
20650,DL:0.1.0:AT.1.0.0,2022-3-4 6:42:58,31.00,0.00,0.00,17.758,1.915,-6.210,11.548,19.673,0.00,0.00,0.00,0.00,0.00,0.00,0.00,0.00,0.00,0.00,0.00,0.00,0.00,0.00,0.00,0.00,0.00
20650,DL:0.1.0:AT.1.0.0,2022-3-4 6:43:4,31.00,0.00,0.00,17.764,1.911,-6.216,11.548,19.674,0.00,0.00,0.00,0.00,0.00,0.00,0.00,0.00,0.00,0.00,0.00,0.00,0.00,0.00,0.00,0.00,0.00
20650,DL:0.1.0:AT.1.0.0,2022-3-4 6:43:9,31.00,0.00,0.00,17.755,1.918,-6.208,11.548,19.673,0.00,0.00,0.00,0.00,0.00,0.00,0.00,0.00,0.00,0.00,0.00,0.00,0.00,0.00,0.00,0.00,0.00
20650,DL:0.1.0:AT.1.0.0,2022-3-4 6:43:15,31.00,0.00,0.00,17.730,1.943,-6.184,11.547,19.673,0.00,0.00,0.00,0.00,0.00,0.00,0.00,0.00,0.00,0.00,0.00,0.00,0.00,0.00,0.00,0.00,0.00
20650,DL:0.1.0:AT.1.0.0,2022-3-4 6:43:20,31.00,0.00,0.00,17.752,1.921,-6.204,11.548,19.673,0.00,0.00,0.00,0.00,0.00,0.00,0.00,0.00,0.00,0.00,0.00,0.00,0.00,0.00,0.00,0.00,0.00
20650,DL:0.1.0:AT.1.0.0,2022-3-4 6:43:27,31.00,0.00,0.00,17.749,1.924,-6.203,11.547,19.673,0.00,0.00,0.00,0.00,0.00,0.00,0.00,0.00,0.00,0.00,0.00,0.00,0.00,0.00,0.00,0.00,0.00
20650,DL:0.1.0:AT.1.0.0,2022-3-4 6:43:32,31.00,0.00,0.00,17.735,1.938,-6.188,11.547,19.673,0.00,0.00,0.00,0.00,0.00,0.00,0.00,0.00,0.00,0.00,0.00,0.00,0.00,0.00,0.00,0.00,0.00
20650,DL:0.1.0:AT.1.0.0,2022-3-4 6:43:39,31.00,0.00,0.00,17.739,1.936,-6.192,11.547,19.674,0.00,0.00,0.00,0.00,0.00,0.00,0.00,0.00,0.00,0.00,0.00,0.00,0.00,0.00,0.00,0.00,0.00
20650,DL:0.1.0:AT.1.0.0,2022-3-4 6:43:46,31.00,0.00,0.00,17.758,1.918,-6.211,11.547,19.676,0.00,0.00,0.00,0.00,0.00,0.00,0.00,0.00,0.00,0.00,0.00,0.00,0.00,0.00,0.00,0.00,0.00
20650,DL:0.1.0:AT.1.0.0,2022-3-4 6:43:51,31.00,0.00,0.00,17.748,1.927,-6.203,11.545,19.676,0.00,0.00,0.00,0.00,0.00,0.00,0.00,0.00,0.00,0.00,0.00,0.00,0.00,0.00,0.00,0.00,0.00
20650,DL:0.1.0:AT.1.0.0,2022-3-4 6:43:57,31.00,0.00,0.00,17.771,1.906,-6.226,11.545,19.677,0.00,0.00,0.00,0.00,0.00,0.00,0.00,0.00,0.00,0.00,0.00,0.00,0.00,0.00,0.00,0.00,0.00
20650,DL:0.1.0:AT.1.0.0,2022-3-4 6:44:3,31.00,0.00,0.00,17.743,1.933,-6.198,11.545,19.677,0.00,0.00,0.00,0.00,0.00,0.00,0.00,0.00,0.00,0.00,0.00,0.00,0.00,0.00,0.00,0.00,0.00
20650,DL:0.1.0:AT.1.0.0,2022-3-4 6:44:8,31.00,0.00,0.00,17.734,1.943,-6.188,11.545,19.677,0.00,0.00,0.00,0.00,0.00,0.00,0.00,0.00,0.00,0.00,0.00,0.00,0.00,0.00,0.00,0.00,0.00
20650,DL:0.1.0:AT.1.0.0,2022-3-4 6:44:13,31.00,0.00,0.00,17.764,1.915,-6.220,11.544,19.679,0.00,0.00,0.00,0.00,0.00,0.00,0.00,0.00,0.00,0.00,0.00,0.00,0.00,0.00,0.00,0.00,0.00
20650,DL:0.1.0:AT.1.0.0,2022-3-4 6:44:18,30.75,0.00,0.00,17.757,1.923,-6.212,11.544,19.679,0.00,0.00,0.00,0.00,0.00,0.00,0.00,0.00,0.00,0.00,0.00,0.00,0.00,0.00,0.00,0.00,0.00
20650,DL:0.1.0:AT.1.0.0,2022-3-4 6:44:24,30.75,0.00,0.00,17.763,1.918,-6.217,11.545,19.680,0.00,0.00,0.00,0.00,0.00,0.00,0.00,0.00,0.00,0.00,0.00,0.00,0.00,0.00,0.00,0.00,0.00
20650,DL:0.1.0:AT.1.0.0,2022-3-4 6:44:30,30.75,0.00,0.00,17.752,1.930,-6.208,11.544,19.682,0.00,0.00,0.00,0.00,0.00,0.00,0.00,0.00,0.00,0.00,0.00,0.00,0.00,0.00,0.00,0.00,0.00
20650,DL:0.1.0:AT.1.0.0,2022-3-4 6:44:35,30.75,0.00,0.00,17.737,1.945,-6.193,11.544,19.683,0.00,0.00,0.00,0.00,0.00,0.00,0.00,0.00,0.00,0.00,0.00,0.00,0.00,0.00,0.00,0.00,0.00
20650,DL:0.1.0:AT.1.0.0,2022-3-4 6:44:40,30.75,0.00,0.00,17.736,1.947,-6.192,11.544,19.683,0.00,0.00,0.00,0.00,0.00,0.00,0.00,0.00,0.00,0.00,0.00,0.00,0.00,0.00,0.00,0.00,0.00
20650,DL:0.1.0:AT.1.0.0,2022-3-4 6:44:47,30.75,0.00,0.00,17.794,1.890,-6.251,11.543,19.684,0.00,0.00,0.00,0.00,0.00,0.00,0.00,0.00,0.00,0.00,0.00,0.00,0.00,0.00,0.00,0.00,0.00
20650,DL:0.1.0:AT.1.0.0,2022-3-4 6:44:52,30.75,0.00,0.00,17.787,1.899,-6.244,11.543,19.685,0.00,0.00,0.00,0.00,0.00,0.00,0.00,0.00,0.00,0.00,0.00,0.00,0.00,0.00,0.00,0.00,0.00
20650,DL:0.1.0:AT.1.0.0,2022-3-4 6:44:57,30.75,0.00,0.00,17.805,1.881,-6.262,11.543,19.685,0.00,0.00,0.00,0.00,0.00,0.00,0.00,0.00,0.00,0.00,0.00,0.00,0.00,0.00,0.00,0.00,0.00
20650,DL:0.1.0:AT.1.0.0,2022-3-4 6:45:2,30.75,0.00,0.00,17.760,1.926,-6.217,11.543,19.686,0.00,0.00,0.00,0.00,0.00,0.00,0.00,0.00,0.00,0.00,0.00,0.00,0.00,0.00,0.00,0.00,0.00
20650,DL:0.1.0:AT.1.0.0,2022-3-4 6:45:8,30.75,0.00,0.00,17.751,1.937,-6.208,11.543,19.688,0.00,0.00,0.00,0.00,0.00,0.00,0.00,0.00,0.00,0.00,0.00,0.00,0.00,0.00,0.00,0.00,0.00
20650,DL:0.1.0:AT.1.0.0,2022-3-4 6:45:13,30.75,0.00,0.00,17.741,1.948,-6.198,11.543,19.689,0.00,0.00,0.00,0.00,0.00,0.00,0.00,0.00,0.00,0.00,0.00,0.00,0.00,0.00,0.00,0.00,0.00
20650,DL:0.1.0:AT.1.0.0,2022-3-4 6:45:18,30.75,0.00,0.00,17.753,1.937,-6.211,11.542,19.690,0.00,0.00,0.00,0.00,0.00,0.00,0.00,0.00,0.00,0.00,0.00,0.00,0.00,0.00,0.00,0.00,0.00
20650,DL:0.1.0:AT.1.0.0,2022-3-4 6:45:30,30.75,0.00,0.00,17.752,1.938,-6.211,11.540,19.690,0.00,0.00,0.00,0.00,0.00,0.00,0.00,0.00,0.00,0.00,0.00,0.00,0.00,0.00,0.00,0.00,0.00
20650,DL:0.1.0:AT.1.0.0,2022-3-4 6:45:35,30.75,0.00,0.00,17.729,1.963,-6.188,11.540,19.692,0.00,0.00,0.00,0.00,0.00,0.00,0.00,0.00,0.00,0.00,0.00,0.00,0.00,0.00,0.00,0.00,0.00
20650,DL:0.1.0:AT.1.0.0,2022-3-4 6:45:42,30.75,0.00,0.00,17.755,1.937,-6.215,11.540,19.692,0.00,0.00,0.00,0.00,0.00,0.00,0.00,0.00,0.00,0.00,0.00,0.00,0.00,0.00,0.00,0.00,0.00
20650,DL:0.1.0:AT.1.0.0,2022-3-4 6:45:47,30.75,0.00,0.00,17.748,1.944,-6.206,11.542,19.692,0.00,0.00,0.00,0.00,0.00,0.00,0.00,0.00,0.00,0.00,0.00,0.00,0.00,0.00,0.00,0.00,0.00
20650,DL:0.1.0:AT.1.0.0,2022-3-4 6:45:52,30.75,0.00,0.00,17.760,1.933,-6.217,11.543,19.694,0.00,0.00,0.00,0.00,0.00,0.00,0.00,0.00,0.00,0.00,0.00,0.00,0.00,0.00,0.00,0.00,0.00
20650,DL:0.1.0:AT.1.0.0,2022-3-4 6:45:59,30.75,0.00,0.00,17.763,1.931,-6.220,11.543,19.694,0.00,0.00,0.00,0.00,0.00,0.00,0.00,0.00,0.00,0.00,0.00,0.00,0.00,0.00,0.00,0.00,0.00
20650,DL:0.1.0:AT.1.0.0,2022-3-4 6:46:5,30.75,0.00,0.00,17.725,1.969,-6.184,11.542,19.695,0.00,0.00,0.00,0.00,0.00,0.00,0.00,0.00,0.00,0.00,0.00,0.00,0.00,0.00,0.00,0.00,0.00
20650,DL:0.1.0:AT.1.0.0,2022-3-4 6:46:10,30.75,0.00,0.00,17.753,1.943,-6.210,11.543,19.696,0.00,0.00,0.00,0.00,0.00,0.00,0.00,0.00,0.00,0.00,0.00,0.00,0.00,0.00,0.00,0.00,0.00
20650,DL:0.1.0:AT.1.0.0,2022-3-4 6:46:16,30.75,0.00,0.00,17.757,1.941,-6.215,11.542,19.697,0.00,0.00,0.00,0.00,0.00,0.00,0.00,0.00,0.00,0.00,0.00,0.00,0.00,0.00,0.00,0.00,0.00
20650,DL:0.1.0:AT.1.0.0,2022-3-4 6:46:23,30.75,0.00,0.00,17.751,1.947,-6.209,11.542,19.697,0.00,0.00,0.00,0.00,0.00,0.00,0.00,0.00,0.00,0.00,0.00,0.00,0.00,0.00,0.00,0.00,0.00
20650,DL:0.1.0:AT.1.0.0,2022-3-4 6:46:31,30.75,0.00,0.00,17.741,1.957,-6.199,11.542,19.698,0.00,0.00,0.00,0.00,0.00,0.00,0.00,0.00,0.00,0.00,0.00,0.00,0.00,0.00,0.00,0.00,0.00
20650,DL:0.1.0:AT.1.0.0,2022-3-4 6:46:36,30.75,0.00,0.00,17.763,1.937,-6.221,11.542,19.700,0.00,0.00,0.00,0.00,0.00,0.00,0.00,0.00,0.00,0.00,0.00,0.00,0.00,0.00,0.00,0.00,0.00
20650,DL:0.1.0:AT.1.0.0,2022-3-4 6:46:42,30.75,0.00,0.00,17.736,1.962,-6.194,11.542,19.698,0.00,0.00,0.00,0.00,0.00,0.00,0.00,0.00,0.00,0.00,0.00,0.00,0.00,0.00,0.00,0.00,0.00
20650,DL:0.1.0:AT.1.0.0,2022-3-4 6:46:47,30.75,0.00,0.00,17.763,1.937,-6.221,11.542,19.700,0.00,0.00,0.00,0.00,0.00,0.00,0.00,0.00,0.00,0.00,0.00,0.00,0.00,0.00,0.00,0.00,0.00
20650,DL:0.1.0:AT.1.0.0,2022-3-4 6:46:54,30.75,0.00,0.00,17.739,1.961,-6.197,11.542,19.700,0.00,0.00,0.00,0.00,0.00,0.00,0.00,0.00,0.00,0.00,0.00,0.00,0.00,0.00,0.00,0.00,0.00
20650,DL:0.1.0:AT.1.0.0,2022-3-4 6:47:0,30.75,0.00,0.00,17.773,1.927,-6.232,11.542,19.701,0.00,0.00,0.00,0.00,0.00,0.00,0.00,0.00,0.00,0.00,0.00,0.00,0.00,0.00,0.00,0.00,0.00
20650,DL:0.1.0:AT.1.0.0,2022-3-4 6:47:7,30.75,0.00,0.00,17.741,1.961,-6.199,11.542,19.702,0.00,0.00,0.00,0.00,0.00,0.00,0.00,0.00,0.00,0.00,0.00,0.00,0.00,0.00,0.00,0.00,0.00
20650,DL:0.1.0:AT.1.0.0,2022-3-4 6:47:12,30.75,0.00,0.00,17.749,1.953,-6.208,11.542,19.702,0.00,0.00,0.00,0.00,0.00,0.00,0.00,0.00,0.00,0.00,0.00,0.00,0.00,0.00,0.00,0.00,0.00
20650,DL:0.1.0:AT.1.0.0,2022-3-4 6:47:18,30.75,0.00,0.00,17.741,1.962,-6.200,11.540,19.703,0.00,0.00,0.00,0.00,0.00,0.00,0.00,0.00,0.00,0.00,0.00,0.00,0.00,0.00,0.00,0.00,0.00
20650,DL:0.1.0:AT.1.0.0,2022-3-4 6:47:24,30.75,0.00,0.00,17.751,1.953,-6.210,11.540,19.703,0.00,0.00,0.00,0.00,0.00,0.00,0.00,0.00,0.00,0.00,0.00,0.00,0.00,0.00,0.00,0.00,0.00
20650,DL:0.1.0:AT.1.0.0,2022-3-4 6:47:31,30.75,0.00,0.00,17.731,1.973,-6.191,11.540,19.704,0.00,0.00,0.00,0.00,0.00,0.00,0.00,0.00,0.00,0.00,0.00,0.00,0.00,0.00,0.00,0.00,0.00
20650,DL:0.1.0:AT.1.0.0,2022-3-4 6:47:38,30.75,0.00,0.00,17.757,1.948,-6.215,11.542,19.704,0.00,0.00,0.00,0.00,0.00,0.00,0.00,0.00,0.00,0.00,0.00,0.00,0.00,0.00,0.00,0.00,0.00
20650,DL:0.1.0:AT.1.0.0,2022-3-4 6:47:45,30.75,0.00,0.00,17.769,1.937,-6.228,11.540,19.706,0.00,0.00,0.00,0.00,0.00,0.00,0.00,0.00,0.00,0.00,0.00,0.00,0.00,0.00,0.00,0.00,0.00
20650,DL:0.1.0:AT.1.0.0,2022-3-4 6:47:52,30.75,0.00,0.00,17.751,1.955,-6.210,11.540,19.706,0.00,0.00,0.00,0.00,0.00,0.00,0.00,0.00,0.00,0.00,0.00,0.00,0.00,0.00,0.00,0.00,0.00
20650,DL:0.1.0:AT.1.0.0,2022-3-4 6:47:59,30.75,0.00,0.00,17.729,1.977,-6.188,11.540,19.706,0.00,0.00,0.00,0.00,0.00,0.00,0.00,0.00,0.00,0.00,0.00,0.00,0.00,0.00,0.00,0.00,0.00
20650,DL:0.1.0:AT.1.0.0,2022-3-4 6:48:5,30.75,0.00,0.00,17.754,1.953,-6.214,11.540,19.707,0.00,0.00,0.00,0.00,0.00,0.00,0.00,0.00,0.00,0.00,0.00,0.00,0.00,0.00,0.00,0.00,0.00
20650,DL:0.1.0:AT.1.0.0,2022-3-4 6:48:12,30.75,0.00,0.00,17.735,1.972,-6.196,11.539,19.707,0.00,0.00,0.00,0.00,0.00,0.00,0.00,0.00,0.00,0.00,0.00,0.00,0.00,0.00,0.00,0.00,0.00
20650,DL:0.1.0:AT.1.0.0,2022-3-4 6:48:19,30.75,0.00,0.00,17.771,1.936,-6.230,11.540,19.707,0.00,0.00,0.00,0.00,0.00,0.00,0.00,0.00,0.00,0.00,0.00,0.00,0.00,0.00,0.00,0.00,0.00
20650,DL:0.1.0:AT.1.0.0,2022-3-4 6:48:26,30.75,0.00,0.00,17.751,1.957,-6.212,11.538,19.708,0.00,0.00,0.00,0.00,0.00,0.00,0.00,0.00,0.00,0.00,0.00,0.00,0.00,0.00,0.00,0.00,0.00
20650,DL:0.1.0:AT.1.0.0,2022-3-4 6:48:31,30.75,0.00,0.00,17.741,1.967,-6.202,11.539,19.708,0.00,0.00,0.00,0.00,0.00,0.00,0.00,0.00,0.00,0.00,0.00,0.00,0.00,0.00,0.00,0.00,0.00
20650,DL:0.1.0:AT.1.0.0,2022-3-4 6:48:36,30.75,0.00,0.00,17.757,1.951,-6.217,11.539,19.708,0.00,0.00,0.00,0.00,0.00,0.00,0.00,0.00,0.00,0.00,0.00,0.00,0.00,0.00,0.00,0.00,0.00
20650,DL:0.1.0:AT.1.0.0,2022-3-4 6:48:43,30.75,0.00,0.00,17.757,1.953,-6.218,11.538,19.709,0.00,0.00,0.00,0.00,0.00,0.00,0.00,0.00,0.00,0.00,0.00,0.00,0.00,0.00,0.00,0.00,0.00
20650,DL:0.1.0:AT.1.0.0,2022-3-4 6:48:48,30.75,0.00,0.00,17.748,1.960,-6.210,11.538,19.708,0.00,0.00,0.00,0.00,0.00,0.00,0.00,0.00,0.00,0.00,0.00,0.00,0.00,0.00,0.00,0.00,0.00
20650,DL:0.1.0:AT.1.0.0,2022-3-4 6:48:53,30.75,0.00,0.00,17.729,1.979,-6.191,11.538,19.708,0.00,0.00,0.00,0.00,0.00,0.00,0.00,0.00,0.00,0.00,0.00,0.00,0.00,0.00,0.00,0.00,0.00
20650,DL:0.1.0:AT.1.0.0,2022-3-4 6:49:1,30.75,0.00,0.00,17.753,1.956,-6.215,11.538,19.709,0.00,0.00,0.00,0.00,0.00,0.00,0.00,0.00,0.00,0.00,0.00,0.00,0.00,0.00,0.00,0.00,0.00
20650,DL:0.1.0:AT.1.0.0,2022-3-4 6:49:7,30.75,0.00,0.00,17.778,1.930,-6.241,11.537,19.708,0.00,0.00,0.00,0.00,0.00,0.00,0.00,0.00,0.00,0.00,0.00,0.00,0.00,0.00,0.00,0.00,0.00
20650,DL:0.1.0:AT.1.0.0,2022-3-4 6:49:14,30.75,0.00,0.00,17.741,1.968,-6.203,11.538,19.709,0.00,0.00,0.00,0.00,0.00,0.00,0.00,0.00,0.00,0.00,0.00,0.00,0.00,0.00,0.00,0.00,0.00
20650,DL:0.1.0:AT.1.0.0,2022-3-4 6:49:21,30.75,0.00,0.00,17.761,1.947,-6.223,11.538,19.708,0.00,0.00,0.00,0.00,0.00,0.00,0.00,0.00,0.00,0.00,0.00,0.00,0.00,0.00,0.00,0.00,0.00
20650,DL:0.1.0:AT.1.0.0,2022-3-4 6:49:27,30.75,0.00,0.00,17.745,1.963,-6.206,11.538,19.708,0.00,0.00,0.00,0.00,0.00,0.00,0.00,0.00,0.00,0.00,0.00,0.00,0.00,0.00,0.00,0.00,0.00
20650,DL:0.1.0:AT.1.0.0,2022-3-4 6:49:32,30.75,0.00,0.00,17.751,1.957,-6.212,11.538,19.708,0.00,0.00,0.00,0.00,0.00,0.00,0.00,0.00,0.00,0.00,0.00,0.00,0.00,0.00,0.00,0.00,0.00
20650,DL:0.1.0:AT.1.0.0,2022-3-4 6:49:38,30.75,0.00,0.00,17.759,1.949,-6.220,11.539,19.708,0.00,0.00,0.00,0.00,0.00,0.00,0.00,0.00,0.00,0.00,0.00,0.00,0.00,0.00,0.00,0.00,0.00
20650,DL:0.1.0:AT.1.0.0,2022-3-4 6:49:43,30.75,0.00,0.00,17.706,2.003,-6.168,11.538,19.709,0.00,0.00,0.00,0.00,0.00,0.00,0.00,0.00,0.00,0.00,0.00,0.00,0.00,0.00,0.00,0.00,0.00
20650,DL:0.1.0:AT.1.0.0,2022-3-4 6:49:48,30.75,0.00,0.00,17.761,1.948,-6.223,11.538,19.709,0.00,0.00,0.00,0.00,0.00,0.00,0.00,0.00,0.00,0.00,0.00,0.00,0.00,0.00,0.00,0.00,0.00
20650,DL:0.1.0:AT.1.0.0,2022-3-4 6:49:54,30.75,0.00,0.00,17.759,1.950,-6.220,11.539,19.709,0.00,0.00,0.00,0.00,0.00,0.00,0.00,0.00,0.00,0.00,0.00,0.00,0.00,0.00,0.00,0.00,0.00
20650,DL:0.1.0:AT.1.0.0,2022-3-4 6:49:59,30.75,0.00,0.00,17.748,1.962,-6.209,11.539,19.710,0.00,0.00,0.00,0.00,0.00,0.00,0.00,0.00,0.00,0.00,0.00,0.00,0.00,0.00,0.00,0.00,0.00
20650,DL:0.1.0:AT.1.0.0,2022-3-4 6:50:5,30.75,0.00,0.00,17.712,1.998,-6.174,11.538,19.710,0.00,0.00,0.00,0.00,0.00,0.00,0.00,0.00,0.00,0.00,0.00,0.00,0.00,0.00,0.00,0.00,0.00
20650,DL:0.1.0:AT.1.0.0,2022-3-4 6:50:12,30.75,0.00,0.00,17.711,2.000,-6.173,11.538,19.710,0.00,0.00,0.00,0.00,0.00,0.00,0.00,0.00,0.00,0.00,0.00,0.00,0.00,0.00,0.00,0.00,0.00
20650,DL:0.1.0:AT.1.0.0,2022-3-4 6:50:17,30.75,0.00,0.00,17.717,1.995,-6.179,11.538,19.712,0.00,0.00,0.00,0.00,0.00,0.00,0.00,0.00,0.00,0.00,0.00,0.00,0.00,0.00,0.00,0.00,0.00
20650,DL:0.1.0:AT.1.0.0,2022-3-4 6:50:22,30.75,0.00,0.00,17.718,1.992,-6.179,11.539,19.710,0.00,0.00,0.00,0.00,0.00,0.00,0.00,0.00,0.00,0.00,0.00,0.00,0.00,0.00,0.00,0.00,0.00
20650,DL:0.1.0:AT.1.0.0,2022-3-4 6:50:27,30.75,0.00,0.00,17.729,1.983,-6.191,11.538,19.712,0.00,0.00,0.00,0.00,0.00,0.00,0.00,0.00,0.00,0.00,0.00,0.00,0.00,0.00,0.00,0.00,0.00
20650,DL:0.1.0:AT.1.0.0,2022-3-4 6:50:33,30.75,0.00,0.00,17.737,1.974,-6.198,11.539,19.712,0.00,0.00,0.00,0.00,0.00,0.00,0.00,0.00,0.00,0.00,0.00,0.00,0.00,0.00,0.00,0.00,0.00
20650,DL:0.1.0:AT.1.0.0,2022-3-4 6:50:39,30.75,0.00,0.00,17.740,1.972,-6.200,11.539,19.712,0.00,0.00,0.00,0.00,0.00,0.00,0.00,0.00,0.00,0.00,0.00,0.00,0.00,0.00,0.00,0.00,0.00
20650,DL:0.1.0:AT.1.0.0,2022-3-4 6:50:46,30.75,0.00,0.00,17.767,1.945,-6.229,11.538,19.713,0.00,0.00,0.00,0.00,0.00,0.00,0.00,0.00,0.00,0.00,0.00,0.00,0.00,0.00,0.00,0.00,0.00
20650,DL:0.1.0:AT.1.0.0,2022-3-4 6:50:51,30.75,0.00,0.00,17.759,1.953,-6.221,11.538,19.712,0.00,0.00,0.00,0.00,0.00,0.00,0.00,0.00,0.00,0.00,0.00,0.00,0.00,0.00,0.00,0.00,0.00
20650,DL:0.1.0:AT.1.0.0,2022-3-4 6:50:56,30.75,0.00,0.00,17.717,1.995,-6.178,11.539,19.712,0.00,0.00,0.00,0.00,0.00,0.00,0.00,0.00,0.00,0.00,0.00,0.00,0.00,0.00,0.00,0.00,0.00
20650,DL:0.1.0:AT.1.0.0,2022-3-4 6:51:2,30.75,0.00,0.00,17.748,1.963,-6.210,11.538,19.712,0.00,0.00,0.00,0.00,0.00,0.00,0.00,0.00,0.00,0.00,0.00,0.00,0.00,0.00,0.00,0.00,0.00
20650,DL:0.1.0:AT.1.0.0,2022-3-4 6:51:10,30.75,0.00,0.00,17.741,1.971,-6.203,11.538,19.712,0.00,0.00,0.00,0.00,0.00,0.00,0.00,0.00,0.00,0.00,0.00,0.00,0.00,0.00,0.00,0.00,0.00
20650,DL:0.1.0:AT.1.0.0,2022-3-4 6:51:15,30.75,0.00,0.00,17.749,1.962,-6.211,11.538,19.712,0.00,0.00,0.00,0.00,0.00,0.00,0.00,0.00,0.00,0.00,0.00,0.00,0.00,0.00,0.00,0.00,0.00
20650,DL:0.1.0:AT.1.0.0,2022-3-4 6:51:20,30.75,0.00,0.00,17.731,1.980,-6.193,11.538,19.712,0.00,0.00,0.00,0.00,0.00,0.00,0.00,0.00,0.00,0.00,0.00,0.00,0.00,0.00,0.00,0.00,0.00
20650,DL:0.1.0:AT.1.0.0,2022-3-4 6:51:27,30.75,0.00,0.00,17.731,1.980,-6.193,11.538,19.712,0.00,0.00,0.00,0.00,0.00,0.00,0.00,0.00,0.00,0.00,0.00,0.00,0.00,0.00,0.00,0.00,0.00
20650,DL:0.1.0:AT.1.0.0,2022-3-4 6:51:32,30.75,0.00,0.00,17.758,1.954,-6.220,11.538,19.712,0.00,0.00,0.00,0.00,0.00,0.00,0.00,0.00,0.00,0.00,0.00,0.00,0.00,0.00,0.00,0.00,0.00
20650,DL:0.1.0:AT.1.0.0,2022-3-4 6:51:38,30.75,0.00,0.00,17.752,1.960,-6.214,11.538,19.712,0.00,0.00,0.00,0.00,0.00,0.00,0.00,0.00,0.00,0.00,0.00,0.00,0.00,0.00,0.00,0.00,0.00
20650,DL:0.1.0:AT.1.0.0,2022-3-4 6:51:44,30.75,0.00,0.00,17.766,1.947,-6.228,11.538,19.713,0.00,0.00,0.00,0.00,0.00,0.00,0.00,0.00,0.00,0.00,0.00,0.00,0.00,0.00,0.00,0.00,0.00
20650,DL:0.1.0:AT.1.0.0,2022-3-4 6:51:51,30.75,0.00,0.00,17.739,1.974,-6.200,11.538,19.713,0.00,0.00,0.00,0.00,0.00,0.00,0.00,0.00,0.00,0.00,0.00,0.00,0.00,0.00,0.00,0.00,0.00
20650,DL:0.1.0:AT.1.0.0,2022-3-4 6:51:58,30.75,0.00,0.00,17.747,1.965,-6.209,11.538,19.712,0.00,0.00,0.00,0.00,0.00,0.00,0.00,0.00,0.00,0.00,0.00,0.00,0.00,0.00,0.00,0.00,0.00
20650,DL:0.1.0:AT.1.0.0,2022-3-4 6:52:4,30.75,0.00,0.00,17.730,1.983,-6.192,11.538,19.713,0.00,0.00,0.00,0.00,0.00,0.00,0.00,0.00,0.00,0.00,0.00,0.00,0.00,0.00,0.00,0.00,0.00
20650,DL:0.1.0:AT.1.0.0,2022-3-4 6:52:9,30.75,0.00,0.00,17.754,1.957,-6.216,11.538,19.712,0.00,0.00,0.00,0.00,0.00,0.00,0.00,0.00,0.00,0.00,0.00,0.00,0.00,0.00,0.00,0.00,0.00
20650,DL:0.1.0:AT.1.0.0,2022-3-4 6:52:15,30.75,0.00,0.00,17.706,2.007,-6.168,11.538,19.713,0.00,0.00,0.00,0.00,0.00,0.00,0.00,0.00,0.00,0.00,0.00,0.00,0.00,0.00,0.00,0.00,0.00
20650,DL:0.1.0:AT.1.0.0,2022-3-4 6:52:22,30.75,0.00,0.00,17.764,1.948,-6.226,11.538,19.712,0.00,0.00,0.00,0.00,0.00,0.00,0.00,0.00,0.00,0.00,0.00,0.00,0.00,0.00,0.00,0.00,0.00
20650,DL:0.1.0:AT.1.0.0,2022-3-4 6:52:27,30.75,0.00,0.00,17.733,1.979,-6.194,11.538,19.712,0.00,0.00,0.00,0.00,0.00,0.00,0.00,0.00,0.00,0.00,0.00,0.00,0.00,0.00,0.00,0.00,0.00
20650,DL:0.1.0:AT.1.0.0,2022-3-4 6:52:32,30.75,0.00,0.00,17.747,1.965,-6.209,11.538,19.712,0.00,0.00,0.00,0.00,0.00,0.00,0.00,0.00,0.00,0.00,0.00,0.00,0.00,0.00,0.00,0.00,0.00
20650,DL:0.1.0:AT.1.0.0,2022-3-4 6:52:40,30.75,0.00,0.00,17.707,2.006,-6.169,11.538,19.713,0.00,0.00,0.00,0.00,0.00,0.00,0.00,0.00,0.00,0.00,0.00,0.00,0.00,0.00,0.00,0.00,0.00
20650,DL:0.1.0:AT.1.0.0,2022-3-4 6:52:45,30.75,0.00,0.00,17.760,1.953,-6.222,11.538,19.713,0.00,0.00,0.00,0.00,0.00,0.00,0.00,0.00,0.00,0.00,0.00,0.00,0.00,0.00,0.00,0.00,0.00
20650,DL:0.1.0:AT.1.0.0,2022-3-4 6:52:55,30.75,0.00,0.00,17.724,1.989,-6.187,11.537,19.713,0.00,0.00,0.00,0.00,0.00,0.00,0.00,0.00,0.00,0.00,0.00,0.00,0.00,0.00,0.00,0.00,0.00
20650,DL:0.1.0:AT.1.0.0,2022-3-4 6:53:0,30.75,0.00,0.00,17.755,1.957,-6.217,11.538,19.713,0.00,0.00,0.00,0.00,0.00,0.00,0.00,0.00,0.00,0.00,0.00,0.00,0.00,0.00,0.00,0.00,0.00
20650,DL:0.1.0:AT.1.0.0,2022-3-4 6:53:6,30.75,0.00,0.00,17.740,1.973,-6.203,11.537,19.713,0.00,0.00,0.00,0.00,0.00,0.00,0.00,0.00,0.00,0.00,0.00,0.00,0.00,0.00,0.00,0.00,0.00
20650,DL:0.1.0:AT.1.0.0,2022-3-4 6:53:13,30.75,0.00,0.00,17.739,1.975,-6.200,11.538,19.714,0.00,0.00,0.00,0.00,0.00,0.00,0.00,0.00,0.00,0.00,0.00,0.00,0.00,0.00,0.00,0.00,0.00
20650,DL:0.1.0:AT.1.0.0,2022-3-4 6:53:20,30.75,0.00,0.00,17.711,2.002,-6.174,11.537,19.713,0.00,0.00,0.00,0.00,0.00,0.00,0.00,0.00,0.00,0.00,0.00,0.00,0.00,0.00,0.00,0.00,0.00
20650,DL:0.1.0:AT.1.0.0,2022-3-4 6:53:26,30.75,0.00,0.00,17.699,2.015,-6.163,11.536,19.714,0.00,0.00,0.00,0.00,0.00,0.00,0.00,0.00,0.00,0.00,0.00,0.00,0.00,0.00,0.00,0.00,0.00
20650,DL:0.1.0:AT.1.0.0,2022-3-4 6:53:31,30.75,0.00,0.00,17.699,2.015,-6.162,11.537,19.714,0.00,0.00,0.00,0.00,0.00,0.00,0.00,0.00,0.00,0.00,0.00,0.00,0.00,0.00,0.00,0.00,0.00
20650,DL:0.1.0:AT.1.0.0,2022-3-4 6:53:37,30.75,0.00,0.00,17.728,1.986,-6.191,11.537,19.714,0.00,0.00,0.00,0.00,0.00,0.00,0.00,0.00,0.00,0.00,0.00,0.00,0.00,0.00,0.00,0.00,0.00
20650,DL:0.1.0:AT.1.0.0,2022-3-4 6:53:44,30.75,0.00,0.00,17.710,2.004,-6.173,11.537,19.714,0.00,0.00,0.00,0.00,0.00,0.00,0.00,0.00,0.00,0.00,0.00,0.00,0.00,0.00,0.00,0.00,0.00
20650,DL:0.1.0:AT.1.0.0,2022-3-4 6:53:50,30.75,0.00,0.00,17.704,2.010,-6.167,11.537,19.714,0.00,0.00,0.00,0.00,0.00,0.00,0.00,0.00,0.00,0.00,0.00,0.00,0.00,0.00,0.00,0.00,0.00
20650,DL:0.1.0:AT.1.0.0,2022-3-4 6:53:56,30.75,0.00,0.00,17.695,2.019,-6.158,11.537,19.714,0.00,0.00,0.00,0.00,0.00,0.00,0.00,0.00,0.00,0.00,0.00,0.00,0.00,0.00,0.00,0.00,0.00
20650,DL:0.1.0:AT.1.0.0,2022-3-4 6:54:1,30.75,0.00,0.00,17.753,1.961,-6.215,11.538,19.714,0.00,0.00,0.00,0.00,0.00,0.00,0.00,0.00,0.00,0.00,0.00,0.00,0.00,0.00,0.00,0.00,0.00
20650,DL:0.1.0:AT.1.0.0,2022-3-4 6:54:6,30.75,0.00,0.00,17.729,1.985,-6.191,11.538,19.714,0.00,0.00,0.00,0.00,0.00,0.00,0.00,0.00,0.00,0.00,0.00,0.00,0.00,0.00,0.00,0.00,0.00
20650,DL:0.1.0:AT.1.0.0,2022-3-4 6:54:12,30.75,0.00,0.00,17.735,1.978,-6.197,11.538,19.713,0.00,0.00,0.00,0.00,0.00,0.00,0.00,0.00,0.00,0.00,0.00,0.00,0.00,0.00,0.00,0.00,0.00
20650,DL:0.1.0:AT.1.0.0,2022-3-4 6:54:18,30.75,0.00,0.00,17.705,2.009,-6.166,11.539,19.714,0.00,0.00,0.00,0.00,0.00,0.00,0.00,0.00,0.00,0.00,0.00,0.00,0.00,0.00,0.00,0.00,0.00
20650,DL:0.1.0:AT.1.0.0,2022-3-4 6:54:23,30.75,0.00,0.00,17.695,2.019,-6.157,11.538,19.714,0.00,0.00,0.00,0.00,0.00,0.00,0.00,0.00,0.00,0.00,0.00,0.00,0.00,0.00,0.00,0.00,0.00
20650,DL:0.1.0:AT.1.0.0,2022-3-4 6:54:28,30.75,0.00,0.00,17.716,1.997,-6.178,11.538,19.713,0.00,0.00,0.00,0.00,0.00,0.00,0.00,0.00,0.00,0.00,0.00,0.00,0.00,0.00,0.00,0.00,0.00
20650,DL:0.1.0:AT.1.0.0,2022-3-4 6:54:33,30.75,0.00,0.00,17.717,1.996,-6.179,11.538,19.713,0.00,0.00,0.00,0.00,0.00,0.00,0.00,0.00,0.00,0.00,0.00,0.00,0.00,0.00,0.00,0.00,0.00
20650,DL:0.1.0:AT.1.0.0,2022-3-4 6:54:38,30.75,0.00,0.00,17.720,1.992,-6.181,11.539,19.713,0.00,0.00,0.00,0.00,0.00,0.00,0.00,0.00,0.00,0.00,0.00,0.00,0.00,0.00,0.00,0.00,0.00
20650,DL:0.1.0:AT.1.0.0,2022-3-4 6:54:43,30.75,0.00,0.00,17.707,2.006,-6.169,11.538,19.713,0.00,0.00,0.00,0.00,0.00,0.00,0.00,0.00,0.00,0.00,0.00,0.00,0.00,0.00,0.00,0.00,0.00
20650,DL:0.1.0:AT.1.0.0,2022-3-4 6:54:48,30.75,0.00,0.00,17.716,1.996,-6.178,11.538,19.712,0.00,0.00,0.00,0.00,0.00,0.00,0.00,0.00,0.00,0.00,0.00,0.00,0.00,0.00,0.00,0.00,0.00
20650,DL:0.1.0:AT.1.0.0,2022-3-4 6:54:53,30.75,0.00,0.00,17.698,2.015,-6.160,11.538,19.713,0.00,0.00,0.00,0.00,0.00,0.00,0.00,0.00,0.00,0.00,0.00,0.00,0.00,0.00,0.00,0.00,0.00
20650,DL:0.1.0:AT.1.0.0,2022-3-4 6:54:59,30.75,0.00,0.00,17.702,2.010,-6.163,11.539,19.713,0.00,0.00,0.00,0.00,0.00,0.00,0.00,0.00,0.00,0.00,0.00,0.00,0.00,0.00,0.00,0.00,0.00
20650,DL:0.1.0:AT.1.0.0,2022-3-4 6:55:6,30.75,0.00,0.00,17.696,2.015,-6.157,11.539,19.712,0.00,0.00,0.00,0.00,0.00,0.00,0.00,0.00,0.00,0.00,0.00,0.00,0.00,0.00,0.00,0.00,0.00
20650,DL:0.1.0:AT.1.0.0,2022-3-4 6:55:12,30.75,0.00,0.00,17.695,2.016,-6.156,11.539,19.712,0.00,0.00,0.00,0.00,0.00,0.00,0.00,0.00,0.00,0.00,0.00,0.00,0.00,0.00,0.00,0.00,0.00
20650,DL:0.1.0:AT.1.0.0,2022-3-4 6:55:17,30.75,0.00,0.00,17.687,2.025,-6.146,11.540,19.712,0.00,0.00,0.00,0.00,0.00,0.00,0.00,0.00,0.00,0.00,0.00,0.00,0.00,0.00,0.00,0.00,0.00
20650,DL:0.1.0:AT.1.0.0,2022-3-4 6:55:23,30.75,0.00,0.00,17.696,2.014,-6.157,11.539,19.710,0.00,0.00,0.00,0.00,0.00,0.00,0.00,0.00,0.00,0.00,0.00,0.00,0.00,0.00,0.00,0.00,0.00
20650,DL:0.1.0:AT.1.0.0,2022-3-4 6:55:30,30.75,0.00,0.00,17.723,1.988,-6.182,11.540,19.710,0.00,0.00,0.00,0.00,0.00,0.00,0.00,0.00,0.00,0.00,0.00,0.00,0.00,0.00,0.00,0.00,0.00
20650,DL:0.1.0:AT.1.0.0,2022-3-4 6:55:35,30.75,0.00,0.00,17.699,2.012,-6.158,11.540,19.710,0.00,0.00,0.00,0.00,0.00,0.00,0.00,0.00,0.00,0.00,0.00,0.00,0.00,0.00,0.00,0.00,0.00
20650,DL:0.1.0:AT.1.0.0,2022-3-4 6:55:40,30.75,0.00,0.00,17.695,2.015,-6.155,11.540,19.710,0.00,0.00,0.00,0.00,0.00,0.00,0.00,0.00,0.00,0.00,0.00,0.00,0.00,0.00,0.00,0.00,0.00
20650,DL:0.1.0:AT.1.0.0,2022-3-4 6:55:45,30.75,0.00,0.00,17.689,2.021,-6.149,11.540,19.710,0.00,0.00,0.00,0.00,0.00,0.00,0.00,0.00,0.00,0.00,0.00,0.00,0.00,0.00,0.00,0.00,0.00
20650,DL:0.1.0:AT.1.0.0,2022-3-4 6:55:50,30.75,0.00,0.00,17.719,1.990,-6.179,11.540,19.709,0.00,0.00,0.00,0.00,0.00,0.00,0.00,0.00,0.00,0.00,0.00,0.00,0.00,0.00,0.00,0.00,0.00
20650,DL:0.1.0:AT.1.0.0,2022-3-4 6:55:55,30.75,0.00,0.00,17.716,1.994,-6.176,11.539,19.709,0.00,0.00,0.00,0.00,0.00,0.00,0.00,0.00,0.00,0.00,0.00,0.00,0.00,0.00,0.00,0.00,0.00
20650,DL:0.1.0:AT.1.0.0,2022-3-4 6:56:0,30.75,0.00,0.00,17.718,1.990,-6.178,11.540,19.708,0.00,0.00,0.00,0.00,0.00,0.00,0.00,0.00,0.00,0.00,0.00,0.00,0.00,0.00,0.00,0.00,0.00
20650,DL:0.1.0:AT.1.0.0,2022-3-4 6:56:7,30.75,0.00,0.00,17.712,1.996,-6.172,11.540,19.708,0.00,0.00,0.00,0.00,0.00,0.00,0.00,0.00,0.00,0.00,0.00,0.00,0.00,0.00,0.00,0.00,0.00
20650,DL:0.1.0:AT.1.0.0,2022-3-4 6:56:12,30.75,0.00,0.00,17.714,1.994,-6.175,11.539,19.708,0.00,0.00,0.00,0.00,0.00,0.00,0.00,0.00,0.00,0.00,0.00,0.00,0.00,0.00,0.00,0.00,0.00
20650,DL:0.1.0:AT.1.0.0,2022-3-4 6:56:18,30.75,0.00,0.00,17.714,1.994,-6.174,11.540,19.708,0.00,0.00,0.00,0.00,0.00,0.00,0.00,0.00,0.00,0.00,0.00,0.00,0.00,0.00,0.00,0.00,0.00
20650,DL:0.1.0:AT.1.0.0,2022-3-4 6:56:25,30.75,0.00,0.00,17.700,2.008,-6.161,11.539,19.708,0.00,0.00,0.00,0.00,0.00,0.00,0.00,0.00,0.00,0.00,0.00,0.00,0.00,0.00,0.00,0.00,0.00
20650,DL:0.1.0:AT.1.0.0,2022-3-4 6:56:30,30.75,0.00,0.00,17.693,2.015,-6.152,11.540,19.708,0.00,0.00,0.00,0.00,0.00,0.00,0.00,0.00,0.00,0.00,0.00,0.00,0.00,0.00,0.00,0.00,0.00
20650,DL:0.1.0:AT.1.0.0,2022-3-4 6:56:35,30.75,0.00,0.00,17.705,2.003,-6.164,11.540,19.708,0.00,0.00,0.00,0.00,0.00,0.00,0.00,0.00,0.00,0.00,0.00,0.00,0.00,0.00,0.00,0.00,0.00
20650,DL:0.1.0:AT.1.0.0,2022-3-4 6:56:40,30.75,0.00,0.00,17.717,1.991,-6.176,11.540,19.708,0.00,0.00,0.00,0.00,0.00,0.00,0.00,0.00,0.00,0.00,0.00,0.00,0.00,0.00,0.00,0.00,0.00
20650,DL:0.1.0:AT.1.0.0,2022-3-4 6:56:46,30.75,0.00,0.00,17.725,1.981,-6.185,11.540,19.707,0.00,0.00,0.00,0.00,0.00,0.00,0.00,0.00,0.00,0.00,0.00,0.00,0.00,0.00,0.00,0.00,0.00
20650,DL:0.1.0:AT.1.0.0,2022-3-4 6:56:52,30.75,0.00,0.00,17.717,1.990,-6.176,11.540,19.707,0.00,0.00,0.00,0.00,0.00,0.00,0.00,0.00,0.00,0.00,0.00,0.00,0.00,0.00,0.00,0.00,0.00
20650,DL:0.1.0:AT.1.0.0,2022-3-4 6:56:57,30.75,0.00,0.00,17.718,1.989,-6.179,11.539,19.707,0.00,0.00,0.00,0.00,0.00,0.00,0.00,0.00,0.00,0.00,0.00,0.00,0.00,0.00,0.00,0.00,0.00
20650,DL:0.1.0:AT.1.0.0,2022-3-4 6:57:2,30.75,0.00,0.00,17.718,1.989,-6.178,11.540,19.707,0.00,0.00,0.00,0.00,0.00,0.00,0.00,0.00,0.00,0.00,0.00,0.00,0.00,0.00,0.00,0.00,0.00
20650,DL:0.1.0:AT.1.0.0,2022-3-4 6:57:7,30.50,0.00,0.00,17.711,1.996,-6.170,11.540,19.707,0.00,0.00,0.00,0.00,0.00,0.00,0.00,0.00,0.00,0.00,0.00,0.00,0.00,0.00,0.00,0.00,0.00
20650,DL:0.1.0:AT.1.0.0,2022-3-4 6:57:12,30.50,0.00,0.00,17.694,2.012,-6.154,11.540,19.706,0.00,0.00,0.00,0.00,0.00,0.00,0.00,0.00,0.00,0.00,0.00,0.00,0.00,0.00,0.00,0.00,0.00
20650,DL:0.1.0:AT.1.0.0,2022-3-4 6:57:17,30.50,0.00,0.00,17.731,1.974,-6.192,11.539,19.706,0.00,0.00,0.00,0.00,0.00,0.00,0.00,0.00,0.00,0.00,0.00,0.00,0.00,0.00,0.00,0.00,0.00
20650,DL:0.1.0:AT.1.0.0,2022-3-4 6:57:23,30.50,0.00,0.00,17.720,1.985,-6.181,11.539,19.706,0.00,0.00,0.00,0.00,0.00,0.00,0.00,0.00,0.00,0.00,0.00,0.00,0.00,0.00,0.00,0.00,0.00
20650,DL:0.1.0:AT.1.0.0,2022-3-4 6:57:30,30.50,0.00,0.00,17.711,1.994,-6.172,11.539,19.704,0.00,0.00,0.00,0.00,0.00,0.00,0.00,0.00,0.00,0.00,0.00,0.00,0.00,0.00,0.00,0.00,0.00
20650,DL:0.1.0:AT.1.0.0,2022-3-4 6:57:36,30.50,0.00,0.00,17.695,2.009,-6.155,11.540,19.704,0.00,0.00,0.00,0.00,0.00,0.00,0.00,0.00,0.00,0.00,0.00,0.00,0.00,0.00,0.00,0.00,0.00
20650,DL:0.1.0:AT.1.0.0,2022-3-4 6:57:43,30.50,0.00,0.00,17.698,2.007,-6.158,11.539,19.704,0.00,0.00,0.00,0.00,0.00,0.00,0.00,0.00,0.00,0.00,0.00,0.00,0.00,0.00,0.00,0.00,0.00
20650,DL:0.1.0:AT.1.0.0,2022-3-4 6:57:50,30.50,0.00,0.00,17.692,2.013,-6.151,11.540,19.704,0.00,0.00,0.00,0.00,0.00,0.00,0.00,0.00,0.00,0.00,0.00,0.00,0.00,0.00,0.00,0.00,0.00
20650,DL:0.1.0:AT.1.0.0,2022-3-4 6:57:55,30.50,0.00,0.00,17.701,2.003,-6.162,11.539,19.704,0.00,0.00,0.00,0.00,0.00,0.00,0.00,0.00,0.00,0.00,0.00,0.00,0.00,0.00,0.00,0.00,0.00
20650,DL:0.1.0:AT.1.0.0,2022-3-4 6:58:0,30.50,0.00,0.00,17.713,1.991,-6.173,11.540,19.704,0.00,0.00,0.00,0.00,0.00,0.00,0.00,0.00,0.00,0.00,0.00,0.00,0.00,0.00,0.00,0.00,0.00
20650,DL:0.1.0:AT.1.0.0,2022-3-4 6:58:7,30.50,0.00,0.00,17.701,2.002,-6.161,11.540,19.703,0.00,0.00,0.00,0.00,0.00,0.00,0.00,0.00,0.00,0.00,0.00,0.00,0.00,0.00,0.00,0.00,0.00
20650,DL:0.1.0:AT.1.0.0,2022-3-4 6:58:14,30.50,0.00,0.00,17.706,1.996,-6.164,11.542,19.702,0.00,0.00,0.00,0.00,0.00,0.00,0.00,0.00,0.00,0.00,0.00,0.00,0.00,0.00,0.00,0.00,0.00
20650,DL:0.1.0:AT.1.0.0,2022-3-4 6:58:19,30.50,0.00,0.00,17.716,1.986,-6.175,11.540,19.702,0.00,0.00,0.00,0.00,0.00,0.00,0.00,0.00,0.00,0.00,0.00,0.00,0.00,0.00,0.00,0.00,0.00
20650,DL:0.1.0:AT.1.0.0,2022-3-4 6:58:27,30.50,0.00,0.00,17.725,1.977,-6.185,11.540,19.702,0.00,0.00,0.00,0.00,0.00,0.00,0.00,0.00,0.00,0.00,0.00,0.00,0.00,0.00,0.00,0.00,0.00
20650,DL:0.1.0:AT.1.0.0,2022-3-4 6:58:32,30.50,0.00,0.00,17.718,1.984,-6.176,11.542,19.702,0.00,0.00,0.00,0.00,0.00,0.00,0.00,0.00,0.00,0.00,0.00,0.00,0.00,0.00,0.00,0.00,0.00
20650,DL:0.1.0:AT.1.0.0,2022-3-4 6:58:38,30.50,0.00,0.00,17.717,1.985,-6.176,11.540,19.702,0.00,0.00,0.00,0.00,0.00,0.00,0.00,0.00,0.00,0.00,0.00,0.00,0.00,0.00,0.00,0.00,0.00
20650,DL:0.1.0:AT.1.0.0,2022-3-4 6:58:45,30.50,0.00,0.00,17.713,1.988,-6.172,11.542,19.701,0.00,0.00,0.00,0.00,0.00,0.00,0.00,0.00,0.00,0.00,0.00,0.00,0.00,0.00,0.00,0.00,0.00
20650,DL:0.1.0:AT.1.0.0,2022-3-4 6:58:51,30.50,0.00,0.00,17.734,1.968,-6.192,11.542,19.702,0.00,0.00,0.00,0.00,0.00,0.00,0.00,0.00,0.00,0.00,0.00,0.00,0.00,0.00,0.00,0.00,0.00
20650,DL:0.1.0:AT.1.0.0,2022-3-4 6:58:56,30.50,0.00,0.00,17.718,1.983,-6.176,11.542,19.701,0.00,0.00,0.00,0.00,0.00,0.00,0.00,0.00,0.00,0.00,0.00,0.00,0.00,0.00,0.00,0.00,0.00
20650,DL:0.1.0:AT.1.0.0,2022-3-4 6:59:2,30.50,0.00,0.00,17.722,1.979,-6.181,11.540,19.701,0.00,0.00,0.00,0.00,0.00,0.00,0.00,0.00,0.00,0.00,0.00,0.00,0.00,0.00,0.00,0.00,0.00
20650,DL:0.1.0:AT.1.0.0,2022-3-4 6:59:7,30.50,0.00,0.00,17.706,1.996,-6.164,11.542,19.702,0.00,0.00,0.00,0.00,0.00,0.00,0.00,0.00,0.00,0.00,0.00,0.00,0.00,0.00,0.00,0.00,0.00
20650,DL:0.1.0:AT.1.0.0,2022-3-4 6:59:12,30.50,0.00,0.00,17.727,1.974,-6.185,11.542,19.701,0.00,0.00,0.00,0.00,0.00,0.00,0.00,0.00,0.00,0.00,0.00,0.00,0.00,0.00,0.00,0.00,0.00
20650,DL:0.1.0:AT.1.0.0,2022-3-4 6:59:17,30.50,0.00,0.00,17.708,1.992,-6.167,11.542,19.701,0.00,0.00,0.00,0.00,0.00,0.00,0.00,0.00,0.00,0.00,0.00,0.00,0.00,0.00,0.00,0.00,0.00
20650,DL:0.1.0:AT.1.0.0,2022-3-4 6:59:22,30.50,0.00,0.00,17.698,2.003,-6.156,11.542,19.701,0.00,0.00,0.00,0.00,0.00,0.00,0.00,0.00,0.00,0.00,0.00,0.00,0.00,0.00,0.00,0.00,0.00
20650,DL:0.1.0:AT.1.0.0,2022-3-4 6:59:27,30.50,0.00,0.00,17.702,1.997,-6.161,11.542,19.700,0.00,0.00,0.00,0.00,0.00,0.00,0.00,0.00,0.00,0.00,0.00,0.00,0.00,0.00,0.00,0.00,0.00
20650,DL:0.1.0:AT.1.0.0,2022-3-4 6:59:32,30.50,0.00,0.00,17.678,2.021,-6.138,11.540,19.700,0.00,0.00,0.00,0.00,0.00,0.00,0.00,0.00,0.00,0.00,0.00,0.00,0.00,0.00,0.00,0.00,0.00
20650,DL:0.1.0:AT.1.0.0,2022-3-4 6:59:39,30.50,0.00,0.00,17.686,2.015,-6.145,11.540,19.701,0.00,0.00,0.00,0.00,0.00,0.00,0.00,0.00,0.00,0.00,0.00,0.00,0.00,0.00,0.00,0.00,0.00
20650,DL:0.1.0:AT.1.0.0,2022-3-4 6:59:44,30.50,0.00,0.00,17.692,2.008,-6.150,11.542,19.700,0.00,0.00,0.00,0.00,0.00,0.00,0.00,0.00,0.00,0.00,0.00,0.00,0.00,0.00,0.00,0.00,0.00
20650,DL:0.1.0:AT.1.0.0,2022-3-4 6:59:53,30.50,0.00,0.00,17.688,2.013,-6.148,11.540,19.701,0.00,0.00,0.00,0.00,0.00,0.00,0.00,0.00,0.00,0.00,0.00,0.00,0.00,0.00,0.00,0.00,0.00
20650,DL:0.1.0:AT.1.0.0,2022-3-4 7:0:0,30.50,0.00,0.00,17.714,1.986,-6.174,11.540,19.701,0.00,0.00,0.00,0.00,0.00,0.00,0.00,0.00,0.00,0.00,0.00,0.00,0.00,0.00,0.00,0.00,0.00
20650,DL:0.1.0:AT.1.0.0,2022-3-4 7:0:5,30.50,0.00,0.00,17.720,1.980,-6.180,11.540,19.701,0.00,0.00,0.00,0.00,0.00,0.00,0.00,0.00,0.00,0.00,0.00,0.00,0.00,0.00,0.00,0.00,0.00
20650,DL:0.1.0:AT.1.0.0,2022-3-4 7:0:10,30.50,0.00,0.00,17.680,2.021,-6.138,11.542,19.701,0.00,0.00,0.00,0.00,0.00,0.00,0.00,0.00,0.00,0.00,0.00,0.00,0.00,0.00,0.00,0.00,0.00
20650,DL:0.1.0:AT.1.0.0,2022-3-4 7:0:15,30.50,0.00,0.00,17.701,2.000,-6.160,11.542,19.701,0.00,0.00,0.00,0.00,0.00,0.00,0.00,0.00,0.00,0.00,0.00,0.00,0.00,0.00,0.00,0.00,0.00
20650,DL:0.1.0:AT.1.0.0,2022-3-4 7:0:22,30.50,0.00,0.00,17.689,2.012,-6.148,11.542,19.701,0.00,0.00,0.00,0.00,0.00,0.00,0.00,0.00,0.00,0.00,0.00,0.00,0.00,0.00,0.00,0.00,0.00
20650,DL:0.1.0:AT.1.0.0,2022-3-4 7:0:27,30.50,0.00,0.00,17.670,2.031,-6.127,11.543,19.701,0.00,0.00,0.00,0.00,0.00,0.00,0.00,0.00,0.00,0.00,0.00,0.00,0.00,0.00,0.00,0.00,0.00
20650,DL:0.1.0:AT.1.0.0,2022-3-4 7:0:33,30.50,0.00,0.00,17.706,1.995,-6.163,11.543,19.701,0.00,0.00,0.00,0.00,0.00,0.00,0.00,0.00,0.00,0.00,0.00,0.00,0.00,0.00,0.00,0.00,0.00
20650,DL:0.1.0:AT.1.0.0,2022-3-4 7:0:38,30.50,0.00,0.00,17.682,2.019,-6.140,11.542,19.701,0.00,0.00,0.00,0.00,0.00,0.00,0.00,0.00,0.00,0.00,0.00,0.00,0.00,0.00,0.00,0.00,0.00
20650,DL:0.1.0:AT.1.0.0,2022-3-4 7:0:44,30.50,0.00,0.00,17.699,2.001,-6.157,11.542,19.700,0.00,0.00,0.00,0.00,0.00,0.00,0.00,0.00,0.00,0.00,0.00,0.00,0.00,0.00,0.00,0.00,0.00
20650,DL:0.1.0:AT.1.0.0,2022-3-4 7:0:49,30.50,0.00,0.00,17.700,2.000,-6.158,11.542,19.700,0.00,0.00,0.00,0.00,0.00,0.00,0.00,0.00,0.00,0.00,0.00,0.00,0.00,0.00,0.00,0.00,0.00
20650,DL:0.1.0:AT.1.0.0,2022-3-4 7:0:55,30.50,0.00,0.00,17.707,1.992,-6.166,11.542,19.700,0.00,0.00,0.00,0.00,0.00,0.00,0.00,0.00,0.00,0.00,0.00,0.00,0.00,0.00,0.00,0.00,0.00
20650,DL:0.1.0:AT.1.0.0,2022-3-4 7:1:1,30.50,0.00,0.00,17.719,1.980,-6.178,11.542,19.700,0.00,0.00,0.00,0.00,0.00,0.00,0.00,0.00,0.00,0.00,0.00,0.00,0.00,0.00,0.00,0.00,0.00
20650,DL:0.1.0:AT.1.0.0,2022-3-4 7:1:8,30.50,0.00,0.00,17.736,1.962,-6.194,11.542,19.698,0.00,0.00,0.00,0.00,0.00,0.00,0.00,0.00,0.00,0.00,0.00,0.00,0.00,0.00,0.00,0.00,0.00
20650,DL:0.1.0:AT.1.0.0,2022-3-4 7:1:13,30.50,0.00,0.00,17.707,1.992,-6.166,11.542,19.700,0.00,0.00,0.00,0.00,0.00,0.00,0.00,0.00,0.00,0.00,0.00,0.00,0.00,0.00,0.00,0.00,0.00
20650,DL:0.1.0:AT.1.0.0,2022-3-4 7:1:18,30.50,0.00,0.00,17.717,1.981,-6.174,11.543,19.698,0.00,0.00,0.00,0.00,0.00,0.00,0.00,0.00,0.00,0.00,0.00,0.00,0.00,0.00,0.00,0.00,0.00
20650,DL:0.1.0:AT.1.0.0,2022-3-4 7:1:23,30.50,0.00,0.00,17.699,2.000,-6.156,11.543,19.698,0.00,0.00,0.00,0.00,0.00,0.00,0.00,0.00,0.00,0.00,0.00,0.00,0.00,0.00,0.00,0.00,0.00
20650,DL:0.1.0:AT.1.0.0,2022-3-4 7:1:28,30.50,0.00,0.00,17.701,1.997,-6.158,11.543,19.698,0.00,0.00,0.00,0.00,0.00,0.00,0.00,0.00,0.00,0.00,0.00,0.00,0.00,0.00,0.00,0.00,0.00
20650,DL:0.1.0:AT.1.0.0,2022-3-4 7:1:33,30.50,0.00,0.00,17.725,1.973,-6.184,11.542,19.698,0.00,0.00,0.00,0.00,0.00,0.00,0.00,0.00,0.00,0.00,0.00,0.00,0.00,0.00,0.00,0.00,0.00
20650,DL:0.1.0:AT.1.0.0,2022-3-4 7:1:39,30.50,0.00,0.00,17.694,2.004,-6.151,11.543,19.698,0.00,0.00,0.00,0.00,0.00,0.00,0.00,0.00,0.00,0.00,0.00,0.00,0.00,0.00,0.00,0.00,0.00
20650,DL:0.1.0:AT.1.0.0,2022-3-4 7:1:44,30.50,0.00,0.00,17.675,2.024,-6.132,11.543,19.698,0.00,0.00,0.00,0.00,0.00,0.00,0.00,0.00,0.00,0.00,0.00,0.00,0.00,0.00,0.00,0.00,0.00
20650,DL:0.1.0:AT.1.0.0,2022-3-4 7:1:49,30.50,0.00,0.00,17.695,2.003,-6.152,11.543,19.698,0.00,0.00,0.00,0.00,0.00,0.00,0.00,0.00,0.00,0.00,0.00,0.00,0.00,0.00,0.00,0.00,0.00
20650,DL:0.1.0:AT.1.0.0,2022-3-4 7:1:57,30.50,0.00,0.00,17.707,1.991,-6.164,11.543,19.698,0.00,0.00,0.00,0.00,0.00,0.00,0.00,0.00,0.00,0.00,0.00,0.00,0.00,0.00,0.00,0.00,0.00
20650,DL:0.1.0:AT.1.0.0,2022-3-4 7:2:3,30.50,0.00,0.00,17.688,2.010,-6.146,11.542,19.698,0.00,0.00,0.00,0.00,0.00,0.00,0.00,0.00,0.00,0.00,0.00,0.00,0.00,0.00,0.00,0.00,0.00
20650,DL:0.1.0:AT.1.0.0,2022-3-4 7:2:8,30.50,0.00,0.00,17.689,2.009,-6.148,11.542,19.698,0.00,0.00,0.00,0.00,0.00,0.00,0.00,0.00,0.00,0.00,0.00,0.00,0.00,0.00,0.00,0.00,0.00
20650,DL:0.1.0:AT.1.0.0,2022-3-4 7:2:13,30.50,0.00,0.00,17.714,1.984,-6.172,11.543,19.698,0.00,0.00,0.00,0.00,0.00,0.00,0.00,0.00,0.00,0.00,0.00,0.00,0.00,0.00,0.00,0.00,0.00
20650,DL:0.1.0:AT.1.0.0,2022-3-4 7:2:20,30.50,0.00,0.00,17.728,1.969,-6.185,11.543,19.697,0.00,0.00,0.00,0.00,0.00,0.00,0.00,0.00,0.00,0.00,0.00,0.00,0.00,0.00,0.00,0.00,0.00
20650,DL:0.1.0:AT.1.0.0,2022-3-4 7:2:26,30.50,0.00,0.00,17.719,1.979,-6.176,11.543,19.698,0.00,0.00,0.00,0.00,0.00,0.00,0.00,0.00,0.00,0.00,0.00,0.00,0.00,0.00,0.00,0.00,0.00
20650,DL:0.1.0:AT.1.0.0,2022-3-4 7:2:33,30.50,0.00,0.00,17.695,2.002,-6.152,11.543,19.697,0.00,0.00,0.00,0.00,0.00,0.00,0.00,0.00,0.00,0.00,0.00,0.00,0.00,0.00,0.00,0.00,0.00
20650,DL:0.1.0:AT.1.0.0,2022-3-4 7:2:40,30.50,0.00,0.00,17.710,1.988,-6.168,11.542,19.697,0.00,0.00,0.00,0.00,0.00,0.00,0.00,0.00,0.00,0.00,0.00,0.00,0.00,0.00,0.00,0.00,0.00
20650,DL:0.1.0:AT.1.0.0,2022-3-4 7:2:45,30.50,0.00,0.00,17.705,1.991,-6.162,11.543,19.696,0.00,0.00,0.00,0.00,0.00,0.00,0.00,0.00,0.00,0.00,0.00,0.00,0.00,0.00,0.00,0.00,0.00
20650,DL:0.1.0:AT.1.0.0,2022-3-4 7:2:50,30.50,0.00,0.00,17.680,2.016,-6.138,11.542,19.696,0.00,0.00,0.00,0.00,0.00,0.00,0.00,0.00,0.00,0.00,0.00,0.00,0.00,0.00,0.00,0.00,0.00
20650,DL:0.1.0:AT.1.0.0,2022-3-4 7:2:55,30.50,0.00,0.00,17.693,2.003,-6.150,11.543,19.696,0.00,0.00,0.00,0.00,0.00,0.00,0.00,0.00,0.00,0.00,0.00,0.00,0.00,0.00,0.00,0.00,0.00
20650,DL:0.1.0:AT.1.0.0,2022-3-4 7:3:1,30.50,0.00,0.00,17.694,2.002,-6.151,11.543,19.696,0.00,0.00,0.00,0.00,0.00,0.00,0.00,0.00,0.00,0.00,0.00,0.00,0.00,0.00,0.00,0.00,0.00
20650,DL:0.1.0:AT.1.0.0,2022-3-4 7:3:6,30.50,0.00,0.00,17.694,2.002,-6.151,11.543,19.696,0.00,0.00,0.00,0.00,0.00,0.00,0.00,0.00,0.00,0.00,0.00,0.00,0.00,0.00,0.00,0.00,0.00
20650,DL:0.1.0:AT.1.0.0,2022-3-4 7:3:11,30.50,0.00,0.00,17.683,2.013,-6.142,11.542,19.696,0.00,0.00,0.00,0.00,0.00,0.00,0.00,0.00,0.00,0.00,0.00,0.00,0.00,0.00,0.00,0.00,0.00
20650,DL:0.1.0:AT.1.0.0,2022-3-4 7:3:16,30.50,0.00,0.00,17.665,2.031,-6.124,11.542,19.696,0.00,0.00,0.00,0.00,0.00,0.00,0.00,0.00,0.00,0.00,0.00,0.00,0.00,0.00,0.00,0.00,0.00
20650,DL:0.1.0:AT.1.0.0,2022-3-4 7:3:22,30.50,0.00,0.00,17.693,2.003,-6.151,11.542,19.696,0.00,0.00,0.00,0.00,0.00,0.00,0.00,0.00,0.00,0.00,0.00,0.00,0.00,0.00,0.00,0.00,0.00
20650,DL:0.1.0:AT.1.0.0,2022-3-4 7:3:27,30.50,0.00,0.00,17.687,2.010,-6.145,11.542,19.697,0.00,0.00,0.00,0.00,0.00,0.00,0.00,0.00,0.00,0.00,0.00,0.00,0.00,0.00,0.00,0.00,0.00
20650,DL:0.1.0:AT.1.0.0,2022-3-4 7:3:32,30.50,0.00,0.00,17.698,2.000,-6.156,11.542,19.697,0.00,0.00,0.00,0.00,0.00,0.00,0.00,0.00,0.00,0.00,0.00,0.00,0.00,0.00,0.00,0.00,0.00
20650,DL:0.1.0:AT.1.0.0,2022-3-4 7:3:39,30.50,0.00,0.00,17.683,2.015,-6.143,11.540,19.698,0.00,0.00,0.00,0.00,0.00,0.00,0.00,0.00,0.00,0.00,0.00,0.00,0.00,0.00,0.00,0.00,0.00
20650,DL:0.1.0:AT.1.0.0,2022-3-4 7:3:45,30.50,0.00,0.00,17.672,2.026,-6.132,11.540,19.698,0.00,0.00,0.00,0.00,0.00,0.00,0.00,0.00,0.00,0.00,0.00,0.00,0.00,0.00,0.00,0.00,0.00
20650,DL:0.1.0:AT.1.0.0,2022-3-4 7:3:52,30.50,0.00,0.00,17.675,2.022,-6.133,11.542,19.697,0.00,0.00,0.00,0.00,0.00,0.00,0.00,0.00,0.00,0.00,0.00,0.00,0.00,0.00,0.00,0.00,0.00
20650,DL:0.1.0:AT.1.0.0,2022-3-4 7:3:57,30.50,0.00,0.00,17.706,1.992,-6.166,11.540,19.698,0.00,0.00,0.00,0.00,0.00,0.00,0.00,0.00,0.00,0.00,0.00,0.00,0.00,0.00,0.00,0.00,0.00
20650,DL:0.1.0:AT.1.0.0,2022-3-4 7:4:3,30.50,0.00,0.00,17.674,2.024,-6.134,11.539,19.697,0.00,0.00,0.00,0.00,0.00,0.00,0.00,0.00,0.00,0.00,0.00,0.00,0.00,0.00,0.00,0.00,0.00
20650,DL:0.1.0:AT.1.0.0,2022-3-4 7:4:8,30.50,0.00,0.00,17.680,2.018,-6.139,11.540,19.697,0.00,0.00,0.00,0.00,0.00,0.00,0.00,0.00,0.00,0.00,0.00,0.00,0.00,0.00,0.00,0.00,0.00
20650,DL:0.1.0:AT.1.0.0,2022-3-4 7:4:13,30.50,0.00,0.00,17.682,2.016,-6.143,11.539,19.698,0.00,0.00,0.00,0.00,0.00,0.00,0.00,0.00,0.00,0.00,0.00,0.00,0.00,0.00,0.00,0.00,0.00
20650,DL:0.1.0:AT.1.0.0,2022-3-4 7:4:20,30.50,0.00,0.00,17.705,1.994,-6.164,11.540,19.698,0.00,0.00,0.00,0.00,0.00,0.00,0.00,0.00,0.00,0.00,0.00,0.00,0.00,0.00,0.00,0.00,0.00
20650,DL:0.1.0:AT.1.0.0,2022-3-4 7:4:25,30.50,0.00,0.00,17.690,2.008,-6.151,11.539,19.698,0.00,0.00,0.00,0.00,0.00,0.00,0.00,0.00,0.00,0.00,0.00,0.00,0.00,0.00,0.00,0.00,0.00
20650,DL:0.1.0:AT.1.0.0,2022-3-4 7:4:30,30.50,0.00,0.00,17.701,1.997,-6.162,11.539,19.698,0.00,0.00,0.00,0.00,0.00,0.00,0.00,0.00,0.00,0.00,0.00,0.00,0.00,0.00,0.00,0.00,0.00
20650,DL:0.1.0:AT.1.0.0,2022-3-4 7:4:35,30.50,0.00,0.00,17.694,2.003,-6.155,11.539,19.697,0.00,0.00,0.00,0.00,0.00,0.00,0.00,0.00,0.00,0.00,0.00,0.00,0.00,0.00,0.00,0.00,0.00
20650,DL:0.1.0:AT.1.0.0,2022-3-4 7:4:40,30.50,0.00,0.00,17.676,2.021,-6.137,11.539,19.697,0.00,0.00,0.00,0.00,0.00,0.00,0.00,0.00,0.00,0.00,0.00,0.00,0.00,0.00,0.00,0.00,0.00
20650,DL:0.1.0:AT.1.0.0,2022-3-4 7:4:47,30.50,0.00,0.00,17.689,2.009,-6.151,11.538,19.698,0.00,0.00,0.00,0.00,0.00,0.00,0.00,0.00,0.00,0.00,0.00,0.00,0.00,0.00,0.00,0.00,0.00
20650,DL:0.1.0:AT.1.0.0,2022-3-4 7:4:52,30.50,0.00,0.00,17.698,2.001,-6.160,11.538,19.698,0.00,0.00,0.00,0.00,0.00,0.00,0.00,0.00,0.00,0.00,0.00,0.00,0.00,0.00,0.00,0.00,0.00
20650,DL:0.1.0:AT.1.0.0,2022-3-4 7:4:57,30.50,0.00,0.00,17.678,2.020,-6.140,11.538,19.698,0.00,0.00,0.00,0.00,0.00,0.00,0.00,0.00,0.00,0.00,0.00,0.00,0.00,0.00,0.00,0.00,0.00
20650,DL:0.1.0:AT.1.0.0,2022-3-4 7:5:4,30.50,0.00,0.00,17.671,2.027,-6.133,11.538,19.698,0.00,0.00,0.00,0.00,0.00,0.00,0.00,0.00,0.00,0.00,0.00,0.00,0.00,0.00,0.00,0.00,0.00
20650,DL:0.1.0:AT.1.0.0,2022-3-4 7:5:9,30.50,0.00,0.00,17.660,2.038,-6.122,11.538,19.698,0.00,0.00,0.00,0.00,0.00,0.00,0.00,0.00,0.00,0.00,0.00,0.00,0.00,0.00,0.00,0.00,0.00
20650,DL:0.1.0:AT.1.0.0,2022-3-4 7:5:15,30.50,0.00,0.00,17.670,2.030,-6.132,11.538,19.700,0.00,0.00,0.00,0.00,0.00,0.00,0.00,0.00,0.00,0.00,0.00,0.00,0.00,0.00,0.00,0.00,0.00
20650,DL:0.1.0:AT.1.0.0,2022-3-4 7:5:21,30.50,0.00,0.00,17.665,2.034,-6.127,11.538,19.700,0.00,0.00,0.00,0.00,0.00,0.00,0.00,0.00,0.00,0.00,0.00,0.00,0.00,0.00,0.00,0.00,0.00
20650,DL:0.1.0:AT.1.0.0,2022-3-4 7:5:30,30.50,0.00,0.00,17.683,2.018,-6.146,11.537,19.701,0.00,0.00,0.00,0.00,0.00,0.00,0.00,0.00,0.00,0.00,0.00,0.00,0.00,0.00,0.00,0.00,0.00
20650,DL:0.1.0:AT.1.0.0,2022-3-4 7:5:35,30.50,0.00,0.00,17.672,2.028,-6.136,11.537,19.701,0.00,0.00,0.00,0.00,0.00,0.00,0.00,0.00,0.00,0.00,0.00,0.00,0.00,0.00,0.00,0.00,0.00
20650,DL:0.1.0:AT.1.0.0,2022-3-4 7:5:40,30.50,0.00,0.00,17.693,2.009,-6.157,11.536,19.702,0.00,0.00,0.00,0.00,0.00,0.00,0.00,0.00,0.00,0.00,0.00,0.00,0.00,0.00,0.00,0.00,0.00
20650,DL:0.1.0:AT.1.0.0,2022-3-4 7:5:45,30.50,0.00,0.00,17.676,2.026,-6.140,11.536,19.702,0.00,0.00,0.00,0.00,0.00,0.00,0.00,0.00,0.00,0.00,0.00,0.00,0.00,0.00,0.00,0.00,0.00
20650,DL:0.1.0:AT.1.0.0,2022-3-4 7:5:52,30.50,0.00,0.00,17.695,2.008,-6.160,11.536,19.703,0.00,0.00,0.00,0.00,0.00,0.00,0.00,0.00,0.00,0.00,0.00,0.00,0.00,0.00,0.00,0.00,0.00
20650,DL:0.1.0:AT.1.0.0,2022-3-4 7:5:58,30.50,0.00,0.00,17.681,2.022,-6.145,11.536,19.703,0.00,0.00,0.00,0.00,0.00,0.00,0.00,0.00,0.00,0.00,0.00,0.00,0.00,0.00,0.00,0.00,0.00
20650,DL:0.1.0:AT.1.0.0,2022-3-4 7:6:6,30.50,0.00,0.00,17.687,2.018,-6.152,11.534,19.704,0.00,0.00,0.00,0.00,0.00,0.00,0.00,0.00,0.00,0.00,0.00,0.00,0.00,0.00,0.00,0.00,0.00
20650,DL:0.1.0:AT.1.0.0,2022-3-4 7:6:12,30.50,0.00,0.00,17.694,2.013,-6.158,11.536,19.707,0.00,0.00,0.00,0.00,0.00,0.00,0.00,0.00,0.00,0.00,0.00,0.00,0.00,0.00,0.00,0.00,0.00
20650,DL:0.1.0:AT.1.0.0,2022-3-4 7:6:17,30.50,0.00,0.00,17.684,2.024,-6.149,11.536,19.708,0.00,0.00,0.00,0.00,0.00,0.00,0.00,0.00,0.00,0.00,0.00,0.00,0.00,0.00,0.00,0.00,0.00
20650,DL:0.1.0:AT.1.0.0,2022-3-4 7:6:22,30.50,0.00,0.00,17.730,1.978,-6.196,11.534,19.708,0.00,0.00,0.00,0.00,0.00,0.00,0.00,0.00,0.00,0.00,0.00,0.00,0.00,0.00,0.00,0.00,0.00
20650,DL:0.1.0:AT.1.0.0,2022-3-4 7:6:28,30.50,0.00,0.00,17.670,2.039,-6.136,11.534,19.709,0.00,0.00,0.00,0.00,0.00,0.00,0.00,0.00,0.00,0.00,0.00,0.00,0.00,0.00,0.00,0.00,0.00
20650,DL:0.1.0:AT.1.0.0,2022-3-4 7:6:33,30.50,0.00,0.00,17.671,2.039,-6.137,11.534,19.710,0.00,0.00,0.00,0.00,0.00,0.00,0.00,0.00,0.00,0.00,0.00,0.00,0.00,0.00,0.00,0.00,0.00
20650,DL:0.1.0:AT.1.0.0,2022-3-4 7:6:40,30.50,0.00,0.00,17.672,2.040,-6.138,11.534,19.713,0.00,0.00,0.00,0.00,0.00,0.00,0.00,0.00,0.00,0.00,0.00,0.00,0.00,0.00,0.00,0.00,0.00
20650,DL:0.1.0:AT.1.0.0,2022-3-4 7:6:45,30.50,0.00,0.00,17.677,2.036,-6.143,11.534,19.713,0.00,0.00,0.00,0.00,0.00,0.00,0.00,0.00,0.00,0.00,0.00,0.00,0.00,0.00,0.00,0.00,0.00
20650,DL:0.1.0:AT.1.0.0,2022-3-4 7:6:50,30.50,0.00,0.00,17.702,2.012,-6.169,11.533,19.714,0.00,0.00,0.00,0.00,0.00,0.00,0.00,0.00,0.00,0.00,0.00,0.00,0.00,0.00,0.00,0.00,0.00
20650,DL:0.1.0:AT.1.0.0,2022-3-4 7:6:55,30.50,0.00,0.00,17.675,2.040,-6.142,11.533,19.715,0.00,0.00,0.00,0.00,0.00,0.00,0.00,0.00,0.00,0.00,0.00,0.00,0.00,0.00,0.00,0.00,0.00
20650,DL:0.1.0:AT.1.0.0,2022-3-4 7:7:0,30.50,0.00,0.00,17.694,2.021,-6.162,11.532,19.715,0.00,0.00,0.00,0.00,0.00,0.00,0.00,0.00,0.00,0.00,0.00,0.00,0.00,0.00,0.00,0.00,0.00
20650,DL:0.1.0:AT.1.0.0,2022-3-4 7:7:5,30.50,0.00,0.00,17.682,2.034,-6.149,11.533,19.716,0.00,0.00,0.00,0.00,0.00,0.00,0.00,0.00,0.00,0.00,0.00,0.00,0.00,0.00,0.00,0.00,0.00
20650,DL:0.1.0:AT.1.0.0,2022-3-4 7:7:11,30.50,0.00,0.00,17.707,2.012,-6.174,11.533,19.719,0.00,0.00,0.00,0.00,0.00,0.00,0.00,0.00,0.00,0.00,0.00,0.00,0.00,0.00,0.00,0.00,0.00
20650,DL:0.1.0:AT.1.0.0,2022-3-4 7:7:18,30.50,0.00,0.00,17.675,2.046,-6.143,11.532,19.721,0.00,0.00,0.00,0.00,0.00,0.00,0.00,0.00,0.00,0.00,0.00,0.00,0.00,0.00,0.00,0.00,0.00
20650,DL:0.1.0:AT.1.0.0,2022-3-4 7:7:23,30.50,0.00,0.00,17.725,1.998,-6.193,11.532,19.724,0.00,0.00,0.00,0.00,0.00,0.00,0.00,0.00,0.00,0.00,0.00,0.00,0.00,0.00,0.00,0.00,0.00
20650,DL:0.1.0:AT.1.0.0,2022-3-4 7:7:28,30.50,0.00,0.00,17.694,2.031,-6.162,11.532,19.725,0.00,0.00,0.00,0.00,0.00,0.00,0.00,0.00,0.00,0.00,0.00,0.00,0.00,0.00,0.00,0.00,0.00
20650,DL:0.1.0:AT.1.0.0,2022-3-4 7:7:33,30.50,0.00,0.00,17.704,2.024,-6.170,11.533,19.727,0.00,0.00,0.00,0.00,0.00,0.00,0.00,0.00,0.00,0.00,0.00,0.00,0.00,0.00,0.00,0.00,0.00
20650,DL:0.1.0:AT.1.0.0,2022-3-4 7:7:38,30.50,0.00,0.00,17.690,2.038,-6.160,11.531,19.728,0.00,0.00,0.00,0.00,0.00,0.00,0.00,0.00,0.00,0.00,0.00,0.00,0.00,0.00,0.00,0.00,0.00
20650,DL:0.1.0:AT.1.0.0,2022-3-4 7:7:43,30.50,0.00,0.00,17.714,2.015,-6.182,11.532,19.730,0.00,0.00,0.00,0.00,0.00,0.00,0.00,0.00,0.00,0.00,0.00,0.00,0.00,0.00,0.00,0.00,0.00
20650,DL:0.1.0:AT.1.0.0,2022-3-4 7:7:48,30.50,0.00,0.00,17.684,2.046,-6.152,11.532,19.731,0.00,0.00,0.00,0.00,0.00,0.00,0.00,0.00,0.00,0.00,0.00,0.00,0.00,0.00,0.00,0.00,0.00
20650,DL:0.1.0:AT.1.0.0,2022-3-4 7:7:55,30.50,0.00,0.00,17.707,2.026,-6.175,11.532,19.733,0.00,0.00,0.00,0.00,0.00,0.00,0.00,0.00,0.00,0.00,0.00,0.00,0.00,0.00,0.00,0.00,0.00
20650,DL:0.1.0:AT.1.0.0,2022-3-4 7:8:0,30.50,0.00,0.00,17.694,2.040,-6.163,11.531,19.734,0.00,0.00,0.00,0.00,0.00,0.00,0.00,0.00,0.00,0.00,0.00,0.00,0.00,0.00,0.00,0.00,0.00
20650,DL:0.1.0:AT.1.0.0,2022-3-4 7:8:6,30.50,0.00,0.00,17.704,2.032,-6.173,11.531,19.736,0.00,0.00,0.00,0.00,0.00,0.00,0.00,0.00,0.00,0.00,0.00,0.00,0.00,0.00,0.00,0.00,0.00
20650,DL:0.1.0:AT.1.0.0,2022-3-4 7:8:11,30.50,0.00,0.00,17.711,2.027,-6.181,11.530,19.738,0.00,0.00,0.00,0.00,0.00,0.00,0.00,0.00,0.00,0.00,0.00,0.00,0.00,0.00,0.00,0.00,0.00
20650,DL:0.1.0:AT.1.0.0,2022-3-4 7:8:16,30.50,0.00,0.00,17.705,2.034,-6.174,11.531,19.739,0.00,0.00,0.00,0.00,0.00,0.00,0.00,0.00,0.00,0.00,0.00,0.00,0.00,0.00,0.00,0.00,0.00
20650,DL:0.1.0:AT.1.0.0,2022-3-4 7:8:23,30.50,0.00,0.00,17.676,2.066,-6.146,11.530,19.742,0.00,0.00,0.00,0.00,0.00,0.00,0.00,0.00,0.00,0.00,0.00,0.00,0.00,0.00,0.00,0.00,0.00
20650,DL:0.1.0:AT.1.0.0,2022-3-4 7:8:28,30.50,0.00,0.00,17.671,2.070,-6.140,11.531,19.742,0.00,0.00,0.00,0.00,0.00,0.00,0.00,0.00,0.00,0.00,0.00,0.00,0.00,0.00,0.00,0.00,0.00
20650,DL:0.1.0:AT.1.0.0,2022-3-4 7:8:33,30.50,0.00,0.00,17.666,2.076,-6.137,11.530,19.743,0.00,0.00,0.00,0.00,0.00,0.00,0.00,0.00,0.00,0.00,0.00,0.00,0.00,0.00,0.00,0.00,0.00
20650,DL:0.1.0:AT.1.0.0,2022-3-4 7:8:40,30.50,0.00,0.00,17.675,2.069,-6.144,11.531,19.744,0.00,0.00,0.00,0.00,0.00,0.00,0.00,0.00,0.00,0.00,0.00,0.00,0.00,0.00,0.00,0.00,0.00
20650,DL:0.1.0:AT.1.0.0,2022-3-4 7:8:46,30.50,0.00,0.00,17.730,2.015,-6.200,11.530,19.745,0.00,0.00,0.00,0.00,0.00,0.00,0.00,0.00,0.00,0.00,0.00,0.00,0.00,0.00,0.00,0.00,0.00
20650,DL:0.1.0:AT.1.0.0,2022-3-4 7:8:53,30.50,0.00,0.00,17.710,2.037,-6.180,11.530,19.746,0.00,0.00,0.00,0.00,0.00,0.00,0.00,0.00,0.00,0.00,0.00,0.00,0.00,0.00,0.00,0.00,0.00
20650,DL:0.1.0:AT.1.0.0,2022-3-4 7:9:1,30.50,0.00,0.00,17.690,2.057,-6.160,11.531,19.748,0.00,0.00,0.00,0.00,0.00,0.00,0.00,0.00,0.00,0.00,0.00,0.00,0.00,0.00,0.00,0.00,0.00
20650,DL:0.1.0:AT.1.0.0,2022-3-4 7:9:7,30.50,0.00,0.00,17.682,2.067,-6.152,11.530,19.749,0.00,0.00,0.00,0.00,0.00,0.00,0.00,0.00,0.00,0.00,0.00,0.00,0.00,0.00,0.00,0.00,0.00
20650,DL:0.1.0:AT.1.0.0,2022-3-4 7:9:12,30.50,0.00,0.00,17.684,2.064,-6.155,11.530,19.749,0.00,0.00,0.00,0.00,0.00,0.00,0.00,0.00,0.00,0.00,0.00,0.00,0.00,0.00,0.00,0.00,0.00
20650,DL:0.1.0:AT.1.0.0,2022-3-4 7:9:17,30.50,0.00,0.00,17.678,2.072,-6.149,11.530,19.750,0.00,0.00,0.00,0.00,0.00,0.00,0.00,0.00,0.00,0.00,0.00,0.00,0.00,0.00,0.00,0.00,0.00
20650,DL:0.1.0:AT.1.0.0,2022-3-4 7:9:24,30.50,0.00,0.00,17.678,2.073,-6.149,11.530,19.751,0.00,0.00,0.00,0.00,0.00,0.00,0.00,0.00,0.00,0.00,0.00,0.00,0.00,0.00,0.00,0.00,0.00
20650,DL:0.1.0:AT.1.0.0,2022-3-4 7:9:33,30.50,0.00,0.00,17.699,2.054,-6.170,11.528,19.752,0.00,0.00,0.00,0.00,0.00,0.00,0.00,0.00,0.00,0.00,0.00,0.00,0.00,0.00,0.00,0.00,0.00
20650,DL:0.1.0:AT.1.0.0,2022-3-4 7:9:38,30.50,0.00,0.00,17.700,2.054,-6.173,11.527,19.754,0.00,0.00,0.00,0.00,0.00,0.00,0.00,0.00,0.00,0.00,0.00,0.00,0.00,0.00,0.00,0.00,0.00
20650,DL:0.1.0:AT.1.0.0,2022-3-4 7:9:45,30.50,0.00,0.00,17.700,2.054,-6.172,11.528,19.754,0.00,0.00,0.00,0.00,0.00,0.00,0.00,0.00,0.00,0.00,0.00,0.00,0.00,0.00,0.00,0.00,0.00
20650,DL:0.1.0:AT.1.0.0,2022-3-4 7:9:52,30.50,0.00,0.00,17.701,2.055,-6.174,11.527,19.756,0.00,0.00,0.00,0.00,0.00,0.00,0.00,0.00,0.00,0.00,0.00,0.00,0.00,0.00,0.00,0.00,0.00
20650,DL:0.1.0:AT.1.0.0,2022-3-4 7:9:57,30.50,0.00,0.00,17.723,2.033,-6.194,11.528,19.756,0.00,0.00,0.00,0.00,0.00,0.00,0.00,0.00,0.00,0.00,0.00,0.00,0.00,0.00,0.00,0.00,0.00
20650,DL:0.1.0:AT.1.0.0,2022-3-4 7:10:2,30.50,0.00,0.00,17.710,2.046,-6.181,11.528,19.756,0.00,0.00,0.00,0.00,0.00,0.00,0.00,0.00,0.00,0.00,0.00,0.00,0.00,0.00,0.00,0.00,0.00
20650,DL:0.1.0:AT.1.0.0,2022-3-4 7:10:8,30.50,0.00,0.00,17.702,2.054,-6.174,11.528,19.756,0.00,0.00,0.00,0.00,0.00,0.00,0.00,0.00,0.00,0.00,0.00,0.00,0.00,0.00,0.00,0.00,0.00
20650,DL:0.1.0:AT.1.0.0,2022-3-4 7:10:13,30.50,0.00,0.00,17.708,2.048,-6.180,11.528,19.756,0.00,0.00,0.00,0.00,0.00,0.00,0.00,0.00,0.00,0.00,0.00,0.00,0.00,0.00,0.00,0.00,0.00
20650,DL:0.1.0:AT.1.0.0,2022-3-4 7:10:18,30.50,0.00,0.00,17.686,2.072,-6.158,11.527,19.757,0.00,0.00,0.00,0.00,0.00,0.00,0.00,0.00,0.00,0.00,0.00,0.00,0.00,0.00,0.00,0.00,0.00
20650,DL:0.1.0:AT.1.0.0,2022-3-4 7:10:26,30.50,0.00,0.00,17.690,2.068,-6.163,11.527,19.758,0.00,0.00,0.00,0.00,0.00,0.00,0.00,0.00,0.00,0.00,0.00,0.00,0.00,0.00,0.00,0.00,0.00
20650,DL:0.1.0:AT.1.0.0,2022-3-4 7:10:35,30.50,0.00,0.00,17.706,2.054,-6.179,11.527,19.760,0.00,0.00,0.00,0.00,0.00,0.00,0.00,0.00,0.00,0.00,0.00,0.00,0.00,0.00,0.00,0.00,0.00
20650,DL:0.1.0:AT.1.0.0,2022-3-4 7:10:40,30.50,0.00,0.00,17.683,2.076,-6.156,11.527,19.760,0.00,0.00,0.00,0.00,0.00,0.00,0.00,0.00,0.00,0.00,0.00,0.00,0.00,0.00,0.00,0.00,0.00
20650,DL:0.1.0:AT.1.0.0,2022-3-4 7:10:46,30.50,0.00,0.00,17.706,2.054,-6.179,11.527,19.760,0.00,0.00,0.00,0.00,0.00,0.00,0.00,0.00,0.00,0.00,0.00,0.00,0.00,0.00,0.00,0.00,0.00
20650,DL:0.1.0:AT.1.0.0,2022-3-4 7:10:51,30.50,0.00,0.00,17.678,2.082,-6.151,11.527,19.761,0.00,0.00,0.00,0.00,0.00,0.00,0.00,0.00,0.00,0.00,0.00,0.00,0.00,0.00,0.00,0.00,0.00
20650,DL:0.1.0:AT.1.0.0,2022-3-4 7:10:57,30.50,0.00,0.00,17.693,2.069,-6.166,11.527,19.762,0.00,0.00,0.00,0.00,0.00,0.00,0.00,0.00,0.00,0.00,0.00,0.00,0.00,0.00,0.00,0.00,0.00
20650,DL:0.1.0:AT.1.0.0,2022-3-4 7:11:4,30.50,0.00,0.00,17.692,2.070,-6.164,11.527,19.762,0.00,0.00,0.00,0.00,0.00,0.00,0.00,0.00,0.00,0.00,0.00,0.00,0.00,0.00,0.00,0.00,0.00
20650,DL:0.1.0:AT.1.0.0,2022-3-4 7:11:10,30.50,0.00,0.00,17.670,2.092,-6.143,11.527,19.762,0.00,0.00,0.00,0.00,0.00,0.00,0.00,0.00,0.00,0.00,0.00,0.00,0.00,0.00,0.00,0.00,0.00
20650,DL:0.1.0:AT.1.0.0,2022-3-4 7:11:15,30.50,0.00,0.00,17.702,2.061,-6.176,11.526,19.763,0.00,0.00,0.00,0.00,0.00,0.00,0.00,0.00,0.00,0.00,0.00,0.00,0.00,0.00,0.00,0.00,0.00
20650,DL:0.1.0:AT.1.0.0,2022-3-4 7:11:21,30.50,0.00,0.00,17.722,2.042,-6.196,11.526,19.763,0.00,0.00,0.00,0.00,0.00,0.00,0.00,0.00,0.00,0.00,0.00,0.00,0.00,0.00,0.00,0.00,0.00
20650,DL:0.1.0:AT.1.0.0,2022-3-4 7:11:26,30.50,0.00,0.00,17.702,2.062,-6.176,11.526,19.764,0.00,0.00,0.00,0.00,0.00,0.00,0.00,0.00,0.00,0.00,0.00,0.00,0.00,0.00,0.00,0.00,0.00
20650,DL:0.1.0:AT.1.0.0,2022-3-4 7:11:31,30.50,0.00,0.00,17.684,2.080,-6.158,11.526,19.764,0.00,0.00,0.00,0.00,0.00,0.00,0.00,0.00,0.00,0.00,0.00,0.00,0.00,0.00,0.00,0.00,0.00
20650,DL:0.1.0:AT.1.0.0,2022-3-4 7:11:38,30.50,0.00,0.00,17.672,2.091,-6.145,11.527,19.763,0.00,0.00,0.00,0.00,0.00,0.00,0.00,0.00,0.00,0.00,0.00,0.00,0.00,0.00,0.00,0.00,0.00
20650,DL:0.1.0:AT.1.0.0,2022-3-4 7:11:44,30.50,0.00,0.00,17.672,2.092,-6.145,11.527,19.764,0.00,0.00,0.00,0.00,0.00,0.00,0.00,0.00,0.00,0.00,0.00,0.00,0.00,0.00,0.00,0.00,0.00
20650,DL:0.1.0:AT.1.0.0,2022-3-4 7:11:50,30.50,0.00,0.00,17.690,2.074,-6.163,11.527,19.764,0.00,0.00,0.00,0.00,0.00,0.00,0.00,0.00,0.00,0.00,0.00,0.00,0.00,0.00,0.00,0.00,0.00
20650,DL:0.1.0:AT.1.0.0,2022-3-4 7:11:55,30.50,0.00,0.00,17.695,2.070,-6.168,11.527,19.766,0.00,0.00,0.00,0.00,0.00,0.00,0.00,0.00,0.00,0.00,0.00,0.00,0.00,0.00,0.00,0.00,0.00
20650,DL:0.1.0:AT.1.0.0,2022-3-4 7:12:0,30.50,0.00,0.00,17.663,2.103,-6.136,11.527,19.766,0.00,0.00,0.00,0.00,0.00,0.00,0.00,0.00,0.00,0.00,0.00,0.00,0.00,0.00,0.00,0.00,0.00
20650,DL:0.1.0:AT.1.0.0,2022-3-4 7:12:7,30.50,0.00,0.00,17.692,2.074,-6.164,11.527,19.766,0.00,0.00,0.00,0.00,0.00,0.00,0.00,0.00,0.00,0.00,0.00,0.00,0.00,0.00,0.00,0.00,0.00
20650,DL:0.1.0:AT.1.0.0,2022-3-4 7:12:12,30.50,0.00,0.00,17.713,2.052,-6.186,11.527,19.766,0.00,0.00,0.00,0.00,0.00,0.00,0.00,0.00,0.00,0.00,0.00,0.00,0.00,0.00,0.00,0.00,0.00
20650,DL:0.1.0:AT.1.0.0,2022-3-4 7:12:17,30.50,0.00,0.00,17.718,2.048,-6.191,11.527,19.766,0.00,0.00,0.00,0.00,0.00,0.00,0.00,0.00,0.00,0.00,0.00,0.00,0.00,0.00,0.00,0.00,0.00
20650,DL:0.1.0:AT.1.0.0,2022-3-4 7:12:22,30.50,0.00,0.00,17.647,2.118,-6.120,11.527,19.766,0.00,0.00,0.00,0.00,0.00,0.00,0.00,0.00,0.00,0.00,0.00,0.00,0.00,0.00,0.00,0.00,0.00
20650,DL:0.1.0:AT.1.0.0,2022-3-4 7:12:29,30.50,0.00,0.00,17.700,2.067,-6.173,11.527,19.767,0.00,0.00,0.00,0.00,0.00,0.00,0.00,0.00,0.00,0.00,0.00,0.00,0.00,0.00,0.00,0.00,0.00
20650,DL:0.1.0:AT.1.0.0,2022-3-4 7:12:39,30.50,0.00,0.00,17.696,2.069,-6.169,11.527,19.766,0.00,0.00,0.00,0.00,0.00,0.00,0.00,0.00,0.00,0.00,0.00,0.00,0.00,0.00,0.00,0.00,0.00
20650,DL:0.1.0:AT.1.0.0,2022-3-4 7:12:46,30.50,0.00,0.00,17.684,2.082,-6.156,11.528,19.767,0.00,0.00,0.00,0.00,0.00,0.00,0.00,0.00,0.00,0.00,0.00,0.00,0.00,0.00,0.00,0.00,0.00
20650,DL:0.1.0:AT.1.0.0,2022-3-4 7:12:53,30.50,0.00,0.00,17.689,2.078,-6.161,11.528,19.767,0.00,0.00,0.00,0.00,0.00,0.00,0.00,0.00,0.00,0.00,0.00,0.00,0.00,0.00,0.00,0.00,0.00
20650,DL:0.1.0:AT.1.0.0,2022-3-4 7:12:58,30.50,0.00,0.00,17.678,2.088,-6.151,11.527,19.767,0.00,0.00,0.00,0.00,0.00,0.00,0.00,0.00,0.00,0.00,0.00,0.00,0.00,0.00,0.00,0.00,0.00
20650,DL:0.1.0:AT.1.0.0,2022-3-4 7:13:3,30.50,0.00,0.00,17.681,2.086,-6.154,11.527,19.767,0.00,0.00,0.00,0.00,0.00,0.00,0.00,0.00,0.00,0.00,0.00,0.00,0.00,0.00,0.00,0.00,0.00
20650,DL:0.1.0:AT.1.0.0,2022-3-4 7:13:8,30.50,0.00,0.00,17.676,2.091,-6.149,11.527,19.767,0.00,0.00,0.00,0.00,0.00,0.00,0.00,0.00,0.00,0.00,0.00,0.00,0.00,0.00,0.00,0.00,0.00
20650,DL:0.1.0:AT.1.0.0,2022-3-4 7:13:14,30.50,0.00,0.00,17.686,2.082,-6.157,11.528,19.768,0.00,0.00,0.00,0.00,0.00,0.00,0.00,0.00,0.00,0.00,0.00,0.00,0.00,0.00,0.00,0.00,0.00
20650,DL:0.1.0:AT.1.0.0,2022-3-4 7:13:19,30.50,0.00,0.00,17.683,2.084,-6.155,11.528,19.767,0.00,0.00,0.00,0.00,0.00,0.00,0.00,0.00,0.00,0.00,0.00,0.00,0.00,0.00,0.00,0.00,0.00
20650,DL:0.1.0:AT.1.0.0,2022-3-4 7:13:24,30.50,0.00,0.00,17.640,2.128,-6.112,11.528,19.768,0.00,0.00,0.00,0.00,0.00,0.00,0.00,0.00,0.00,0.00,0.00,0.00,0.00,0.00,0.00,0.00,0.00
20650,DL:0.1.0:AT.1.0.0,2022-3-4 7:13:30,30.50,0.00,0.00,17.657,2.112,-6.128,11.528,19.769,0.00,0.00,0.00,0.00,0.00,0.00,0.00,0.00,0.00,0.00,0.00,0.00,0.00,0.00,0.00,0.00,0.00
20650,DL:0.1.0:AT.1.0.0,2022-3-4 7:13:35,30.50,0.00,0.00,17.700,2.068,-6.173,11.527,19.768,0.00,0.00,0.00,0.00,0.00,0.00,0.00,0.00,0.00,0.00,0.00,0.00,0.00,0.00,0.00,0.00,0.00
20650,DL:0.1.0:AT.1.0.0,2022-3-4 7:13:41,30.50,0.00,0.00,17.681,2.088,-6.152,11.528,19.769,0.00,0.00,0.00,0.00,0.00,0.00,0.00,0.00,0.00,0.00,0.00,0.00,0.00,0.00,0.00,0.00,0.00
20650,DL:0.1.0:AT.1.0.0,2022-3-4 7:13:46,30.50,0.00,0.00,17.670,2.099,-6.142,11.528,19.769,0.00,0.00,0.00,0.00,0.00,0.00,0.00,0.00,0.00,0.00,0.00,0.00,0.00,0.00,0.00,0.00,0.00
20650,DL:0.1.0:AT.1.0.0,2022-3-4 7:13:51,30.50,0.00,0.00,17.676,2.092,-6.148,11.528,19.768,0.00,0.00,0.00,0.00,0.00,0.00,0.00,0.00,0.00,0.00,0.00,0.00,0.00,0.00,0.00,0.00,0.00
20650,DL:0.1.0:AT.1.0.0,2022-3-4 7:13:57,30.50,0.00,0.00,17.676,2.092,-6.149,11.527,19.768,0.00,0.00,0.00,0.00,0.00,0.00,0.00,0.00,0.00,0.00,0.00,0.00,0.00,0.00,0.00,0.00,0.00
20650,DL:0.1.0:AT.1.0.0,2022-3-4 7:14:2,30.50,0.00,0.00,17.664,2.104,-6.137,11.527,19.768,0.00,0.00,0.00,0.00,0.00,0.00,0.00,0.00,0.00,0.00,0.00,0.00,0.00,0.00,0.00,0.00,0.00
20650,DL:0.1.0:AT.1.0.0,2022-3-4 7:14:7,30.50,0.00,0.00,17.675,2.093,-6.146,11.528,19.768,0.00,0.00,0.00,0.00,0.00,0.00,0.00,0.00,0.00,0.00,0.00,0.00,0.00,0.00,0.00,0.00,0.00
20650,DL:0.1.0:AT.1.0.0,2022-3-4 7:14:12,30.50,0.00,0.00,17.683,2.085,-6.155,11.528,19.768,0.00,0.00,0.00,0.00,0.00,0.00,0.00,0.00,0.00,0.00,0.00,0.00,0.00,0.00,0.00,0.00,0.00
20650,DL:0.1.0:AT.1.0.0,2022-3-4 7:14:17,30.50,0.00,0.00,17.725,2.044,-6.198,11.527,19.769,0.00,0.00,0.00,0.00,0.00,0.00,0.00,0.00,0.00,0.00,0.00,0.00,0.00,0.00,0.00,0.00,0.00
20650,DL:0.1.0:AT.1.0.0,2022-3-4 7:14:22,30.50,0.00,0.00,17.704,2.064,-6.175,11.528,19.768,0.00,0.00,0.00,0.00,0.00,0.00,0.00,0.00,0.00,0.00,0.00,0.00,0.00,0.00,0.00,0.00,0.00
20650,DL:0.1.0:AT.1.0.0,2022-3-4 7:14:29,30.50,0.00,0.00,17.695,2.073,-6.167,11.528,19.768,0.00,0.00,0.00,0.00,0.00,0.00,0.00,0.00,0.00,0.00,0.00,0.00,0.00,0.00,0.00,0.00,0.00
20650,DL:0.1.0:AT.1.0.0,2022-3-4 7:14:34,30.50,0.00,0.00,17.713,2.055,-6.186,11.527,19.768,0.00,0.00,0.00,0.00,0.00,0.00,0.00,0.00,0.00,0.00,0.00,0.00,0.00,0.00,0.00,0.00,0.00
20650,DL:0.1.0:AT.1.0.0,2022-3-4 7:14:42,30.50,0.00,0.00,17.668,2.099,-6.140,11.527,19.767,0.00,0.00,0.00,0.00,0.00,0.00,0.00,0.00,0.00,0.00,0.00,0.00,0.00,0.00,0.00,0.00,0.00
20650,DL:0.1.0:AT.1.0.0,2022-3-4 7:14:49,30.50,0.00,0.00,17.677,2.092,-6.150,11.527,19.769,0.00,0.00,0.00,0.00,0.00,0.00,0.00,0.00,0.00,0.00,0.00,0.00,0.00,0.00,0.00,0.00,0.00
20650,DL:0.1.0:AT.1.0.0,2022-3-4 7:14:56,30.50,0.00,0.00,17.668,2.100,-6.140,11.527,19.768,0.00,0.00,0.00,0.00,0.00,0.00,0.00,0.00,0.00,0.00,0.00,0.00,0.00,0.00,0.00,0.00,0.00
20650,DL:0.1.0:AT.1.0.0,2022-3-4 7:15:3,30.50,0.00,0.00,17.657,2.112,-6.130,11.527,19.769,0.00,0.00,0.00,0.00,0.00,0.00,0.00,0.00,0.00,0.00,0.00,0.00,0.00,0.00,0.00,0.00,0.00
20650,DL:0.1.0:AT.1.0.0,2022-3-4 7:15:9,30.50,0.00,0.00,17.670,2.098,-6.143,11.527,19.768,0.00,0.00,0.00,0.00,0.00,0.00,0.00,0.00,0.00,0.00,0.00,0.00,0.00,0.00,0.00,0.00,0.00
20650,DL:0.1.0:AT.1.0.0,2022-3-4 7:15:14,30.50,0.00,0.00,17.665,2.104,-6.138,11.527,19.769,0.00,0.00,0.00,0.00,0.00,0.00,0.00,0.00,0.00,0.00,0.00,0.00,0.00,0.00,0.00,0.00,0.00
20650,DL:0.1.0:AT.1.0.0,2022-3-4 7:15:20,30.50,0.00,0.00,17.682,2.087,-6.154,11.528,19.769,0.00,0.00,0.00,0.00,0.00,0.00,0.00,0.00,0.00,0.00,0.00,0.00,0.00,0.00,0.00,0.00,0.00
20650,DL:0.1.0:AT.1.0.0,2022-3-4 7:15:26,30.50,0.00,0.00,17.663,2.105,-6.133,11.530,19.768,0.00,0.00,0.00,0.00,0.00,0.00,0.00,0.00,0.00,0.00,0.00,0.00,0.00,0.00,0.00,0.00,0.00
20650,DL:0.1.0:AT.1.0.0,2022-3-4 7:15:33,30.50,0.00,0.00,17.676,2.093,-6.146,11.530,19.769,0.00,0.00,0.00,0.00,0.00,0.00,0.00,0.00,0.00,0.00,0.00,0.00,0.00,0.00,0.00,0.00,0.00
20650,DL:0.1.0:AT.1.0.0,2022-3-4 7:15:38,30.50,0.00,0.00,17.677,2.092,-6.148,11.530,19.769,0.00,0.00,0.00,0.00,0.00,0.00,0.00,0.00,0.00,0.00,0.00,0.00,0.00,0.00,0.00,0.00,0.00
20650,DL:0.1.0:AT.1.0.0,2022-3-4 7:15:43,30.50,0.00,0.00,17.662,2.106,-6.131,11.531,19.768,0.00,0.00,0.00,0.00,0.00,0.00,0.00,0.00,0.00,0.00,0.00,0.00,0.00,0.00,0.00,0.00,0.00
20650,DL:0.1.0:AT.1.0.0,2022-3-4 7:15:48,30.50,0.00,0.00,17.669,2.099,-6.138,11.531,19.768,0.00,0.00,0.00,0.00,0.00,0.00,0.00,0.00,0.00,0.00,0.00,0.00,0.00,0.00,0.00,0.00,0.00
20650,DL:0.1.0:AT.1.0.0,2022-3-4 7:15:53,30.50,0.00,0.00,17.682,2.087,-6.151,11.531,19.769,0.00,0.00,0.00,0.00,0.00,0.00,0.00,0.00,0.00,0.00,0.00,0.00,0.00,0.00,0.00,0.00,0.00
20650,DL:0.1.0:AT.1.0.0,2022-3-4 7:15:58,30.50,0.00,0.00,17.690,2.078,-6.158,11.532,19.768,0.00,0.00,0.00,0.00,0.00,0.00,0.00,0.00,0.00,0.00,0.00,0.00,0.00,0.00,0.00,0.00,0.00
20650,DL:0.1.0:AT.1.0.0,2022-3-4 7:16:4,30.50,0.00,0.00,17.674,2.094,-6.143,11.531,19.768,0.00,0.00,0.00,0.00,0.00,0.00,0.00,0.00,0.00,0.00,0.00,0.00,0.00,0.00,0.00,0.00,0.00
20650,DL:0.1.0:AT.1.0.0,2022-3-4 7:16:15,30.50,0.00,0.00,17.694,2.075,-6.163,11.531,19.769,0.00,0.00,0.00,0.00,0.00,0.00,0.00,0.00,0.00,0.00,0.00,0.00,0.00,0.00,0.00,0.00,0.00
20650,DL:0.1.0:AT.1.0.0,2022-3-4 7:16:21,30.50,0.00,0.00,17.668,2.100,-6.137,11.531,19.768,0.00,0.00,0.00,0.00,0.00,0.00,0.00,0.00,0.00,0.00,0.00,0.00,0.00,0.00,0.00,0.00,0.00
20650,DL:0.1.0:AT.1.0.0,2022-3-4 7:16:26,30.50,0.00,0.00,17.674,2.094,-6.142,11.532,19.768,0.00,0.00,0.00,0.00,0.00,0.00,0.00,0.00,0.00,0.00,0.00,0.00,0.00,0.00,0.00,0.00,0.00
20650,DL:0.1.0:AT.1.0.0,2022-3-4 7:16:32,30.50,0.00,0.00,17.676,2.092,-6.144,11.532,19.768,0.00,0.00,0.00,0.00,0.00,0.00,0.00,0.00,0.00,0.00,0.00,0.00,0.00,0.00,0.00,0.00,0.00
20650,DL:0.1.0:AT.1.0.0,2022-3-4 7:16:37,30.50,0.00,0.00,17.666,2.102,-6.134,11.532,19.768,0.00,0.00,0.00,0.00,0.00,0.00,0.00,0.00,0.00,0.00,0.00,0.00,0.00,0.00,0.00,0.00,0.00
20650,DL:0.1.0:AT.1.0.0,2022-3-4 7:16:44,30.50,0.00,0.00,17.682,2.086,-6.150,11.532,19.768,0.00,0.00,0.00,0.00,0.00,0.00,0.00,0.00,0.00,0.00,0.00,0.00,0.00,0.00,0.00,0.00,0.00
20650,DL:0.1.0:AT.1.0.0,2022-3-4 7:16:49,30.50,0.00,0.00,17.674,2.094,-6.142,11.532,19.768,0.00,0.00,0.00,0.00,0.00,0.00,0.00,0.00,0.00,0.00,0.00,0.00,0.00,0.00,0.00,0.00,0.00
20650,DL:0.1.0:AT.1.0.0,2022-3-4 7:16:55,30.50,0.00,0.00,17.675,2.093,-6.143,11.532,19.768,0.00,0.00,0.00,0.00,0.00,0.00,0.00,0.00,0.00,0.00,0.00,0.00,0.00,0.00,0.00,0.00,0.00
20650,DL:0.1.0:AT.1.0.0,2022-3-4 7:17:0,30.50,0.00,0.00,17.664,2.104,-6.132,11.532,19.768,0.00,0.00,0.00,0.00,0.00,0.00,0.00,0.00,0.00,0.00,0.00,0.00,0.00,0.00,0.00,0.00,0.00
20650,DL:0.1.0:AT.1.0.0,2022-3-4 7:17:5,30.50,0.00,0.00,17.657,2.111,-6.124,11.533,19.768,0.00,0.00,0.00,0.00,0.00,0.00,0.00,0.00,0.00,0.00,0.00,0.00,0.00,0.00,0.00,0.00,0.00
20650,DL:0.1.0:AT.1.0.0,2022-3-4 7:17:10,30.50,0.00,0.00,17.657,2.111,-6.125,11.532,19.768,0.00,0.00,0.00,0.00,0.00,0.00,0.00,0.00,0.00,0.00,0.00,0.00,0.00,0.00,0.00,0.00,0.00
20650,DL:0.1.0:AT.1.0.0,2022-3-4 7:17:15,30.50,0.00,0.00,17.674,2.094,-6.142,11.532,19.768,0.00,0.00,0.00,0.00,0.00,0.00,0.00,0.00,0.00,0.00,0.00,0.00,0.00,0.00,0.00,0.00,0.00
20650,DL:0.1.0:AT.1.0.0,2022-3-4 7:17:20,30.50,0.00,0.00,17.714,2.054,-6.182,11.532,19.768,0.00,0.00,0.00,0.00,0.00,0.00,0.00,0.00,0.00,0.00,0.00,0.00,0.00,0.00,0.00,0.00,0.00
20650,DL:0.1.0:AT.1.0.0,2022-3-4 7:17:27,30.50,0.00,0.00,17.665,2.103,-6.132,11.533,19.768,0.00,0.00,0.00,0.00,0.00,0.00,0.00,0.00,0.00,0.00,0.00,0.00,0.00,0.00,0.00,0.00,0.00
20650,DL:0.1.0:AT.1.0.0,2022-3-4 7:17:34,30.50,0.00,0.00,17.670,2.098,-6.137,11.533,19.768,0.00,0.00,0.00,0.00,0.00,0.00,0.00,0.00,0.00,0.00,0.00,0.00,0.00,0.00,0.00,0.00,0.00
20650,DL:0.1.0:AT.1.0.0,2022-3-4 7:17:39,30.50,0.00,0.00,17.676,2.092,-6.143,11.533,19.768,0.00,0.00,0.00,0.00,0.00,0.00,0.00,0.00,0.00,0.00,0.00,0.00,0.00,0.00,0.00,0.00,0.00
20650,DL:0.1.0:AT.1.0.0,2022-3-4 7:17:44,30.50,0.00,0.00,17.676,2.092,-6.142,11.534,19.768,0.00,0.00,0.00,0.00,0.00,0.00,0.00,0.00,0.00,0.00,0.00,0.00,0.00,0.00,0.00,0.00,0.00
20650,DL:0.1.0:AT.1.0.0,2022-3-4 7:17:50,30.50,0.00,0.00,17.641,2.126,-6.108,11.533,19.767,0.00,0.00,0.00,0.00,0.00,0.00,0.00,0.00,0.00,0.00,0.00,0.00,0.00,0.00,0.00,0.00,0.00
20650,DL:0.1.0:AT.1.0.0,2022-3-4 7:17:57,30.50,0.00,0.00,17.681,2.086,-6.146,11.534,19.767,0.00,0.00,0.00,0.00,0.00,0.00,0.00,0.00,0.00,0.00,0.00,0.00,0.00,0.00,0.00,0.00,0.00
20650,DL:0.1.0:AT.1.0.0,2022-3-4 7:18:4,30.50,0.00,0.00,17.695,2.072,-6.161,11.534,19.767,0.00,0.00,0.00,0.00,0.00,0.00,0.00,0.00,0.00,0.00,0.00,0.00,0.00,0.00,0.00,0.00,0.00
20650,DL:0.1.0:AT.1.0.0,2022-3-4 7:18:9,30.50,0.00,0.00,17.653,2.114,-6.119,11.534,19.767,0.00,0.00,0.00,0.00,0.00,0.00,0.00,0.00,0.00,0.00,0.00,0.00,0.00,0.00,0.00,0.00,0.00
20650,DL:0.1.0:AT.1.0.0,2022-3-4 7:18:16,30.50,0.00,0.00,17.650,2.116,-6.116,11.533,19.766,0.00,0.00,0.00,0.00,0.00,0.00,0.00,0.00,0.00,0.00,0.00,0.00,0.00,0.00,0.00,0.00,0.00
20650,DL:0.1.0:AT.1.0.0,2022-3-4 7:18:22,30.50,0.00,0.00,17.692,2.075,-6.157,11.534,19.767,0.00,0.00,0.00,0.00,0.00,0.00,0.00,0.00,0.00,0.00,0.00,0.00,0.00,0.00,0.00,0.00,0.00
20650,DL:0.1.0:AT.1.0.0,2022-3-4 7:18:28,30.50,0.00,0.00,17.698,2.069,-6.163,11.534,19.767,0.00,0.00,0.00,0.00,0.00,0.00,0.00,0.00,0.00,0.00,0.00,0.00,0.00,0.00,0.00,0.00,0.00
20650,DL:0.1.0:AT.1.0.0,2022-3-4 7:18:34,30.50,0.00,0.00,17.689,2.078,-6.155,11.534,19.767,0.00,0.00,0.00,0.00,0.00,0.00,0.00,0.00,0.00,0.00,0.00,0.00,0.00,0.00,0.00,0.00,0.00
20650,DL:0.1.0:AT.1.0.0,2022-3-4 7:18:39,30.50,0.00,0.00,17.675,2.092,-6.140,11.534,19.767,0.00,0.00,0.00,0.00,0.00,0.00,0.00,0.00,0.00,0.00,0.00,0.00,0.00,0.00,0.00,0.00,0.00
20650,DL:0.1.0:AT.1.0.0,2022-3-4 7:18:44,30.50,0.00,0.00,17.677,2.088,-6.142,11.536,19.766,0.00,0.00,0.00,0.00,0.00,0.00,0.00,0.00,0.00,0.00,0.00,0.00,0.00,0.00,0.00,0.00,0.00
20650,DL:0.1.0:AT.1.0.0,2022-3-4 7:18:49,30.50,0.00,0.00,17.693,2.073,-6.157,11.536,19.766,0.00,0.00,0.00,0.00,0.00,0.00,0.00,0.00,0.00,0.00,0.00,0.00,0.00,0.00,0.00,0.00,0.00
20650,DL:0.1.0:AT.1.0.0,2022-3-4 7:18:55,30.50,0.00,0.00,17.665,2.099,-6.130,11.536,19.764,0.00,0.00,0.00,0.00,0.00,0.00,0.00,0.00,0.00,0.00,0.00,0.00,0.00,0.00,0.00,0.00,0.00
20650,DL:0.1.0:AT.1.0.0,2022-3-4 7:19:3,30.50,0.00,0.00,17.674,2.092,-6.137,11.537,19.766,0.00,0.00,0.00,0.00,0.00,0.00,0.00,0.00,0.00,0.00,0.00,0.00,0.00,0.00,0.00,0.00,0.00
20650,DL:0.1.0:AT.1.0.0,2022-3-4 7:19:10,30.50,0.00,0.00,17.680,2.085,-6.144,11.536,19.764,0.00,0.00,0.00,0.00,0.00,0.00,0.00,0.00,0.00,0.00,0.00,0.00,0.00,0.00,0.00,0.00,0.00
20650,DL:0.1.0:AT.1.0.0,2022-3-4 7:19:16,30.50,0.00,0.00,17.653,2.111,-6.118,11.536,19.764,0.00,0.00,0.00,0.00,0.00,0.00,0.00,0.00,0.00,0.00,0.00,0.00,0.00,0.00,0.00,0.00,0.00
20650,DL:0.1.0:AT.1.0.0,2022-3-4 7:19:21,30.50,0.00,0.00,17.705,2.060,-6.169,11.536,19.764,0.00,0.00,0.00,0.00,0.00,0.00,0.00,0.00,0.00,0.00,0.00,0.00,0.00,0.00,0.00,0.00,0.00
20650,DL:0.1.0:AT.1.0.0,2022-3-4 7:19:27,30.50,0.00,0.00,17.690,2.073,-6.154,11.537,19.763,0.00,0.00,0.00,0.00,0.00,0.00,0.00,0.00,0.00,0.00,0.00,0.00,0.00,0.00,0.00,0.00,0.00
20650,DL:0.1.0:AT.1.0.0,2022-3-4 7:19:34,30.50,0.00,0.00,17.694,2.069,-6.157,11.537,19.763,0.00,0.00,0.00,0.00,0.00,0.00,0.00,0.00,0.00,0.00,0.00,0.00,0.00,0.00,0.00,0.00,0.00
20650,DL:0.1.0:AT.1.0.0,2022-3-4 7:19:39,30.50,0.00,0.00,17.712,2.051,-6.176,11.536,19.763,0.00,0.00,0.00,0.00,0.00,0.00,0.00,0.00,0.00,0.00,0.00,0.00,0.00,0.00,0.00,0.00,0.00
20650,DL:0.1.0:AT.1.0.0,2022-3-4 7:19:44,30.50,0.00,0.00,17.710,2.054,-6.173,11.537,19.763,0.00,0.00,0.00,0.00,0.00,0.00,0.00,0.00,0.00,0.00,0.00,0.00,0.00,0.00,0.00,0.00,0.00
20650,DL:0.1.0:AT.1.0.0,2022-3-4 7:19:49,30.50,0.00,0.00,17.694,2.067,-6.158,11.536,19.761,0.00,0.00,0.00,0.00,0.00,0.00,0.00,0.00,0.00,0.00,0.00,0.00,0.00,0.00,0.00,0.00,0.00
20650,DL:0.1.0:AT.1.0.0,2022-3-4 7:19:54,30.50,0.00,0.00,17.683,2.079,-6.146,11.537,19.762,0.00,0.00,0.00,0.00,0.00,0.00,0.00,0.00,0.00,0.00,0.00,0.00,0.00,0.00,0.00,0.00,0.00
20650,DL:0.1.0:AT.1.0.0,2022-3-4 7:20:1,30.50,0.00,0.00,17.689,2.072,-6.152,11.537,19.761,0.00,0.00,0.00,0.00,0.00,0.00,0.00,0.00,0.00,0.00,0.00,0.00,0.00,0.00,0.00,0.00,0.00
20650,DL:0.1.0:AT.1.0.0,2022-3-4 7:20:6,30.50,0.00,0.00,17.678,2.082,-6.142,11.537,19.761,0.00,0.00,0.00,0.00,0.00,0.00,0.00,0.00,0.00,0.00,0.00,0.00,0.00,0.00,0.00,0.00,0.00
20650,DL:0.1.0:AT.1.0.0,2022-3-4 7:20:11,30.50,0.00,0.00,17.727,2.033,-6.191,11.536,19.760,0.00,0.00,0.00,0.00,0.00,0.00,0.00,0.00,0.00,0.00,0.00,0.00,0.00,0.00,0.00,0.00,0.00
20650,DL:0.1.0:AT.1.0.0,2022-3-4 7:20:19,30.50,0.00,0.00,17.674,2.087,-6.137,11.537,19.761,0.00,0.00,0.00,0.00,0.00,0.00,0.00,0.00,0.00,0.00,0.00,0.00,0.00,0.00,0.00,0.00,0.00
20650,DL:0.1.0:AT.1.0.0,2022-3-4 7:20:25,30.50,0.00,0.00,17.644,2.116,-6.106,11.538,19.760,0.00,0.00,0.00,0.00,0.00,0.00,0.00,0.00,0.00,0.00,0.00,0.00,0.00,0.00,0.00,0.00,0.00
20650,DL:0.1.0:AT.1.0.0,2022-3-4 7:20:32,30.50,0.00,0.00,17.652,2.108,-6.114,11.538,19.760,0.00,0.00,0.00,0.00,0.00,0.00,0.00,0.00,0.00,0.00,0.00,0.00,0.00,0.00,0.00,0.00,0.00
20650,DL:0.1.0:AT.1.0.0,2022-3-4 7:20:37,30.50,0.00,0.00,17.653,2.106,-6.114,11.539,19.760,0.00,0.00,0.00,0.00,0.00,0.00,0.00,0.00,0.00,0.00,0.00,0.00,0.00,0.00,0.00,0.00,0.00
20650,DL:0.1.0:AT.1.0.0,2022-3-4 7:20:42,30.50,0.00,0.00,17.681,2.078,-6.142,11.539,19.758,0.00,0.00,0.00,0.00,0.00,0.00,0.00,0.00,0.00,0.00,0.00,0.00,0.00,0.00,0.00,0.00,0.00
20650,DL:0.1.0:AT.1.0.0,2022-3-4 7:20:47,30.50,0.00,0.00,17.664,2.093,-6.125,11.539,19.757,0.00,0.00,0.00,0.00,0.00,0.00,0.00,0.00,0.00,0.00,0.00,0.00,0.00,0.00,0.00,0.00,0.00
20650,DL:0.1.0:AT.1.0.0,2022-3-4 7:20:52,30.50,0.00,0.00,17.657,2.102,-6.118,11.539,19.758,0.00,0.00,0.00,0.00,0.00,0.00,0.00,0.00,0.00,0.00,0.00,0.00,0.00,0.00,0.00,0.00,0.00
20650,DL:0.1.0:AT.1.0.0,2022-3-4 7:20:59,30.50,0.00,0.00,17.689,2.068,-6.150,11.539,19.757,0.00,0.00,0.00,0.00,0.00,0.00,0.00,0.00,0.00,0.00,0.00,0.00,0.00,0.00,0.00,0.00,0.00
20650,DL:0.1.0:AT.1.0.0,2022-3-4 7:21:4,30.50,0.00,0.00,17.651,2.106,-6.110,11.540,19.757,0.00,0.00,0.00,0.00,0.00,0.00,0.00,0.00,0.00,0.00,0.00,0.00,0.00,0.00,0.00,0.00,0.00
20650,DL:0.1.0:AT.1.0.0,2022-3-4 7:21:9,30.50,0.00,0.00,17.654,2.102,-6.115,11.539,19.756,0.00,0.00,0.00,0.00,0.00,0.00,0.00,0.00,0.00,0.00,0.00,0.00,0.00,0.00,0.00,0.00,0.00
20650,DL:0.1.0:AT.1.0.0,2022-3-4 7:21:17,30.50,0.00,0.00,17.675,2.080,-6.134,11.540,19.755,0.00,0.00,0.00,0.00,0.00,0.00,0.00,0.00,0.00,0.00,0.00,0.00,0.00,0.00,0.00,0.00,0.00
20650,DL:0.1.0:AT.1.0.0,2022-3-4 7:21:22,30.50,0.00,0.00,17.664,2.091,-6.122,11.542,19.755,0.00,0.00,0.00,0.00,0.00,0.00,0.00,0.00,0.00,0.00,0.00,0.00,0.00,0.00,0.00,0.00,0.00
20650,DL:0.1.0:AT.1.0.0,2022-3-4 7:21:29,30.50,0.00,0.00,17.681,2.074,-6.140,11.540,19.755,0.00,0.00,0.00,0.00,0.00,0.00,0.00,0.00,0.00,0.00,0.00,0.00,0.00,0.00,0.00,0.00,0.00
20650,DL:0.1.0:AT.1.0.0,2022-3-4 7:21:34,30.50,0.00,0.00,17.648,2.105,-6.108,11.540,19.754,0.00,0.00,0.00,0.00,0.00,0.00,0.00,0.00,0.00,0.00,0.00,0.00,0.00,0.00,0.00,0.00,0.00
20650,DL:0.1.0:AT.1.0.0,2022-3-4 7:21:40,30.50,0.00,0.00,17.654,2.099,-6.114,11.540,19.754,0.00,0.00,0.00,0.00,0.00,0.00,0.00,0.00,0.00,0.00,0.00,0.00,0.00,0.00,0.00,0.00,0.00
20650,DL:0.1.0:AT.1.0.0,2022-3-4 7:21:48,30.50,0.00,0.00,17.650,2.104,-6.108,11.542,19.754,0.00,0.00,0.00,0.00,0.00,0.00,0.00,0.00,0.00,0.00,0.00,0.00,0.00,0.00,0.00,0.00,0.00
20650,DL:0.1.0:AT.1.0.0,2022-3-4 7:21:54,30.50,0.00,0.00,17.650,2.103,-6.108,11.542,19.752,0.00,0.00,0.00,0.00,0.00,0.00,0.00,0.00,0.00,0.00,0.00,0.00,0.00,0.00,0.00,0.00,0.00
20650,DL:0.1.0:AT.1.0.0,2022-3-4 7:22:1,30.50,0.00,0.00,17.659,2.093,-6.118,11.542,19.752,0.00,0.00,0.00,0.00,0.00,0.00,0.00,0.00,0.00,0.00,0.00,0.00,0.00,0.00,0.00,0.00,0.00
20650,DL:0.1.0:AT.1.0.0,2022-3-4 7:22:8,30.50,0.00,0.00,17.668,2.084,-6.126,11.542,19.751,0.00,0.00,0.00,0.00,0.00,0.00,0.00,0.00,0.00,0.00,0.00,0.00,0.00,0.00,0.00,0.00,0.00
20650,DL:0.1.0:AT.1.0.0,2022-3-4 7:22:13,30.50,0.00,0.00,17.651,2.102,-6.110,11.540,19.752,0.00,0.00,0.00,0.00,0.00,0.00,0.00,0.00,0.00,0.00,0.00,0.00,0.00,0.00,0.00,0.00,0.00
20650,DL:0.1.0:AT.1.0.0,2022-3-4 7:22:18,30.50,0.00,0.00,17.688,2.063,-6.146,11.542,19.751,0.00,0.00,0.00,0.00,0.00,0.00,0.00,0.00,0.00,0.00,0.00,0.00,0.00,0.00,0.00,0.00,0.00
20650,DL:0.1.0:AT.1.0.0,2022-3-4 7:22:23,30.50,0.00,0.00,17.681,2.070,-6.139,11.542,19.751,0.00,0.00,0.00,0.00,0.00,0.00,0.00,0.00,0.00,0.00,0.00,0.00,0.00,0.00,0.00,0.00,0.00
20650,DL:0.1.0:AT.1.0.0,2022-3-4 7:22:28,30.50,0.00,0.00,17.672,2.079,-6.132,11.540,19.751,0.00,0.00,0.00,0.00,0.00,0.00,0.00,0.00,0.00,0.00,0.00,0.00,0.00,0.00,0.00,0.00,0.00
20650,DL:0.1.0:AT.1.0.0,2022-3-4 7:22:33,30.50,0.00,0.00,17.672,2.079,-6.131,11.542,19.751,0.00,0.00,0.00,0.00,0.00,0.00,0.00,0.00,0.00,0.00,0.00,0.00,0.00,0.00,0.00,0.00,0.00
20650,DL:0.1.0:AT.1.0.0,2022-3-4 7:22:39,30.50,0.00,0.00,17.663,2.087,-6.121,11.542,19.750,0.00,0.00,0.00,0.00,0.00,0.00,0.00,0.00,0.00,0.00,0.00,0.00,0.00,0.00,0.00,0.00,0.00
20650,DL:0.1.0:AT.1.0.0,2022-3-4 7:22:45,30.50,0.00,0.00,17.638,2.112,-6.096,11.542,19.750,0.00,0.00,0.00,0.00,0.00,0.00,0.00,0.00,0.00,0.00,0.00,0.00,0.00,0.00,0.00,0.00,0.00
20650,DL:0.1.0:AT.1.0.0,2022-3-4 7:22:50,30.50,0.00,0.00,17.660,2.090,-6.119,11.542,19.750,0.00,0.00,0.00,0.00,0.00,0.00,0.00,0.00,0.00,0.00,0.00,0.00,0.00,0.00,0.00,0.00,0.00
20650,DL:0.1.0:AT.1.0.0,2022-3-4 7:22:56,30.50,0.00,0.00,17.651,2.099,-6.109,11.542,19.750,0.00,0.00,0.00,0.00,0.00,0.00,0.00,0.00,0.00,0.00,0.00,0.00,0.00,0.00,0.00,0.00,0.00
20650,DL:0.1.0:AT.1.0.0,2022-3-4 7:23:1,30.50,0.00,0.00,17.654,2.096,-6.113,11.542,19.750,0.00,0.00,0.00,0.00,0.00,0.00,0.00,0.00,0.00,0.00,0.00,0.00,0.00,0.00,0.00,0.00,0.00
20650,DL:0.1.0:AT.1.0.0,2022-3-4 7:23:6,30.50,0.00,0.00,17.665,2.084,-6.122,11.543,19.749,0.00,0.00,0.00,0.00,0.00,0.00,0.00,0.00,0.00,0.00,0.00,0.00,0.00,0.00,0.00,0.00,0.00
20650,DL:0.1.0:AT.1.0.0,2022-3-4 7:23:12,30.50,0.00,0.00,17.654,2.093,-6.110,11.544,19.748,0.00,0.00,0.00,0.00,0.00,0.00,0.00,0.00,0.00,0.00,0.00,0.00,0.00,0.00,0.00,0.00,0.00
20650,DL:0.1.0:AT.1.0.0,2022-3-4 7:23:17,30.50,0.00,0.00,17.641,2.106,-6.097,11.544,19.748,0.00,0.00,0.00,0.00,0.00,0.00,0.00,0.00,0.00,0.00,0.00,0.00,0.00,0.00,0.00,0.00,0.00
20650,DL:0.1.0:AT.1.0.0,2022-3-4 7:23:24,30.50,0.00,0.00,17.682,2.067,-6.137,11.545,19.749,0.00,0.00,0.00,0.00,0.00,0.00,0.00,0.00,0.00,0.00,0.00,0.00,0.00,0.00,0.00,0.00,0.00
20650,DL:0.1.0:AT.1.0.0,2022-3-4 7:23:29,30.50,0.00,0.00,17.641,2.108,-6.097,11.544,19.749,0.00,0.00,0.00,0.00,0.00,0.00,0.00,0.00,0.00,0.00,0.00,0.00,0.00,0.00,0.00,0.00,0.00
20650,DL:0.1.0:AT.1.0.0,2022-3-4 7:23:37,30.50,0.00,0.00,17.621,2.128,-6.077,11.544,19.749,0.00,0.00,0.00,0.00,0.00,0.00,0.00,0.00,0.00,0.00,0.00,0.00,0.00,0.00,0.00,0.00,0.00
20650,DL:0.1.0:AT.1.0.0,2022-3-4 7:23:42,30.50,0.00,0.00,17.648,2.100,-6.104,11.544,19.749,0.00,0.00,0.00,0.00,0.00,0.00,0.00,0.00,0.00,0.00,0.00,0.00,0.00,0.00,0.00,0.00,0.00
20650,DL:0.1.0:AT.1.0.0,2022-3-4 7:23:47,30.50,0.00,0.00,17.648,2.100,-6.103,11.545,19.749,0.00,0.00,0.00,0.00,0.00,0.00,0.00,0.00,0.00,0.00,0.00,0.00,0.00,0.00,0.00,0.00,0.00
20650,DL:0.1.0:AT.1.0.0,2022-3-4 7:23:54,30.50,0.00,0.00,17.650,2.099,-6.106,11.544,19.749,0.00,0.00,0.00,0.00,0.00,0.00,0.00,0.00,0.00,0.00,0.00,0.00,0.00,0.00,0.00,0.00,0.00
20650,DL:0.1.0:AT.1.0.0,2022-3-4 7:24:1,30.50,0.00,0.00,17.657,2.092,-6.113,11.544,19.749,0.00,0.00,0.00,0.00,0.00,0.00,0.00,0.00,0.00,0.00,0.00,0.00,0.00,0.00,0.00,0.00,0.00
20650,DL:0.1.0:AT.1.0.0,2022-3-4 7:24:6,30.50,0.00,0.00,17.662,2.086,-6.118,11.544,19.748,0.00,0.00,0.00,0.00,0.00,0.00,0.00,0.00,0.00,0.00,0.00,0.00,0.00,0.00,0.00,0.00,0.00
20650,DL:0.1.0:AT.1.0.0,2022-3-4 7:24:11,30.50,0.00,0.00,17.664,2.085,-6.119,11.545,19.749,0.00,0.00,0.00,0.00,0.00,0.00,0.00,0.00,0.00,0.00,0.00,0.00,0.00,0.00,0.00,0.00,0.00
20650,DL:0.1.0:AT.1.0.0,2022-3-4 7:24:18,30.50,0.00,0.00,17.639,2.109,-6.095,11.544,19.748,0.00,0.00,0.00,0.00,0.00,0.00,0.00,0.00,0.00,0.00,0.00,0.00,0.00,0.00,0.00,0.00,0.00
20650,DL:0.1.0:AT.1.0.0,2022-3-4 7:24:25,30.50,0.00,0.00,17.621,2.128,-6.075,11.545,19.749,0.00,0.00,0.00,0.00,0.00,0.00,0.00,0.00,0.00,0.00,0.00,0.00,0.00,0.00,0.00,0.00,0.00
20650,DL:0.1.0:AT.1.0.0,2022-3-4 7:24:31,30.50,0.00,0.00,17.657,2.091,-6.113,11.544,19.748,0.00,0.00,0.00,0.00,0.00,0.00,0.00,0.00,0.00,0.00,0.00,0.00,0.00,0.00,0.00,0.00,0.00
20650,DL:0.1.0:AT.1.0.0,2022-3-4 7:24:37,30.50,0.00,0.00,17.656,2.093,-6.112,11.544,19.749,0.00,0.00,0.00,0.00,0.00,0.00,0.00,0.00,0.00,0.00,0.00,0.00,0.00,0.00,0.00,0.00,0.00
20650,DL:0.1.0:AT.1.0.0,2022-3-4 7:24:42,30.50,0.00,0.00,17.657,2.092,-6.113,11.544,19.749,0.00,0.00,0.00,0.00,0.00,0.00,0.00,0.00,0.00,0.00,0.00,0.00,0.00,0.00,0.00,0.00,0.00
20650,DL:0.1.0:AT.1.0.0,2022-3-4 7:24:47,30.50,0.00,0.00,17.651,2.098,-6.106,11.545,19.749,0.00,0.00,0.00,0.00,0.00,0.00,0.00,0.00,0.00,0.00,0.00,0.00,0.00,0.00,0.00,0.00,0.00
20650,DL:0.1.0:AT.1.0.0,2022-3-4 7:24:53,30.50,0.00,0.00,17.639,2.109,-6.093,11.545,19.748,0.00,0.00,0.00,0.00,0.00,0.00,0.00,0.00,0.00,0.00,0.00,0.00,0.00,0.00,0.00,0.00,0.00
20650,DL:0.1.0:AT.1.0.0,2022-3-4 7:24:59,30.50,0.00,0.00,17.640,2.108,-6.095,11.545,19.748,0.00,0.00,0.00,0.00,0.00,0.00,0.00,0.00,0.00,0.00,0.00,0.00,0.00,0.00,0.00,0.00,0.00
20650,DL:0.1.0:AT.1.0.0,2022-3-4 7:25:4,30.50,0.00,0.00,17.645,2.104,-6.099,11.545,19.749,0.00,0.00,0.00,0.00,0.00,0.00,0.00,0.00,0.00,0.00,0.00,0.00,0.00,0.00,0.00,0.00,0.00
20650,DL:0.1.0:AT.1.0.0,2022-3-4 7:25:9,30.50,0.00,0.00,17.639,2.110,-6.093,11.545,19.749,0.00,0.00,0.00,0.00,0.00,0.00,0.00,0.00,0.00,0.00,0.00,0.00,0.00,0.00,0.00,0.00,0.00
20650,DL:0.1.0:AT.1.0.0,2022-3-4 7:25:14,30.50,0.00,0.00,17.657,2.092,-6.112,11.545,19.749,0.00,0.00,0.00,0.00,0.00,0.00,0.00,0.00,0.00,0.00,0.00,0.00,0.00,0.00,0.00,0.00,0.00
20650,DL:0.1.0:AT.1.0.0,2022-3-4 7:25:20,30.50,0.00,0.00,17.671,2.078,-6.127,11.544,19.749,0.00,0.00,0.00,0.00,0.00,0.00,0.00,0.00,0.00,0.00,0.00,0.00,0.00,0.00,0.00,0.00,0.00
20650,DL:0.1.0:AT.1.0.0,2022-3-4 7:25:25,30.50,0.00,0.00,17.628,2.121,-6.084,11.544,19.749,0.00,0.00,0.00,0.00,0.00,0.00,0.00,0.00,0.00,0.00,0.00,0.00,0.00,0.00,0.00,0.00,0.00
20650,DL:0.1.0:AT.1.0.0,2022-3-4 7:25:30,30.50,0.00,0.00,17.615,2.134,-6.071,11.544,19.749,0.00,0.00,0.00,0.00,0.00,0.00,0.00,0.00,0.00,0.00,0.00,0.00,0.00,0.00,0.00,0.00,0.00
20650,DL:0.1.0:AT.1.0.0,2022-3-4 7:25:36,30.50,0.00,0.00,17.618,2.130,-6.074,11.544,19.749,0.00,0.00,0.00,0.00,0.00,0.00,0.00,0.00,0.00,0.00,0.00,0.00,0.00,0.00,0.00,0.00,0.00
20650,DL:0.1.0:AT.1.0.0,2022-3-4 7:25:41,30.50,0.00,0.00,17.676,2.073,-6.132,11.544,19.749,0.00,0.00,0.00,0.00,0.00,0.00,0.00,0.00,0.00,0.00,0.00,0.00,0.00,0.00,0.00,0.00,0.00
20650,DL:0.1.0:AT.1.0.0,2022-3-4 7:25:46,30.50,0.00,0.00,17.657,2.092,-6.113,11.544,19.749,0.00,0.00,0.00,0.00,0.00,0.00,0.00,0.00,0.00,0.00,0.00,0.00,0.00,0.00,0.00,0.00,0.00
20650,DL:0.1.0:AT.1.0.0,2022-3-4 7:25:51,30.50,0.00,0.00,17.633,2.116,-6.090,11.543,19.749,0.00,0.00,0.00,0.00,0.00,0.00,0.00,0.00,0.00,0.00,0.00,0.00,0.00,0.00,0.00,0.00,0.00
20650,DL:0.1.0:AT.1.0.0,2022-3-4 7:25:57,30.25,0.00,0.00,17.657,2.092,-6.114,11.543,19.749,0.00,0.00,0.00,0.00,0.00,0.00,0.00,0.00,0.00,0.00,0.00,0.00,0.00,0.00,0.00,0.00,0.00
20650,DL:0.1.0:AT.1.0.0,2022-3-4 7:26:2,30.25,0.00,0.00,17.674,2.074,-6.131,11.543,19.748,0.00,0.00,0.00,0.00,0.00,0.00,0.00,0.00,0.00,0.00,0.00,0.00,0.00,0.00,0.00,0.00,0.00
20650,DL:0.1.0:AT.1.0.0,2022-3-4 7:26:8,30.25,0.00,0.00,17.640,2.109,-6.096,11.544,19.749,0.00,0.00,0.00,0.00,0.00,0.00,0.00,0.00,0.00,0.00,0.00,0.00,0.00,0.00,0.00,0.00,0.00
20650,DL:0.1.0:AT.1.0.0,2022-3-4 7:26:14,30.25,0.00,0.00,17.658,2.092,-6.114,11.544,19.750,0.00,0.00,0.00,0.00,0.00,0.00,0.00,0.00,0.00,0.00,0.00,0.00,0.00,0.00,0.00,0.00,0.00
20650,DL:0.1.0:AT.1.0.0,2022-3-4 7:26:21,30.25,0.00,0.00,17.640,2.110,-6.095,11.545,19.750,0.00,0.00,0.00,0.00,0.00,0.00,0.00,0.00,0.00,0.00,0.00,0.00,0.00,0.00,0.00,0.00,0.00
20650,DL:0.1.0:AT.1.0.0,2022-3-4 7:26:26,30.25,0.00,0.00,17.663,2.088,-6.118,11.545,19.751,0.00,0.00,0.00,0.00,0.00,0.00,0.00,0.00,0.00,0.00,0.00,0.00,0.00,0.00,0.00,0.00,0.00
20650,DL:0.1.0:AT.1.0.0,2022-3-4 7:26:31,30.25,0.00,0.00,17.618,2.133,-6.073,11.545,19.751,0.00,0.00,0.00,0.00,0.00,0.00,0.00,0.00,0.00,0.00,0.00,0.00,0.00,0.00,0.00,0.00,0.00
20650,DL:0.1.0:AT.1.0.0,2022-3-4 7:26:36,30.25,0.00,0.00,17.642,2.109,-6.097,11.545,19.751,0.00,0.00,0.00,0.00,0.00,0.00,0.00,0.00,0.00,0.00,0.00,0.00,0.00,0.00,0.00,0.00,0.00
20650,DL:0.1.0:AT.1.0.0,2022-3-4 7:26:42,30.25,0.00,0.00,17.640,2.111,-6.096,11.544,19.751,0.00,0.00,0.00,0.00,0.00,0.00,0.00,0.00,0.00,0.00,0.00,0.00,0.00,0.00,0.00,0.00,0.00
20650,DL:0.1.0:AT.1.0.0,2022-3-4 7:26:47,30.25,0.00,0.00,17.632,2.121,-6.086,11.545,19.752,0.00,0.00,0.00,0.00,0.00,0.00,0.00,0.00,0.00,0.00,0.00,0.00,0.00,0.00,0.00,0.00,0.00
20650,DL:0.1.0:AT.1.0.0,2022-3-4 7:26:52,30.25,0.00,0.00,17.642,2.109,-6.097,11.545,19.751,0.00,0.00,0.00,0.00,0.00,0.00,0.00,0.00,0.00,0.00,0.00,0.00,0.00,0.00,0.00,0.00,0.00
20650,DL:0.1.0:AT.1.0.0,2022-3-4 7:26:57,30.25,0.00,0.00,17.666,2.086,-6.121,11.545,19.752,0.00,0.00,0.00,0.00,0.00,0.00,0.00,0.00,0.00,0.00,0.00,0.00,0.00,0.00,0.00,0.00,0.00
20650,DL:0.1.0:AT.1.0.0,2022-3-4 7:27:2,30.25,0.00,0.00,17.663,2.091,-6.116,11.547,19.754,0.00,0.00,0.00,0.00,0.00,0.00,0.00,0.00,0.00,0.00,0.00,0.00,0.00,0.00,0.00,0.00,0.00
20650,DL:0.1.0:AT.1.0.0,2022-3-4 7:27:7,30.25,0.00,0.00,17.652,2.100,-6.106,11.547,19.752,0.00,0.00,0.00,0.00,0.00,0.00,0.00,0.00,0.00,0.00,0.00,0.00,0.00,0.00,0.00,0.00,0.00
20650,DL:0.1.0:AT.1.0.0,2022-3-4 7:27:12,30.25,0.00,0.00,17.642,2.111,-6.096,11.547,19.754,0.00,0.00,0.00,0.00,0.00,0.00,0.00,0.00,0.00,0.00,0.00,0.00,0.00,0.00,0.00,0.00,0.00
20650,DL:0.1.0:AT.1.0.0,2022-3-4 7:27:17,30.25,0.00,0.00,17.653,2.100,-6.107,11.547,19.754,0.00,0.00,0.00,0.00,0.00,0.00,0.00,0.00,0.00,0.00,0.00,0.00,0.00,0.00,0.00,0.00,0.00
20650,DL:0.1.0:AT.1.0.0,2022-3-4 7:27:22,30.25,0.00,0.00,17.632,2.123,-6.085,11.547,19.755,0.00,0.00,0.00,0.00,0.00,0.00,0.00,0.00,0.00,0.00,0.00,0.00,0.00,0.00,0.00,0.00,0.00
20650,DL:0.1.0:AT.1.0.0,2022-3-4 7:27:28,30.25,0.00,0.00,17.638,2.117,-6.091,11.547,19.755,0.00,0.00,0.00,0.00,0.00,0.00,0.00,0.00,0.00,0.00,0.00,0.00,0.00,0.00,0.00,0.00,0.00
20650,DL:0.1.0:AT.1.0.0,2022-3-4 7:27:33,30.25,0.00,0.00,17.615,2.140,-6.068,11.547,19.755,0.00,0.00,0.00,0.00,0.00,0.00,0.00,0.00,0.00,0.00,0.00,0.00,0.00,0.00,0.00,0.00,0.00
20650,DL:0.1.0:AT.1.0.0,2022-3-4 7:27:38,30.25,0.00,0.00,17.615,2.140,-6.068,11.547,19.755,0.00,0.00,0.00,0.00,0.00,0.00,0.00,0.00,0.00,0.00,0.00,0.00,0.00,0.00,0.00,0.00,0.00
20650,DL:0.1.0:AT.1.0.0,2022-3-4 7:27:43,30.25,0.00,0.00,17.626,2.132,-6.079,11.547,19.757,0.00,0.00,0.00,0.00,0.00,0.00,0.00,0.00,0.00,0.00,0.00,0.00,0.00,0.00,0.00,0.00,0.00
20650,DL:0.1.0:AT.1.0.0,2022-3-4 7:27:50,30.25,0.00,0.00,17.644,2.114,-6.096,11.548,19.757,0.00,0.00,0.00,0.00,0.00,0.00,0.00,0.00,0.00,0.00,0.00,0.00,0.00,0.00,0.00,0.00,0.00
20650,DL:0.1.0:AT.1.0.0,2022-3-4 7:27:57,30.25,0.00,0.00,17.638,2.121,-6.090,11.548,19.758,0.00,0.00,0.00,0.00,0.00,0.00,0.00,0.00,0.00,0.00,0.00,0.00,0.00,0.00,0.00,0.00,0.00
20650,DL:0.1.0:AT.1.0.0,2022-3-4 7:28:3,30.50,0.00,0.00,17.642,2.116,-6.096,11.547,19.758,0.00,0.00,0.00,0.00,0.00,0.00,0.00,0.00,0.00,0.00,0.00,0.00,0.00,0.00,0.00,0.00,0.00
20650,DL:0.1.0:AT.1.0.0,2022-3-4 7:28:8,30.50,0.00,0.00,17.624,2.134,-6.075,11.549,19.758,0.00,0.00,0.00,0.00,0.00,0.00,0.00,0.00,0.00,0.00,0.00,0.00,0.00,0.00,0.00,0.00,0.00
20650,DL:0.1.0:AT.1.0.0,2022-3-4 7:28:13,30.50,0.00,0.00,17.598,2.162,-6.050,11.548,19.760,0.00,0.00,0.00,0.00,0.00,0.00,0.00,0.00,0.00,0.00,0.00,0.00,0.00,0.00,0.00,0.00,0.00
20650,DL:0.1.0:AT.1.0.0,2022-3-4 7:28:18,30.50,0.00,0.00,17.623,2.138,-6.075,11.548,19.761,0.00,0.00,0.00,0.00,0.00,0.00,0.00,0.00,0.00,0.00,0.00,0.00,0.00,0.00,0.00,0.00,0.00
20650,DL:0.1.0:AT.1.0.0,2022-3-4 7:28:24,30.50,0.00,0.00,17.641,2.121,-6.093,11.548,19.762,0.00,0.00,0.00,0.00,0.00,0.00,0.00,0.00,0.00,0.00,0.00,0.00,0.00,0.00,0.00,0.00,0.00
20650,DL:0.1.0:AT.1.0.0,2022-3-4 7:28:32,30.50,0.00,0.00,17.633,2.129,-6.084,11.549,19.762,0.00,0.00,0.00,0.00,0.00,0.00,0.00,0.00,0.00,0.00,0.00,0.00,0.00,0.00,0.00,0.00,0.00
20650,DL:0.1.0:AT.1.0.0,2022-3-4 7:28:37,30.50,0.00,0.00,17.628,2.135,-6.079,11.549,19.763,0.00,0.00,0.00,0.00,0.00,0.00,0.00,0.00,0.00,0.00,0.00,0.00,0.00,0.00,0.00,0.00,0.00
20650,DL:0.1.0:AT.1.0.0,2022-3-4 7:28:42,30.50,0.00,0.00,17.654,2.109,-6.106,11.549,19.763,0.00,0.00,0.00,0.00,0.00,0.00,0.00,0.00,0.00,0.00,0.00,0.00,0.00,0.00,0.00,0.00,0.00
20650,DL:0.1.0:AT.1.0.0,2022-3-4 7:28:47,30.50,0.00,0.00,17.650,2.115,-6.101,11.549,19.764,0.00,0.00,0.00,0.00,0.00,0.00,0.00,0.00,0.00,0.00,0.00,0.00,0.00,0.00,0.00,0.00,0.00
20650,DL:0.1.0:AT.1.0.0,2022-3-4 7:28:52,30.50,0.00,0.00,17.640,2.126,-6.091,11.549,19.766,0.00,0.00,0.00,0.00,0.00,0.00,0.00,0.00,0.00,0.00,0.00,0.00,0.00,0.00,0.00,0.00,0.00
20650,DL:0.1.0:AT.1.0.0,2022-3-4 7:28:59,30.50,0.00,0.00,17.648,2.117,-6.099,11.549,19.766,0.00,0.00,0.00,0.00,0.00,0.00,0.00,0.00,0.00,0.00,0.00,0.00,0.00,0.00,0.00,0.00,0.00
20650,DL:0.1.0:AT.1.0.0,2022-3-4 7:29:5,30.50,0.00,0.00,17.638,2.128,-6.089,11.549,19.766,0.00,0.00,0.00,0.00,0.00,0.00,0.00,0.00,0.00,0.00,0.00,0.00,0.00,0.00,0.00,0.00,0.00
20650,DL:0.1.0:AT.1.0.0,2022-3-4 7:29:10,30.25,0.00,0.00,17.636,2.130,-6.087,11.549,19.767,0.00,0.00,0.00,0.00,0.00,0.00,0.00,0.00,0.00,0.00,0.00,0.00,0.00,0.00,0.00,0.00,0.00
20650,DL:0.1.0:AT.1.0.0,2022-3-4 7:29:15,30.25,0.00,0.00,17.633,2.134,-6.084,11.549,19.767,0.00,0.00,0.00,0.00,0.00,0.00,0.00,0.00,0.00,0.00,0.00,0.00,0.00,0.00,0.00,0.00,0.00
20650,DL:0.1.0:AT.1.0.0,2022-3-4 7:29:20,30.25,0.00,0.00,17.639,2.130,-6.089,11.550,19.769,0.00,0.00,0.00,0.00,0.00,0.00,0.00,0.00,0.00,0.00,0.00,0.00,0.00,0.00,0.00,0.00,0.00
20650,DL:0.1.0:AT.1.0.0,2022-3-4 7:29:26,30.25,0.00,0.00,17.646,2.124,-6.096,11.550,19.770,0.00,0.00,0.00,0.00,0.00,0.00,0.00,0.00,0.00,0.00,0.00,0.00,0.00,0.00,0.00,0.00,0.00
20650,DL:0.1.0:AT.1.0.0,2022-3-4 7:29:34,30.25,0.00,0.00,17.640,2.130,-6.090,11.550,19.770,0.00,0.00,0.00,0.00,0.00,0.00,0.00,0.00,0.00,0.00,0.00,0.00,0.00,0.00,0.00,0.00,0.00
20650,DL:0.1.0:AT.1.0.0,2022-3-4 7:29:39,30.25,0.00,0.00,17.616,2.155,-6.066,11.550,19.770,0.00,0.00,0.00,0.00,0.00,0.00,0.00,0.00,0.00,0.00,0.00,0.00,0.00,0.00,0.00,0.00,0.00
20650,DL:0.1.0:AT.1.0.0,2022-3-4 7:29:44,30.25,0.00,0.00,17.596,2.176,-6.045,11.550,19.772,0.00,0.00,0.00,0.00,0.00,0.00,0.00,0.00,0.00,0.00,0.00,0.00,0.00,0.00,0.00,0.00,0.00
20650,DL:0.1.0:AT.1.0.0,2022-3-4 7:29:50,30.25,0.00,0.00,17.590,2.183,-6.038,11.551,19.773,0.00,0.00,0.00,0.00,0.00,0.00,0.00,0.00,0.00,0.00,0.00,0.00,0.00,0.00,0.00,0.00,0.00
20650,DL:0.1.0:AT.1.0.0,2022-3-4 7:29:55,30.25,0.00,0.00,17.573,2.200,-6.021,11.551,19.773,0.00,0.00,0.00,0.00,0.00,0.00,0.00,0.00,0.00,0.00,0.00,0.00,0.00,0.00,0.00,0.00,0.00
20650,DL:0.1.0:AT.1.0.0,2022-3-4 7:30:0,30.25,0.00,0.00,17.615,2.158,-6.062,11.553,19.773,0.00,0.00,0.00,0.00,0.00,0.00,0.00,0.00,0.00,0.00,0.00,0.00,0.00,0.00,0.00,0.00,0.00
20650,DL:0.1.0:AT.1.0.0,2022-3-4 7:30:5,30.25,0.00,0.00,17.603,2.171,-6.050,11.553,19.774,0.00,0.00,0.00,0.00,0.00,0.00,0.00,0.00,0.00,0.00,0.00,0.00,0.00,0.00,0.00,0.00,0.00
20650,DL:0.1.0:AT.1.0.0,2022-3-4 7:30:10,30.25,0.00,0.00,17.582,2.192,-6.031,11.551,19.774,0.00,0.00,0.00,0.00,0.00,0.00,0.00,0.00,0.00,0.00,0.00,0.00,0.00,0.00,0.00,0.00,0.00
20650,DL:0.1.0:AT.1.0.0,2022-3-4 7:30:17,30.25,0.00,0.00,17.605,2.169,-6.053,11.553,19.774,0.00,0.00,0.00,0.00,0.00,0.00,0.00,0.00,0.00,0.00,0.00,0.00,0.00,0.00,0.00,0.00,0.00
20650,DL:0.1.0:AT.1.0.0,2022-3-4 7:30:23,30.25,0.00,0.00,17.606,2.169,-6.054,11.553,19.775,0.00,0.00,0.00,0.00,0.00,0.00,0.00,0.00,0.00,0.00,0.00,0.00,0.00,0.00,0.00,0.00,0.00
20650,DL:0.1.0:AT.1.0.0,2022-3-4 7:30:28,30.25,0.00,0.00,17.629,2.147,-6.075,11.554,19.776,0.00,0.00,0.00,0.00,0.00,0.00,0.00,0.00,0.00,0.00,0.00,0.00,0.00,0.00,0.00,0.00,0.00
20650,DL:0.1.0:AT.1.0.0,2022-3-4 7:30:35,30.25,0.00,0.00,17.632,2.146,-6.078,11.554,19.778,0.00,0.00,0.00,0.00,0.00,0.00,0.00,0.00,0.00,0.00,0.00,0.00,0.00,0.00,0.00,0.00,0.00
20650,DL:0.1.0:AT.1.0.0,2022-3-4 7:30:41,30.25,0.00,0.00,17.606,2.173,-6.053,11.554,19.779,0.00,0.00,0.00,0.00,0.00,0.00,0.00,0.00,0.00,0.00,0.00,0.00,0.00,0.00,0.00,0.00,0.00
20650,DL:0.1.0:AT.1.0.0,2022-3-4 7:30:47,30.25,0.00,0.00,17.579,2.200,-6.026,11.553,19.779,0.00,0.00,0.00,0.00,0.00,0.00,0.00,0.00,0.00,0.00,0.00,0.00,0.00,0.00,0.00,0.00,0.00
20650,DL:0.1.0:AT.1.0.0,2022-3-4 7:30:53,30.25,0.00,0.00,17.603,2.176,-6.049,11.554,19.779,0.00,0.00,0.00,0.00,0.00,0.00,0.00,0.00,0.00,0.00,0.00,0.00,0.00,0.00,0.00,0.00,0.00
20650,DL:0.1.0:AT.1.0.0,2022-3-4 7:30:59,30.25,0.00,0.00,17.629,2.150,-6.075,11.554,19.779,0.00,0.00,0.00,0.00,0.00,0.00,0.00,0.00,0.00,0.00,0.00,0.00,0.00,0.00,0.00,0.00,0.00
20650,DL:0.1.0:AT.1.0.0,2022-3-4 7:31:6,30.25,0.00,0.00,17.615,2.164,-6.059,11.556,19.779,0.00,0.00,0.00,0.00,0.00,0.00,0.00,0.00,0.00,0.00,0.00,0.00,0.00,0.00,0.00,0.00,0.00
20650,DL:0.1.0:AT.1.0.0,2022-3-4 7:31:11,30.25,0.00,0.00,17.570,2.209,-6.015,11.555,19.779,0.00,0.00,0.00,0.00,0.00,0.00,0.00,0.00,0.00,0.00,0.00,0.00,0.00,0.00,0.00,0.00,0.00
20650,DL:0.1.0:AT.1.0.0,2022-3-4 7:31:18,30.25,0.00,0.00,17.600,2.179,-6.045,11.555,19.779,0.00,0.00,0.00,0.00,0.00,0.00,0.00,0.00,0.00,0.00,0.00,0.00,0.00,0.00,0.00,0.00,0.00
20650,DL:0.1.0:AT.1.0.0,2022-3-4 7:31:23,30.25,0.00,0.00,17.586,2.193,-6.031,11.555,19.779,0.00,0.00,0.00,0.00,0.00,0.00,0.00,0.00,0.00,0.00,0.00,0.00,0.00,0.00,0.00,0.00,0.00
20650,DL:0.1.0:AT.1.0.0,2022-3-4 7:31:28,30.25,0.00,0.00,17.581,2.198,-6.026,11.555,19.779,0.00,0.00,0.00,0.00,0.00,0.00,0.00,0.00,0.00,0.00,0.00,0.00,0.00,0.00,0.00,0.00,0.00
20650,DL:0.1.0:AT.1.0.0,2022-3-4 7:31:33,30.25,0.00,0.00,17.576,2.203,-6.020,11.556,19.779,0.00,0.00,0.00,0.00,0.00,0.00,0.00,0.00,0.00,0.00,0.00,0.00,0.00,0.00,0.00,0.00,0.00
20650,DL:0.1.0:AT.1.0.0,2022-3-4 7:31:40,30.25,0.00,0.00,17.575,2.203,-6.020,11.555,19.778,0.00,0.00,0.00,0.00,0.00,0.00,0.00,0.00,0.00,0.00,0.00,0.00,0.00,0.00,0.00,0.00,0.00
20650,DL:0.1.0:AT.1.0.0,2022-3-4 7:31:45,30.25,0.00,0.00,17.594,2.183,-6.038,11.556,19.778,0.00,0.00,0.00,0.00,0.00,0.00,0.00,0.00,0.00,0.00,0.00,0.00,0.00,0.00,0.00,0.00,0.00
20650,DL:0.1.0:AT.1.0.0,2022-3-4 7:31:50,30.25,0.00,0.00,17.593,2.186,-6.037,11.556,19.779,0.00,0.00,0.00,0.00,0.00,0.00,0.00,0.00,0.00,0.00,0.00,0.00,0.00,0.00,0.00,0.00,0.00
20650,DL:0.1.0:AT.1.0.0,2022-3-4 7:31:56,30.25,0.00,0.00,17.594,2.183,-6.037,11.557,19.778,0.00,0.00,0.00,0.00,0.00,0.00,0.00,0.00,0.00,0.00,0.00,0.00,0.00,0.00,0.00,0.00,0.00
20650,DL:0.1.0:AT.1.0.0,2022-3-4 7:32:3,30.25,0.00,0.00,17.582,2.195,-6.025,11.557,19.778,0.00,0.00,0.00,0.00,0.00,0.00,0.00,0.00,0.00,0.00,0.00,0.00,0.00,0.00,0.00,0.00,0.00
20650,DL:0.1.0:AT.1.0.0,2022-3-4 7:32:10,30.25,0.00,0.00,17.596,2.183,-6.038,11.557,19.779,0.00,0.00,0.00,0.00,0.00,0.00,0.00,0.00,0.00,0.00,0.00,0.00,0.00,0.00,0.00,0.00,0.00
20650,DL:0.1.0:AT.1.0.0,2022-3-4 7:32:17,30.25,0.00,0.00,17.597,2.182,-6.039,11.557,19.779,0.00,0.00,0.00,0.00,0.00,0.00,0.00,0.00,0.00,0.00,0.00,0.00,0.00,0.00,0.00,0.00,0.00
20650,DL:0.1.0:AT.1.0.0,2022-3-4 7:32:22,30.25,0.00,0.00,17.581,2.198,-6.024,11.557,19.779,0.00,0.00,0.00,0.00,0.00,0.00,0.00,0.00,0.00,0.00,0.00,0.00,0.00,0.00,0.00,0.00,0.00
20650,DL:0.1.0:AT.1.0.0,2022-3-4 7:32:27,30.25,0.00,0.00,17.587,2.191,-6.029,11.559,19.778,0.00,0.00,0.00,0.00,0.00,0.00,0.00,0.00,0.00,0.00,0.00,0.00,0.00,0.00,0.00,0.00,0.00
20650,DL:0.1.0:AT.1.0.0,2022-3-4 7:32:32,30.25,0.00,0.00,17.593,2.186,-6.035,11.559,19.779,0.00,0.00,0.00,0.00,0.00,0.00,0.00,0.00,0.00,0.00,0.00,0.00,0.00,0.00,0.00,0.00,0.00
20650,DL:0.1.0:AT.1.0.0,2022-3-4 7:32:39,30.25,0.00,0.00,17.602,2.177,-6.043,11.559,19.779,0.00,0.00,0.00,0.00,0.00,0.00,0.00,0.00,0.00,0.00,0.00,0.00,0.00,0.00,0.00,0.00,0.00
20650,DL:0.1.0:AT.1.0.0,2022-3-4 7:32:44,30.25,0.00,0.00,17.587,2.192,-6.029,11.559,19.779,0.00,0.00,0.00,0.00,0.00,0.00,0.00,0.00,0.00,0.00,0.00,0.00,0.00,0.00,0.00,0.00,0.00
20650,DL:0.1.0:AT.1.0.0,2022-3-4 7:32:49,30.25,0.00,0.00,17.565,2.215,-6.006,11.560,19.780,0.00,0.00,0.00,0.00,0.00,0.00,0.00,0.00,0.00,0.00,0.00,0.00,0.00,0.00,0.00,0.00,0.00
20650,DL:0.1.0:AT.1.0.0,2022-3-4 7:32:54,30.25,0.00,0.00,17.552,2.227,-5.993,11.560,19.779,0.00,0.00,0.00,0.00,0.00,0.00,0.00,0.00,0.00,0.00,0.00,0.00,0.00,0.00,0.00,0.00,0.00
20650,DL:0.1.0:AT.1.0.0,2022-3-4 7:32:59,30.25,0.00,0.00,17.571,2.209,-6.013,11.559,19.780,0.00,0.00,0.00,0.00,0.00,0.00,0.00,0.00,0.00,0.00,0.00,0.00,0.00,0.00,0.00,0.00,0.00
20650,DL:0.1.0:AT.1.0.0,2022-3-4 7:33:5,30.25,0.00,0.00,17.571,2.207,-6.012,11.560,19.779,0.00,0.00,0.00,0.00,0.00,0.00,0.00,0.00,0.00,0.00,0.00,0.00,0.00,0.00,0.00,0.00,0.00
20650,DL:0.1.0:AT.1.0.0,2022-3-4 7:33:12,30.25,0.00,0.00,17.596,2.182,-6.036,11.560,19.778,0.00,0.00,0.00,0.00,0.00,0.00,0.00,0.00,0.00,0.00,0.00,0.00,0.00,0.00,0.00,0.00,0.00
20650,DL:0.1.0:AT.1.0.0,2022-3-4 7:33:19,30.25,0.00,0.00,17.581,2.197,-6.020,11.561,19.778,0.00,0.00,0.00,0.00,0.00,0.00,0.00,0.00,0.00,0.00,0.00,0.00,0.00,0.00,0.00,0.00,0.00
20650,DL:0.1.0:AT.1.0.0,2022-3-4 7:33:24,30.25,0.00,0.00,17.584,2.193,-6.023,11.561,19.776,0.00,0.00,0.00,0.00,0.00,0.00,0.00,0.00,0.00,0.00,0.00,0.00,0.00,0.00,0.00,0.00,0.00
20650,DL:0.1.0:AT.1.0.0,2022-3-4 7:33:29,30.25,0.00,0.00,17.561,2.216,-6.000,11.561,19.776,0.00,0.00,0.00,0.00,0.00,0.00,0.00,0.00,0.00,0.00,0.00,0.00,0.00,0.00,0.00,0.00,0.00
20650,DL:0.1.0:AT.1.0.0,2022-3-4 7:33:34,30.25,0.00,0.00,17.568,2.209,-6.007,11.561,19.776,0.00,0.00,0.00,0.00,0.00,0.00,0.00,0.00,0.00,0.00,0.00,0.00,0.00,0.00,0.00,0.00,0.00
20650,DL:0.1.0:AT.1.0.0,2022-3-4 7:33:43,30.25,0.00,0.00,17.585,2.191,-6.023,11.562,19.775,0.00,0.00,0.00,0.00,0.00,0.00,0.00,0.00,0.00,0.00,0.00,0.00,0.00,0.00,0.00,0.00,0.00
20650,DL:0.1.0:AT.1.0.0,2022-3-4 7:33:48,30.25,0.00,0.00,17.576,2.199,-6.014,11.562,19.775,0.00,0.00,0.00,0.00,0.00,0.00,0.00,0.00,0.00,0.00,0.00,0.00,0.00,0.00,0.00,0.00,0.00
20650,DL:0.1.0:AT.1.0.0,2022-3-4 7:33:55,30.25,0.00,0.00,17.575,2.200,-6.013,11.562,19.775,0.00,0.00,0.00,0.00,0.00,0.00,0.00,0.00,0.00,0.00,0.00,0.00,0.00,0.00,0.00,0.00,0.00
20650,DL:0.1.0:AT.1.0.0,2022-3-4 7:34:0,30.25,0.00,0.00,17.573,2.201,-6.011,11.562,19.774,0.00,0.00,0.00,0.00,0.00,0.00,0.00,0.00,0.00,0.00,0.00,0.00,0.00,0.00,0.00,0.00,0.00
20650,DL:0.1.0:AT.1.0.0,2022-3-4 7:34:5,30.25,0.00,0.00,17.568,2.205,-6.005,11.563,19.773,0.00,0.00,0.00,0.00,0.00,0.00,0.00,0.00,0.00,0.00,0.00,0.00,0.00,0.00,0.00,0.00,0.00
20650,DL:0.1.0:AT.1.0.0,2022-3-4 7:34:10,30.25,0.00,0.00,17.537,2.235,-5.975,11.562,19.772,0.00,0.00,0.00,0.00,0.00,0.00,0.00,0.00,0.00,0.00,0.00,0.00,0.00,0.00,0.00,0.00,0.00
20650,DL:0.1.0:AT.1.0.0,2022-3-4 7:34:17,30.25,0.00,0.00,17.547,2.224,-5.984,11.563,19.772,0.00,0.00,0.00,0.00,0.00,0.00,0.00,0.00,0.00,0.00,0.00,0.00,0.00,0.00,0.00,0.00,0.00
20650,DL:0.1.0:AT.1.0.0,2022-3-4 7:34:22,30.25,0.00,0.00,17.568,2.201,-6.003,11.565,19.769,0.00,0.00,0.00,0.00,0.00,0.00,0.00,0.00,0.00,0.00,0.00,0.00,0.00,0.00,0.00,0.00,0.00
20650,DL:0.1.0:AT.1.0.0,2022-3-4 7:34:27,30.25,0.00,0.00,17.546,2.223,-5.983,11.563,19.769,0.00,0.00,0.00,0.00,0.00,0.00,0.00,0.00,0.00,0.00,0.00,0.00,0.00,0.00,0.00,0.00,0.00
20650,DL:0.1.0:AT.1.0.0,2022-3-4 7:34:32,30.25,0.00,0.00,17.547,2.221,-5.983,11.565,19.768,0.00,0.00,0.00,0.00,0.00,0.00,0.00,0.00,0.00,0.00,0.00,0.00,0.00,0.00,0.00,0.00,0.00
20650,DL:0.1.0:AT.1.0.0,2022-3-4 7:34:37,30.25,0.00,0.00,17.588,2.179,-6.023,11.566,19.767,0.00,0.00,0.00,0.00,0.00,0.00,0.00,0.00,0.00,0.00,0.00,0.00,0.00,0.00,0.00,0.00,0.00
20650,DL:0.1.0:AT.1.0.0,2022-3-4 7:34:42,30.25,0.00,0.00,17.564,2.203,-6.000,11.565,19.767,0.00,0.00,0.00,0.00,0.00,0.00,0.00,0.00,0.00,0.00,0.00,0.00,0.00,0.00,0.00,0.00,0.00
20650,DL:0.1.0:AT.1.0.0,2022-3-4 7:34:48,30.25,0.00,0.00,17.565,2.201,-6.000,11.566,19.767,0.00,0.00,0.00,0.00,0.00,0.00,0.00,0.00,0.00,0.00,0.00,0.00,0.00,0.00,0.00,0.00,0.00
20650,DL:0.1.0:AT.1.0.0,2022-3-4 7:34:53,30.25,0.00,0.00,17.568,2.198,-6.002,11.566,19.766,0.00,0.00,0.00,0.00,0.00,0.00,0.00,0.00,0.00,0.00,0.00,0.00,0.00,0.00,0.00,0.00,0.00
20650,DL:0.1.0:AT.1.0.0,2022-3-4 7:34:58,30.25,0.00,0.00,17.569,2.195,-6.003,11.566,19.764,0.00,0.00,0.00,0.00,0.00,0.00,0.00,0.00,0.00,0.00,0.00,0.00,0.00,0.00,0.00,0.00,0.00
20650,DL:0.1.0:AT.1.0.0,2022-3-4 7:35:4,30.25,0.00,0.00,17.551,2.212,-5.985,11.566,19.763,0.00,0.00,0.00,0.00,0.00,0.00,0.00,0.00,0.00,0.00,0.00,0.00,0.00,0.00,0.00,0.00,0.00
20650,DL:0.1.0:AT.1.0.0,2022-3-4 7:35:9,30.25,0.00,0.00,17.570,2.192,-6.003,11.567,19.762,0.00,0.00,0.00,0.00,0.00,0.00,0.00,0.00,0.00,0.00,0.00,0.00,0.00,0.00,0.00,0.00,0.00
20650,DL:0.1.0:AT.1.0.0,2022-3-4 7:35:16,30.25,0.00,0.00,17.553,2.207,-5.987,11.567,19.761,0.00,0.00,0.00,0.00,0.00,0.00,0.00,0.00,0.00,0.00,0.00,0.00,0.00,0.00,0.00,0.00,0.00
20650,DL:0.1.0:AT.1.0.0,2022-3-4 7:35:22,30.25,0.00,0.00,17.561,2.198,-5.994,11.567,19.758,0.00,0.00,0.00,0.00,0.00,0.00,0.00,0.00,0.00,0.00,0.00,0.00,0.00,0.00,0.00,0.00,0.00
20650,DL:0.1.0:AT.1.0.0,2022-3-4 7:35:28,30.25,0.00,0.00,17.543,2.215,-5.975,11.568,19.757,0.00,0.00,0.00,0.00,0.00,0.00,0.00,0.00,0.00,0.00,0.00,0.00,0.00,0.00,0.00,0.00,0.00
20650,DL:0.1.0:AT.1.0.0,2022-3-4 7:35:35,30.25,0.00,0.00,17.564,2.192,-5.996,11.568,19.756,0.00,0.00,0.00,0.00,0.00,0.00,0.00,0.00,0.00,0.00,0.00,0.00,0.00,0.00,0.00,0.00,0.00
20650,DL:0.1.0:AT.1.0.0,2022-3-4 7:35:40,30.25,0.00,0.00,17.567,2.188,-5.999,11.568,19.755,0.00,0.00,0.00,0.00,0.00,0.00,0.00,0.00,0.00,0.00,0.00,0.00,0.00,0.00,0.00,0.00,0.00
20650,DL:0.1.0:AT.1.0.0,2022-3-4 7:35:47,30.25,0.00,0.00,17.586,2.169,-6.017,11.569,19.755,0.00,0.00,0.00,0.00,0.00,0.00,0.00,0.00,0.00,0.00,0.00,0.00,0.00,0.00,0.00,0.00,0.00
20650,DL:0.1.0:AT.1.0.0,2022-3-4 7:35:53,30.25,0.00,0.00,17.546,2.207,-5.976,11.571,19.754,0.00,0.00,0.00,0.00,0.00,0.00,0.00,0.00,0.00,0.00,0.00,0.00,0.00,0.00,0.00,0.00,0.00
20650,DL:0.1.0:AT.1.0.0,2022-3-4 7:36:0,30.25,0.00,0.00,17.562,2.191,-5.991,11.571,19.752,0.00,0.00,0.00,0.00,0.00,0.00,0.00,0.00,0.00,0.00,0.00,0.00,0.00,0.00,0.00,0.00,0.00
20650,DL:0.1.0:AT.1.0.0,2022-3-4 7:36:5,30.25,0.00,0.00,17.541,2.210,-5.971,11.571,19.751,0.00,0.00,0.00,0.00,0.00,0.00,0.00,0.00,0.00,0.00,0.00,0.00,0.00,0.00,0.00,0.00,0.00
20650,DL:0.1.0:AT.1.0.0,2022-3-4 7:36:10,30.25,0.00,0.00,17.534,2.216,-5.964,11.571,19.750,0.00,0.00,0.00,0.00,0.00,0.00,0.00,0.00,0.00,0.00,0.00,0.00,0.00,0.00,0.00,0.00,0.00
20650,DL:0.1.0:AT.1.0.0,2022-3-4 7:36:15,30.25,0.00,0.00,17.534,2.216,-5.963,11.572,19.750,0.00,0.00,0.00,0.00,0.00,0.00,0.00,0.00,0.00,0.00,0.00,0.00,0.00,0.00,0.00,0.00,0.00
20650,DL:0.1.0:AT.1.0.0,2022-3-4 7:36:20,30.25,0.00,0.00,17.540,2.207,-5.969,11.572,19.748,0.00,0.00,0.00,0.00,0.00,0.00,0.00,0.00,0.00,0.00,0.00,0.00,0.00,0.00,0.00,0.00,0.00
20650,DL:0.1.0:AT.1.0.0,2022-3-4 7:36:27,30.25,0.00,0.00,17.534,2.212,-5.961,11.573,19.746,0.00,0.00,0.00,0.00,0.00,0.00,0.00,0.00,0.00,0.00,0.00,0.00,0.00,0.00,0.00,0.00,0.00
20650,DL:0.1.0:AT.1.0.0,2022-3-4 7:36:32,30.25,0.00,0.00,17.513,2.234,-5.941,11.572,19.746,0.00,0.00,0.00,0.00,0.00,0.00,0.00,0.00,0.00,0.00,0.00,0.00,0.00,0.00,0.00,0.00,0.00
20650,DL:0.1.0:AT.1.0.0,2022-3-4 7:36:37,30.25,0.00,0.00,17.520,2.225,-5.948,11.572,19.745,0.00,0.00,0.00,0.00,0.00,0.00,0.00,0.00,0.00,0.00,0.00,0.00,0.00,0.00,0.00,0.00,0.00
20650,DL:0.1.0:AT.1.0.0,2022-3-4 7:36:42,30.25,0.00,0.00,17.519,2.227,-5.947,11.572,19.745,0.00,0.00,0.00,0.00,0.00,0.00,0.00,0.00,0.00,0.00,0.00,0.00,0.00,0.00,0.00,0.00,0.00
20650,DL:0.1.0:AT.1.0.0,2022-3-4 7:36:48,30.25,0.00,0.00,17.537,2.206,-5.964,11.573,19.743,0.00,0.00,0.00,0.00,0.00,0.00,0.00,0.00,0.00,0.00,0.00,0.00,0.00,0.00,0.00,0.00,0.00
20650,DL:0.1.0:AT.1.0.0,2022-3-4 7:36:55,30.25,0.00,0.00,17.516,2.225,-5.943,11.573,19.742,0.00,0.00,0.00,0.00,0.00,0.00,0.00,0.00,0.00,0.00,0.00,0.00,0.00,0.00,0.00,0.00,0.00
20650,DL:0.1.0:AT.1.0.0,2022-3-4 7:37:1,30.25,0.00,0.00,17.517,2.224,-5.943,11.574,19.742,0.00,0.00,0.00,0.00,0.00,0.00,0.00,0.00,0.00,0.00,0.00,0.00,0.00,0.00,0.00,0.00,0.00
20650,DL:0.1.0:AT.1.0.0,2022-3-4 7:37:6,30.25,0.00,0.00,17.519,2.222,-5.944,11.574,19.740,0.00,0.00,0.00,0.00,0.00,0.00,0.00,0.00,0.00,0.00,0.00,0.00,0.00,0.00,0.00,0.00,0.00
20650,DL:0.1.0:AT.1.0.0,2022-3-4 7:37:12,30.25,0.00,0.00,17.528,2.212,-5.954,11.574,19.740,0.00,0.00,0.00,0.00,0.00,0.00,0.00,0.00,0.00,0.00,0.00,0.00,0.00,0.00,0.00,0.00,0.00
20650,DL:0.1.0:AT.1.0.0,2022-3-4 7:37:17,30.25,0.00,0.00,17.501,2.239,-5.926,11.574,19.739,0.00,0.00,0.00,0.00,0.00,0.00,0.00,0.00,0.00,0.00,0.00,0.00,0.00,0.00,0.00,0.00,0.00
20650,DL:0.1.0:AT.1.0.0,2022-3-4 7:37:23,30.25,0.00,0.00,17.510,2.227,-5.935,11.575,19.737,0.00,0.00,0.00,0.00,0.00,0.00,0.00,0.00,0.00,0.00,0.00,0.00,0.00,0.00,0.00,0.00,0.00
20650,DL:0.1.0:AT.1.0.0,2022-3-4 7:37:28,30.25,0.00,0.00,17.539,2.198,-5.964,11.575,19.737,0.00,0.00,0.00,0.00,0.00,0.00,0.00,0.00,0.00,0.00,0.00,0.00,0.00,0.00,0.00,0.00,0.00
20650,DL:0.1.0:AT.1.0.0,2022-3-4 7:37:34,30.25,0.00,0.00,17.498,2.237,-5.923,11.575,19.736,0.00,0.00,0.00,0.00,0.00,0.00,0.00,0.00,0.00,0.00,0.00,0.00,0.00,0.00,0.00,0.00,0.00
20650,DL:0.1.0:AT.1.0.0,2022-3-4 7:37:39,30.25,0.00,0.00,17.508,2.228,-5.932,11.575,19.736,0.00,0.00,0.00,0.00,0.00,0.00,0.00,0.00,0.00,0.00,0.00,0.00,0.00,0.00,0.00,0.00,0.00
20650,DL:0.1.0:AT.1.0.0,2022-3-4 7:37:44,30.25,0.00,0.00,17.522,2.212,-5.946,11.577,19.734,0.00,0.00,0.00,0.00,0.00,0.00,0.00,0.00,0.00,0.00,0.00,0.00,0.00,0.00,0.00,0.00,0.00
20650,DL:0.1.0:AT.1.0.0,2022-3-4 7:37:49,30.25,0.00,0.00,17.508,2.227,-5.931,11.577,19.734,0.00,0.00,0.00,0.00,0.00,0.00,0.00,0.00,0.00,0.00,0.00,0.00,0.00,0.00,0.00,0.00,0.00
20650,DL:0.1.0:AT.1.0.0,2022-3-4 7:37:54,30.25,0.00,0.00,17.481,2.252,-5.905,11.577,19.733,0.00,0.00,0.00,0.00,0.00,0.00,0.00,0.00,0.00,0.00,0.00,0.00,0.00,0.00,0.00,0.00,0.00
20650,DL:0.1.0:AT.1.0.0,2022-3-4 7:38:0,30.25,0.00,0.00,17.526,2.207,-5.948,11.578,19.733,0.00,0.00,0.00,0.00,0.00,0.00,0.00,0.00,0.00,0.00,0.00,0.00,0.00,0.00,0.00,0.00,0.00
20650,DL:0.1.0:AT.1.0.0,2022-3-4 7:38:6,30.25,0.00,0.00,17.522,2.211,-5.944,11.578,19.733,0.00,0.00,0.00,0.00,0.00,0.00,0.00,0.00,0.00,0.00,0.00,0.00,0.00,0.00,0.00,0.00,0.00
20650,DL:0.1.0:AT.1.0.0,2022-3-4 7:38:11,30.25,0.00,0.00,17.526,2.206,-5.948,11.578,19.732,0.00,0.00,0.00,0.00,0.00,0.00,0.00,0.00,0.00,0.00,0.00,0.00,0.00,0.00,0.00,0.00,0.00
20650,DL:0.1.0:AT.1.0.0,2022-3-4 7:38:18,30.25,0.00,0.00,17.557,2.174,-5.978,11.579,19.731,0.00,0.00,0.00,0.00,0.00,0.00,0.00,0.00,0.00,0.00,0.00,0.00,0.00,0.00,0.00,0.00,0.00
20650,DL:0.1.0:AT.1.0.0,2022-3-4 7:38:24,30.25,0.00,0.00,17.492,2.237,-5.914,11.578,19.730,0.00,0.00,0.00,0.00,0.00,0.00,0.00,0.00,0.00,0.00,0.00,0.00,0.00,0.00,0.00,0.00,0.00
20650,DL:0.1.0:AT.1.0.0,2022-3-4 7:38:29,30.25,0.00,0.00,17.537,2.193,-5.958,11.579,19.730,0.00,0.00,0.00,0.00,0.00,0.00,0.00,0.00,0.00,0.00,0.00,0.00,0.00,0.00,0.00,0.00,0.00
20650,DL:0.1.0:AT.1.0.0,2022-3-4 7:38:34,30.25,0.00,0.00,17.558,2.170,-5.979,11.579,19.728,0.00,0.00,0.00,0.00,0.00,0.00,0.00,0.00,0.00,0.00,0.00,0.00,0.00,0.00,0.00,0.00,0.00
20650,DL:0.1.0:AT.1.0.0,2022-3-4 7:38:39,30.25,0.00,0.00,17.502,2.227,-5.924,11.578,19.728,0.00,0.00,0.00,0.00,0.00,0.00,0.00,0.00,0.00,0.00,0.00,0.00,0.00,0.00,0.00,0.00,0.00
20650,DL:0.1.0:AT.1.0.0,2022-3-4 7:38:44,30.25,0.00,0.00,17.509,2.218,-5.929,11.580,19.727,0.00,0.00,0.00,0.00,0.00,0.00,0.00,0.00,0.00,0.00,0.00,0.00,0.00,0.00,0.00,0.00,0.00
20650,DL:0.1.0:AT.1.0.0,2022-3-4 7:38:51,30.25,0.00,0.00,17.520,2.207,-5.940,11.580,19.727,0.00,0.00,0.00,0.00,0.00,0.00,0.00,0.00,0.00,0.00,0.00,0.00,0.00,0.00,0.00,0.00,0.00
20650,DL:0.1.0:AT.1.0.0,2022-3-4 7:38:58,30.25,0.00,0.00,17.495,2.231,-5.914,11.580,19.726,0.00,0.00,0.00,0.00,0.00,0.00,0.00,0.00,0.00,0.00,0.00,0.00,0.00,0.00,0.00,0.00,0.00
20650,DL:0.1.0:AT.1.0.0,2022-3-4 7:39:3,30.25,0.00,0.00,17.514,2.211,-5.934,11.580,19.725,0.00,0.00,0.00,0.00,0.00,0.00,0.00,0.00,0.00,0.00,0.00,0.00,0.00,0.00,0.00,0.00,0.00
20650,DL:0.1.0:AT.1.0.0,2022-3-4 7:39:8,30.25,0.00,0.00,17.503,2.221,-5.922,11.581,19.724,0.00,0.00,0.00,0.00,0.00,0.00,0.00,0.00,0.00,0.00,0.00,0.00,0.00,0.00,0.00,0.00,0.00
20650,DL:0.1.0:AT.1.0.0,2022-3-4 7:39:14,30.25,0.00,0.00,17.517,2.206,-5.936,11.581,19.724,0.00,0.00,0.00,0.00,0.00,0.00,0.00,0.00,0.00,0.00,0.00,0.00,0.00,0.00,0.00,0.00,0.00
20650,DL:0.1.0:AT.1.0.0,2022-3-4 7:39:20,30.25,0.00,0.00,17.527,2.194,-5.946,11.581,19.721,0.00,0.00,0.00,0.00,0.00,0.00,0.00,0.00,0.00,0.00,0.00,0.00,0.00,0.00,0.00,0.00,0.00
20650,DL:0.1.0:AT.1.0.0,2022-3-4 7:39:25,30.25,0.00,0.00,17.502,2.218,-5.919,11.583,19.720,0.00,0.00,0.00,0.00,0.00,0.00,0.00,0.00,0.00,0.00,0.00,0.00,0.00,0.00,0.00,0.00,0.00
20650,DL:0.1.0:AT.1.0.0,2022-3-4 7:39:30,30.25,0.00,0.00,17.528,2.191,-5.946,11.583,19.719,0.00,0.00,0.00,0.00,0.00,0.00,0.00,0.00,0.00,0.00,0.00,0.00,0.00,0.00,0.00,0.00,0.00
20650,DL:0.1.0:AT.1.0.0,2022-3-4 7:39:36,30.25,0.00,0.00,17.489,2.228,-5.906,11.583,19.716,0.00,0.00,0.00,0.00,0.00,0.00,0.00,0.00,0.00,0.00,0.00,0.00,0.00,0.00,0.00,0.00,0.00
20650,DL:0.1.0:AT.1.0.0,2022-3-4 7:39:43,30.25,0.00,0.00,17.477,2.240,-5.894,11.583,19.716,0.00,0.00,0.00,0.00,0.00,0.00,0.00,0.00,0.00,0.00,0.00,0.00,0.00,0.00,0.00,0.00,0.00
20650,DL:0.1.0:AT.1.0.0,2022-3-4 7:39:48,30.25,0.00,0.00,17.502,2.213,-5.919,11.583,19.715,0.00,0.00,0.00,0.00,0.00,0.00,0.00,0.00,0.00,0.00,0.00,0.00,0.00,0.00,0.00,0.00,0.00
20650,DL:0.1.0:AT.1.0.0,2022-3-4 7:39:53,30.25,0.00,0.00,17.497,2.218,-5.913,11.584,19.715,0.00,0.00,0.00,0.00,0.00,0.00,0.00,0.00,0.00,0.00,0.00,0.00,0.00,0.00,0.00,0.00,0.00
20650,DL:0.1.0:AT.1.0.0,2022-3-4 7:39:58,30.25,0.00,0.00,17.509,2.205,-5.926,11.583,19.714,0.00,0.00,0.00,0.00,0.00,0.00,0.00,0.00,0.00,0.00,0.00,0.00,0.00,0.00,0.00,0.00,0.00
20650,DL:0.1.0:AT.1.0.0,2022-3-4 7:40:3,30.25,0.00,0.00,17.495,2.218,-5.911,11.584,19.713,0.00,0.00,0.00,0.00,0.00,0.00,0.00,0.00,0.00,0.00,0.00,0.00,0.00,0.00,0.00,0.00,0.00
20650,DL:0.1.0:AT.1.0.0,2022-3-4 7:40:10,30.25,0.00,0.00,17.531,2.182,-5.946,11.585,19.713,0.00,0.00,0.00,0.00,0.00,0.00,0.00,0.00,0.00,0.00,0.00,0.00,0.00,0.00,0.00,0.00,0.00
20650,DL:0.1.0:AT.1.0.0,2022-3-4 7:40:15,30.25,0.00,0.00,17.492,2.219,-5.907,11.585,19.712,0.00,0.00,0.00,0.00,0.00,0.00,0.00,0.00,0.00,0.00,0.00,0.00,0.00,0.00,0.00,0.00,0.00
20650,DL:0.1.0:AT.1.0.0,2022-3-4 7:40:22,30.25,0.00,0.00,17.487,2.223,-5.902,11.585,19.710,0.00,0.00,0.00,0.00,0.00,0.00,0.00,0.00,0.00,0.00,0.00,0.00,0.00,0.00,0.00,0.00,0.00
20650,DL:0.1.0:AT.1.0.0,2022-3-4 7:40:27,30.25,0.00,0.00,17.517,2.191,-5.931,11.586,19.708,0.00,0.00,0.00,0.00,0.00,0.00,0.00,0.00,0.00,0.00,0.00,0.00,0.00,0.00,0.00,0.00,0.00
20650,DL:0.1.0:AT.1.0.0,2022-3-4 7:40:32,30.25,0.00,0.00,17.531,2.176,-5.944,11.586,19.707,0.00,0.00,0.00,0.00,0.00,0.00,0.00,0.00,0.00,0.00,0.00,0.00,0.00,0.00,0.00,0.00,0.00
20650,DL:0.1.0:AT.1.0.0,2022-3-4 7:40:37,30.25,0.00,0.00,17.489,2.218,-5.902,11.586,19.707,0.00,0.00,0.00,0.00,0.00,0.00,0.00,0.00,0.00,0.00,0.00,0.00,0.00,0.00,0.00,0.00,0.00
20650,DL:0.1.0:AT.1.0.0,2022-3-4 7:40:42,30.25,0.00,0.00,17.517,2.188,-5.931,11.586,19.706,0.00,0.00,0.00,0.00,0.00,0.00,0.00,0.00,0.00,0.00,0.00,0.00,0.00,0.00,0.00,0.00,0.00
20650,DL:0.1.0:AT.1.0.0,2022-3-4 7:40:48,30.25,0.00,0.00,17.522,2.181,-5.936,11.586,19.703,0.00,0.00,0.00,0.00,0.00,0.00,0.00,0.00,0.00,0.00,0.00,0.00,0.00,0.00,0.00,0.00,0.00
20650,DL:0.1.0:AT.1.0.0,2022-3-4 7:40:54,30.25,0.00,0.00,17.499,2.203,-5.913,11.586,19.702,0.00,0.00,0.00,0.00,0.00,0.00,0.00,0.00,0.00,0.00,0.00,0.00,0.00,0.00,0.00,0.00,0.00
20650,DL:0.1.0:AT.1.0.0,2022-3-4 7:41:1,30.25,0.00,0.00,17.526,2.174,-5.938,11.587,19.700,0.00,0.00,0.00,0.00,0.00,0.00,0.00,0.00,0.00,0.00,0.00,0.00,0.00,0.00,0.00,0.00,0.00
20650,DL:0.1.0:AT.1.0.0,2022-3-4 7:41:8,30.25,0.00,0.00,17.505,2.194,-5.918,11.587,19.700,0.00,0.00,0.00,0.00,0.00,0.00,0.00,0.00,0.00,0.00,0.00,0.00,0.00,0.00,0.00,0.00,0.00
20650,DL:0.1.0:AT.1.0.0,2022-3-4 7:41:15,30.25,0.00,0.00,17.528,2.169,-5.940,11.589,19.697,0.00,0.00,0.00,0.00,0.00,0.00,0.00,0.00,0.00,0.00,0.00,0.00,0.00,0.00,0.00,0.00,0.00
20650,DL:0.1.0:AT.1.0.0,2022-3-4 7:41:20,30.25,0.00,0.00,17.529,2.167,-5.942,11.587,19.696,0.00,0.00,0.00,0.00,0.00,0.00,0.00,0.00,0.00,0.00,0.00,0.00,0.00,0.00,0.00,0.00,0.00
20650,DL:0.1.0:AT.1.0.0,2022-3-4 7:41:25,30.25,0.00,0.00,17.538,2.157,-5.950,11.587,19.695,0.00,0.00,0.00,0.00,0.00,0.00,0.00,0.00,0.00,0.00,0.00,0.00,0.00,0.00,0.00,0.00,0.00
20650,DL:0.1.0:AT.1.0.0,2022-3-4 7:41:31,30.25,0.00,0.00,17.515,2.179,-5.926,11.589,19.694,0.00,0.00,0.00,0.00,0.00,0.00,0.00,0.00,0.00,0.00,0.00,0.00,0.00,0.00,0.00,0.00,0.00
20650,DL:0.1.0:AT.1.0.0,2022-3-4 7:41:36,30.25,0.00,0.00,17.496,2.197,-5.907,11.589,19.692,0.00,0.00,0.00,0.00,0.00,0.00,0.00,0.00,0.00,0.00,0.00,0.00,0.00,0.00,0.00,0.00,0.00
20650,DL:0.1.0:AT.1.0.0,2022-3-4 7:41:41,30.25,0.00,0.00,17.496,2.197,-5.907,11.589,19.692,0.00,0.00,0.00,0.00,0.00,0.00,0.00,0.00,0.00,0.00,0.00,0.00,0.00,0.00,0.00,0.00,0.00
20650,DL:0.1.0:AT.1.0.0,2022-3-4 7:41:46,30.25,0.00,0.00,17.485,2.206,-5.896,11.589,19.691,0.00,0.00,0.00,0.00,0.00,0.00,0.00,0.00,0.00,0.00,0.00,0.00,0.00,0.00,0.00,0.00,0.00
20650,DL:0.1.0:AT.1.0.0,2022-3-4 7:41:52,30.25,0.00,0.00,17.501,2.189,-5.911,11.590,19.690,0.00,0.00,0.00,0.00,0.00,0.00,0.00,0.00,0.00,0.00,0.00,0.00,0.00,0.00,0.00,0.00,0.00
20650,DL:0.1.0:AT.1.0.0,2022-3-4 7:41:57,30.25,0.00,0.00,17.493,2.195,-5.904,11.590,19.689,0.00,0.00,0.00,0.00,0.00,0.00,0.00,0.00,0.00,0.00,0.00,0.00,0.00,0.00,0.00,0.00,0.00
20650,DL:0.1.0:AT.1.0.0,2022-3-4 7:42:3,30.25,0.00,0.00,17.514,2.173,-5.924,11.590,19.686,0.00,0.00,0.00,0.00,0.00,0.00,0.00,0.00,0.00,0.00,0.00,0.00,0.00,0.00,0.00,0.00,0.00
20650,DL:0.1.0:AT.1.0.0,2022-3-4 7:42:9,30.25,0.00,0.00,17.517,2.169,-5.926,11.591,19.686,0.00,0.00,0.00,0.00,0.00,0.00,0.00,0.00,0.00,0.00,0.00,0.00,0.00,0.00,0.00,0.00,0.00
20650,DL:0.1.0:AT.1.0.0,2022-3-4 7:42:14,30.25,0.00,0.00,17.514,2.171,-5.923,11.591,19.685,0.00,0.00,0.00,0.00,0.00,0.00,0.00,0.00,0.00,0.00,0.00,0.00,0.00,0.00,0.00,0.00,0.00
20650,DL:0.1.0:AT.1.0.0,2022-3-4 7:42:19,30.25,0.00,0.00,17.503,2.181,-5.913,11.590,19.684,0.00,0.00,0.00,0.00,0.00,0.00,0.00,0.00,0.00,0.00,0.00,0.00,0.00,0.00,0.00,0.00,0.00
20650,DL:0.1.0:AT.1.0.0,2022-3-4 7:42:24,30.25,0.00,0.00,17.492,2.191,-5.901,11.591,19.683,0.00,0.00,0.00,0.00,0.00,0.00,0.00,0.00,0.00,0.00,0.00,0.00,0.00,0.00,0.00,0.00,0.00
20650,DL:0.1.0:AT.1.0.0,2022-3-4 7:42:30,30.25,0.00,0.00,17.508,2.175,-5.917,11.591,19.683,0.00,0.00,0.00,0.00,0.00,0.00,0.00,0.00,0.00,0.00,0.00,0.00,0.00,0.00,0.00,0.00,0.00
20650,DL:0.1.0:AT.1.0.0,2022-3-4 7:42:35,30.25,0.00,0.00,17.508,2.174,-5.917,11.591,19.682,0.00,0.00,0.00,0.00,0.00,0.00,0.00,0.00,0.00,0.00,0.00,0.00,0.00,0.00,0.00,0.00,0.00
20650,DL:0.1.0:AT.1.0.0,2022-3-4 7:42:41,30.25,0.00,0.00,17.493,2.187,-5.902,11.591,19.680,0.00,0.00,0.00,0.00,0.00,0.00,0.00,0.00,0.00,0.00,0.00,0.00,0.00,0.00,0.00,0.00,0.00
20650,DL:0.1.0:AT.1.0.0,2022-3-4 7:42:46,30.25,0.00,0.00,17.489,2.191,-5.898,11.591,19.679,0.00,0.00,0.00,0.00,0.00,0.00,0.00,0.00,0.00,0.00,0.00,0.00,0.00,0.00,0.00,0.00,0.00
20650,DL:0.1.0:AT.1.0.0,2022-3-4 7:42:51,30.25,0.00,0.00,17.531,2.149,-5.940,11.591,19.679,0.00,0.00,0.00,0.00,0.00,0.00,0.00,0.00,0.00,0.00,0.00,0.00,0.00,0.00,0.00,0.00,0.00
20650,DL:0.1.0:AT.1.0.0,2022-3-4 7:42:58,30.25,0.00,0.00,17.517,2.161,-5.925,11.592,19.678,0.00,0.00,0.00,0.00,0.00,0.00,0.00,0.00,0.00,0.00,0.00,0.00,0.00,0.00,0.00,0.00,0.00
20650,DL:0.1.0:AT.1.0.0,2022-3-4 7:43:4,30.25,0.00,0.00,17.507,2.169,-5.914,11.592,19.676,0.00,0.00,0.00,0.00,0.00,0.00,0.00,0.00,0.00,0.00,0.00,0.00,0.00,0.00,0.00,0.00,0.00
20650,DL:0.1.0:AT.1.0.0,2022-3-4 7:43:12,30.25,0.00,0.00,17.487,2.188,-5.895,11.592,19.676,0.00,0.00,0.00,0.00,0.00,0.00,0.00,0.00,0.00,0.00,0.00,0.00,0.00,0.00,0.00,0.00,0.00
20650,DL:0.1.0:AT.1.0.0,2022-3-4 7:43:18,30.25,0.00,0.00,17.508,2.165,-5.914,11.593,19.673,0.00,0.00,0.00,0.00,0.00,0.00,0.00,0.00,0.00,0.00,0.00,0.00,0.00,0.00,0.00,0.00,0.00
20650,DL:0.1.0:AT.1.0.0,2022-3-4 7:43:23,30.25,0.00,0.00,17.525,2.147,-5.931,11.593,19.672,0.00,0.00,0.00,0.00,0.00,0.00,0.00,0.00,0.00,0.00,0.00,0.00,0.00,0.00,0.00,0.00,0.00
20650,DL:0.1.0:AT.1.0.0,2022-3-4 7:43:28,30.25,0.00,0.00,17.513,2.158,-5.920,11.592,19.671,0.00,0.00,0.00,0.00,0.00,0.00,0.00,0.00,0.00,0.00,0.00,0.00,0.00,0.00,0.00,0.00,0.00
20650,DL:0.1.0:AT.1.0.0,2022-3-4 7:43:35,30.25,0.00,0.00,17.501,2.168,-5.907,11.593,19.668,0.00,0.00,0.00,0.00,0.00,0.00,0.00,0.00,0.00,0.00,0.00,0.00,0.00,0.00,0.00,0.00,0.00
20650,DL:0.1.0:AT.1.0.0,2022-3-4 7:43:40,30.25,0.00,0.00,17.497,2.170,-5.904,11.593,19.667,0.00,0.00,0.00,0.00,0.00,0.00,0.00,0.00,0.00,0.00,0.00,0.00,0.00,0.00,0.00,0.00,0.00
20650,DL:0.1.0:AT.1.0.0,2022-3-4 7:43:45,30.25,0.00,0.00,17.516,2.150,-5.923,11.593,19.666,0.00,0.00,0.00,0.00,0.00,0.00,0.00,0.00,0.00,0.00,0.00,0.00,0.00,0.00,0.00,0.00,0.00
20650,DL:0.1.0:AT.1.0.0,2022-3-4 7:43:50,30.25,0.00,0.00,17.523,2.141,-5.929,11.595,19.665,0.00,0.00,0.00,0.00,0.00,0.00,0.00,0.00,0.00,0.00,0.00,0.00,0.00,0.00,0.00,0.00,0.00
20650,DL:0.1.0:AT.1.0.0,2022-3-4 7:43:57,30.25,0.00,0.00,17.521,2.143,-5.926,11.595,19.664,0.00,0.00,0.00,0.00,0.00,0.00,0.00,0.00,0.00,0.00,0.00,0.00,0.00,0.00,0.00,0.00,0.00
20650,DL:0.1.0:AT.1.0.0,2022-3-4 7:44:3,30.25,0.00,0.00,17.529,2.133,-5.935,11.595,19.662,0.00,0.00,0.00,0.00,0.00,0.00,0.00,0.00,0.00,0.00,0.00,0.00,0.00,0.00,0.00,0.00,0.00
20650,DL:0.1.0:AT.1.0.0,2022-3-4 7:44:10,30.25,0.00,0.00,17.503,2.157,-5.907,11.596,19.660,0.00,0.00,0.00,0.00,0.00,0.00,0.00,0.00,0.00,0.00,0.00,0.00,0.00,0.00,0.00,0.00,0.00
20650,DL:0.1.0:AT.1.0.0,2022-3-4 7:44:15,30.25,0.00,0.00,17.496,2.163,-5.900,11.596,19.659,0.00,0.00,0.00,0.00,0.00,0.00,0.00,0.00,0.00,0.00,0.00,0.00,0.00,0.00,0.00,0.00,0.00
20650,DL:0.1.0:AT.1.0.0,2022-3-4 7:44:20,30.25,0.00,0.00,17.510,2.147,-5.914,11.596,19.658,0.00,0.00,0.00,0.00,0.00,0.00,0.00,0.00,0.00,0.00,0.00,0.00,0.00,0.00,0.00,0.00,0.00
20650,DL:0.1.0:AT.1.0.0,2022-3-4 7:44:31,30.25,0.00,0.00,17.504,2.150,-5.908,11.596,19.654,0.00,0.00,0.00,0.00,0.00,0.00,0.00,0.00,0.00,0.00,0.00,0.00,0.00,0.00,0.00,0.00,0.00
20650,DL:0.1.0:AT.1.0.0,2022-3-4 7:44:36,30.25,0.00,0.00,17.541,2.111,-5.944,11.597,19.653,0.00,0.00,0.00,0.00,0.00,0.00,0.00,0.00,0.00,0.00,0.00,0.00,0.00,0.00,0.00,0.00,0.00
20650,DL:0.1.0:AT.1.0.0,2022-3-4 7:44:41,30.25,0.00,0.00,17.551,2.100,-5.953,11.598,19.652,0.00,0.00,0.00,0.00,0.00,0.00,0.00,0.00,0.00,0.00,0.00,0.00,0.00,0.00,0.00,0.00,0.00
20650,DL:0.1.0:AT.1.0.0,2022-3-4 7:44:46,30.25,0.00,0.00,17.519,2.130,-5.920,11.598,19.649,0.00,0.00,0.00,0.00,0.00,0.00,0.00,0.00,0.00,0.00,0.00,0.00,0.00,0.00,0.00,0.00,0.00
20650,DL:0.1.0:AT.1.0.0,2022-3-4 7:44:52,30.25,0.00,0.00,17.504,2.144,-5.906,11.598,19.648,0.00,0.00,0.00,0.00,0.00,0.00,0.00,0.00,0.00,0.00,0.00,0.00,0.00,0.00,0.00,0.00,0.00
20650,DL:0.1.0:AT.1.0.0,2022-3-4 7:45:1,30.25,0.00,0.00,17.543,2.103,-5.944,11.598,19.646,0.00,0.00,0.00,0.00,0.00,0.00,0.00,0.00,0.00,0.00,0.00,0.00,0.00,0.00,0.00,0.00,0.00
20650,DL:0.1.0:AT.1.0.0,2022-3-4 7:45:6,30.25,0.00,0.00,17.514,2.130,-5.916,11.598,19.644,0.00,0.00,0.00,0.00,0.00,0.00,0.00,0.00,0.00,0.00,0.00,0.00,0.00,0.00,0.00,0.00,0.00
20650,DL:0.1.0:AT.1.0.0,2022-3-4 7:45:11,30.25,0.00,0.00,17.553,2.088,-5.954,11.599,19.642,0.00,0.00,0.00,0.00,0.00,0.00,0.00,0.00,0.00,0.00,0.00,0.00,0.00,0.00,0.00,0.00,0.00
20650,DL:0.1.0:AT.1.0.0,2022-3-4 7:45:16,30.25,0.00,0.00,17.483,2.158,-5.883,11.599,19.641,0.00,0.00,0.00,0.00,0.00,0.00,0.00,0.00,0.00,0.00,0.00,0.00,0.00,0.00,0.00,0.00,0.00
20650,DL:0.1.0:AT.1.0.0,2022-3-4 7:45:21,30.25,0.00,0.00,17.450,2.191,-5.852,11.598,19.641,0.00,0.00,0.00,0.00,0.00,0.00,0.00,0.00,0.00,0.00,0.00,0.00,0.00,0.00,0.00,0.00,0.00
20650,DL:0.1.0:AT.1.0.0,2022-3-4 7:45:26,30.25,0.00,0.00,17.511,2.128,-5.912,11.599,19.640,0.00,0.00,0.00,0.00,0.00,0.00,0.00,0.00,0.00,0.00,0.00,0.00,0.00,0.00,0.00,0.00,0.00
20650,DL:0.1.0:AT.1.0.0,2022-3-4 7:45:31,30.25,0.00,0.00,17.511,2.128,-5.912,11.599,19.640,0.00,0.00,0.00,0.00,0.00,0.00,0.00,0.00,0.00,0.00,0.00,0.00,0.00,0.00,0.00,0.00,0.00
20650,DL:0.1.0:AT.1.0.0,2022-3-4 7:45:36,30.25,0.00,0.00,17.503,2.135,-5.902,11.601,19.638,0.00,0.00,0.00,0.00,0.00,0.00,0.00,0.00,0.00,0.00,0.00,0.00,0.00,0.00,0.00,0.00,0.00
20650,DL:0.1.0:AT.1.0.0,2022-3-4 7:45:41,30.25,0.00,0.00,17.497,2.140,-5.896,11.601,19.637,0.00,0.00,0.00,0.00,0.00,0.00,0.00,0.00,0.00,0.00,0.00,0.00,0.00,0.00,0.00,0.00,0.00
20650,DL:0.1.0:AT.1.0.0,2022-3-4 7:45:46,30.25,0.00,0.00,17.465,2.173,-5.864,11.601,19.637,0.00,0.00,0.00,0.00,0.00,0.00,0.00,0.00,0.00,0.00,0.00,0.00,0.00,0.00,0.00,0.00,0.00
20650,DL:0.1.0:AT.1.0.0,2022-3-4 7:45:51,30.25,0.00,0.00,17.505,2.130,-5.905,11.601,19.636,0.00,0.00,0.00,0.00,0.00,0.00,0.00,0.00,0.00,0.00,0.00,0.00,0.00,0.00,0.00,0.00,0.00
20650,DL:0.1.0:AT.1.0.0,2022-3-4 7:45:56,30.25,0.00,0.00,17.491,2.144,-5.890,11.601,19.635,0.00,0.00,0.00,0.00,0.00,0.00,0.00,0.00,0.00,0.00,0.00,0.00,0.00,0.00,0.00,0.00,0.00
20650,DL:0.1.0:AT.1.0.0,2022-3-4 7:46:3,30.25,0.00,0.00,17.507,2.127,-5.906,11.601,19.634,0.00,0.00,0.00,0.00,0.00,0.00,0.00,0.00,0.00,0.00,0.00,0.00,0.00,0.00,0.00,0.00,0.00
20650,DL:0.1.0:AT.1.0.0,2022-3-4 7:46:9,30.25,0.00,0.00,17.505,2.126,-5.905,11.601,19.631,0.00,0.00,0.00,0.00,0.00,0.00,0.00,0.00,0.00,0.00,0.00,0.00,0.00,0.00,0.00,0.00,0.00
20650,DL:0.1.0:AT.1.0.0,2022-3-4 7:46:16,30.25,0.00,0.00,17.515,2.114,-5.913,11.602,19.629,0.00,0.00,0.00,0.00,0.00,0.00,0.00,0.00,0.00,0.00,0.00,0.00,0.00,0.00,0.00,0.00,0.00
20650,DL:0.1.0:AT.1.0.0,2022-3-4 7:46:21,30.25,0.00,0.00,17.492,2.137,-5.890,11.602,19.629,0.00,0.00,0.00,0.00,0.00,0.00,0.00,0.00,0.00,0.00,0.00,0.00,0.00,0.00,0.00,0.00,0.00
20650,DL:0.1.0:AT.1.0.0,2022-3-4 7:46:27,30.25,0.00,0.00,17.523,2.103,-5.922,11.602,19.626,0.00,0.00,0.00,0.00,0.00,0.00,0.00,0.00,0.00,0.00,0.00,0.00,0.00,0.00,0.00,0.00,0.00
20650,DL:0.1.0:AT.1.0.0,2022-3-4 7:46:34,30.25,0.00,0.00,17.490,2.135,-5.887,11.603,19.625,0.00,0.00,0.00,0.00,0.00,0.00,0.00,0.00,0.00,0.00,0.00,0.00,0.00,0.00,0.00,0.00,0.00
20650,DL:0.1.0:AT.1.0.0,2022-3-4 7:46:40,30.25,0.00,0.00,17.492,2.132,-5.889,11.603,19.624,0.00,0.00,0.00,0.00,0.00,0.00,0.00,0.00,0.00,0.00,0.00,0.00,0.00,0.00,0.00,0.00,0.00
20650,DL:0.1.0:AT.1.0.0,2022-3-4 7:46:47,30.25,0.00,0.00,17.511,2.110,-5.907,11.604,19.621,0.00,0.00,0.00,0.00,0.00,0.00,0.00,0.00,0.00,0.00,0.00,0.00,0.00,0.00,0.00,0.00,0.00
20650,DL:0.1.0:AT.1.0.0,2022-3-4 7:46:53,30.25,0.00,0.00,17.485,2.135,-5.881,11.604,19.620,0.00,0.00,0.00,0.00,0.00,0.00,0.00,0.00,0.00,0.00,0.00,0.00,0.00,0.00,0.00,0.00,0.00
20650,DL:0.1.0:AT.1.0.0,2022-3-4 7:47:0,30.25,0.00,0.00,17.497,2.122,-5.893,11.604,19.619,0.00,0.00,0.00,0.00,0.00,0.00,0.00,0.00,0.00,0.00,0.00,0.00,0.00,0.00,0.00,0.00,0.00
20650,DL:0.1.0:AT.1.0.0,2022-3-4 7:47:5,30.25,0.00,0.00,17.486,2.132,-5.882,11.604,19.618,0.00,0.00,0.00,0.00,0.00,0.00,0.00,0.00,0.00,0.00,0.00,0.00,0.00,0.00,0.00,0.00,0.00
20650,DL:0.1.0:AT.1.0.0,2022-3-4 7:47:11,30.25,0.00,0.00,17.484,2.132,-5.878,11.605,19.615,0.00,0.00,0.00,0.00,0.00,0.00,0.00,0.00,0.00,0.00,0.00,0.00,0.00,0.00,0.00,0.00,0.00
20650,DL:0.1.0:AT.1.0.0,2022-3-4 7:47:16,30.25,0.00,0.00,17.499,2.116,-5.894,11.605,19.615,0.00,0.00,0.00,0.00,0.00,0.00,0.00,0.00,0.00,0.00,0.00,0.00,0.00,0.00,0.00,0.00,0.00
20650,DL:0.1.0:AT.1.0.0,2022-3-4 7:47:21,30.25,0.00,0.00,17.503,2.111,-5.898,11.605,19.614,0.00,0.00,0.00,0.00,0.00,0.00,0.00,0.00,0.00,0.00,0.00,0.00,0.00,0.00,0.00,0.00,0.00
20650,DL:0.1.0:AT.1.0.0,2022-3-4 7:47:28,30.25,0.00,0.00,17.497,2.115,-5.892,11.605,19.612,0.00,0.00,0.00,0.00,0.00,0.00,0.00,0.00,0.00,0.00,0.00,0.00,0.00,0.00,0.00,0.00,0.00
20650,DL:0.1.0:AT.1.0.0,2022-3-4 7:47:34,30.25,0.00,0.00,17.496,2.115,-5.889,11.607,19.611,0.00,0.00,0.00,0.00,0.00,0.00,0.00,0.00,0.00,0.00,0.00,0.00,0.00,0.00,0.00,0.00,0.00
20650,DL:0.1.0:AT.1.0.0,2022-3-4 7:47:39,30.25,0.00,0.00,17.489,2.122,-5.883,11.605,19.611,0.00,0.00,0.00,0.00,0.00,0.00,0.00,0.00,0.00,0.00,0.00,0.00,0.00,0.00,0.00,0.00,0.00
20650,DL:0.1.0:AT.1.0.0,2022-3-4 7:47:44,30.25,0.00,0.00,17.483,2.126,-5.877,11.605,19.608,0.00,0.00,0.00,0.00,0.00,0.00,0.00,0.00,0.00,0.00,0.00,0.00,0.00,0.00,0.00,0.00,0.00
20650,DL:0.1.0:AT.1.0.0,2022-3-4 7:47:49,30.25,0.00,0.00,17.484,2.123,-5.877,11.607,19.607,0.00,0.00,0.00,0.00,0.00,0.00,0.00,0.00,0.00,0.00,0.00,0.00,0.00,0.00,0.00,0.00,0.00
20650,DL:0.1.0:AT.1.0.0,2022-3-4 7:47:55,30.25,0.00,0.00,17.504,2.102,-5.898,11.607,19.606,0.00,0.00,0.00,0.00,0.00,0.00,0.00,0.00,0.00,0.00,0.00,0.00,0.00,0.00,0.00,0.00,0.00
20650,DL:0.1.0:AT.1.0.0,2022-3-4 7:48:0,30.25,0.00,0.00,17.496,2.109,-5.889,11.607,19.605,0.00,0.00,0.00,0.00,0.00,0.00,0.00,0.00,0.00,0.00,0.00,0.00,0.00,0.00,0.00,0.00,0.00
20650,DL:0.1.0:AT.1.0.0,2022-3-4 7:48:5,30.25,0.00,0.00,17.515,2.088,-5.907,11.608,19.603,0.00,0.00,0.00,0.00,0.00,0.00,0.00,0.00,0.00,0.00,0.00,0.00,0.00,0.00,0.00,0.00,0.00
20650,DL:0.1.0:AT.1.0.0,2022-3-4 7:48:11,30.25,0.00,0.00,17.509,2.092,-5.901,11.608,19.601,0.00,0.00,0.00,0.00,0.00,0.00,0.00,0.00,0.00,0.00,0.00,0.00,0.00,0.00,0.00,0.00,0.00
20650,DL:0.1.0:AT.1.0.0,2022-3-4 7:48:16,30.25,0.00,0.00,17.510,2.090,-5.902,11.608,19.600,0.00,0.00,0.00,0.00,0.00,0.00,0.00,0.00,0.00,0.00,0.00,0.00,0.00,0.00,0.00,0.00,0.00
20650,DL:0.1.0:AT.1.0.0,2022-3-4 7:48:21,30.25,0.00,0.00,17.483,2.116,-5.874,11.609,19.599,0.00,0.00,0.00,0.00,0.00,0.00,0.00,0.00,0.00,0.00,0.00,0.00,0.00,0.00,0.00,0.00,0.00
20650,DL:0.1.0:AT.1.0.0,2022-3-4 7:48:26,30.25,0.00,0.00,17.484,2.114,-5.876,11.608,19.597,0.00,0.00,0.00,0.00,0.00,0.00,0.00,0.00,0.00,0.00,0.00,0.00,0.00,0.00,0.00,0.00,0.00
20650,DL:0.1.0:AT.1.0.0,2022-3-4 7:48:37,30.25,0.00,0.00,17.489,2.106,-5.881,11.608,19.595,0.00,0.00,0.00,0.00,0.00,0.00,0.00,0.00,0.00,0.00,0.00,0.00,0.00,0.00,0.00,0.00,0.00
20650,DL:0.1.0:AT.1.0.0,2022-3-4 7:48:42,30.25,0.00,0.00,17.510,2.084,-5.902,11.608,19.594,0.00,0.00,0.00,0.00,0.00,0.00,0.00,0.00,0.00,0.00,0.00,0.00,0.00,0.00,0.00,0.00,0.00
20650,DL:0.1.0:AT.1.0.0,2022-3-4 7:48:47,30.25,0.00,0.00,17.520,2.073,-5.910,11.610,19.593,0.00,0.00,0.00,0.00,0.00,0.00,0.00,0.00,0.00,0.00,0.00,0.00,0.00,0.00,0.00,0.00,0.00
20650,DL:0.1.0:AT.1.0.0,2022-3-4 7:48:52,30.25,0.00,0.00,17.479,2.111,-5.868,11.611,19.590,0.00,0.00,0.00,0.00,0.00,0.00,0.00,0.00,0.00,0.00,0.00,0.00,0.00,0.00,0.00,0.00,0.00
20650,DL:0.1.0:AT.1.0.0,2022-3-4 7:48:57,30.25,0.00,0.00,17.496,2.092,-5.886,11.610,19.588,0.00,0.00,0.00,0.00,0.00,0.00,0.00,0.00,0.00,0.00,0.00,0.00,0.00,0.00,0.00,0.00,0.00
20650,DL:0.1.0:AT.1.0.0,2022-3-4 7:49:2,30.25,0.00,0.00,17.497,2.091,-5.887,11.610,19.588,0.00,0.00,0.00,0.00,0.00,0.00,0.00,0.00,0.00,0.00,0.00,0.00,0.00,0.00,0.00,0.00,0.00
20650,DL:0.1.0:AT.1.0.0,2022-3-4 7:49:7,30.25,0.00,0.00,17.515,2.072,-5.904,11.611,19.587,0.00,0.00,0.00,0.00,0.00,0.00,0.00,0.00,0.00,0.00,0.00,0.00,0.00,0.00,0.00,0.00,0.00
20650,DL:0.1.0:AT.1.0.0,2022-3-4 7:49:14,30.25,0.00,0.00,17.514,2.072,-5.902,11.611,19.585,0.00,0.00,0.00,0.00,0.00,0.00,0.00,0.00,0.00,0.00,0.00,0.00,0.00,0.00,0.00,0.00,0.00
20650,DL:0.1.0:AT.1.0.0,2022-3-4 7:49:19,30.25,0.00,0.00,17.502,2.084,-5.890,11.611,19.585,0.00,0.00,0.00,0.00,0.00,0.00,0.00,0.00,0.00,0.00,0.00,0.00,0.00,0.00,0.00,0.00,0.00
20650,DL:0.1.0:AT.1.0.0,2022-3-4 7:49:25,30.25,0.00,0.00,17.510,2.073,-5.899,11.611,19.583,0.00,0.00,0.00,0.00,0.00,0.00,0.00,0.00,0.00,0.00,0.00,0.00,0.00,0.00,0.00,0.00,0.00
20650,DL:0.1.0:AT.1.0.0,2022-3-4 7:49:30,30.25,0.00,0.00,17.509,2.073,-5.896,11.613,19.582,0.00,0.00,0.00,0.00,0.00,0.00,0.00,0.00,0.00,0.00,0.00,0.00,0.00,0.00,0.00,0.00,0.00
20650,DL:0.1.0:AT.1.0.0,2022-3-4 7:49:35,30.25,0.00,0.00,17.527,2.054,-5.914,11.613,19.581,0.00,0.00,0.00,0.00,0.00,0.00,0.00,0.00,0.00,0.00,0.00,0.00,0.00,0.00,0.00,0.00,0.00
20650,DL:0.1.0:AT.1.0.0,2022-3-4 7:49:40,30.25,0.00,0.00,17.522,2.057,-5.911,11.611,19.579,0.00,0.00,0.00,0.00,0.00,0.00,0.00,0.00,0.00,0.00,0.00,0.00,0.00,0.00,0.00,0.00,0.00
20650,DL:0.1.0:AT.1.0.0,2022-3-4 7:49:45,30.25,0.00,0.00,17.508,2.070,-5.896,11.611,19.578,0.00,0.00,0.00,0.00,0.00,0.00,0.00,0.00,0.00,0.00,0.00,0.00,0.00,0.00,0.00,0.00,0.00
20650,DL:0.1.0:AT.1.0.0,2022-3-4 7:49:52,30.25,0.00,0.00,17.529,2.046,-5.917,11.613,19.576,0.00,0.00,0.00,0.00,0.00,0.00,0.00,0.00,0.00,0.00,0.00,0.00,0.00,0.00,0.00,0.00,0.00
20650,DL:0.1.0:AT.1.0.0,2022-3-4 7:49:57,30.25,0.00,0.00,17.492,2.081,-5.880,11.613,19.573,0.00,0.00,0.00,0.00,0.00,0.00,0.00,0.00,0.00,0.00,0.00,0.00,0.00,0.00,0.00,0.00,0.00
20650,DL:0.1.0:AT.1.0.0,2022-3-4 7:50:3,30.25,0.00,0.00,17.505,2.067,-5.894,11.611,19.572,0.00,0.00,0.00,0.00,0.00,0.00,0.00,0.00,0.00,0.00,0.00,0.00,0.00,0.00,0.00,0.00,0.00
20650,DL:0.1.0:AT.1.0.0,2022-3-4 7:50:8,30.25,0.00,0.00,17.492,2.078,-5.881,11.611,19.570,0.00,0.00,0.00,0.00,0.00,0.00,0.00,0.00,0.00,0.00,0.00,0.00,0.00,0.00,0.00,0.00,0.00
20650,DL:0.1.0:AT.1.0.0,2022-3-4 7:50:13,30.25,0.00,0.00,17.499,2.069,-5.888,11.611,19.569,0.00,0.00,0.00,0.00,0.00,0.00,0.00,0.00,0.00,0.00,0.00,0.00,0.00,0.00,0.00,0.00,0.00
20650,DL:0.1.0:AT.1.0.0,2022-3-4 7:50:20,30.25,0.00,0.00,17.528,2.037,-5.914,11.614,19.565,0.00,0.00,0.00,0.00,0.00,0.00,0.00,0.00,0.00,0.00,0.00,0.00,0.00,0.00,0.00,0.00,0.00
20650,DL:0.1.0:AT.1.0.0,2022-3-4 7:50:25,30.25,0.00,0.00,17.486,2.078,-5.874,11.613,19.564,0.00,0.00,0.00,0.00,0.00,0.00,0.00,0.00,0.00,0.00,0.00,0.00,0.00,0.00,0.00,0.00,0.00
20650,DL:0.1.0:AT.1.0.0,2022-3-4 7:50:30,30.25,0.00,0.00,17.513,2.049,-5.900,11.613,19.561,0.00,0.00,0.00,0.00,0.00,0.00,0.00,0.00,0.00,0.00,0.00,0.00,0.00,0.00,0.00,0.00,0.00
20650,DL:0.1.0:AT.1.0.0,2022-3-4 7:50:37,30.25,0.00,0.00,17.509,2.050,-5.895,11.614,19.559,0.00,0.00,0.00,0.00,0.00,0.00,0.00,0.00,0.00,0.00,0.00,0.00,0.00,0.00,0.00,0.00,0.00
20650,DL:0.1.0:AT.1.0.0,2022-3-4 7:50:44,30.25,0.00,0.00,17.499,2.057,-5.884,11.615,19.557,0.00,0.00,0.00,0.00,0.00,0.00,0.00,0.00,0.00,0.00,0.00,0.00,0.00,0.00,0.00,0.00,0.00
20650,DL:0.1.0:AT.1.0.0,2022-3-4 7:50:49,30.25,0.00,0.00,17.466,2.090,-5.850,11.616,19.555,0.00,0.00,0.00,0.00,0.00,0.00,0.00,0.00,0.00,0.00,0.00,0.00,0.00,0.00,0.00,0.00,0.00
20650,DL:0.1.0:AT.1.0.0,2022-3-4 7:50:54,30.25,0.00,0.00,17.484,2.069,-5.868,11.616,19.553,0.00,0.00,0.00,0.00,0.00,0.00,0.00,0.00,0.00,0.00,0.00,0.00,0.00,0.00,0.00,0.00,0.00
20650,DL:0.1.0:AT.1.0.0,2022-3-4 7:50:59,30.25,0.00,0.00,17.478,2.074,-5.863,11.615,19.552,0.00,0.00,0.00,0.00,0.00,0.00,0.00,0.00,0.00,0.00,0.00,0.00,0.00,0.00,0.00,0.00,0.00
20650,DL:0.1.0:AT.1.0.0,2022-3-4 7:51:4,30.25,0.00,0.00,17.493,2.055,-5.876,11.617,19.548,0.00,0.00,0.00,0.00,0.00,0.00,0.00,0.00,0.00,0.00,0.00,0.00,0.00,0.00,0.00,0.00,0.00
20650,DL:0.1.0:AT.1.0.0,2022-3-4 7:51:9,30.25,0.00,0.00,17.483,2.064,-5.866,11.616,19.547,0.00,0.00,0.00,0.00,0.00,0.00,0.00,0.00,0.00,0.00,0.00,0.00,0.00,0.00,0.00,0.00,0.00
20650,DL:0.1.0:AT.1.0.0,2022-3-4 7:51:14,30.25,0.00,0.00,17.502,2.044,-5.886,11.616,19.546,0.00,0.00,0.00,0.00,0.00,0.00,0.00,0.00,0.00,0.00,0.00,0.00,0.00,0.00,0.00,0.00,0.00
20650,DL:0.1.0:AT.1.0.0,2022-3-4 7:51:21,30.25,0.00,0.00,17.471,2.073,-5.853,11.617,19.543,0.00,0.00,0.00,0.00,0.00,0.00,0.00,0.00,0.00,0.00,0.00,0.00,0.00,0.00,0.00,0.00,0.00
20650,DL:0.1.0:AT.1.0.0,2022-3-4 7:51:28,30.25,0.00,0.00,17.508,2.032,-5.890,11.617,19.540,0.00,0.00,0.00,0.00,0.00,0.00,0.00,0.00,0.00,0.00,0.00,0.00,0.00,0.00,0.00,0.00,0.00
20650,DL:0.1.0:AT.1.0.0,2022-3-4 7:51:33,30.25,0.00,0.00,17.480,2.058,-5.863,11.617,19.539,0.00,0.00,0.00,0.00,0.00,0.00,0.00,0.00,0.00,0.00,0.00,0.00,0.00,0.00,0.00,0.00,0.00
20650,DL:0.1.0:AT.1.0.0,2022-3-4 7:51:38,30.25,0.00,0.00,17.485,2.052,-5.868,11.617,19.537,0.00,0.00,0.00,0.00,0.00,0.00,0.00,0.00,0.00,0.00,0.00,0.00,0.00,0.00,0.00,0.00,0.00
20650,DL:0.1.0:AT.1.0.0,2022-3-4 7:51:45,30.25,0.00,0.00,17.540,1.994,-5.922,11.619,19.534,0.00,0.00,0.00,0.00,0.00,0.00,0.00,0.00,0.00,0.00,0.00,0.00,0.00,0.00,0.00,0.00,0.00
20650,DL:0.1.0:AT.1.0.0,2022-3-4 7:51:52,30.25,0.00,0.00,17.477,2.054,-5.858,11.619,19.530,0.00,0.00,0.00,0.00,0.00,0.00,0.00,0.00,0.00,0.00,0.00,0.00,0.00,0.00,0.00,0.00,0.00
20650,DL:0.1.0:AT.1.0.0,2022-3-4 7:51:57,30.25,0.00,0.00,17.496,2.033,-5.877,11.619,19.529,0.00,0.00,0.00,0.00,0.00,0.00,0.00,0.00,0.00,0.00,0.00,0.00,0.00,0.00,0.00,0.00,0.00
20650,DL:0.1.0:AT.1.0.0,2022-3-4 7:52:2,30.25,0.00,0.00,17.498,2.030,-5.880,11.619,19.528,0.00,0.00,0.00,0.00,0.00,0.00,0.00,0.00,0.00,0.00,0.00,0.00,0.00,0.00,0.00,0.00,0.00
20650,DL:0.1.0:AT.1.0.0,2022-3-4 7:52:10,30.25,0.00,0.00,17.509,2.015,-5.889,11.620,19.524,0.00,0.00,0.00,0.00,0.00,0.00,0.00,0.00,0.00,0.00,0.00,0.00,0.00,0.00,0.00,0.00,0.00
20650,DL:0.1.0:AT.1.0.0,2022-3-4 7:52:16,30.25,0.00,0.00,17.496,2.027,-5.876,11.620,19.523,0.00,0.00,0.00,0.00,0.00,0.00,0.00,0.00,0.00,0.00,0.00,0.00,0.00,0.00,0.00,0.00,0.00
20650,DL:0.1.0:AT.1.0.0,2022-3-4 7:52:21,30.25,0.00,0.00,17.522,2.000,-5.902,11.620,19.522,0.00,0.00,0.00,0.00,0.00,0.00,0.00,0.00,0.00,0.00,0.00,0.00,0.00,0.00,0.00,0.00,0.00
20650,DL:0.1.0:AT.1.0.0,2022-3-4 7:52:26,30.25,0.00,0.00,17.515,2.004,-5.894,11.621,19.519,0.00,0.00,0.00,0.00,0.00,0.00,0.00,0.00,0.00,0.00,0.00,0.00,0.00,0.00,0.00,0.00,0.00
20650,DL:0.1.0:AT.1.0.0,2022-3-4 7:52:33,30.25,0.00,0.00,17.517,2.001,-5.898,11.620,19.518,0.00,0.00,0.00,0.00,0.00,0.00,0.00,0.00,0.00,0.00,0.00,0.00,0.00,0.00,0.00,0.00,0.00
20650,DL:0.1.0:AT.1.0.0,2022-3-4 7:52:38,30.25,0.00,0.00,17.499,2.018,-5.880,11.620,19.517,0.00,0.00,0.00,0.00,0.00,0.00,0.00,0.00,0.00,0.00,0.00,0.00,0.00,0.00,0.00,0.00,0.00
20650,DL:0.1.0:AT.1.0.0,2022-3-4 7:52:43,30.25,0.00,0.00,17.528,1.986,-5.907,11.621,19.515,0.00,0.00,0.00,0.00,0.00,0.00,0.00,0.00,0.00,0.00,0.00,0.00,0.00,0.00,0.00,0.00,0.00
20650,DL:0.1.0:AT.1.0.0,2022-3-4 7:52:48,30.25,0.00,0.00,17.508,2.007,-5.888,11.620,19.515,0.00,0.00,0.00,0.00,0.00,0.00,0.00,0.00,0.00,0.00,0.00,0.00,0.00,0.00,0.00,0.00,0.00
20650,DL:0.1.0:AT.1.0.0,2022-3-4 7:52:54,30.25,0.00,0.00,17.478,2.034,-5.857,11.621,19.512,0.00,0.00,0.00,0.00,0.00,0.00,0.00,0.00,0.00,0.00,0.00,0.00,0.00,0.00,0.00,0.00,0.00
20650,DL:0.1.0:AT.1.0.0,2022-3-4 7:53:0,30.25,0.00,0.00,17.489,2.021,-5.869,11.620,19.510,0.00,0.00,0.00,0.00,0.00,0.00,0.00,0.00,0.00,0.00,0.00,0.00,0.00,0.00,0.00,0.00,0.00
20650,DL:0.1.0:AT.1.0.0,2022-3-4 7:53:8,30.25,0.00,0.00,17.516,1.991,-5.895,11.621,19.507,0.00,0.00,0.00,0.00,0.00,0.00,0.00,0.00,0.00,0.00,0.00,0.00,0.00,0.00,0.00,0.00,0.00
20650,DL:0.1.0:AT.1.0.0,2022-3-4 7:53:15,30.25,0.00,0.00,17.510,1.996,-5.889,11.621,19.506,0.00,0.00,0.00,0.00,0.00,0.00,0.00,0.00,0.00,0.00,0.00,0.00,0.00,0.00,0.00,0.00,0.00
20650,DL:0.1.0:AT.1.0.0,2022-3-4 7:53:20,30.25,0.00,0.00,17.523,1.980,-5.901,11.622,19.504,0.00,0.00,0.00,0.00,0.00,0.00,0.00,0.00,0.00,0.00,0.00,0.00,0.00,0.00,0.00,0.00,0.00
20650,DL:0.1.0:AT.1.0.0,2022-3-4 7:53:25,30.25,0.00,0.00,17.514,1.989,-5.890,11.623,19.503,0.00,0.00,0.00,0.00,0.00,0.00,0.00,0.00,0.00,0.00,0.00,0.00,0.00,0.00,0.00,0.00,0.00
20650,DL:0.1.0:AT.1.0.0,2022-3-4 7:53:31,30.25,0.00,0.00,17.492,2.008,-5.869,11.623,19.500,0.00,0.00,0.00,0.00,0.00,0.00,0.00,0.00,0.00,0.00,0.00,0.00,0.00,0.00,0.00,0.00,0.00
20650,DL:0.1.0:AT.1.0.0,2022-3-4 7:53:38,30.25,0.00,0.00,17.502,1.997,-5.878,11.623,19.499,0.00,0.00,0.00,0.00,0.00,0.00,0.00,0.00,0.00,0.00,0.00,0.00,0.00,0.00,0.00,0.00,0.00
20650,DL:0.1.0:AT.1.0.0,2022-3-4 7:53:45,30.25,0.00,0.00,17.495,2.002,-5.871,11.623,19.497,0.00,0.00,0.00,0.00,0.00,0.00,0.00,0.00,0.00,0.00,0.00,0.00,0.00,0.00,0.00,0.00,0.00
20650,DL:0.1.0:AT.1.0.0,2022-3-4 7:53:52,30.25,0.00,0.00,17.459,2.034,-5.835,11.623,19.493,0.00,0.00,0.00,0.00,0.00,0.00,0.00,0.00,0.00,0.00,0.00,0.00,0.00,0.00,0.00,0.00,0.00
20650,DL:0.1.0:AT.1.0.0,2022-3-4 7:53:59,30.25,0.00,0.00,17.507,1.986,-5.881,11.626,19.493,0.00,0.00,0.00,0.00,0.00,0.00,0.00,0.00,0.00,0.00,0.00,0.00,0.00,0.00,0.00,0.00,0.00
20650,DL:0.1.0:AT.1.0.0,2022-3-4 7:54:6,30.25,0.00,0.00,17.455,2.036,-5.830,11.625,19.491,0.00,0.00,0.00,0.00,0.00,0.00,0.00,0.00,0.00,0.00,0.00,0.00,0.00,0.00,0.00,0.00,0.00
20650,DL:0.1.0:AT.1.0.0,2022-3-4 7:54:11,30.25,0.00,0.00,17.489,2.000,-5.863,11.626,19.488,0.00,0.00,0.00,0.00,0.00,0.00,0.00,0.00,0.00,0.00,0.00,0.00,0.00,0.00,0.00,0.00,0.00
20650,DL:0.1.0:AT.1.0.0,2022-3-4 7:54:16,30.25,0.00,0.00,17.495,1.992,-5.869,11.626,19.487,0.00,0.00,0.00,0.00,0.00,0.00,0.00,0.00,0.00,0.00,0.00,0.00,0.00,0.00,0.00,0.00,0.00
20650,DL:0.1.0:AT.1.0.0,2022-3-4 7:54:21,30.25,0.00,0.00,17.477,2.009,-5.851,11.626,19.486,0.00,0.00,0.00,0.00,0.00,0.00,0.00,0.00,0.00,0.00,0.00,0.00,0.00,0.00,0.00,0.00,0.00
20650,DL:0.1.0:AT.1.0.0,2022-3-4 7:54:26,30.25,0.00,0.00,17.495,1.989,-5.869,11.626,19.483,0.00,0.00,0.00,0.00,0.00,0.00,0.00,0.00,0.00,0.00,0.00,0.00,0.00,0.00,0.00,0.00,0.00
20650,DL:0.1.0:AT.1.0.0,2022-3-4 7:54:32,30.25,0.00,0.00,17.485,1.997,-5.859,11.626,19.482,0.00,0.00,0.00,0.00,0.00,0.00,0.00,0.00,0.00,0.00,0.00,0.00,0.00,0.00,0.00,0.00,0.00
20650,DL:0.1.0:AT.1.0.0,2022-3-4 7:54:37,30.25,0.00,0.00,17.501,1.980,-5.874,11.627,19.481,0.00,0.00,0.00,0.00,0.00,0.00,0.00,0.00,0.00,0.00,0.00,0.00,0.00,0.00,0.00,0.00,0.00
20650,DL:0.1.0:AT.1.0.0,2022-3-4 7:54:48,30.25,0.00,0.00,17.480,1.996,-5.852,11.628,19.476,0.00,0.00,0.00,0.00,0.00,0.00,0.00,0.00,0.00,0.00,0.00,0.00,0.00,0.00,0.00,0.00,0.00
20650,DL:0.1.0:AT.1.0.0,2022-3-4 7:54:54,30.25,0.00,0.00,17.497,1.977,-5.870,11.627,19.474,0.00,0.00,0.00,0.00,0.00,0.00,0.00,0.00,0.00,0.00,0.00,0.00,0.00,0.00,0.00,0.00,0.00
20650,DL:0.1.0:AT.1.0.0,2022-3-4 7:55:1,30.25,0.00,0.00,17.513,1.959,-5.886,11.627,19.471,0.00,0.00,0.00,0.00,0.00,0.00,0.00,0.00,0.00,0.00,0.00,0.00,0.00,0.00,0.00,0.00,0.00
20650,DL:0.1.0:AT.1.0.0,2022-3-4 7:55:7,30.25,0.00,0.00,17.509,1.960,-5.881,11.628,19.469,0.00,0.00,0.00,0.00,0.00,0.00,0.00,0.00,0.00,0.00,0.00,0.00,0.00,0.00,0.00,0.00,0.00
20650,DL:0.1.0:AT.1.0.0,2022-3-4 7:55:16,30.25,0.00,0.00,17.478,1.988,-5.851,11.627,19.465,0.00,0.00,0.00,0.00,0.00,0.00,0.00,0.00,0.00,0.00,0.00,0.00,0.00,0.00,0.00,0.00,0.00
20650,DL:0.1.0:AT.1.0.0,2022-3-4 7:55:21,30.25,0.00,0.00,17.479,1.985,-5.851,11.628,19.464,0.00,0.00,0.00,0.00,0.00,0.00,0.00,0.00,0.00,0.00,0.00,0.00,0.00,0.00,0.00,0.00,0.00
20650,DL:0.1.0:AT.1.0.0,2022-3-4 7:55:28,30.25,0.00,0.00,17.504,1.956,-5.876,11.628,19.460,0.00,0.00,0.00,0.00,0.00,0.00,0.00,0.00,0.00,0.00,0.00,0.00,0.00,0.00,0.00,0.00,0.00
20650,DL:0.1.0:AT.1.0.0,2022-3-4 7:55:35,30.25,0.00,0.00,17.501,1.957,-5.872,11.628,19.458,0.00,0.00,0.00,0.00,0.00,0.00,0.00,0.00,0.00,0.00,0.00,0.00,0.00,0.00,0.00,0.00,0.00
20650,DL:0.1.0:AT.1.0.0,2022-3-4 7:55:42,30.25,0.00,0.00,17.502,1.951,-5.872,11.629,19.453,0.00,0.00,0.00,0.00,0.00,0.00,0.00,0.00,0.00,0.00,0.00,0.00,0.00,0.00,0.00,0.00,0.00
20650,DL:0.1.0:AT.1.0.0,2022-3-4 7:55:50,30.25,0.00,0.00,17.498,1.954,-5.869,11.629,19.452,0.00,0.00,0.00,0.00,0.00,0.00,0.00,0.00,0.00,0.00,0.00,0.00,0.00,0.00,0.00,0.00,0.00
20650,DL:0.1.0:AT.1.0.0,2022-3-4 7:55:55,30.25,0.00,0.00,17.465,1.984,-5.835,11.629,19.448,0.00,0.00,0.00,0.00,0.00,0.00,0.00,0.00,0.00,0.00,0.00,0.00,0.00,0.00,0.00,0.00,0.00
20650,DL:0.1.0:AT.1.0.0,2022-3-4 7:56:0,30.25,0.00,0.00,17.483,1.965,-5.853,11.629,19.447,0.00,0.00,0.00,0.00,0.00,0.00,0.00,0.00,0.00,0.00,0.00,0.00,0.00,0.00,0.00,0.00,0.00
20650,DL:0.1.0:AT.1.0.0,2022-3-4 7:56:5,30.25,0.00,0.00,17.501,1.944,-5.871,11.629,19.445,0.00,0.00,0.00,0.00,0.00,0.00,0.00,0.00,0.00,0.00,0.00,0.00,0.00,0.00,0.00,0.00,0.00
20650,DL:0.1.0:AT.1.0.0,2022-3-4 7:56:12,30.25,0.00,0.00,17.514,1.927,-5.883,11.631,19.441,0.00,0.00,0.00,0.00,0.00,0.00,0.00,0.00,0.00,0.00,0.00,0.00,0.00,0.00,0.00,0.00,0.00
20650,DL:0.1.0:AT.1.0.0,2022-3-4 7:56:24,30.25,0.00,0.00,17.485,1.953,-5.856,11.629,19.438,0.00,0.00,0.00,0.00,0.00,0.00,0.00,0.00,0.00,0.00,0.00,0.00,0.00,0.00,0.00,0.00,0.00
20650,DL:0.1.0:AT.1.0.0,2022-3-4 7:56:29,30.25,0.00,0.00,17.487,1.949,-5.857,11.631,19.436,0.00,0.00,0.00,0.00,0.00,0.00,0.00,0.00,0.00,0.00,0.00,0.00,0.00,0.00,0.00,0.00,0.00
20650,DL:0.1.0:AT.1.0.0,2022-3-4 7:56:35,30.25,0.00,0.00,17.499,1.933,-5.869,11.631,19.433,0.00,0.00,0.00,0.00,0.00,0.00,0.00,0.00,0.00,0.00,0.00,0.00,0.00,0.00,0.00,0.00,0.00
20650,DL:0.1.0:AT.1.0.0,2022-3-4 7:56:40,30.25,0.00,0.00,17.522,1.909,-5.892,11.631,19.432,0.00,0.00,0.00,0.00,0.00,0.00,0.00,0.00,0.00,0.00,0.00,0.00,0.00,0.00,0.00,0.00,0.00
20650,DL:0.1.0:AT.1.0.0,2022-3-4 7:56:45,30.25,0.00,0.00,17.491,1.938,-5.860,11.631,19.429,0.00,0.00,0.00,0.00,0.00,0.00,0.00,0.00,0.00,0.00,0.00,0.00,0.00,0.00,0.00,0.00,0.00
20650,DL:0.1.0:AT.1.0.0,2022-3-4 7:56:51,30.25,0.00,0.00,17.501,1.926,-5.869,11.632,19.427,0.00,0.00,0.00,0.00,0.00,0.00,0.00,0.00,0.00,0.00,0.00,0.00,0.00,0.00,0.00,0.00,0.00
20650,DL:0.1.0:AT.1.0.0,2022-3-4 7:56:56,30.25,0.00,0.00,17.509,1.917,-5.877,11.632,19.426,0.00,0.00,0.00,0.00,0.00,0.00,0.00,0.00,0.00,0.00,0.00,0.00,0.00,0.00,0.00,0.00,0.00
20650,DL:0.1.0:AT.1.0.0,2022-3-4 7:57:2,30.25,0.00,0.00,17.478,1.945,-5.846,11.632,19.423,0.00,0.00,0.00,0.00,0.00,0.00,0.00,0.00,0.00,0.00,0.00,0.00,0.00,0.00,0.00,0.00,0.00
20650,DL:0.1.0:AT.1.0.0,2022-3-4 7:57:7,30.25,0.00,0.00,17.501,1.920,-5.869,11.632,19.421,0.00,0.00,0.00,0.00,0.00,0.00,0.00,0.00,0.00,0.00,0.00,0.00,0.00,0.00,0.00,0.00,0.00
20650,DL:0.1.0:AT.1.0.0,2022-3-4 7:57:14,30.25,0.00,0.00,17.477,1.941,-5.845,11.632,19.417,0.00,0.00,0.00,0.00,0.00,0.00,0.00,0.00,0.00,0.00,0.00,0.00,0.00,0.00,0.00,0.00,0.00
20650,DL:0.1.0:AT.1.0.0,2022-3-4 7:57:19,30.25,0.00,0.00,17.486,1.930,-5.854,11.632,19.416,0.00,0.00,0.00,0.00,0.00,0.00,0.00,0.00,0.00,0.00,0.00,0.00,0.00,0.00,0.00,0.00,0.00
20650,DL:0.1.0:AT.1.0.0,2022-3-4 7:57:24,30.25,0.00,0.00,17.507,1.906,-5.874,11.633,19.412,0.00,0.00,0.00,0.00,0.00,0.00,0.00,0.00,0.00,0.00,0.00,0.00,0.00,0.00,0.00,0.00,0.00
20650,DL:0.1.0:AT.1.0.0,2022-3-4 7:57:29,30.25,0.00,0.00,17.519,1.893,-5.886,11.633,19.411,0.00,0.00,0.00,0.00,0.00,0.00,0.00,0.00,0.00,0.00,0.00,0.00,0.00,0.00,0.00,0.00,0.00
20650,DL:0.1.0:AT.1.0.0,2022-3-4 7:57:34,30.25,0.00,0.00,17.485,1.924,-5.852,11.633,19.409,0.00,0.00,0.00,0.00,0.00,0.00,0.00,0.00,0.00,0.00,0.00,0.00,0.00,0.00,0.00,0.00,0.00
20650,DL:0.1.0:AT.1.0.0,2022-3-4 7:57:39,30.25,0.00,0.00,17.487,1.920,-5.854,11.633,19.408,0.00,0.00,0.00,0.00,0.00,0.00,0.00,0.00,0.00,0.00,0.00,0.00,0.00,0.00,0.00,0.00,0.00
20650,DL:0.1.0:AT.1.0.0,2022-3-4 7:57:44,30.25,0.00,0.00,17.480,1.925,-5.847,11.633,19.405,0.00,0.00,0.00,0.00,0.00,0.00,0.00,0.00,0.00,0.00,0.00,0.00,0.00,0.00,0.00,0.00,0.00
20650,DL:0.1.0:AT.1.0.0,2022-3-4 7:57:49,30.25,0.00,0.00,17.507,1.899,-5.874,11.633,19.405,0.00,0.00,0.00,0.00,0.00,0.00,0.00,0.00,0.00,0.00,0.00,0.00,0.00,0.00,0.00,0.00,0.00
20650,DL:0.1.0:AT.1.0.0,2022-3-4 7:57:55,30.25,0.00,0.00,17.520,1.882,-5.887,11.633,19.402,0.00,0.00,0.00,0.00,0.00,0.00,0.00,0.00,0.00,0.00,0.00,0.00,0.00,0.00,0.00,0.00,0.00
20650,DL:0.1.0:AT.1.0.0,2022-3-4 7:58:0,30.25,0.00,0.00,17.499,1.901,-5.865,11.634,19.400,0.00,0.00,0.00,0.00,0.00,0.00,0.00,0.00,0.00,0.00,0.00,0.00,0.00,0.00,0.00,0.00,0.00
20650,DL:0.1.0:AT.1.0.0,2022-3-4 7:58:5,30.25,0.00,0.00,17.508,1.890,-5.874,11.634,19.398,0.00,0.00,0.00,0.00,0.00,0.00,0.00,0.00,0.00,0.00,0.00,0.00,0.00,0.00,0.00,0.00,0.00
20650,DL:0.1.0:AT.1.0.0,2022-3-4 7:58:10,30.25,0.00,0.00,17.491,1.906,-5.857,11.634,19.397,0.00,0.00,0.00,0.00,0.00,0.00,0.00,0.00,0.00,0.00,0.00,0.00,0.00,0.00,0.00,0.00,0.00
20650,DL:0.1.0:AT.1.0.0,2022-3-4 7:58:16,30.25,0.00,0.00,17.503,1.891,-5.868,11.635,19.394,0.00,0.00,0.00,0.00,0.00,0.00,0.00,0.00,0.00,0.00,0.00,0.00,0.00,0.00,0.00,0.00,0.00
20650,DL:0.1.0:AT.1.0.0,2022-3-4 7:58:24,30.25,0.00,0.00,17.499,1.891,-5.864,11.635,19.391,0.00,0.00,0.00,0.00,0.00,0.00,0.00,0.00,0.00,0.00,0.00,0.00,0.00,0.00,0.00,0.00,0.00
20650,DL:0.1.0:AT.1.0.0,2022-3-4 7:58:29,30.25,0.00,0.00,17.478,1.912,-5.842,11.635,19.390,0.00,0.00,0.00,0.00,0.00,0.00,0.00,0.00,0.00,0.00,0.00,0.00,0.00,0.00,0.00,0.00,0.00
20650,DL:0.1.0:AT.1.0.0,2022-3-4 7:58:34,30.25,0.00,0.00,17.497,1.890,-5.862,11.635,19.387,0.00,0.00,0.00,0.00,0.00,0.00,0.00,0.00,0.00,0.00,0.00,0.00,0.00,0.00,0.00,0.00,0.00
20650,DL:0.1.0:AT.1.0.0,2022-3-4 7:58:39,30.25,0.00,0.00,17.503,1.882,-5.866,11.637,19.385,0.00,0.00,0.00,0.00,0.00,0.00,0.00,0.00,0.00,0.00,0.00,0.00,0.00,0.00,0.00,0.00,0.00
20650,DL:0.1.0:AT.1.0.0,2022-3-4 7:58:46,30.25,0.00,0.00,17.492,1.890,-5.856,11.637,19.382,0.00,0.00,0.00,0.00,0.00,0.00,0.00,0.00,0.00,0.00,0.00,0.00,0.00,0.00,0.00,0.00,0.00
20650,DL:0.1.0:AT.1.0.0,2022-3-4 7:58:53,30.25,0.00,0.00,17.516,1.864,-5.881,11.635,19.380,0.00,0.00,0.00,0.00,0.00,0.00,0.00,0.00,0.00,0.00,0.00,0.00,0.00,0.00,0.00,0.00,0.00
20650,DL:0.1.0:AT.1.0.0,2022-3-4 7:58:58,30.50,0.00,0.00,17.495,1.883,-5.858,11.637,19.378,0.00,0.00,0.00,0.00,0.00,0.00,0.00,0.00,0.00,0.00,0.00,0.00,0.00,0.00,0.00,0.00,0.00
20650,DL:0.1.0:AT.1.0.0,2022-3-4 7:59:4,30.50,0.00,0.00,17.490,1.885,-5.852,11.638,19.375,0.00,0.00,0.00,0.00,0.00,0.00,0.00,0.00,0.00,0.00,0.00,0.00,0.00,0.00,0.00,0.00,0.00
20650,DL:0.1.0:AT.1.0.0,2022-3-4 7:59:9,30.50,0.00,0.00,17.485,1.889,-5.847,11.638,19.374,0.00,0.00,0.00,0.00,0.00,0.00,0.00,0.00,0.00,0.00,0.00,0.00,0.00,0.00,0.00,0.00,0.00
20650,DL:0.1.0:AT.1.0.0,2022-3-4 7:59:14,30.50,0.00,0.00,17.534,1.838,-5.896,11.638,19.373,0.00,0.00,0.00,0.00,0.00,0.00,0.00,0.00,0.00,0.00,0.00,0.00,0.00,0.00,0.00,0.00,0.00
20650,DL:0.1.0:AT.1.0.0,2022-3-4 7:59:20,30.50,0.00,0.00,17.514,1.858,-5.876,11.638,19.372,0.00,0.00,0.00,0.00,0.00,0.00,0.00,0.00,0.00,0.00,0.00,0.00,0.00,0.00,0.00,0.00,0.00
20650,DL:0.1.0:AT.1.0.0,2022-3-4 7:59:28,30.50,0.00,0.00,17.509,1.859,-5.870,11.639,19.368,0.00,0.00,0.00,0.00,0.00,0.00,0.00,0.00,0.00,0.00,0.00,0.00,0.00,0.00,0.00,0.00,0.00
20650,DL:0.1.0:AT.1.0.0,2022-3-4 7:59:33,30.50,0.00,0.00,17.523,1.842,-5.884,11.639,19.366,0.00,0.00,0.00,0.00,0.00,0.00,0.00,0.00,0.00,0.00,0.00,0.00,0.00,0.00,0.00,0.00,0.00
20650,DL:0.1.0:AT.1.0.0,2022-3-4 7:59:38,30.50,0.00,0.00,17.513,1.851,-5.874,11.639,19.363,0.00,0.00,0.00,0.00,0.00,0.00,0.00,0.00,0.00,0.00,0.00,0.00,0.00,0.00,0.00,0.00,0.00
20650,DL:0.1.0:AT.1.0.0,2022-3-4 7:59:45,30.50,0.00,0.00,17.499,1.861,-5.860,11.639,19.361,0.00,0.00,0.00,0.00,0.00,0.00,0.00,0.00,0.00,0.00,0.00,0.00,0.00,0.00,0.00,0.00,0.00
20650,DL:0.1.0:AT.1.0.0,2022-3-4 7:59:50,30.50,0.00,0.00,17.469,1.890,-5.829,11.640,19.360,0.00,0.00,0.00,0.00,0.00,0.00,0.00,0.00,0.00,0.00,0.00,0.00,0.00,0.00,0.00,0.00,0.00
20650,DL:0.1.0:AT.1.0.0,2022-3-4 7:59:55,30.50,0.00,0.00,17.517,1.840,-5.877,11.640,19.357,0.00,0.00,0.00,0.00,0.00,0.00,0.00,0.00,0.00,0.00,0.00,0.00,0.00,0.00,0.00,0.00,0.00
20650,DL:0.1.0:AT.1.0.0,2022-3-4 8:0:0,30.50,0.00,0.00,17.493,1.861,-5.853,11.640,19.355,0.00,0.00,0.00,0.00,0.00,0.00,0.00,0.00,0.00,0.00,0.00,0.00,0.00,0.00,0.00,0.00,0.00
20650,DL:0.1.0:AT.1.0.0,2022-3-4 8:0:5,30.50,0.00,0.00,17.523,1.831,-5.883,11.640,19.355,0.00,0.00,0.00,0.00,0.00,0.00,0.00,0.00,0.00,0.00,0.00,0.00,0.00,0.00,0.00,0.00,0.00
20650,DL:0.1.0:AT.1.0.0,2022-3-4 8:0:12,30.50,0.00,0.00,17.490,1.861,-5.850,11.640,19.351,0.00,0.00,0.00,0.00,0.00,0.00,0.00,0.00,0.00,0.00,0.00,0.00,0.00,0.00,0.00,0.00,0.00
20650,DL:0.1.0:AT.1.0.0,2022-3-4 8:0:18,30.50,0.00,0.00,17.498,1.849,-5.857,11.641,19.348,0.00,0.00,0.00,0.00,0.00,0.00,0.00,0.00,0.00,0.00,0.00,0.00,0.00,0.00,0.00,0.00,0.00
20650,DL:0.1.0:AT.1.0.0,2022-3-4 8:0:23,30.50,0.00,0.00,17.493,1.853,-5.852,11.641,19.346,0.00,0.00,0.00,0.00,0.00,0.00,0.00,0.00,0.00,0.00,0.00,0.00,0.00,0.00,0.00,0.00,0.00
20650,DL:0.1.0:AT.1.0.0,2022-3-4 8:0:29,30.50,0.00,0.00,17.498,1.845,-5.857,11.641,19.343,0.00,0.00,0.00,0.00,0.00,0.00,0.00,0.00,0.00,0.00,0.00,0.00,0.00,0.00,0.00,0.00,0.00
20650,DL:0.1.0:AT.1.0.0,2022-3-4 8:0:34,30.50,0.00,0.00,17.490,1.852,-5.847,11.643,19.342,0.00,0.00,0.00,0.00,0.00,0.00,0.00,0.00,0.00,0.00,0.00,0.00,0.00,0.00,0.00,0.00,0.00
20650,DL:0.1.0:AT.1.0.0,2022-3-4 8:0:40,30.50,0.00,0.00,17.490,1.849,-5.848,11.641,19.339,0.00,0.00,0.00,0.00,0.00,0.00,0.00,0.00,0.00,0.00,0.00,0.00,0.00,0.00,0.00,0.00,0.00
20650,DL:0.1.0:AT.1.0.0,2022-3-4 8:0:45,30.50,0.00,0.00,17.499,1.838,-5.857,11.643,19.338,0.00,0.00,0.00,0.00,0.00,0.00,0.00,0.00,0.00,0.00,0.00,0.00,0.00,0.00,0.00,0.00,0.00
20650,DL:0.1.0:AT.1.0.0,2022-3-4 8:0:50,30.50,0.00,0.00,17.483,1.852,-5.839,11.644,19.334,0.00,0.00,0.00,0.00,0.00,0.00,0.00,0.00,0.00,0.00,0.00,0.00,0.00,0.00,0.00,0.00,0.00
20650,DL:0.1.0:AT.1.0.0,2022-3-4 8:0:57,30.50,0.00,0.00,17.508,1.824,-5.865,11.643,19.332,0.00,0.00,0.00,0.00,0.00,0.00,0.00,0.00,0.00,0.00,0.00,0.00,0.00,0.00,0.00,0.00,0.00
20650,DL:0.1.0:AT.1.0.0,2022-3-4 8:1:3,30.50,0.00,0.00,17.489,1.841,-5.845,11.644,19.329,0.00,0.00,0.00,0.00,0.00,0.00,0.00,0.00,0.00,0.00,0.00,0.00,0.00,0.00,0.00,0.00,0.00
20650,DL:0.1.0:AT.1.0.0,2022-3-4 8:1:9,30.50,0.00,0.00,17.510,1.817,-5.868,11.643,19.327,0.00,0.00,0.00,0.00,0.00,0.00,0.00,0.00,0.00,0.00,0.00,0.00,0.00,0.00,0.00,0.00,0.00
20650,DL:0.1.0:AT.1.0.0,2022-3-4 8:1:14,30.50,0.00,0.00,17.481,1.843,-5.836,11.645,19.325,0.00,0.00,0.00,0.00,0.00,0.00,0.00,0.00,0.00,0.00,0.00,0.00,0.00,0.00,0.00,0.00,0.00
20650,DL:0.1.0:AT.1.0.0,2022-3-4 8:1:19,30.50,0.00,0.00,17.491,1.831,-5.847,11.644,19.322,0.00,0.00,0.00,0.00,0.00,0.00,0.00,0.00,0.00,0.00,0.00,0.00,0.00,0.00,0.00,0.00,0.00
20650,DL:0.1.0:AT.1.0.0,2022-3-4 8:1:24,30.50,0.00,0.00,17.491,1.830,-5.847,11.644,19.321,0.00,0.00,0.00,0.00,0.00,0.00,0.00,0.00,0.00,0.00,0.00,0.00,0.00,0.00,0.00,0.00,0.00
20650,DL:0.1.0:AT.1.0.0,2022-3-4 8:1:29,30.50,0.00,0.00,17.505,1.813,-5.860,11.645,19.319,0.00,0.00,0.00,0.00,0.00,0.00,0.00,0.00,0.00,0.00,0.00,0.00,0.00,0.00,0.00,0.00,0.00
20650,DL:0.1.0:AT.1.0.0,2022-3-4 8:1:34,30.50,0.00,0.00,17.473,1.845,-5.828,11.645,19.317,0.00,0.00,0.00,0.00,0.00,0.00,0.00,0.00,0.00,0.00,0.00,0.00,0.00,0.00,0.00,0.00,0.00
20650,DL:0.1.0:AT.1.0.0,2022-3-4 8:1:39,30.50,0.00,0.00,17.484,1.832,-5.839,11.645,19.316,0.00,0.00,0.00,0.00,0.00,0.00,0.00,0.00,0.00,0.00,0.00,0.00,0.00,0.00,0.00,0.00,0.00
20650,DL:0.1.0:AT.1.0.0,2022-3-4 8:1:44,30.50,0.00,0.00,17.477,1.836,-5.832,11.645,19.313,0.00,0.00,0.00,0.00,0.00,0.00,0.00,0.00,0.00,0.00,0.00,0.00,0.00,0.00,0.00,0.00,0.00
20650,DL:0.1.0:AT.1.0.0,2022-3-4 8:1:51,30.50,0.00,0.00,17.504,1.807,-5.859,11.645,19.311,0.00,0.00,0.00,0.00,0.00,0.00,0.00,0.00,0.00,0.00,0.00,0.00,0.00,0.00,0.00,0.00,0.00
20650,DL:0.1.0:AT.1.0.0,2022-3-4 8:1:56,30.50,0.00,0.00,17.467,1.842,-5.821,11.646,19.309,0.00,0.00,0.00,0.00,0.00,0.00,0.00,0.00,0.00,0.00,0.00,0.00,0.00,0.00,0.00,0.00,0.00
20650,DL:0.1.0:AT.1.0.0,2022-3-4 8:2:2,30.50,0.00,0.00,17.437,1.870,-5.791,11.646,19.307,0.00,0.00,0.00,0.00,0.00,0.00,0.00,0.00,0.00,0.00,0.00,0.00,0.00,0.00,0.00,0.00,0.00
20650,DL:0.1.0:AT.1.0.0,2022-3-4 8:2:8,30.50,0.00,0.00,17.484,1.819,-5.836,11.647,19.303,0.00,0.00,0.00,0.00,0.00,0.00,0.00,0.00,0.00,0.00,0.00,0.00,0.00,0.00,0.00,0.00,0.00
20650,DL:0.1.0:AT.1.0.0,2022-3-4 8:2:13,30.50,0.00,0.00,17.467,1.835,-5.820,11.647,19.302,0.00,0.00,0.00,0.00,0.00,0.00,0.00,0.00,0.00,0.00,0.00,0.00,0.00,0.00,0.00,0.00,0.00
20650,DL:0.1.0:AT.1.0.0,2022-3-4 8:2:19,30.50,0.00,0.00,17.467,1.831,-5.820,11.647,19.298,0.00,0.00,0.00,0.00,0.00,0.00,0.00,0.00,0.00,0.00,0.00,0.00,0.00,0.00,0.00,0.00,0.00
20650,DL:0.1.0:AT.1.0.0,2022-3-4 8:2:25,30.50,0.00,0.00,17.444,1.853,-5.797,11.647,19.297,0.00,0.00,0.00,0.00,0.00,0.00,0.00,0.00,0.00,0.00,0.00,0.00,0.00,0.00,0.00,0.00,0.00
20650,DL:0.1.0:AT.1.0.0,2022-3-4 8:2:30,30.50,0.00,0.00,17.451,1.842,-5.803,11.649,19.293,0.00,0.00,0.00,0.00,0.00,0.00,0.00,0.00,0.00,0.00,0.00,0.00,0.00,0.00,0.00,0.00,0.00
20650,DL:0.1.0:AT.1.0.0,2022-3-4 8:2:36,30.50,0.00,0.00,17.487,1.804,-5.839,11.649,19.291,0.00,0.00,0.00,0.00,0.00,0.00,0.00,0.00,0.00,0.00,0.00,0.00,0.00,0.00,0.00,0.00,0.00
20650,DL:0.1.0:AT.1.0.0,2022-3-4 8:2:41,30.50,0.00,0.00,17.504,1.784,-5.854,11.650,19.289,0.00,0.00,0.00,0.00,0.00,0.00,0.00,0.00,0.00,0.00,0.00,0.00,0.00,0.00,0.00,0.00,0.00
20650,DL:0.1.0:AT.1.0.0,2022-3-4 8:2:46,30.50,0.00,0.00,17.485,1.801,-5.836,11.649,19.286,0.00,0.00,0.00,0.00,0.00,0.00,0.00,0.00,0.00,0.00,0.00,0.00,0.00,0.00,0.00,0.00,0.00
20650,DL:0.1.0:AT.1.0.0,2022-3-4 8:2:51,30.50,0.00,0.00,17.496,1.788,-5.846,11.650,19.284,0.00,0.00,0.00,0.00,0.00,0.00,0.00,0.00,0.00,0.00,0.00,0.00,0.00,0.00,0.00,0.00,0.00
20650,DL:0.1.0:AT.1.0.0,2022-3-4 8:2:57,30.50,0.00,0.00,17.495,1.784,-5.845,11.650,19.279,0.00,0.00,0.00,0.00,0.00,0.00,0.00,0.00,0.00,0.00,0.00,0.00,0.00,0.00,0.00,0.00,0.00
20650,DL:0.1.0:AT.1.0.0,2022-3-4 8:3:3,30.50,0.00,0.00,17.498,1.780,-5.848,11.650,19.278,0.00,0.00,0.00,0.00,0.00,0.00,0.00,0.00,0.00,0.00,0.00,0.00,0.00,0.00,0.00,0.00,0.00
20650,DL:0.1.0:AT.1.0.0,2022-3-4 8:3:9,30.50,0.00,0.00,17.497,1.777,-5.846,11.651,19.274,0.00,0.00,0.00,0.00,0.00,0.00,0.00,0.00,0.00,0.00,0.00,0.00,0.00,0.00,0.00,0.00,0.00
20650,DL:0.1.0:AT.1.0.0,2022-3-4 8:3:14,30.50,0.00,0.00,17.497,1.774,-5.846,11.651,19.271,0.00,0.00,0.00,0.00,0.00,0.00,0.00,0.00,0.00,0.00,0.00,0.00,0.00,0.00,0.00,0.00,0.00
20650,DL:0.1.0:AT.1.0.0,2022-3-4 8:3:19,30.50,0.00,0.00,17.468,1.800,-5.817,11.651,19.268,0.00,0.00,0.00,0.00,0.00,0.00,0.00,0.00,0.00,0.00,0.00,0.00,0.00,0.00,0.00,0.00,0.00
20650,DL:0.1.0:AT.1.0.0,2022-3-4 8:3:26,30.50,0.00,0.00,17.497,1.769,-5.847,11.650,19.266,0.00,0.00,0.00,0.00,0.00,0.00,0.00,0.00,0.00,0.00,0.00,0.00,0.00,0.00,0.00,0.00,0.00
20650,DL:0.1.0:AT.1.0.0,2022-3-4 8:3:32,30.50,0.00,0.00,17.505,1.757,-5.854,11.651,19.262,0.00,0.00,0.00,0.00,0.00,0.00,0.00,0.00,0.00,0.00,0.00,0.00,0.00,0.00,0.00,0.00,0.00
20650,DL:0.1.0:AT.1.0.0,2022-3-4 8:3:37,30.50,0.00,0.00,17.529,1.729,-5.877,11.652,19.259,0.00,0.00,0.00,0.00,0.00,0.00,0.00,0.00,0.00,0.00,0.00,0.00,0.00,0.00,0.00,0.00,0.00
20650,DL:0.1.0:AT.1.0.0,2022-3-4 8:3:43,30.50,0.00,0.00,17.510,1.746,-5.858,11.652,19.256,0.00,0.00,0.00,0.00,0.00,0.00,0.00,0.00,0.00,0.00,0.00,0.00,0.00,0.00,0.00,0.00,0.00
20650,DL:0.1.0:AT.1.0.0,2022-3-4 8:3:48,30.50,0.00,0.00,17.505,1.748,-5.852,11.653,19.254,0.00,0.00,0.00,0.00,0.00,0.00,0.00,0.00,0.00,0.00,0.00,0.00,0.00,0.00,0.00,0.00,0.00
20650,DL:0.1.0:AT.1.0.0,2022-3-4 8:3:53,30.50,0.00,0.00,17.504,1.747,-5.851,11.653,19.251,0.00,0.00,0.00,0.00,0.00,0.00,0.00,0.00,0.00,0.00,0.00,0.00,0.00,0.00,0.00,0.00,0.00
20650,DL:0.1.0:AT.1.0.0,2022-3-4 8:3:59,30.50,0.00,0.00,17.503,1.745,-5.850,11.653,19.248,0.00,0.00,0.00,0.00,0.00,0.00,0.00,0.00,0.00,0.00,0.00,0.00,0.00,0.00,0.00,0.00,0.00
20650,DL:0.1.0:AT.1.0.0,2022-3-4 8:4:4,30.50,0.00,0.00,17.511,1.734,-5.858,11.653,19.245,0.00,0.00,0.00,0.00,0.00,0.00,0.00,0.00,0.00,0.00,0.00,0.00,0.00,0.00,0.00,0.00,0.00
20650,DL:0.1.0:AT.1.0.0,2022-3-4 8:4:9,30.50,0.00,0.00,17.502,1.741,-5.847,11.655,19.243,0.00,0.00,0.00,0.00,0.00,0.00,0.00,0.00,0.00,0.00,0.00,0.00,0.00,0.00,0.00,0.00,0.00
20650,DL:0.1.0:AT.1.0.0,2022-3-4 8:4:14,30.50,0.00,0.00,17.479,1.759,-5.826,11.653,19.238,0.00,0.00,0.00,0.00,0.00,0.00,0.00,0.00,0.00,0.00,0.00,0.00,0.00,0.00,0.00,0.00,0.00
20650,DL:0.1.0:AT.1.0.0,2022-3-4 8:4:19,30.50,0.00,0.00,17.499,1.738,-5.845,11.655,19.237,0.00,0.00,0.00,0.00,0.00,0.00,0.00,0.00,0.00,0.00,0.00,0.00,0.00,0.00,0.00,0.00,0.00
20650,DL:0.1.0:AT.1.0.0,2022-3-4 8:4:24,30.50,0.00,0.00,17.479,1.754,-5.824,11.655,19.233,0.00,0.00,0.00,0.00,0.00,0.00,0.00,0.00,0.00,0.00,0.00,0.00,0.00,0.00,0.00,0.00,0.00
20650,DL:0.1.0:AT.1.0.0,2022-3-4 8:4:29,30.50,0.00,0.00,17.502,1.729,-5.848,11.653,19.231,0.00,0.00,0.00,0.00,0.00,0.00,0.00,0.00,0.00,0.00,0.00,0.00,0.00,0.00,0.00,0.00,0.00
20650,DL:0.1.0:AT.1.0.0,2022-3-4 8:4:34,30.50,0.00,0.00,17.475,1.752,-5.821,11.655,19.227,0.00,0.00,0.00,0.00,0.00,0.00,0.00,0.00,0.00,0.00,0.00,0.00,0.00,0.00,0.00,0.00,0.00
20650,DL:0.1.0:AT.1.0.0,2022-3-4 8:4:40,30.50,0.00,0.00,17.480,1.746,-5.827,11.653,19.226,0.00,0.00,0.00,0.00,0.00,0.00,0.00,0.00,0.00,0.00,0.00,0.00,0.00,0.00,0.00,0.00,0.00
20650,DL:0.1.0:AT.1.0.0,2022-3-4 8:4:45,30.50,0.00,0.00,17.490,1.732,-5.835,11.655,19.221,0.00,0.00,0.00,0.00,0.00,0.00,0.00,0.00,0.00,0.00,0.00,0.00,0.00,0.00,0.00,0.00,0.00
20650,DL:0.1.0:AT.1.0.0,2022-3-4 8:4:50,30.50,0.00,0.00,17.513,1.708,-5.857,11.656,19.220,0.00,0.00,0.00,0.00,0.00,0.00,0.00,0.00,0.00,0.00,0.00,0.00,0.00,0.00,0.00,0.00,0.00
20650,DL:0.1.0:AT.1.0.0,2022-3-4 8:4:57,30.50,0.00,0.00,17.475,1.741,-5.818,11.657,19.217,0.00,0.00,0.00,0.00,0.00,0.00,0.00,0.00,0.00,0.00,0.00,0.00,0.00,0.00,0.00,0.00,0.00
20650,DL:0.1.0:AT.1.0.0,2022-3-4 8:5:2,30.50,0.00,0.00,17.454,1.759,-5.797,11.657,19.213,0.00,0.00,0.00,0.00,0.00,0.00,0.00,0.00,0.00,0.00,0.00,0.00,0.00,0.00,0.00,0.00,0.00
20650,DL:0.1.0:AT.1.0.0,2022-3-4 8:5:8,30.50,0.00,0.00,17.477,1.734,-5.820,11.657,19.211,0.00,0.00,0.00,0.00,0.00,0.00,0.00,0.00,0.00,0.00,0.00,0.00,0.00,0.00,0.00,0.00,0.00
20650,DL:0.1.0:AT.1.0.0,2022-3-4 8:5:13,30.50,0.00,0.00,17.514,1.699,-5.857,11.657,19.213,0.00,0.00,0.00,0.00,0.00,0.00,0.00,0.00,0.00,0.00,0.00,0.00,0.00,0.00,0.00,0.00,0.00
20650,DL:0.1.0:AT.1.0.0,2022-3-4 8:5:18,30.50,0.00,0.00,17.481,1.728,-5.823,11.658,19.209,0.00,0.00,0.00,0.00,0.00,0.00,0.00,0.00,0.00,0.00,0.00,0.00,0.00,0.00,0.00,0.00,0.00
20650,DL:0.1.0:AT.1.0.0,2022-3-4 8:5:23,30.50,0.00,0.00,17.503,1.704,-5.846,11.657,19.207,0.00,0.00,0.00,0.00,0.00,0.00,0.00,0.00,0.00,0.00,0.00,0.00,0.00,0.00,0.00,0.00,0.00
20650,DL:0.1.0:AT.1.0.0,2022-3-4 8:5:28,30.50,0.00,0.00,17.498,1.706,-5.840,11.658,19.205,0.00,0.00,0.00,0.00,0.00,0.00,0.00,0.00,0.00,0.00,0.00,0.00,0.00,0.00,0.00,0.00,0.00
20650,DL:0.1.0:AT.1.0.0,2022-3-4 8:5:33,30.50,0.00,0.00,17.484,1.717,-5.826,11.658,19.201,0.00,0.00,0.00,0.00,0.00,0.00,0.00,0.00,0.00,0.00,0.00,0.00,0.00,0.00,0.00,0.00,0.00
20650,DL:0.1.0:AT.1.0.0,2022-3-4 8:5:39,30.50,0.00,0.00,17.501,1.698,-5.842,11.658,19.199,0.00,0.00,0.00,0.00,0.00,0.00,0.00,0.00,0.00,0.00,0.00,0.00,0.00,0.00,0.00,0.00,0.00
20650,DL:0.1.0:AT.1.0.0,2022-3-4 8:5:44,30.50,0.00,0.00,17.510,1.685,-5.852,11.658,19.195,0.00,0.00,0.00,0.00,0.00,0.00,0.00,0.00,0.00,0.00,0.00,0.00,0.00,0.00,0.00,0.00,0.00
20650,DL:0.1.0:AT.1.0.0,2022-3-4 8:5:49,30.50,0.00,0.00,17.490,1.703,-5.832,11.658,19.193,0.00,0.00,0.00,0.00,0.00,0.00,0.00,0.00,0.00,0.00,0.00,0.00,0.00,0.00,0.00,0.00,0.00
20650,DL:0.1.0:AT.1.0.0,2022-3-4 8:5:55,30.50,0.00,0.00,17.502,1.687,-5.844,11.658,19.189,0.00,0.00,0.00,0.00,0.00,0.00,0.00,0.00,0.00,0.00,0.00,0.00,0.00,0.00,0.00,0.00,0.00
20650,DL:0.1.0:AT.1.0.0,2022-3-4 8:6:0,30.50,0.00,0.00,17.479,1.706,-5.820,11.659,19.185,0.00,0.00,0.00,0.00,0.00,0.00,0.00,0.00,0.00,0.00,0.00,0.00,0.00,0.00,0.00,0.00,0.00
20650,DL:0.1.0:AT.1.0.0,2022-3-4 8:6:5,30.50,0.00,0.00,17.501,1.682,-5.841,11.659,19.183,0.00,0.00,0.00,0.00,0.00,0.00,0.00,0.00,0.00,0.00,0.00,0.00,0.00,0.00,0.00,0.00,0.00
20650,DL:0.1.0:AT.1.0.0,2022-3-4 8:6:10,30.50,0.00,0.00,17.487,1.694,-5.827,11.661,19.182,0.00,0.00,0.00,0.00,0.00,0.00,0.00,0.00,0.00,0.00,0.00,0.00,0.00,0.00,0.00,0.00,0.00
20650,DL:0.1.0:AT.1.0.0,2022-3-4 8:6:15,30.50,0.00,0.00,17.485,1.693,-5.826,11.659,19.178,0.00,0.00,0.00,0.00,0.00,0.00,0.00,0.00,0.00,0.00,0.00,0.00,0.00,0.00,0.00,0.00,0.00
20650,DL:0.1.0:AT.1.0.0,2022-3-4 8:6:22,30.50,0.00,0.00,17.491,1.688,-5.830,11.661,19.179,0.00,0.00,0.00,0.00,0.00,0.00,0.00,0.00,0.00,0.00,0.00,0.00,0.00,0.00,0.00,0.00,0.00
20650,DL:0.1.0:AT.1.0.0,2022-3-4 8:6:27,30.50,0.00,0.00,17.491,1.685,-5.830,11.661,19.176,0.00,0.00,0.00,0.00,0.00,0.00,0.00,0.00,0.00,0.00,0.00,0.00,0.00,0.00,0.00,0.00,0.00
20650,DL:0.1.0:AT.1.0.0,2022-3-4 8:6:33,30.50,0.00,0.00,17.485,1.688,-5.826,11.659,19.173,0.00,0.00,0.00,0.00,0.00,0.00,0.00,0.00,0.00,0.00,0.00,0.00,0.00,0.00,0.00,0.00,0.00
20650,DL:0.1.0:AT.1.0.0,2022-3-4 8:6:38,30.50,0.00,0.00,17.478,1.692,-5.817,11.661,19.170,0.00,0.00,0.00,0.00,0.00,0.00,0.00,0.00,0.00,0.00,0.00,0.00,0.00,0.00,0.00,0.00,0.00
20650,DL:0.1.0:AT.1.0.0,2022-3-4 8:6:43,30.50,0.00,0.00,17.466,1.702,-5.804,11.662,19.167,0.00,0.00,0.00,0.00,0.00,0.00,0.00,0.00,0.00,0.00,0.00,0.00,0.00,0.00,0.00,0.00,0.00
20650,DL:0.1.0:AT.1.0.0,2022-3-4 8:6:49,30.50,0.00,0.00,17.496,1.669,-5.834,11.662,19.165,0.00,0.00,0.00,0.00,0.00,0.00,0.00,0.00,0.00,0.00,0.00,0.00,0.00,0.00,0.00,0.00,0.00
20650,DL:0.1.0:AT.1.0.0,2022-3-4 8:6:54,30.50,0.00,0.00,17.472,1.691,-5.810,11.662,19.162,0.00,0.00,0.00,0.00,0.00,0.00,0.00,0.00,0.00,0.00,0.00,0.00,0.00,0.00,0.00,0.00,0.00
20650,DL:0.1.0:AT.1.0.0,2022-3-4 8:7:0,30.50,0.00,0.00,17.479,1.680,-5.817,11.662,19.159,0.00,0.00,0.00,0.00,0.00,0.00,0.00,0.00,0.00,0.00,0.00,0.00,0.00,0.00,0.00,0.00,0.00
20650,DL:0.1.0:AT.1.0.0,2022-3-4 8:7:6,30.50,0.00,0.00,17.497,1.658,-5.835,11.662,19.155,0.00,0.00,0.00,0.00,0.00,0.00,0.00,0.00,0.00,0.00,0.00,0.00,0.00,0.00,0.00,0.00,0.00
20650,DL:0.1.0:AT.1.0.0,2022-3-4 8:7:12,30.50,0.00,0.00,17.484,1.669,-5.821,11.663,19.153,0.00,0.00,0.00,0.00,0.00,0.00,0.00,0.00,0.00,0.00,0.00,0.00,0.00,0.00,0.00,0.00,0.00
20650,DL:0.1.0:AT.1.0.0,2022-3-4 8:7:17,30.50,0.00,0.00,17.509,1.640,-5.846,11.663,19.149,0.00,0.00,0.00,0.00,0.00,0.00,0.00,0.00,0.00,0.00,0.00,0.00,0.00,0.00,0.00,0.00,0.00
20650,DL:0.1.0:AT.1.0.0,2022-3-4 8:7:22,30.50,0.00,0.00,17.511,1.635,-5.848,11.663,19.147,0.00,0.00,0.00,0.00,0.00,0.00,0.00,0.00,0.00,0.00,0.00,0.00,0.00,0.00,0.00,0.00,0.00
20650,DL:0.1.0:AT.1.0.0,2022-3-4 8:7:28,30.50,0.00,0.00,17.484,1.659,-5.822,11.662,19.143,0.00,0.00,0.00,0.00,0.00,0.00,0.00,0.00,0.00,0.00,0.00,0.00,0.00,0.00,0.00,0.00,0.00
20650,DL:0.1.0:AT.1.0.0,2022-3-4 8:7:33,30.50,0.00,0.00,17.497,1.644,-5.833,11.664,19.141,0.00,0.00,0.00,0.00,0.00,0.00,0.00,0.00,0.00,0.00,0.00,0.00,0.00,0.00,0.00,0.00,0.00
20650,DL:0.1.0:AT.1.0.0,2022-3-4 8:7:38,30.50,0.00,0.00,17.502,1.638,-5.839,11.663,19.140,0.00,0.00,0.00,0.00,0.00,0.00,0.00,0.00,0.00,0.00,0.00,0.00,0.00,0.00,0.00,0.00,0.00
20650,DL:0.1.0:AT.1.0.0,2022-3-4 8:7:44,30.50,0.00,0.00,17.467,1.671,-5.803,11.664,19.138,0.00,0.00,0.00,0.00,0.00,0.00,0.00,0.00,0.00,0.00,0.00,0.00,0.00,0.00,0.00,0.00,0.00
20650,DL:0.1.0:AT.1.0.0,2022-3-4 8:7:49,30.50,0.00,0.00,17.495,1.643,-5.829,11.665,19.137,0.00,0.00,0.00,0.00,0.00,0.00,0.00,0.00,0.00,0.00,0.00,0.00,0.00,0.00,0.00,0.00,0.00
20650,DL:0.1.0:AT.1.0.0,2022-3-4 8:7:54,30.50,0.00,0.00,17.520,1.614,-5.854,11.665,19.134,0.00,0.00,0.00,0.00,0.00,0.00,0.00,0.00,0.00,0.00,0.00,0.00,0.00,0.00,0.00,0.00,0.00
20650,DL:0.1.0:AT.1.0.0,2022-3-4 8:7:59,30.50,0.00,0.00,17.502,1.629,-5.838,11.664,19.131,0.00,0.00,0.00,0.00,0.00,0.00,0.00,0.00,0.00,0.00,0.00,0.00,0.00,0.00,0.00,0.00,0.00
20650,DL:0.1.0:AT.1.0.0,2022-3-4 8:8:5,30.50,0.00,0.00,17.504,1.623,-5.839,11.665,19.128,0.00,0.00,0.00,0.00,0.00,0.00,0.00,0.00,0.00,0.00,0.00,0.00,0.00,0.00,0.00,0.00,0.00
20650,DL:0.1.0:AT.1.0.0,2022-3-4 8:8:10,30.50,0.00,0.00,17.480,1.645,-5.815,11.665,19.125,0.00,0.00,0.00,0.00,0.00,0.00,0.00,0.00,0.00,0.00,0.00,0.00,0.00,0.00,0.00,0.00,0.00
20650,DL:0.1.0:AT.1.0.0,2022-3-4 8:8:16,30.50,0.00,0.00,17.481,1.640,-5.817,11.664,19.122,0.00,0.00,0.00,0.00,0.00,0.00,0.00,0.00,0.00,0.00,0.00,0.00,0.00,0.00,0.00,0.00,0.00
20650,DL:0.1.0:AT.1.0.0,2022-3-4 8:8:23,30.50,0.00,0.00,17.493,1.625,-5.828,11.665,19.118,0.00,0.00,0.00,0.00,0.00,0.00,0.00,0.00,0.00,0.00,0.00,0.00,0.00,0.00,0.00,0.00,0.00
20650,DL:0.1.0:AT.1.0.0,2022-3-4 8:8:28,30.50,0.00,0.00,17.516,1.598,-5.852,11.664,19.114,0.00,0.00,0.00,0.00,0.00,0.00,0.00,0.00,0.00,0.00,0.00,0.00,0.00,0.00,0.00,0.00,0.00
20650,DL:0.1.0:AT.1.0.0,2022-3-4 8:8:33,30.50,0.00,0.00,17.483,1.628,-5.816,11.667,19.111,0.00,0.00,0.00,0.00,0.00,0.00,0.00,0.00,0.00,0.00,0.00,0.00,0.00,0.00,0.00,0.00,0.00
20650,DL:0.1.0:AT.1.0.0,2022-3-4 8:8:38,30.75,0.00,0.00,17.520,1.587,-5.853,11.667,19.107,0.00,0.00,0.00,0.00,0.00,0.00,0.00,0.00,0.00,0.00,0.00,0.00,0.00,0.00,0.00,0.00,0.00
20650,DL:0.1.0:AT.1.0.0,2022-3-4 8:8:43,30.75,0.00,0.00,17.511,1.592,-5.844,11.668,19.104,0.00,0.00,0.00,0.00,0.00,0.00,0.00,0.00,0.00,0.00,0.00,0.00,0.00,0.00,0.00,0.00,0.00
20650,DL:0.1.0:AT.1.0.0,2022-3-4 8:8:49,30.75,0.00,0.00,17.514,1.592,-5.847,11.667,19.106,0.00,0.00,0.00,0.00,0.00,0.00,0.00,0.00,0.00,0.00,0.00,0.00,0.00,0.00,0.00,0.00,0.00
20650,DL:0.1.0:AT.1.0.0,2022-3-4 8:8:54,30.75,0.00,0.00,17.503,1.601,-5.835,11.668,19.104,0.00,0.00,0.00,0.00,0.00,0.00,0.00,0.00,0.00,0.00,0.00,0.00,0.00,0.00,0.00,0.00,0.00
20650,DL:0.1.0:AT.1.0.0,2022-3-4 8:9:0,30.75,0.00,0.00,17.491,1.608,-5.823,11.668,19.099,0.00,0.00,0.00,0.00,0.00,0.00,0.00,0.00,0.00,0.00,0.00,0.00,0.00,0.00,0.00,0.00,0.00
20650,DL:0.1.0:AT.1.0.0,2022-3-4 8:9:9,30.75,0.00,0.00,17.520,1.574,-5.852,11.668,19.094,0.00,0.00,0.00,0.00,0.00,0.00,0.00,0.00,0.00,0.00,0.00,0.00,0.00,0.00,0.00,0.00,0.00
20650,DL:0.1.0:AT.1.0.0,2022-3-4 8:9:15,30.75,0.00,0.00,17.511,1.579,-5.842,11.669,19.090,0.00,0.00,0.00,0.00,0.00,0.00,0.00,0.00,0.00,0.00,0.00,0.00,0.00,0.00,0.00,0.00,0.00
20650,DL:0.1.0:AT.1.0.0,2022-3-4 8:9:20,30.75,0.00,0.00,17.534,1.553,-5.865,11.669,19.087,0.00,0.00,0.00,0.00,0.00,0.00,0.00,0.00,0.00,0.00,0.00,0.00,0.00,0.00,0.00,0.00,0.00
20650,DL:0.1.0:AT.1.0.0,2022-3-4 8:9:27,30.75,0.00,0.00,17.517,1.566,-5.848,11.669,19.083,0.00,0.00,0.00,0.00,0.00,0.00,0.00,0.00,0.00,0.00,0.00,0.00,0.00,0.00,0.00,0.00,0.00
20650,DL:0.1.0:AT.1.0.0,2022-3-4 8:9:32,30.75,0.00,0.00,17.538,1.543,-5.869,11.669,19.081,0.00,0.00,0.00,0.00,0.00,0.00,0.00,0.00,0.00,0.00,0.00,0.00,0.00,0.00,0.00,0.00,0.00
20650,DL:0.1.0:AT.1.0.0,2022-3-4 8:9:37,30.50,0.00,0.00,17.527,1.550,-5.858,11.669,19.077,0.00,0.00,0.00,0.00,0.00,0.00,0.00,0.00,0.00,0.00,0.00,0.00,0.00,0.00,0.00,0.00,0.00
20650,DL:0.1.0:AT.1.0.0,2022-3-4 8:9:42,30.50,0.00,0.00,17.529,1.547,-5.859,11.670,19.076,0.00,0.00,0.00,0.00,0.00,0.00,0.00,0.00,0.00,0.00,0.00,0.00,0.00,0.00,0.00,0.00,0.00
20650,DL:0.1.0:AT.1.0.0,2022-3-4 8:9:49,30.50,0.00,0.00,17.517,1.555,-5.848,11.669,19.072,0.00,0.00,0.00,0.00,0.00,0.00,0.00,0.00,0.00,0.00,0.00,0.00,0.00,0.00,0.00,0.00,0.00
20650,DL:0.1.0:AT.1.0.0,2022-3-4 8:9:54,30.50,0.00,0.00,17.507,1.561,-5.836,11.670,19.068,0.00,0.00,0.00,0.00,0.00,0.00,0.00,0.00,0.00,0.00,0.00,0.00,0.00,0.00,0.00,0.00,0.00
20650,DL:0.1.0:AT.1.0.0,2022-3-4 8:9:59,30.50,0.00,0.00,17.531,1.539,-5.860,11.670,19.070,0.00,0.00,0.00,0.00,0.00,0.00,0.00,0.00,0.00,0.00,0.00,0.00,0.00,0.00,0.00,0.00,0.00
20650,DL:0.1.0:AT.1.0.0,2022-3-4 8:10:4,30.50,0.00,0.00,17.517,1.549,-5.847,11.670,19.066,0.00,0.00,0.00,0.00,0.00,0.00,0.00,0.00,0.00,0.00,0.00,0.00,0.00,0.00,0.00,0.00,0.00
20650,DL:0.1.0:AT.1.0.0,2022-3-4 8:10:10,30.50,0.00,0.00,17.468,1.596,-5.798,11.670,19.064,0.00,0.00,0.00,0.00,0.00,0.00,0.00,0.00,0.00,0.00,0.00,0.00,0.00,0.00,0.00,0.00,0.00
20650,DL:0.1.0:AT.1.0.0,2022-3-4 8:10:16,30.50,0.00,0.00,17.515,1.544,-5.845,11.670,19.059,0.00,0.00,0.00,0.00,0.00,0.00,0.00,0.00,0.00,0.00,0.00,0.00,0.00,0.00,0.00,0.00,0.00
20650,DL:0.1.0:AT.1.0.0,2022-3-4 8:10:21,30.50,0.00,0.00,17.522,1.534,-5.852,11.670,19.057,0.00,0.00,0.00,0.00,0.00,0.00,0.00,0.00,0.00,0.00,0.00,0.00,0.00,0.00,0.00,0.00,0.00
20650,DL:0.1.0:AT.1.0.0,2022-3-4 8:10:26,30.50,0.00,0.00,17.505,1.548,-5.835,11.670,19.053,0.00,0.00,0.00,0.00,0.00,0.00,0.00,0.00,0.00,0.00,0.00,0.00,0.00,0.00,0.00,0.00,0.00
20650,DL:0.1.0:AT.1.0.0,2022-3-4 8:10:31,30.50,0.00,0.00,17.532,1.518,-5.860,11.671,19.050,0.00,0.00,0.00,0.00,0.00,0.00,0.00,0.00,0.00,0.00,0.00,0.00,0.00,0.00,0.00,0.00,0.00
20650,DL:0.1.0:AT.1.0.0,2022-3-4 8:10:37,30.50,0.00,0.00,17.519,1.528,-5.848,11.670,19.047,0.00,0.00,0.00,0.00,0.00,0.00,0.00,0.00,0.00,0.00,0.00,0.00,0.00,0.00,0.00,0.00,0.00
20650,DL:0.1.0:AT.1.0.0,2022-3-4 8:10:42,30.75,0.00,0.00,17.513,1.530,-5.841,11.671,19.042,0.00,0.00,0.00,0.00,0.00,0.00,0.00,0.00,0.00,0.00,0.00,0.00,0.00,0.00,0.00,0.00,0.00
20650,DL:0.1.0:AT.1.0.0,2022-3-4 8:10:47,30.75,0.00,0.00,17.521,1.519,-5.851,11.670,19.040,0.00,0.00,0.00,0.00,0.00,0.00,0.00,0.00,0.00,0.00,0.00,0.00,0.00,0.00,0.00,0.00,0.00
20650,DL:0.1.0:AT.1.0.0,2022-3-4 8:10:54,30.75,0.00,0.00,17.504,1.532,-5.833,11.671,19.036,0.00,0.00,0.00,0.00,0.00,0.00,0.00,0.00,0.00,0.00,0.00,0.00,0.00,0.00,0.00,0.00,0.00
20650,DL:0.1.0:AT.1.0.0,2022-3-4 8:10:59,30.75,0.00,0.00,17.527,1.506,-5.856,11.671,19.033,0.00,0.00,0.00,0.00,0.00,0.00,0.00,0.00,0.00,0.00,0.00,0.00,0.00,0.00,0.00,0.00,0.00
20650,DL:0.1.0:AT.1.0.0,2022-3-4 8:11:4,30.75,0.00,0.00,17.497,1.533,-5.826,11.671,19.030,0.00,0.00,0.00,0.00,0.00,0.00,0.00,0.00,0.00,0.00,0.00,0.00,0.00,0.00,0.00,0.00,0.00
20650,DL:0.1.0:AT.1.0.0,2022-3-4 8:11:10,30.75,0.00,0.00,17.501,1.531,-5.829,11.671,19.031,0.00,0.00,0.00,0.00,0.00,0.00,0.00,0.00,0.00,0.00,0.00,0.00,0.00,0.00,0.00,0.00,0.00
20650,DL:0.1.0:AT.1.0.0,2022-3-4 8:11:17,30.75,0.00,0.00,17.541,1.485,-5.869,11.673,19.027,0.00,0.00,0.00,0.00,0.00,0.00,0.00,0.00,0.00,0.00,0.00,0.00,0.00,0.00,0.00,0.00,0.00
20650,DL:0.1.0:AT.1.0.0,2022-3-4 8:11:25,30.75,0.00,0.00,17.526,1.496,-5.853,11.673,19.022,0.00,0.00,0.00,0.00,0.00,0.00,0.00,0.00,0.00,0.00,0.00,0.00,0.00,0.00,0.00,0.00,0.00
20650,DL:0.1.0:AT.1.0.0,2022-3-4 8:11:31,30.75,0.00,0.00,17.540,1.477,-5.868,11.673,19.017,0.00,0.00,0.00,0.00,0.00,0.00,0.00,0.00,0.00,0.00,0.00,0.00,0.00,0.00,0.00,0.00,0.00
20650,DL:0.1.0:AT.1.0.0,2022-3-4 8:11:38,30.75,0.00,0.00,17.539,1.474,-5.866,11.673,19.013,0.00,0.00,0.00,0.00,0.00,0.00,0.00,0.00,0.00,0.00,0.00,0.00,0.00,0.00,0.00,0.00,0.00
20650,DL:0.1.0:AT.1.0.0,2022-3-4 8:11:43,30.75,0.00,0.00,17.544,1.467,-5.871,11.673,19.011,0.00,0.00,0.00,0.00,0.00,0.00,0.00,0.00,0.00,0.00,0.00,0.00,0.00,0.00,0.00,0.00,0.00
20650,DL:0.1.0:AT.1.0.0,2022-3-4 8:11:48,30.75,0.00,0.00,17.537,1.470,-5.864,11.673,19.006,0.00,0.00,0.00,0.00,0.00,0.00,0.00,0.00,0.00,0.00,0.00,0.00,0.00,0.00,0.00,0.00,0.00
20650,DL:0.1.0:AT.1.0.0,2022-3-4 8:11:53,30.75,0.00,0.00,17.526,1.477,-5.853,11.673,19.003,0.00,0.00,0.00,0.00,0.00,0.00,0.00,0.00,0.00,0.00,0.00,0.00,0.00,0.00,0.00,0.00,0.00
20650,DL:0.1.0:AT.1.0.0,2022-3-4 8:11:58,30.75,0.00,0.00,17.483,1.518,-5.810,11.673,19.000,0.00,0.00,0.00,0.00,0.00,0.00,0.00,0.00,0.00,0.00,0.00,0.00,0.00,0.00,0.00,0.00,0.00
20650,DL:0.1.0:AT.1.0.0,2022-3-4 8:12:3,30.75,0.00,0.00,17.516,1.482,-5.844,11.673,18.998,0.00,0.00,0.00,0.00,0.00,0.00,0.00,0.00,0.00,0.00,0.00,0.00,0.00,0.00,0.00,0.00,0.00
20650,DL:0.1.0:AT.1.0.0,2022-3-4 8:12:9,30.75,0.00,0.00,17.553,1.438,-5.880,11.674,18.992,0.00,0.00,0.00,0.00,0.00,0.00,0.00,0.00,0.00,0.00,0.00,0.00,0.00,0.00,0.00,0.00,0.00
20650,DL:0.1.0:AT.1.0.0,2022-3-4 8:12:14,30.75,0.00,0.00,17.520,1.471,-5.846,11.674,18.991,0.00,0.00,0.00,0.00,0.00,0.00,0.00,0.00,0.00,0.00,0.00,0.00,0.00,0.00,0.00,0.00,0.00
20650,DL:0.1.0:AT.1.0.0,2022-3-4 8:12:19,30.75,0.00,0.00,17.533,1.458,-5.859,11.674,18.991,0.00,0.00,0.00,0.00,0.00,0.00,0.00,0.00,0.00,0.00,0.00,0.00,0.00,0.00,0.00,0.00,0.00
20650,DL:0.1.0:AT.1.0.0,2022-3-4 8:12:26,30.75,0.00,0.00,17.510,1.477,-5.836,11.674,18.987,0.00,0.00,0.00,0.00,0.00,0.00,0.00,0.00,0.00,0.00,0.00,0.00,0.00,0.00,0.00,0.00,0.00
20650,DL:0.1.0:AT.1.0.0,2022-3-4 8:12:31,30.75,0.00,0.00,17.540,1.444,-5.868,11.673,18.985,0.00,0.00,0.00,0.00,0.00,0.00,0.00,0.00,0.00,0.00,0.00,0.00,0.00,0.00,0.00,0.00,0.00
20650,DL:0.1.0:AT.1.0.0,2022-3-4 8:12:37,30.75,0.00,0.00,17.550,1.431,-5.876,11.674,18.981,0.00,0.00,0.00,0.00,0.00,0.00,0.00,0.00,0.00,0.00,0.00,0.00,0.00,0.00,0.00,0.00,0.00
20650,DL:0.1.0:AT.1.0.0,2022-3-4 8:12:42,30.75,0.00,0.00,17.547,1.429,-5.874,11.674,18.976,0.00,0.00,0.00,0.00,0.00,0.00,0.00,0.00,0.00,0.00,0.00,0.00,0.00,0.00,0.00,0.00,0.00
20650,DL:0.1.0:AT.1.0.0,2022-3-4 8:12:47,30.75,0.00,0.00,17.520,1.455,-5.846,11.674,18.975,0.00,0.00,0.00,0.00,0.00,0.00,0.00,0.00,0.00,0.00,0.00,0.00,0.00,0.00,0.00,0.00,0.00
20650,DL:0.1.0:AT.1.0.0,2022-3-4 8:12:52,30.75,0.00,0.00,17.499,1.472,-5.826,11.674,18.971,0.00,0.00,0.00,0.00,0.00,0.00,0.00,0.00,0.00,0.00,0.00,0.00,0.00,0.00,0.00,0.00,0.00
20650,DL:0.1.0:AT.1.0.0,2022-3-4 8:12:59,30.75,0.00,0.00,17.533,1.434,-5.859,11.674,18.967,0.00,0.00,0.00,0.00,0.00,0.00,0.00,0.00,0.00,0.00,0.00,0.00,0.00,0.00,0.00,0.00,0.00
20650,DL:0.1.0:AT.1.0.0,2022-3-4 8:13:4,30.75,0.00,0.00,17.539,1.426,-5.864,11.675,18.965,0.00,0.00,0.00,0.00,0.00,0.00,0.00,0.00,0.00,0.00,0.00,0.00,0.00,0.00,0.00,0.00,0.00
20650,DL:0.1.0:AT.1.0.0,2022-3-4 8:13:10,30.75,0.00,0.00,17.531,1.430,-5.856,11.675,18.961,0.00,0.00,0.00,0.00,0.00,0.00,0.00,0.00,0.00,0.00,0.00,0.00,0.00,0.00,0.00,0.00,0.00
20650,DL:0.1.0:AT.1.0.0,2022-3-4 8:13:16,30.75,0.00,0.00,17.529,1.429,-5.854,11.675,18.958,0.00,0.00,0.00,0.00,0.00,0.00,0.00,0.00,0.00,0.00,0.00,0.00,0.00,0.00,0.00,0.00,0.00
20650,DL:0.1.0:AT.1.0.0,2022-3-4 8:13:21,30.75,0.00,0.00,17.525,1.429,-5.850,11.675,18.953,0.00,0.00,0.00,0.00,0.00,0.00,0.00,0.00,0.00,0.00,0.00,0.00,0.00,0.00,0.00,0.00,0.00
20650,DL:0.1.0:AT.1.0.0,2022-3-4 8:13:26,30.75,0.00,0.00,17.519,1.438,-5.844,11.675,18.957,0.00,0.00,0.00,0.00,0.00,0.00,0.00,0.00,0.00,0.00,0.00,0.00,0.00,0.00,0.00,0.00,0.00
20650,DL:0.1.0:AT.1.0.0,2022-3-4 8:13:31,30.75,0.00,0.00,17.523,1.429,-5.848,11.675,18.952,0.00,0.00,0.00,0.00,0.00,0.00,0.00,0.00,0.00,0.00,0.00,0.00,0.00,0.00,0.00,0.00,0.00
20650,DL:0.1.0:AT.1.0.0,2022-3-4 8:13:36,30.75,0.00,0.00,17.515,1.436,-5.840,11.675,18.951,0.00,0.00,0.00,0.00,0.00,0.00,0.00,0.00,0.00,0.00,0.00,0.00,0.00,0.00,0.00,0.00,0.00
20650,DL:0.1.0:AT.1.0.0,2022-3-4 8:13:42,30.75,0.00,0.00,17.539,1.410,-5.863,11.676,18.949,0.00,0.00,0.00,0.00,0.00,0.00,0.00,0.00,0.00,0.00,0.00,0.00,0.00,0.00,0.00,0.00,0.00
20650,DL:0.1.0:AT.1.0.0,2022-3-4 8:13:49,30.75,0.00,0.00,17.527,1.418,-5.851,11.676,18.945,0.00,0.00,0.00,0.00,0.00,0.00,0.00,0.00,0.00,0.00,0.00,0.00,0.00,0.00,0.00,0.00,0.00
20650,DL:0.1.0:AT.1.0.0,2022-3-4 8:13:54,30.75,0.00,0.00,17.519,1.423,-5.844,11.675,18.941,0.00,0.00,0.00,0.00,0.00,0.00,0.00,0.00,0.00,0.00,0.00,0.00,0.00,0.00,0.00,0.00,0.00
20650,DL:0.1.0:AT.1.0.0,2022-3-4 8:13:59,30.75,0.00,0.00,17.515,1.424,-5.839,11.676,18.939,0.00,0.00,0.00,0.00,0.00,0.00,0.00,0.00,0.00,0.00,0.00,0.00,0.00,0.00,0.00,0.00,0.00
20650,DL:0.1.0:AT.1.0.0,2022-3-4 8:14:4,30.75,0.00,0.00,17.497,1.440,-5.822,11.675,18.937,0.00,0.00,0.00,0.00,0.00,0.00,0.00,0.00,0.00,0.00,0.00,0.00,0.00,0.00,0.00,0.00,0.00
20650,DL:0.1.0:AT.1.0.0,2022-3-4 8:14:9,30.75,0.00,0.00,17.522,1.411,-5.846,11.676,18.933,0.00,0.00,0.00,0.00,0.00,0.00,0.00,0.00,0.00,0.00,0.00,0.00,0.00,0.00,0.00,0.00,0.00
20650,DL:0.1.0:AT.1.0.0,2022-3-4 8:14:20,30.75,0.00,0.00,17.540,1.388,-5.863,11.677,18.928,0.00,0.00,0.00,0.00,0.00,0.00,0.00,0.00,0.00,0.00,0.00,0.00,0.00,0.00,0.00,0.00,0.00
20650,DL:0.1.0:AT.1.0.0,2022-3-4 8:14:26,30.75,0.00,0.00,17.508,1.417,-5.830,11.677,18.925,0.00,0.00,0.00,0.00,0.00,0.00,0.00,0.00,0.00,0.00,0.00,0.00,0.00,0.00,0.00,0.00,0.00
20650,DL:0.1.0:AT.1.0.0,2022-3-4 8:14:31,30.75,0.00,0.00,17.528,1.393,-5.851,11.677,18.921,0.00,0.00,0.00,0.00,0.00,0.00,0.00,0.00,0.00,0.00,0.00,0.00,0.00,0.00,0.00,0.00,0.00
20650,DL:0.1.0:AT.1.0.0,2022-3-4 8:14:37,30.75,0.00,0.00,17.505,1.413,-5.828,11.677,18.919,0.00,0.00,0.00,0.00,0.00,0.00,0.00,0.00,0.00,0.00,0.00,0.00,0.00,0.00,0.00,0.00,0.00
20650,DL:0.1.0:AT.1.0.0,2022-3-4 8:14:43,30.75,0.00,0.00,17.511,1.407,-5.834,11.677,18.919,0.00,0.00,0.00,0.00,0.00,0.00,0.00,0.00,0.00,0.00,0.00,0.00,0.00,0.00,0.00,0.00,0.00
20650,DL:0.1.0:AT.1.0.0,2022-3-4 8:14:48,30.75,0.00,0.00,17.508,1.407,-5.830,11.677,18.915,0.00,0.00,0.00,0.00,0.00,0.00,0.00,0.00,0.00,0.00,0.00,0.00,0.00,0.00,0.00,0.00,0.00
20650,DL:0.1.0:AT.1.0.0,2022-3-4 8:14:54,30.75,0.00,0.00,17.502,1.412,-5.824,11.677,18.914,0.00,0.00,0.00,0.00,0.00,0.00,0.00,0.00,0.00,0.00,0.00,0.00,0.00,0.00,0.00,0.00,0.00
20650,DL:0.1.0:AT.1.0.0,2022-3-4 8:15:0,30.75,0.00,0.00,17.508,1.402,-5.830,11.677,18.910,0.00,0.00,0.00,0.00,0.00,0.00,0.00,0.00,0.00,0.00,0.00,0.00,0.00,0.00,0.00,0.00,0.00
20650,DL:0.1.0:AT.1.0.0,2022-3-4 8:15:7,30.75,0.00,0.00,17.545,1.361,-5.866,11.679,18.907,0.00,0.00,0.00,0.00,0.00,0.00,0.00,0.00,0.00,0.00,0.00,0.00,0.00,0.00,0.00,0.00,0.00
20650,DL:0.1.0:AT.1.0.0,2022-3-4 8:15:14,30.75,0.00,0.00,17.522,1.381,-5.844,11.679,18.903,0.00,0.00,0.00,0.00,0.00,0.00,0.00,0.00,0.00,0.00,0.00,0.00,0.00,0.00,0.00,0.00,0.00
20650,DL:0.1.0:AT.1.0.0,2022-3-4 8:15:22,30.75,0.00,0.00,17.509,1.389,-5.830,11.679,18.898,0.00,0.00,0.00,0.00,0.00,0.00,0.00,0.00,0.00,0.00,0.00,0.00,0.00,0.00,0.00,0.00,0.00
20650,DL:0.1.0:AT.1.0.0,2022-3-4 8:15:28,30.75,0.00,0.00,17.532,1.365,-5.853,11.679,18.897,0.00,0.00,0.00,0.00,0.00,0.00,0.00,0.00,0.00,0.00,0.00,0.00,0.00,0.00,0.00,0.00,0.00
20650,DL:0.1.0:AT.1.0.0,2022-3-4 8:15:33,30.75,0.00,0.00,17.526,1.367,-5.846,11.680,18.893,0.00,0.00,0.00,0.00,0.00,0.00,0.00,0.00,0.00,0.00,0.00,0.00,0.00,0.00,0.00,0.00,0.00
20650,DL:0.1.0:AT.1.0.0,2022-3-4 8:15:38,30.75,0.00,0.00,17.510,1.379,-5.830,11.680,18.890,0.00,0.00,0.00,0.00,0.00,0.00,0.00,0.00,0.00,0.00,0.00,0.00,0.00,0.00,0.00,0.00,0.00
20650,DL:0.1.0:AT.1.0.0,2022-3-4 8:15:45,30.75,0.00,0.00,17.510,1.377,-5.829,11.681,18.887,0.00,0.00,0.00,0.00,0.00,0.00,0.00,0.00,0.00,0.00,0.00,0.00,0.00,0.00,0.00,0.00,0.00
20650,DL:0.1.0:AT.1.0.0,2022-3-4 8:15:52,30.75,0.00,0.00,17.511,1.378,-5.832,11.680,18.890,0.00,0.00,0.00,0.00,0.00,0.00,0.00,0.00,0.00,0.00,0.00,0.00,0.00,0.00,0.00,0.00,0.00
20650,DL:0.1.0:AT.1.0.0,2022-3-4 8:15:59,30.75,0.00,0.00,17.492,1.391,-5.811,11.681,18.884,0.00,0.00,0.00,0.00,0.00,0.00,0.00,0.00,0.00,0.00,0.00,0.00,0.00,0.00,0.00,0.00,0.00
20650,DL:0.1.0:AT.1.0.0,2022-3-4 8:16:4,30.75,0.00,0.00,17.541,1.341,-5.860,11.681,18.882,0.00,0.00,0.00,0.00,0.00,0.00,0.00,0.00,0.00,0.00,0.00,0.00,0.00,0.00,0.00,0.00,0.00
20650,DL:0.1.0:AT.1.0.0,2022-3-4 8:16:9,30.75,0.00,0.00,17.515,1.364,-5.834,11.681,18.879,0.00,0.00,0.00,0.00,0.00,0.00,0.00,0.00,0.00,0.00,0.00,0.00,0.00,0.00,0.00,0.00,0.00
20650,DL:0.1.0:AT.1.0.0,2022-3-4 8:16:16,30.75,0.00,0.00,17.525,1.351,-5.842,11.682,18.875,0.00,0.00,0.00,0.00,0.00,0.00,0.00,0.00,0.00,0.00,0.00,0.00,0.00,0.00,0.00,0.00,0.00
20650,DL:0.1.0:AT.1.0.0,2022-3-4 8:16:21,30.75,0.00,0.00,17.514,1.359,-5.832,11.682,18.873,0.00,0.00,0.00,0.00,0.00,0.00,0.00,0.00,0.00,0.00,0.00,0.00,0.00,0.00,0.00,0.00,0.00
20650,DL:0.1.0:AT.1.0.0,2022-3-4 8:16:26,30.75,0.00,0.00,17.473,1.397,-5.791,11.682,18.870,0.00,0.00,0.00,0.00,0.00,0.00,0.00,0.00,0.00,0.00,0.00,0.00,0.00,0.00,0.00,0.00,0.00
20650,DL:0.1.0:AT.1.0.0,2022-3-4 8:16:33,30.75,0.00,0.00,17.475,1.391,-5.793,11.682,18.867,0.00,0.00,0.00,0.00,0.00,0.00,0.00,0.00,0.00,0.00,0.00,0.00,0.00,0.00,0.00,0.00,0.00
20650,DL:0.1.0:AT.1.0.0,2022-3-4 8:16:40,30.75,0.00,0.00,17.499,1.361,-5.817,11.682,18.861,0.00,0.00,0.00,0.00,0.00,0.00,0.00,0.00,0.00,0.00,0.00,0.00,0.00,0.00,0.00,0.00,0.00
20650,DL:0.1.0:AT.1.0.0,2022-3-4 8:16:47,30.75,0.00,0.00,17.510,1.348,-5.828,11.682,18.858,0.00,0.00,0.00,0.00,0.00,0.00,0.00,0.00,0.00,0.00,0.00,0.00,0.00,0.00,0.00,0.00,0.00
20650,DL:0.1.0:AT.1.0.0,2022-3-4 8:16:53,30.75,0.00,0.00,17.498,1.357,-5.815,11.683,18.855,0.00,0.00,0.00,0.00,0.00,0.00,0.00,0.00,0.00,0.00,0.00,0.00,0.00,0.00,0.00,0.00,0.00
20650,DL:0.1.0:AT.1.0.0,2022-3-4 8:16:58,30.75,0.00,0.00,17.485,1.367,-5.801,11.683,18.852,0.00,0.00,0.00,0.00,0.00,0.00,0.00,0.00,0.00,0.00,0.00,0.00,0.00,0.00,0.00,0.00,0.00
20650,DL:0.1.0:AT.1.0.0,2022-3-4 8:17:4,30.75,0.00,0.00,17.508,1.342,-5.824,11.683,18.850,0.00,0.00,0.00,0.00,0.00,0.00,0.00,0.00,0.00,0.00,0.00,0.00,0.00,0.00,0.00,0.00,0.00
20650,DL:0.1.0:AT.1.0.0,2022-3-4 8:17:9,30.75,0.00,0.00,17.529,1.322,-5.846,11.683,18.851,0.00,0.00,0.00,0.00,0.00,0.00,0.00,0.00,0.00,0.00,0.00,0.00,0.00,0.00,0.00,0.00,0.00
20650,DL:0.1.0:AT.1.0.0,2022-3-4 8:17:14,30.75,0.00,0.00,17.491,1.358,-5.806,11.685,18.849,0.00,0.00,0.00,0.00,0.00,0.00,0.00,0.00,0.00,0.00,0.00,0.00,0.00,0.00,0.00,0.00,0.00
20650,DL:0.1.0:AT.1.0.0,2022-3-4 8:17:23,30.75,0.00,0.00,17.507,1.339,-5.823,11.683,18.845,0.00,0.00,0.00,0.00,0.00,0.00,0.00,0.00,0.00,0.00,0.00,0.00,0.00,0.00,0.00,0.00,0.00
20650,DL:0.1.0:AT.1.0.0,2022-3-4 8:17:28,30.75,0.00,0.00,17.480,1.361,-5.797,11.683,18.842,0.00,0.00,0.00,0.00,0.00,0.00,0.00,0.00,0.00,0.00,0.00,0.00,0.00,0.00,0.00,0.00,0.00
20650,DL:0.1.0:AT.1.0.0,2022-3-4 8:17:34,30.75,0.00,0.00,17.516,1.322,-5.833,11.683,18.838,0.00,0.00,0.00,0.00,0.00,0.00,0.00,0.00,0.00,0.00,0.00,0.00,0.00,0.00,0.00,0.00,0.00
20650,DL:0.1.0:AT.1.0.0,2022-3-4 8:17:41,30.75,0.00,0.00,17.505,1.328,-5.822,11.683,18.833,0.00,0.00,0.00,0.00,0.00,0.00,0.00,0.00,0.00,0.00,0.00,0.00,0.00,0.00,0.00,0.00,0.00
20650,DL:0.1.0:AT.1.0.0,2022-3-4 8:17:46,30.75,0.00,0.00,17.495,1.337,-5.810,11.685,18.832,0.00,0.00,0.00,0.00,0.00,0.00,0.00,0.00,0.00,0.00,0.00,0.00,0.00,0.00,0.00,0.00,0.00
20650,DL:0.1.0:AT.1.0.0,2022-3-4 8:17:53,30.75,0.00,0.00,17.505,1.323,-5.822,11.683,18.828,0.00,0.00,0.00,0.00,0.00,0.00,0.00,0.00,0.00,0.00,0.00,0.00,0.00,0.00,0.00,0.00,0.00
20650,DL:0.1.0:AT.1.0.0,2022-3-4 8:17:58,30.75,0.00,0.00,17.522,1.303,-5.838,11.685,18.825,0.00,0.00,0.00,0.00,0.00,0.00,0.00,0.00,0.00,0.00,0.00,0.00,0.00,0.00,0.00,0.00,0.00
20650,DL:0.1.0:AT.1.0.0,2022-3-4 8:18:3,30.75,0.00,0.00,17.477,1.346,-5.792,11.685,18.822,0.00,0.00,0.00,0.00,0.00,0.00,0.00,0.00,0.00,0.00,0.00,0.00,0.00,0.00,0.00,0.00,0.00
20650,DL:0.1.0:AT.1.0.0,2022-3-4 8:18:8,30.75,0.00,0.00,17.491,1.328,-5.805,11.686,18.819,0.00,0.00,0.00,0.00,0.00,0.00,0.00,0.00,0.00,0.00,0.00,0.00,0.00,0.00,0.00,0.00,0.00
20650,DL:0.1.0:AT.1.0.0,2022-3-4 8:18:13,30.75,0.00,0.00,17.529,1.286,-5.844,11.686,18.815,0.00,0.00,0.00,0.00,0.00,0.00,0.00,0.00,0.00,0.00,0.00,0.00,0.00,0.00,0.00,0.00,0.00
20650,DL:0.1.0:AT.1.0.0,2022-3-4 8:18:19,30.75,0.00,0.00,17.490,1.327,-5.804,11.686,18.816,0.00,0.00,0.00,0.00,0.00,0.00,0.00,0.00,0.00,0.00,0.00,0.00,0.00,0.00,0.00,0.00,0.00
20650,DL:0.1.0:AT.1.0.0,2022-3-4 8:18:24,30.75,0.00,0.00,17.490,1.325,-5.803,11.687,18.815,0.00,0.00,0.00,0.00,0.00,0.00,0.00,0.00,0.00,0.00,0.00,0.00,0.00,0.00,0.00,0.00,0.00
20650,DL:0.1.0:AT.1.0.0,2022-3-4 8:18:32,30.75,0.00,0.00,17.490,1.321,-5.803,11.687,18.810,0.00,0.00,0.00,0.00,0.00,0.00,0.00,0.00,0.00,0.00,0.00,0.00,0.00,0.00,0.00,0.00,0.00
20650,DL:0.1.0:AT.1.0.0,2022-3-4 8:18:37,30.75,0.00,0.00,17.486,1.321,-5.799,11.687,18.807,0.00,0.00,0.00,0.00,0.00,0.00,0.00,0.00,0.00,0.00,0.00,0.00,0.00,0.00,0.00,0.00,0.00
20650,DL:0.1.0:AT.1.0.0,2022-3-4 8:18:43,30.75,0.00,0.00,17.505,1.299,-5.817,11.688,18.804,0.00,0.00,0.00,0.00,0.00,0.00,0.00,0.00,0.00,0.00,0.00,0.00,0.00,0.00,0.00,0.00,0.00
20650,DL:0.1.0:AT.1.0.0,2022-3-4 8:18:48,30.75,0.00,0.00,17.499,1.301,-5.811,11.688,18.801,0.00,0.00,0.00,0.00,0.00,0.00,0.00,0.00,0.00,0.00,0.00,0.00,0.00,0.00,0.00,0.00,0.00
20650,DL:0.1.0:AT.1.0.0,2022-3-4 8:18:54,30.75,0.00,0.00,17.505,1.294,-5.818,11.687,18.800,0.00,0.00,0.00,0.00,0.00,0.00,0.00,0.00,0.00,0.00,0.00,0.00,0.00,0.00,0.00,0.00,0.00
20650,DL:0.1.0:AT.1.0.0,2022-3-4 8:18:59,30.75,0.00,0.00,17.501,1.295,-5.812,11.688,18.796,0.00,0.00,0.00,0.00,0.00,0.00,0.00,0.00,0.00,0.00,0.00,0.00,0.00,0.00,0.00,0.00,0.00
20650,DL:0.1.0:AT.1.0.0,2022-3-4 8:19:4,30.75,0.00,0.00,17.475,1.318,-5.787,11.688,18.794,0.00,0.00,0.00,0.00,0.00,0.00,0.00,0.00,0.00,0.00,0.00,0.00,0.00,0.00,0.00,0.00,0.00
20650,DL:0.1.0:AT.1.0.0,2022-3-4 8:19:10,30.75,0.00,0.00,17.509,1.282,-5.821,11.688,18.791,0.00,0.00,0.00,0.00,0.00,0.00,0.00,0.00,0.00,0.00,0.00,0.00,0.00,0.00,0.00,0.00,0.00
20650,DL:0.1.0:AT.1.0.0,2022-3-4 8:19:15,31.00,0.00,0.00,17.491,1.297,-5.801,11.689,18.788,0.00,0.00,0.00,0.00,0.00,0.00,0.00,0.00,0.00,0.00,0.00,0.00,0.00,0.00,0.00,0.00,0.00
20650,DL:0.1.0:AT.1.0.0,2022-3-4 8:19:20,31.00,0.00,0.00,17.504,1.281,-5.815,11.689,18.785,0.00,0.00,0.00,0.00,0.00,0.00,0.00,0.00,0.00,0.00,0.00,0.00,0.00,0.00,0.00,0.00,0.00
20650,DL:0.1.0:AT.1.0.0,2022-3-4 8:19:26,31.00,0.00,0.00,17.478,1.306,-5.788,11.689,18.784,0.00,0.00,0.00,0.00,0.00,0.00,0.00,0.00,0.00,0.00,0.00,0.00,0.00,0.00,0.00,0.00,0.00
20650,DL:0.1.0:AT.1.0.0,2022-3-4 8:19:31,31.00,0.00,0.00,17.517,1.267,-5.827,11.691,18.784,0.00,0.00,0.00,0.00,0.00,0.00,0.00,0.00,0.00,0.00,0.00,0.00,0.00,0.00,0.00,0.00,0.00
20650,DL:0.1.0:AT.1.0.0,2022-3-4 8:19:36,31.00,0.00,0.00,17.469,1.312,-5.780,11.689,18.782,0.00,0.00,0.00,0.00,0.00,0.00,0.00,0.00,0.00,0.00,0.00,0.00,0.00,0.00,0.00,0.00,0.00
20650,DL:0.1.0:AT.1.0.0,2022-3-4 8:19:41,31.00,0.00,0.00,17.491,1.288,-5.800,11.691,18.779,0.00,0.00,0.00,0.00,0.00,0.00,0.00,0.00,0.00,0.00,0.00,0.00,0.00,0.00,0.00,0.00,0.00
20650,DL:0.1.0:AT.1.0.0,2022-3-4 8:19:46,31.00,0.00,0.00,17.507,1.268,-5.816,11.691,18.774,0.00,0.00,0.00,0.00,0.00,0.00,0.00,0.00,0.00,0.00,0.00,0.00,0.00,0.00,0.00,0.00,0.00
20650,DL:0.1.0:AT.1.0.0,2022-3-4 8:19:51,31.00,0.00,0.00,17.469,1.304,-5.779,11.691,18.773,0.00,0.00,0.00,0.00,0.00,0.00,0.00,0.00,0.00,0.00,0.00,0.00,0.00,0.00,0.00,0.00,0.00
20650,DL:0.1.0:AT.1.0.0,2022-3-4 8:19:56,31.00,0.00,0.00,17.471,1.299,-5.780,11.691,18.770,0.00,0.00,0.00,0.00,0.00,0.00,0.00,0.00,0.00,0.00,0.00,0.00,0.00,0.00,0.00,0.00,0.00
20650,DL:0.1.0:AT.1.0.0,2022-3-4 8:20:1,31.00,0.00,0.00,17.474,1.294,-5.782,11.692,18.768,0.00,0.00,0.00,0.00,0.00,0.00,0.00,0.00,0.00,0.00,0.00,0.00,0.00,0.00,0.00,0.00,0.00
20650,DL:0.1.0:AT.1.0.0,2022-3-4 8:20:6,31.00,0.00,0.00,17.492,1.274,-5.801,11.691,18.766,0.00,0.00,0.00,0.00,0.00,0.00,0.00,0.00,0.00,0.00,0.00,0.00,0.00,0.00,0.00,0.00,0.00
20650,DL:0.1.0:AT.1.0.0,2022-3-4 8:20:12,31.00,0.00,0.00,17.468,1.295,-5.776,11.692,18.764,0.00,0.00,0.00,0.00,0.00,0.00,0.00,0.00,0.00,0.00,0.00,0.00,0.00,0.00,0.00,0.00,0.00
20650,DL:0.1.0:AT.1.0.0,2022-3-4 8:20:17,31.00,0.00,0.00,17.444,1.316,-5.751,11.693,18.760,0.00,0.00,0.00,0.00,0.00,0.00,0.00,0.00,0.00,0.00,0.00,0.00,0.00,0.00,0.00,0.00,0.00
20650,DL:0.1.0:AT.1.0.0,2022-3-4 8:20:22,31.00,0.00,0.00,17.486,1.273,-5.794,11.692,18.759,0.00,0.00,0.00,0.00,0.00,0.00,0.00,0.00,0.00,0.00,0.00,0.00,0.00,0.00,0.00,0.00,0.00
20650,DL:0.1.0:AT.1.0.0,2022-3-4 8:20:27,31.00,0.00,0.00,17.477,1.279,-5.785,11.692,18.755,0.00,0.00,0.00,0.00,0.00,0.00,0.00,0.00,0.00,0.00,0.00,0.00,0.00,0.00,0.00,0.00,0.00
20650,DL:0.1.0:AT.1.0.0,2022-3-4 8:20:32,31.00,0.00,0.00,17.468,1.285,-5.775,11.693,18.753,0.00,0.00,0.00,0.00,0.00,0.00,0.00,0.00,0.00,0.00,0.00,0.00,0.00,0.00,0.00,0.00,0.00
20650,DL:0.1.0:AT.1.0.0,2022-3-4 8:20:39,31.00,0.00,0.00,17.479,1.274,-5.787,11.692,18.753,0.00,0.00,0.00,0.00,0.00,0.00,0.00,0.00,0.00,0.00,0.00,0.00,0.00,0.00,0.00,0.00,0.00
20650,DL:0.1.0:AT.1.0.0,2022-3-4 8:20:44,31.00,0.00,0.00,17.468,1.282,-5.775,11.693,18.750,0.00,0.00,0.00,0.00,0.00,0.00,0.00,0.00,0.00,0.00,0.00,0.00,0.00,0.00,0.00,0.00,0.00
20650,DL:0.1.0:AT.1.0.0,2022-3-4 8:20:49,31.00,0.00,0.00,17.486,1.259,-5.793,11.693,18.745,0.00,0.00,0.00,0.00,0.00,0.00,0.00,0.00,0.00,0.00,0.00,0.00,0.00,0.00,0.00,0.00,0.00
20650,DL:0.1.0:AT.1.0.0,2022-3-4 8:20:54,31.00,0.00,0.00,17.467,1.276,-5.773,11.694,18.743,0.00,0.00,0.00,0.00,0.00,0.00,0.00,0.00,0.00,0.00,0.00,0.00,0.00,0.00,0.00,0.00,0.00
20650,DL:0.1.0:AT.1.0.0,2022-3-4 8:21:0,31.00,0.00,0.00,17.489,1.252,-5.794,11.694,18.741,0.00,0.00,0.00,0.00,0.00,0.00,0.00,0.00,0.00,0.00,0.00,0.00,0.00,0.00,0.00,0.00,0.00
20650,DL:0.1.0:AT.1.0.0,2022-3-4 8:21:6,31.00,0.00,0.00,17.480,1.258,-5.786,11.694,18.738,0.00,0.00,0.00,0.00,0.00,0.00,0.00,0.00,0.00,0.00,0.00,0.00,0.00,0.00,0.00,0.00,0.00
20650,DL:0.1.0:AT.1.0.0,2022-3-4 8:21:11,31.00,0.00,0.00,17.473,1.263,-5.779,11.694,18.736,0.00,0.00,0.00,0.00,0.00,0.00,0.00,0.00,0.00,0.00,0.00,0.00,0.00,0.00,0.00,0.00,0.00
20650,DL:0.1.0:AT.1.0.0,2022-3-4 8:21:17,31.00,0.00,0.00,17.460,1.273,-5.765,11.694,18.732,0.00,0.00,0.00,0.00,0.00,0.00,0.00,0.00,0.00,0.00,0.00,0.00,0.00,0.00,0.00,0.00,0.00
20650,DL:0.1.0:AT.1.0.0,2022-3-4 8:21:22,31.00,0.00,0.00,17.435,1.297,-5.740,11.694,18.731,0.00,0.00,0.00,0.00,0.00,0.00,0.00,0.00,0.00,0.00,0.00,0.00,0.00,0.00,0.00,0.00,0.00
20650,DL:0.1.0:AT.1.0.0,2022-3-4 8:21:28,31.00,0.00,0.00,17.472,1.255,-5.776,11.696,18.726,0.00,0.00,0.00,0.00,0.00,0.00,0.00,0.00,0.00,0.00,0.00,0.00,0.00,0.00,0.00,0.00,0.00
20650,DL:0.1.0:AT.1.0.0,2022-3-4 8:21:33,31.00,0.00,0.00,17.480,1.244,-5.785,11.696,18.724,0.00,0.00,0.00,0.00,0.00,0.00,0.00,0.00,0.00,0.00,0.00,0.00,0.00,0.00,0.00,0.00,0.00
20650,DL:0.1.0:AT.1.0.0,2022-3-4 8:21:41,31.00,0.00,0.00,17.478,1.244,-5.782,11.696,18.721,0.00,0.00,0.00,0.00,0.00,0.00,0.00,0.00,0.00,0.00,0.00,0.00,0.00,0.00,0.00,0.00,0.00
20650,DL:0.1.0:AT.1.0.0,2022-3-4 8:21:46,31.00,0.00,0.00,17.450,1.267,-5.753,11.697,18.717,0.00,0.00,0.00,0.00,0.00,0.00,0.00,0.00,0.00,0.00,0.00,0.00,0.00,0.00,0.00,0.00,0.00
20650,DL:0.1.0:AT.1.0.0,2022-3-4 8:21:51,31.00,0.00,0.00,17.456,1.259,-5.759,11.697,18.715,0.00,0.00,0.00,0.00,0.00,0.00,0.00,0.00,0.00,0.00,0.00,0.00,0.00,0.00,0.00,0.00,0.00
20650,DL:0.1.0:AT.1.0.0,2022-3-4 8:21:56,31.00,0.00,0.00,17.455,1.264,-5.759,11.696,18.719,0.00,0.00,0.00,0.00,0.00,0.00,0.00,0.00,0.00,0.00,0.00,0.00,0.00,0.00,0.00,0.00,0.00
20650,DL:0.1.0:AT.1.0.0,2022-3-4 8:22:1,31.00,0.00,0.00,17.469,1.245,-5.773,11.697,18.714,0.00,0.00,0.00,0.00,0.00,0.00,0.00,0.00,0.00,0.00,0.00,0.00,0.00,0.00,0.00,0.00,0.00
20650,DL:0.1.0:AT.1.0.0,2022-3-4 8:22:8,31.00,0.00,0.00,17.467,1.244,-5.770,11.697,18.711,0.00,0.00,0.00,0.00,0.00,0.00,0.00,0.00,0.00,0.00,0.00,0.00,0.00,0.00,0.00,0.00,0.00
20650,DL:0.1.0:AT.1.0.0,2022-3-4 8:22:15,31.00,0.00,0.00,17.489,1.218,-5.791,11.698,18.707,0.00,0.00,0.00,0.00,0.00,0.00,0.00,0.00,0.00,0.00,0.00,0.00,0.00,0.00,0.00,0.00,0.00
20650,DL:0.1.0:AT.1.0.0,2022-3-4 8:22:22,31.00,0.00,0.00,17.466,1.238,-5.768,11.698,18.703,0.00,0.00,0.00,0.00,0.00,0.00,0.00,0.00,0.00,0.00,0.00,0.00,0.00,0.00,0.00,0.00,0.00
20650,DL:0.1.0:AT.1.0.0,2022-3-4 8:22:33,31.00,0.00,0.00,17.455,1.241,-5.757,11.698,18.696,0.00,0.00,0.00,0.00,0.00,0.00,0.00,0.00,0.00,0.00,0.00,0.00,0.00,0.00,0.00,0.00,0.00
20650,DL:0.1.0:AT.1.0.0,2022-3-4 8:22:39,31.00,0.00,0.00,17.484,1.210,-5.785,11.699,18.694,0.00,0.00,0.00,0.00,0.00,0.00,0.00,0.00,0.00,0.00,0.00,0.00,0.00,0.00,0.00,0.00,0.00
20650,DL:0.1.0:AT.1.0.0,2022-3-4 8:22:46,31.00,0.00,0.00,17.469,1.221,-5.770,11.699,18.690,0.00,0.00,0.00,0.00,0.00,0.00,0.00,0.00,0.00,0.00,0.00,0.00,0.00,0.00,0.00,0.00,0.00
20650,DL:0.1.0:AT.1.0.0,2022-3-4 8:22:52,31.00,0.00,0.00,17.501,1.187,-5.800,11.700,18.688,0.00,0.00,0.00,0.00,0.00,0.00,0.00,0.00,0.00,0.00,0.00,0.00,0.00,0.00,0.00,0.00,0.00
20650,DL:0.1.0:AT.1.0.0,2022-3-4 8:22:57,31.00,0.00,0.00,17.486,1.199,-5.787,11.699,18.685,0.00,0.00,0.00,0.00,0.00,0.00,0.00,0.00,0.00,0.00,0.00,0.00,0.00,0.00,0.00,0.00,0.00
20650,DL:0.1.0:AT.1.0.0,2022-3-4 8:23:3,31.00,0.00,0.00,17.467,1.215,-5.767,11.700,18.682,0.00,0.00,0.00,0.00,0.00,0.00,0.00,0.00,0.00,0.00,0.00,0.00,0.00,0.00,0.00,0.00,0.00
20650,DL:0.1.0:AT.1.0.0,2022-3-4 8:23:9,31.00,0.00,0.00,17.485,1.194,-5.785,11.700,18.679,0.00,0.00,0.00,0.00,0.00,0.00,0.00,0.00,0.00,0.00,0.00,0.00,0.00,0.00,0.00,0.00,0.00
20650,DL:0.1.0:AT.1.0.0,2022-3-4 8:23:14,31.00,0.00,0.00,17.498,1.184,-5.797,11.702,18.682,0.00,0.00,0.00,0.00,0.00,0.00,0.00,0.00,0.00,0.00,0.00,0.00,0.00,0.00,0.00,0.00,0.00
20650,DL:0.1.0:AT.1.0.0,2022-3-4 8:23:19,31.00,0.00,0.00,17.467,1.212,-5.765,11.702,18.679,0.00,0.00,0.00,0.00,0.00,0.00,0.00,0.00,0.00,0.00,0.00,0.00,0.00,0.00,0.00,0.00,0.00
20650,DL:0.1.0:AT.1.0.0,2022-3-4 8:23:24,31.00,0.00,0.00,17.460,1.216,-5.758,11.702,18.676,0.00,0.00,0.00,0.00,0.00,0.00,0.00,0.00,0.00,0.00,0.00,0.00,0.00,0.00,0.00,0.00,0.00
20650,DL:0.1.0:AT.1.0.0,2022-3-4 8:23:34,31.00,0.00,0.00,17.487,1.184,-5.786,11.702,18.671,0.00,0.00,0.00,0.00,0.00,0.00,0.00,0.00,0.00,0.00,0.00,0.00,0.00,0.00,0.00,0.00,0.00
20650,DL:0.1.0:AT.1.0.0,2022-3-4 8:23:40,31.00,0.00,0.00,17.478,1.190,-5.775,11.703,18.667,0.00,0.00,0.00,0.00,0.00,0.00,0.00,0.00,0.00,0.00,0.00,0.00,0.00,0.00,0.00,0.00,0.00
20650,DL:0.1.0:AT.1.0.0,2022-3-4 8:23:47,31.00,0.00,0.00,17.468,1.196,-5.765,11.703,18.664,0.00,0.00,0.00,0.00,0.00,0.00,0.00,0.00,0.00,0.00,0.00,0.00,0.00,0.00,0.00,0.00,0.00
20650,DL:0.1.0:AT.1.0.0,2022-3-4 8:23:54,31.00,0.00,0.00,17.455,1.206,-5.751,11.704,18.661,0.00,0.00,0.00,0.00,0.00,0.00,0.00,0.00,0.00,0.00,0.00,0.00,0.00,0.00,0.00,0.00,0.00
20650,DL:0.1.0:AT.1.0.0,2022-3-4 8:24:2,31.00,0.00,0.00,17.442,1.215,-5.738,11.704,18.657,0.00,0.00,0.00,0.00,0.00,0.00,0.00,0.00,0.00,0.00,0.00,0.00,0.00,0.00,0.00,0.00,0.00
20650,DL:0.1.0:AT.1.0.0,2022-3-4 8:24:8,31.00,0.00,0.00,17.459,1.194,-5.755,11.704,18.653,0.00,0.00,0.00,0.00,0.00,0.00,0.00,0.00,0.00,0.00,0.00,0.00,0.00,0.00,0.00,0.00,0.00
20650,DL:0.1.0:AT.1.0.0,2022-3-4 8:24:15,31.00,0.00,0.00,17.457,1.193,-5.753,11.704,18.651,0.00,0.00,0.00,0.00,0.00,0.00,0.00,0.00,0.00,0.00,0.00,0.00,0.00,0.00,0.00,0.00,0.00
20650,DL:0.1.0:AT.1.0.0,2022-3-4 8:24:21,31.00,0.00,0.00,17.427,1.220,-5.723,11.704,18.647,0.00,0.00,0.00,0.00,0.00,0.00,0.00,0.00,0.00,0.00,0.00,0.00,0.00,0.00,0.00,0.00,0.00
20650,DL:0.1.0:AT.1.0.0,2022-3-4 8:24:26,31.00,0.00,0.00,17.467,1.184,-5.762,11.705,18.651,0.00,0.00,0.00,0.00,0.00,0.00,0.00,0.00,0.00,0.00,0.00,0.00,0.00,0.00,0.00,0.00,0.00
20650,DL:0.1.0:AT.1.0.0,2022-3-4 8:24:33,31.00,0.00,0.00,17.421,1.224,-5.715,11.706,18.646,0.00,0.00,0.00,0.00,0.00,0.00,0.00,0.00,0.00,0.00,0.00,0.00,0.00,0.00,0.00,0.00,0.00
20650,DL:0.1.0:AT.1.0.0,2022-3-4 8:24:39,31.00,0.00,0.00,17.441,1.203,-5.734,11.706,18.643,0.00,0.00,0.00,0.00,0.00,0.00,0.00,0.00,0.00,0.00,0.00,0.00,0.00,0.00,0.00,0.00,0.00
20650,DL:0.1.0:AT.1.0.0,2022-3-4 8:24:44,31.00,0.00,0.00,17.460,1.180,-5.753,11.706,18.640,0.00,0.00,0.00,0.00,0.00,0.00,0.00,0.00,0.00,0.00,0.00,0.00,0.00,0.00,0.00,0.00,0.00
20650,DL:0.1.0:AT.1.0.0,2022-3-4 8:24:49,31.00,0.00,0.00,17.419,1.220,-5.713,11.706,18.639,0.00,0.00,0.00,0.00,0.00,0.00,0.00,0.00,0.00,0.00,0.00,0.00,0.00,0.00,0.00,0.00,0.00
20650,DL:0.1.0:AT.1.0.0,2022-3-4 8:24:54,31.00,0.00,0.00,17.432,1.203,-5.726,11.706,18.635,0.00,0.00,0.00,0.00,0.00,0.00,0.00,0.00,0.00,0.00,0.00,0.00,0.00,0.00,0.00,0.00,0.00
20650,DL:0.1.0:AT.1.0.0,2022-3-4 8:24:59,31.00,0.00,0.00,17.460,1.173,-5.753,11.706,18.633,0.00,0.00,0.00,0.00,0.00,0.00,0.00,0.00,0.00,0.00,0.00,0.00,0.00,0.00,0.00,0.00,0.00
20650,DL:0.1.0:AT.1.0.0,2022-3-4 8:25:6,31.00,0.00,0.00,17.438,1.192,-5.731,11.708,18.630,0.00,0.00,0.00,0.00,0.00,0.00,0.00,0.00,0.00,0.00,0.00,0.00,0.00,0.00,0.00,0.00,0.00
20650,DL:0.1.0:AT.1.0.0,2022-3-4 8:25:13,31.00,0.00,0.00,17.439,1.187,-5.732,11.708,18.627,0.00,0.00,0.00,0.00,0.00,0.00,0.00,0.00,0.00,0.00,0.00,0.00,0.00,0.00,0.00,0.00,0.00
20650,DL:0.1.0:AT.1.0.0,2022-3-4 8:25:18,31.00,0.00,0.00,17.427,1.197,-5.719,11.709,18.624,0.00,0.00,0.00,0.00,0.00,0.00,0.00,0.00,0.00,0.00,0.00,0.00,0.00,0.00,0.00,0.00,0.00
20650,DL:0.1.0:AT.1.0.0,2022-3-4 8:25:23,31.00,0.00,0.00,17.443,1.179,-5.734,11.709,18.622,0.00,0.00,0.00,0.00,0.00,0.00,0.00,0.00,0.00,0.00,0.00,0.00,0.00,0.00,0.00,0.00,0.00
20650,DL:0.1.0:AT.1.0.0,2022-3-4 8:25:31,31.00,0.00,0.00,17.445,1.170,-5.738,11.708,18.616,0.00,0.00,0.00,0.00,0.00,0.00,0.00,0.00,0.00,0.00,0.00,0.00,0.00,0.00,0.00,0.00,0.00
20650,DL:0.1.0:AT.1.0.0,2022-3-4 8:25:36,31.00,0.00,0.00,17.467,1.146,-5.758,11.709,18.613,0.00,0.00,0.00,0.00,0.00,0.00,0.00,0.00,0.00,0.00,0.00,0.00,0.00,0.00,0.00,0.00,0.00
20650,DL:0.1.0:AT.1.0.0,2022-3-4 8:25:42,31.00,0.00,0.00,17.441,1.176,-5.732,11.709,18.617,0.00,0.00,0.00,0.00,0.00,0.00,0.00,0.00,0.00,0.00,0.00,0.00,0.00,0.00,0.00,0.00,0.00
20650,DL:0.1.0:AT.1.0.0,2022-3-4 8:25:47,31.00,0.00,0.00,17.467,1.145,-5.757,11.710,18.612,0.00,0.00,0.00,0.00,0.00,0.00,0.00,0.00,0.00,0.00,0.00,0.00,0.00,0.00,0.00,0.00,0.00
20650,DL:0.1.0:AT.1.0.0,2022-3-4 8:25:52,31.00,0.00,0.00,17.442,1.168,-5.732,11.710,18.610,0.00,0.00,0.00,0.00,0.00,0.00,0.00,0.00,0.00,0.00,0.00,0.00,0.00,0.00,0.00,0.00,0.00
20650,DL:0.1.0:AT.1.0.0,2022-3-4 8:25:57,31.00,0.00,0.00,17.447,1.161,-5.737,11.710,18.607,0.00,0.00,0.00,0.00,0.00,0.00,0.00,0.00,0.00,0.00,0.00,0.00,0.00,0.00,0.00,0.00,0.00
20650,DL:0.1.0:AT.1.0.0,2022-3-4 8:26:3,31.00,0.00,0.00,17.460,1.145,-5.750,11.710,18.605,0.00,0.00,0.00,0.00,0.00,0.00,0.00,0.00,0.00,0.00,0.00,0.00,0.00,0.00,0.00,0.00,0.00
20650,DL:0.1.0:AT.1.0.0,2022-3-4 8:26:8,31.00,0.00,0.00,17.429,1.173,-5.717,11.711,18.601,0.00,0.00,0.00,0.00,0.00,0.00,0.00,0.00,0.00,0.00,0.00,0.00,0.00,0.00,0.00,0.00,0.00
20650,DL:0.1.0:AT.1.0.0,2022-3-4 8:26:13,31.00,0.00,0.00,17.432,1.167,-5.721,11.711,18.599,0.00,0.00,0.00,0.00,0.00,0.00,0.00,0.00,0.00,0.00,0.00,0.00,0.00,0.00,0.00,0.00,0.00
20650,DL:0.1.0:AT.1.0.0,2022-3-4 8:26:18,31.00,0.00,0.00,17.481,1.115,-5.770,11.711,18.596,0.00,0.00,0.00,0.00,0.00,0.00,0.00,0.00,0.00,0.00,0.00,0.00,0.00,0.00,0.00,0.00,0.00
20650,DL:0.1.0:AT.1.0.0,2022-3-4 8:26:25,31.00,0.00,0.00,17.459,1.134,-5.747,11.711,18.593,0.00,0.00,0.00,0.00,0.00,0.00,0.00,0.00,0.00,0.00,0.00,0.00,0.00,0.00,0.00,0.00,0.00
20650,DL:0.1.0:AT.1.0.0,2022-3-4 8:26:31,31.00,0.00,0.00,17.467,1.121,-5.755,11.712,18.588,0.00,0.00,0.00,0.00,0.00,0.00,0.00,0.00,0.00,0.00,0.00,0.00,0.00,0.00,0.00,0.00,0.00
20650,DL:0.1.0:AT.1.0.0,2022-3-4 8:26:37,31.00,0.00,0.00,17.439,1.146,-5.727,11.712,18.586,0.00,0.00,0.00,0.00,0.00,0.00,0.00,0.00,0.00,0.00,0.00,0.00,0.00,0.00,0.00,0.00,0.00
20650,DL:0.1.0:AT.1.0.0,2022-3-4 8:26:42,31.00,0.00,0.00,17.449,1.134,-5.737,11.712,18.583,0.00,0.00,0.00,0.00,0.00,0.00,0.00,0.00,0.00,0.00,0.00,0.00,0.00,0.00,0.00,0.00,0.00
20650,DL:0.1.0:AT.1.0.0,2022-3-4 8:26:49,31.00,0.00,0.00,17.427,1.157,-5.714,11.714,18.584,0.00,0.00,0.00,0.00,0.00,0.00,0.00,0.00,0.00,0.00,0.00,0.00,0.00,0.00,0.00,0.00,0.00
20650,DL:0.1.0:AT.1.0.0,2022-3-4 8:26:55,31.00,0.00,0.00,17.433,1.146,-5.720,11.714,18.580,0.00,0.00,0.00,0.00,0.00,0.00,0.00,0.00,0.00,0.00,0.00,0.00,0.00,0.00,0.00,0.00,0.00
20650,DL:0.1.0:AT.1.0.0,2022-3-4 8:27:4,31.00,0.00,0.00,17.431,1.145,-5.716,11.715,18.576,0.00,0.00,0.00,0.00,0.00,0.00,0.00,0.00,0.00,0.00,0.00,0.00,0.00,0.00,0.00,0.00,0.00
20650,DL:0.1.0:AT.1.0.0,2022-3-4 8:27:9,31.00,0.00,0.00,17.431,1.142,-5.717,11.714,18.572,0.00,0.00,0.00,0.00,0.00,0.00,0.00,0.00,0.00,0.00,0.00,0.00,0.00,0.00,0.00,0.00,0.00
20650,DL:0.1.0:AT.1.0.0,2022-3-4 8:27:16,31.00,0.00,0.00,17.431,1.138,-5.715,11.716,18.569,0.00,0.00,0.00,0.00,0.00,0.00,0.00,0.00,0.00,0.00,0.00,0.00,0.00,0.00,0.00,0.00,0.00
20650,DL:0.1.0:AT.1.0.0,2022-3-4 8:27:21,31.00,0.00,0.00,17.442,1.125,-5.727,11.715,18.566,0.00,0.00,0.00,0.00,0.00,0.00,0.00,0.00,0.00,0.00,0.00,0.00,0.00,0.00,0.00,0.00,0.00
20650,DL:0.1.0:AT.1.0.0,2022-3-4 8:27:26,31.00,0.00,0.00,17.430,1.134,-5.714,11.716,18.564,0.00,0.00,0.00,0.00,0.00,0.00,0.00,0.00,0.00,0.00,0.00,0.00,0.00,0.00,0.00,0.00,0.00
20650,DL:0.1.0:AT.1.0.0,2022-3-4 8:27:32,31.00,0.00,0.00,17.424,1.137,-5.709,11.715,18.560,0.00,0.00,0.00,0.00,0.00,0.00,0.00,0.00,0.00,0.00,0.00,0.00,0.00,0.00,0.00,0.00,0.00
20650,DL:0.1.0:AT.1.0.0,2022-3-4 8:27:39,31.00,0.00,0.00,17.427,1.130,-5.711,11.716,18.557,0.00,0.00,0.00,0.00,0.00,0.00,0.00,0.00,0.00,0.00,0.00,0.00,0.00,0.00,0.00,0.00,0.00
20650,DL:0.1.0:AT.1.0.0,2022-3-4 8:27:45,31.00,0.00,0.00,17.430,1.124,-5.714,11.716,18.553,0.00,0.00,0.00,0.00,0.00,0.00,0.00,0.00,0.00,0.00,0.00,0.00,0.00,0.00,0.00,0.00,0.00
20650,DL:0.1.0:AT.1.0.0,2022-3-4 8:27:50,31.25,0.00,0.00,17.406,1.146,-5.689,11.717,18.552,0.00,0.00,0.00,0.00,0.00,0.00,0.00,0.00,0.00,0.00,0.00,0.00,0.00,0.00,0.00,0.00,0.00
20650,DL:0.1.0:AT.1.0.0,2022-3-4 8:27:56,31.25,0.00,0.00,17.449,1.098,-5.732,11.717,18.547,0.00,0.00,0.00,0.00,0.00,0.00,0.00,0.00,0.00,0.00,0.00,0.00,0.00,0.00,0.00,0.00,0.00
20650,DL:0.1.0:AT.1.0.0,2022-3-4 8:28:1,31.25,0.00,0.00,17.432,1.118,-5.715,11.717,18.550,0.00,0.00,0.00,0.00,0.00,0.00,0.00,0.00,0.00,0.00,0.00,0.00,0.00,0.00,0.00,0.00,0.00
20650,DL:0.1.0:AT.1.0.0,2022-3-4 8:28:7,31.25,0.00,0.00,17.449,1.097,-5.732,11.717,18.546,0.00,0.00,0.00,0.00,0.00,0.00,0.00,0.00,0.00,0.00,0.00,0.00,0.00,0.00,0.00,0.00,0.00
20650,DL:0.1.0:AT.1.0.0,2022-3-4 8:28:14,31.25,0.00,0.00,17.437,1.104,-5.719,11.718,18.541,0.00,0.00,0.00,0.00,0.00,0.00,0.00,0.00,0.00,0.00,0.00,0.00,0.00,0.00,0.00,0.00,0.00
20650,DL:0.1.0:AT.1.0.0,2022-3-4 8:28:21,31.25,0.00,0.00,17.407,1.131,-5.687,11.720,18.538,0.00,0.00,0.00,0.00,0.00,0.00,0.00,0.00,0.00,0.00,0.00,0.00,0.00,0.00,0.00,0.00,0.00
20650,DL:0.1.0:AT.1.0.0,2022-3-4 8:28:26,31.25,0.00,0.00,17.416,1.119,-5.697,11.720,18.535,0.00,0.00,0.00,0.00,0.00,0.00,0.00,0.00,0.00,0.00,0.00,0.00,0.00,0.00,0.00,0.00,0.00
20650,DL:0.1.0:AT.1.0.0,2022-3-4 8:28:32,31.25,0.00,0.00,17.433,1.099,-5.715,11.718,18.533,0.00,0.00,0.00,0.00,0.00,0.00,0.00,0.00,0.00,0.00,0.00,0.00,0.00,0.00,0.00,0.00,0.00
20650,DL:0.1.0:AT.1.0.0,2022-3-4 8:28:38,31.25,0.00,0.00,17.383,1.146,-5.665,11.718,18.529,0.00,0.00,0.00,0.00,0.00,0.00,0.00,0.00,0.00,0.00,0.00,0.00,0.00,0.00,0.00,0.00,0.00
20650,DL:0.1.0:AT.1.0.0,2022-3-4 8:28:43,31.25,0.00,0.00,17.404,1.122,-5.685,11.720,18.527,0.00,0.00,0.00,0.00,0.00,0.00,0.00,0.00,0.00,0.00,0.00,0.00,0.00,0.00,0.00,0.00,0.00
20650,DL:0.1.0:AT.1.0.0,2022-3-4 8:28:49,31.25,0.00,0.00,17.410,1.112,-5.690,11.721,18.522,0.00,0.00,0.00,0.00,0.00,0.00,0.00,0.00,0.00,0.00,0.00,0.00,0.00,0.00,0.00,0.00,0.00
20650,DL:0.1.0:AT.1.0.0,2022-3-4 8:28:54,31.25,0.00,0.00,17.436,1.084,-5.715,11.721,18.520,0.00,0.00,0.00,0.00,0.00,0.00,0.00,0.00,0.00,0.00,0.00,0.00,0.00,0.00,0.00,0.00,0.00
20650,DL:0.1.0:AT.1.0.0,2022-3-4 8:28:59,31.25,0.00,0.00,17.435,1.081,-5.713,11.722,18.516,0.00,0.00,0.00,0.00,0.00,0.00,0.00,0.00,0.00,0.00,0.00,0.00,0.00,0.00,0.00,0.00,0.00
20650,DL:0.1.0:AT.1.0.0,2022-3-4 8:29:4,31.25,0.00,0.00,17.402,1.113,-5.680,11.722,18.515,0.00,0.00,0.00,0.00,0.00,0.00,0.00,0.00,0.00,0.00,0.00,0.00,0.00,0.00,0.00,0.00,0.00
20650,DL:0.1.0:AT.1.0.0,2022-3-4 8:29:9,31.25,0.00,0.00,17.429,1.087,-5.708,11.721,18.516,0.00,0.00,0.00,0.00,0.00,0.00,0.00,0.00,0.00,0.00,0.00,0.00,0.00,0.00,0.00,0.00,0.00
20650,DL:0.1.0:AT.1.0.0,2022-3-4 8:29:17,31.25,0.00,0.00,17.426,1.085,-5.704,11.722,18.511,0.00,0.00,0.00,0.00,0.00,0.00,0.00,0.00,0.00,0.00,0.00,0.00,0.00,0.00,0.00,0.00,0.00
20650,DL:0.1.0:AT.1.0.0,2022-3-4 8:29:25,31.25,0.00,0.00,17.421,1.085,-5.701,11.721,18.506,0.00,0.00,0.00,0.00,0.00,0.00,0.00,0.00,0.00,0.00,0.00,0.00,0.00,0.00,0.00,0.00,0.00
20650,DL:0.1.0:AT.1.0.0,2022-3-4 8:29:32,31.25,0.00,0.00,17.450,1.051,-5.727,11.723,18.502,0.00,0.00,0.00,0.00,0.00,0.00,0.00,0.00,0.00,0.00,0.00,0.00,0.00,0.00,0.00,0.00,0.00
20650,DL:0.1.0:AT.1.0.0,2022-3-4 8:29:37,31.25,0.00,0.00,17.448,1.051,-5.726,11.722,18.499,0.00,0.00,0.00,0.00,0.00,0.00,0.00,0.00,0.00,0.00,0.00,0.00,0.00,0.00,0.00,0.00,0.00
20650,DL:0.1.0:AT.1.0.0,2022-3-4 8:29:42,31.25,0.00,0.00,17.477,1.020,-5.753,11.723,18.497,0.00,0.00,0.00,0.00,0.00,0.00,0.00,0.00,0.00,0.00,0.00,0.00,0.00,0.00,0.00,0.00,0.00
20650,DL:0.1.0:AT.1.0.0,2022-3-4 8:29:47,31.25,0.00,0.00,17.450,1.044,-5.727,11.723,18.494,0.00,0.00,0.00,0.00,0.00,0.00,0.00,0.00,0.00,0.00,0.00,0.00,0.00,0.00,0.00,0.00,0.00
20650,DL:0.1.0:AT.1.0.0,2022-3-4 8:29:53,31.25,0.00,0.00,17.438,1.053,-5.715,11.723,18.491,0.00,0.00,0.00,0.00,0.00,0.00,0.00,0.00,0.00,0.00,0.00,0.00,0.00,0.00,0.00,0.00,0.00
20650,DL:0.1.0:AT.1.0.0,2022-3-4 8:29:58,31.25,0.00,0.00,17.459,1.030,-5.735,11.723,18.488,0.00,0.00,0.00,0.00,0.00,0.00,0.00,0.00,0.00,0.00,0.00,0.00,0.00,0.00,0.00,0.00,0.00
20650,DL:0.1.0:AT.1.0.0,2022-3-4 8:30:3,31.25,0.00,0.00,17.449,1.037,-5.725,11.724,18.486,0.00,0.00,0.00,0.00,0.00,0.00,0.00,0.00,0.00,0.00,0.00,0.00,0.00,0.00,0.00,0.00,0.00
20650,DL:0.1.0:AT.1.0.0,2022-3-4 8:30:12,31.25,0.00,0.00,17.442,1.043,-5.716,11.726,18.485,0.00,0.00,0.00,0.00,0.00,0.00,0.00,0.00,0.00,0.00,0.00,0.00,0.00,0.00,0.00,0.00,0.00
20650,DL:0.1.0:AT.1.0.0,2022-3-4 8:30:18,31.25,0.00,0.00,17.426,1.056,-5.702,11.724,18.482,0.00,0.00,0.00,0.00,0.00,0.00,0.00,0.00,0.00,0.00,0.00,0.00,0.00,0.00,0.00,0.00,0.00
20650,DL:0.1.0:AT.1.0.0,2022-3-4 8:30:25,31.25,0.00,0.00,17.430,1.049,-5.705,11.724,18.479,0.00,0.00,0.00,0.00,0.00,0.00,0.00,0.00,0.00,0.00,0.00,0.00,0.00,0.00,0.00,0.00,0.00
20650,DL:0.1.0:AT.1.0.0,2022-3-4 8:30:30,31.25,0.00,0.00,17.441,1.035,-5.714,11.727,18.475,0.00,0.00,0.00,0.00,0.00,0.00,0.00,0.00,0.00,0.00,0.00,0.00,0.00,0.00,0.00,0.00,0.00
20650,DL:0.1.0:AT.1.0.0,2022-3-4 8:30:35,31.25,0.00,0.00,17.447,1.027,-5.721,11.726,18.474,0.00,0.00,0.00,0.00,0.00,0.00,0.00,0.00,0.00,0.00,0.00,0.00,0.00,0.00,0.00,0.00,0.00
20650,DL:0.1.0:AT.1.0.0,2022-3-4 8:30:40,31.25,0.00,0.00,17.438,1.033,-5.713,11.726,18.472,0.00,0.00,0.00,0.00,0.00,0.00,0.00,0.00,0.00,0.00,0.00,0.00,0.00,0.00,0.00,0.00,0.00
20650,DL:0.1.0:AT.1.0.0,2022-3-4 8:30:46,31.25,0.00,0.00,17.427,1.039,-5.701,11.727,18.467,0.00,0.00,0.00,0.00,0.00,0.00,0.00,0.00,0.00,0.00,0.00,0.00,0.00,0.00,0.00,0.00,0.00
20650,DL:0.1.0:AT.1.0.0,2022-3-4 8:30:53,31.25,0.00,0.00,17.472,0.993,-5.745,11.727,18.464,0.00,0.00,0.00,0.00,0.00,0.00,0.00,0.00,0.00,0.00,0.00,0.00,0.00,0.00,0.00,0.00,0.00
20650,DL:0.1.0:AT.1.0.0,2022-3-4 8:31:0,31.25,0.00,0.00,17.442,1.020,-5.715,11.727,18.462,0.00,0.00,0.00,0.00,0.00,0.00,0.00,0.00,0.00,0.00,0.00,0.00,0.00,0.00,0.00,0.00,0.00
20650,DL:0.1.0:AT.1.0.0,2022-3-4 8:31:7,31.25,0.00,0.00,17.456,1.003,-5.728,11.728,18.460,0.00,0.00,0.00,0.00,0.00,0.00,0.00,0.00,0.00,0.00,0.00,0.00,0.00,0.00,0.00,0.00,0.00
20650,DL:0.1.0:AT.1.0.0,2022-3-4 8:31:12,31.25,0.00,0.00,17.426,1.030,-5.698,11.728,18.456,0.00,0.00,0.00,0.00,0.00,0.00,0.00,0.00,0.00,0.00,0.00,0.00,0.00,0.00,0.00,0.00,0.00
20650,DL:0.1.0:AT.1.0.0,2022-3-4 8:31:17,31.25,0.00,0.00,17.442,1.009,-5.714,11.728,18.451,0.00,0.00,0.00,0.00,0.00,0.00,0.00,0.00,0.00,0.00,0.00,0.00,0.00,0.00,0.00,0.00,0.00
20650,DL:0.1.0:AT.1.0.0,2022-3-4 8:31:22,31.25,0.00,0.00,17.432,1.019,-5.704,11.728,18.451,0.00,0.00,0.00,0.00,0.00,0.00,0.00,0.00,0.00,0.00,0.00,0.00,0.00,0.00,0.00,0.00,0.00
20650,DL:0.1.0:AT.1.0.0,2022-3-4 8:31:27,31.25,0.00,0.00,17.420,1.032,-5.692,11.728,18.452,0.00,0.00,0.00,0.00,0.00,0.00,0.00,0.00,0.00,0.00,0.00,0.00,0.00,0.00,0.00,0.00,0.00
20650,DL:0.1.0:AT.1.0.0,2022-3-4 8:31:32,31.25,0.00,0.00,17.418,1.032,-5.689,11.729,18.450,0.00,0.00,0.00,0.00,0.00,0.00,0.00,0.00,0.00,0.00,0.00,0.00,0.00,0.00,0.00,0.00,0.00
20650,DL:0.1.0:AT.1.0.0,2022-3-4 8:31:38,31.25,0.00,0.00,17.410,1.035,-5.681,11.729,18.445,0.00,0.00,0.00,0.00,0.00,0.00,0.00,0.00,0.00,0.00,0.00,0.00,0.00,0.00,0.00,0.00,0.00
20650,DL:0.1.0:AT.1.0.0,2022-3-4 8:31:43,31.25,0.00,0.00,17.433,1.011,-5.704,11.729,18.444,0.00,0.00,0.00,0.00,0.00,0.00,0.00,0.00,0.00,0.00,0.00,0.00,0.00,0.00,0.00,0.00,0.00
20650,DL:0.1.0:AT.1.0.0,2022-3-4 8:31:48,31.25,0.00,0.00,17.433,1.007,-5.703,11.730,18.440,0.00,0.00,0.00,0.00,0.00,0.00,0.00,0.00,0.00,0.00,0.00,0.00,0.00,0.00,0.00,0.00,0.00
20650,DL:0.1.0:AT.1.0.0,2022-3-4 8:31:53,31.25,0.00,0.00,17.430,1.009,-5.699,11.730,18.439,0.00,0.00,0.00,0.00,0.00,0.00,0.00,0.00,0.00,0.00,0.00,0.00,0.00,0.00,0.00,0.00,0.00
20650,DL:0.1.0:AT.1.0.0,2022-3-4 8:31:58,31.25,0.00,0.00,17.403,1.035,-5.673,11.730,18.438,0.00,0.00,0.00,0.00,0.00,0.00,0.00,0.00,0.00,0.00,0.00,0.00,0.00,0.00,0.00,0.00,0.00
20650,DL:0.1.0:AT.1.0.0,2022-3-4 8:32:3,31.25,0.00,0.00,17.416,1.018,-5.686,11.730,18.434,0.00,0.00,0.00,0.00,0.00,0.00,0.00,0.00,0.00,0.00,0.00,0.00,0.00,0.00,0.00,0.00,0.00
20650,DL:0.1.0:AT.1.0.0,2022-3-4 8:32:8,31.25,0.00,0.00,17.385,1.047,-5.654,11.732,18.432,0.00,0.00,0.00,0.00,0.00,0.00,0.00,0.00,0.00,0.00,0.00,0.00,0.00,0.00,0.00,0.00,0.00
20650,DL:0.1.0:AT.1.0.0,2022-3-4 8:32:14,31.25,0.00,0.00,17.407,1.023,-5.677,11.730,18.429,0.00,0.00,0.00,0.00,0.00,0.00,0.00,0.00,0.00,0.00,0.00,0.00,0.00,0.00,0.00,0.00,0.00
20650,DL:0.1.0:AT.1.0.0,2022-3-4 8:32:19,31.25,0.00,0.00,17.409,1.015,-5.678,11.732,18.425,0.00,0.00,0.00,0.00,0.00,0.00,0.00,0.00,0.00,0.00,0.00,0.00,0.00,0.00,0.00,0.00,0.00
20650,DL:0.1.0:AT.1.0.0,2022-3-4 8:32:26,31.25,0.00,0.00,17.398,1.024,-5.667,11.732,18.422,0.00,0.00,0.00,0.00,0.00,0.00,0.00,0.00,0.00,0.00,0.00,0.00,0.00,0.00,0.00,0.00,0.00
20650,DL:0.1.0:AT.1.0.0,2022-3-4 8:32:32,31.25,0.00,0.00,17.410,1.009,-5.679,11.732,18.420,0.00,0.00,0.00,0.00,0.00,0.00,0.00,0.00,0.00,0.00,0.00,0.00,0.00,0.00,0.00,0.00,0.00
20650,DL:0.1.0:AT.1.0.0,2022-3-4 8:32:39,31.25,0.00,0.00,17.410,1.011,-5.678,11.733,18.421,0.00,0.00,0.00,0.00,0.00,0.00,0.00,0.00,0.00,0.00,0.00,0.00,0.00,0.00,0.00,0.00,0.00
20650,DL:0.1.0:AT.1.0.0,2022-3-4 8:32:44,31.25,0.00,0.00,17.383,1.036,-5.650,11.733,18.419,0.00,0.00,0.00,0.00,0.00,0.00,0.00,0.00,0.00,0.00,0.00,0.00,0.00,0.00,0.00,0.00,0.00
20650,DL:0.1.0:AT.1.0.0,2022-3-4 8:32:49,31.25,0.00,0.00,17.383,1.032,-5.649,11.734,18.415,0.00,0.00,0.00,0.00,0.00,0.00,0.00,0.00,0.00,0.00,0.00,0.00,0.00,0.00,0.00,0.00,0.00
20650,DL:0.1.0:AT.1.0.0,2022-3-4 8:32:54,31.25,0.00,0.00,17.413,1.001,-5.679,11.734,18.414,0.00,0.00,0.00,0.00,0.00,0.00,0.00,0.00,0.00,0.00,0.00,0.00,0.00,0.00,0.00,0.00,0.00
20650,DL:0.1.0:AT.1.0.0,2022-3-4 8:32:59,31.25,0.00,0.00,17.415,0.995,-5.681,11.734,18.410,0.00,0.00,0.00,0.00,0.00,0.00,0.00,0.00,0.00,0.00,0.00,0.00,0.00,0.00,0.00,0.00,0.00
20650,DL:0.1.0:AT.1.0.0,2022-3-4 8:33:4,31.25,0.00,0.00,17.421,0.987,-5.687,11.734,18.408,0.00,0.00,0.00,0.00,0.00,0.00,0.00,0.00,0.00,0.00,0.00,0.00,0.00,0.00,0.00,0.00,0.00
20650,DL:0.1.0:AT.1.0.0,2022-3-4 8:33:10,31.25,0.00,0.00,17.384,1.021,-5.649,11.735,18.405,0.00,0.00,0.00,0.00,0.00,0.00,0.00,0.00,0.00,0.00,0.00,0.00,0.00,0.00,0.00,0.00,0.00
20650,DL:0.1.0:AT.1.0.0,2022-3-4 8:33:15,31.25,0.00,0.00,17.401,1.002,-5.666,11.735,18.403,0.00,0.00,0.00,0.00,0.00,0.00,0.00,0.00,0.00,0.00,0.00,0.00,0.00,0.00,0.00,0.00,0.00
20650,DL:0.1.0:AT.1.0.0,2022-3-4 8:33:20,31.25,0.00,0.00,17.367,1.032,-5.632,11.735,18.399,0.00,0.00,0.00,0.00,0.00,0.00,0.00,0.00,0.00,0.00,0.00,0.00,0.00,0.00,0.00,0.00,0.00
20650,DL:0.1.0:AT.1.0.0,2022-3-4 8:33:25,31.25,0.00,0.00,17.371,1.027,-5.636,11.735,18.398,0.00,0.00,0.00,0.00,0.00,0.00,0.00,0.00,0.00,0.00,0.00,0.00,0.00,0.00,0.00,0.00,0.00
20650,DL:0.1.0:AT.1.0.0,2022-3-4 8:33:30,31.25,0.00,0.00,17.425,0.971,-5.690,11.735,18.396,0.00,0.00,0.00,0.00,0.00,0.00,0.00,0.00,0.00,0.00,0.00,0.00,0.00,0.00,0.00,0.00,0.00
20650,DL:0.1.0:AT.1.0.0,2022-3-4 8:33:37,31.25,0.00,0.00,17.394,0.997,-5.656,11.738,18.391,0.00,0.00,0.00,0.00,0.00,0.00,0.00,0.00,0.00,0.00,0.00,0.00,0.00,0.00,0.00,0.00,0.00
20650,DL:0.1.0:AT.1.0.0,2022-3-4 8:33:42,31.25,0.00,0.00,17.385,1.005,-5.648,11.738,18.390,0.00,0.00,0.00,0.00,0.00,0.00,0.00,0.00,0.00,0.00,0.00,0.00,0.00,0.00,0.00,0.00,0.00
20650,DL:0.1.0:AT.1.0.0,2022-3-4 8:33:48,31.25,0.00,0.00,17.362,1.026,-5.626,11.736,18.389,0.00,0.00,0.00,0.00,0.00,0.00,0.00,0.00,0.00,0.00,0.00,0.00,0.00,0.00,0.00,0.00,0.00
20650,DL:0.1.0:AT.1.0.0,2022-3-4 8:33:54,31.25,0.00,0.00,17.397,0.991,-5.660,11.738,18.389,0.00,0.00,0.00,0.00,0.00,0.00,0.00,0.00,0.00,0.00,0.00,0.00,0.00,0.00,0.00,0.00,0.00
20650,DL:0.1.0:AT.1.0.0,2022-3-4 8:33:59,31.25,0.00,0.00,17.396,0.991,-5.658,11.738,18.387,0.00,0.00,0.00,0.00,0.00,0.00,0.00,0.00,0.00,0.00,0.00,0.00,0.00,0.00,0.00,0.00,0.00
20650,DL:0.1.0:AT.1.0.0,2022-3-4 8:34:5,31.25,0.00,0.00,17.433,0.952,-5.696,11.738,18.385,0.00,0.00,0.00,0.00,0.00,0.00,0.00,0.00,0.00,0.00,0.00,0.00,0.00,0.00,0.00,0.00,0.00
20650,DL:0.1.0:AT.1.0.0,2022-3-4 8:34:10,31.25,0.00,0.00,17.394,0.988,-5.655,11.739,18.381,0.00,0.00,0.00,0.00,0.00,0.00,0.00,0.00,0.00,0.00,0.00,0.00,0.00,0.00,0.00,0.00,0.00
20650,DL:0.1.0:AT.1.0.0,2022-3-4 8:34:17,31.25,0.00,0.00,17.422,0.956,-5.684,11.739,18.379,0.00,0.00,0.00,0.00,0.00,0.00,0.00,0.00,0.00,0.00,0.00,0.00,0.00,0.00,0.00,0.00,0.00
20650,DL:0.1.0:AT.1.0.0,2022-3-4 8:34:22,31.25,0.00,0.00,17.385,0.991,-5.646,11.739,18.377,0.00,0.00,0.00,0.00,0.00,0.00,0.00,0.00,0.00,0.00,0.00,0.00,0.00,0.00,0.00,0.00,0.00
20650,DL:0.1.0:AT.1.0.0,2022-3-4 8:34:29,31.25,0.00,0.00,17.392,0.982,-5.654,11.739,18.374,0.00,0.00,0.00,0.00,0.00,0.00,0.00,0.00,0.00,0.00,0.00,0.00,0.00,0.00,0.00,0.00,0.00
20650,DL:0.1.0:AT.1.0.0,2022-3-4 8:34:35,31.25,0.00,0.00,17.384,0.985,-5.644,11.740,18.369,0.00,0.00,0.00,0.00,0.00,0.00,0.00,0.00,0.00,0.00,0.00,0.00,0.00,0.00,0.00,0.00,0.00
20650,DL:0.1.0:AT.1.0.0,2022-3-4 8:34:42,31.25,0.00,0.00,17.382,0.985,-5.643,11.739,18.367,0.00,0.00,0.00,0.00,0.00,0.00,0.00,0.00,0.00,0.00,0.00,0.00,0.00,0.00,0.00,0.00,0.00
20650,DL:0.1.0:AT.1.0.0,2022-3-4 8:34:50,31.25,0.00,0.00,17.396,0.969,-5.657,11.739,18.365,0.00,0.00,0.00,0.00,0.00,0.00,0.00,0.00,0.00,0.00,0.00,0.00,0.00,0.00,0.00,0.00,0.00
20650,DL:0.1.0:AT.1.0.0,2022-3-4 8:34:55,31.25,0.00,0.00,17.377,0.987,-5.637,11.740,18.363,0.00,0.00,0.00,0.00,0.00,0.00,0.00,0.00,0.00,0.00,0.00,0.00,0.00,0.00,0.00,0.00,0.00
20650,DL:0.1.0:AT.1.0.0,2022-3-4 8:35:3,31.25,0.00,0.00,17.359,1.001,-5.619,11.740,18.360,0.00,0.00,0.00,0.00,0.00,0.00,0.00,0.00,0.00,0.00,0.00,0.00,0.00,0.00,0.00,0.00,0.00
20650,DL:0.1.0:AT.1.0.0,2022-3-4 8:35:8,31.25,0.00,0.00,17.378,0.981,-5.638,11.740,18.359,0.00,0.00,0.00,0.00,0.00,0.00,0.00,0.00,0.00,0.00,0.00,0.00,0.00,0.00,0.00,0.00,0.00
20650,DL:0.1.0:AT.1.0.0,2022-3-4 8:35:13,31.25,0.00,0.00,17.364,0.995,-5.622,11.741,18.359,0.00,0.00,0.00,0.00,0.00,0.00,0.00,0.00,0.00,0.00,0.00,0.00,0.00,0.00,0.00,0.00,0.00
20650,DL:0.1.0:AT.1.0.0,2022-3-4 8:35:18,31.25,0.00,0.00,17.380,0.977,-5.640,11.740,18.357,0.00,0.00,0.00,0.00,0.00,0.00,0.00,0.00,0.00,0.00,0.00,0.00,0.00,0.00,0.00,0.00,0.00
20650,DL:0.1.0:AT.1.0.0,2022-3-4 8:35:23,31.25,0.00,0.00,17.400,0.955,-5.658,11.741,18.355,0.00,0.00,0.00,0.00,0.00,0.00,0.00,0.00,0.00,0.00,0.00,0.00,0.00,0.00,0.00,0.00,0.00
20650,DL:0.1.0:AT.1.0.0,2022-3-4 8:35:29,31.25,0.00,0.00,17.383,0.970,-5.640,11.742,18.353,0.00,0.00,0.00,0.00,0.00,0.00,0.00,0.00,0.00,0.00,0.00,0.00,0.00,0.00,0.00,0.00,0.00
20650,DL:0.1.0:AT.1.0.0,2022-3-4 8:35:37,31.25,0.00,0.00,17.413,0.935,-5.671,11.742,18.348,0.00,0.00,0.00,0.00,0.00,0.00,0.00,0.00,0.00,0.00,0.00,0.00,0.00,0.00,0.00,0.00,0.00
20650,DL:0.1.0:AT.1.0.0,2022-3-4 8:35:42,31.25,0.00,0.00,17.374,0.973,-5.632,11.742,18.348,0.00,0.00,0.00,0.00,0.00,0.00,0.00,0.00,0.00,0.00,0.00,0.00,0.00,0.00,0.00,0.00,0.00
20650,DL:0.1.0:AT.1.0.0,2022-3-4 8:35:48,31.25,0.00,0.00,17.374,0.971,-5.632,11.742,18.345,0.00,0.00,0.00,0.00,0.00,0.00,0.00,0.00,0.00,0.00,0.00,0.00,0.00,0.00,0.00,0.00,0.00
20650,DL:0.1.0:AT.1.0.0,2022-3-4 8:35:54,31.25,0.00,0.00,17.386,0.957,-5.644,11.742,18.343,0.00,0.00,0.00,0.00,0.00,0.00,0.00,0.00,0.00,0.00,0.00,0.00,0.00,0.00,0.00,0.00,0.00
20650,DL:0.1.0:AT.1.0.0,2022-3-4 8:36:1,31.25,0.00,0.00,17.389,0.952,-5.645,11.744,18.341,0.00,0.00,0.00,0.00,0.00,0.00,0.00,0.00,0.00,0.00,0.00,0.00,0.00,0.00,0.00,0.00,0.00
20650,DL:0.1.0:AT.1.0.0,2022-3-4 8:36:8,31.25,0.00,0.00,17.400,0.938,-5.656,11.744,18.338,0.00,0.00,0.00,0.00,0.00,0.00,0.00,0.00,0.00,0.00,0.00,0.00,0.00,0.00,0.00,0.00,0.00
20650,DL:0.1.0:AT.1.0.0,2022-3-4 8:36:13,31.25,0.00,0.00,17.377,0.959,-5.632,11.745,18.336,0.00,0.00,0.00,0.00,0.00,0.00,0.00,0.00,0.00,0.00,0.00,0.00,0.00,0.00,0.00,0.00,0.00
20650,DL:0.1.0:AT.1.0.0,2022-3-4 8:36:23,31.50,0.00,0.00,17.407,0.923,-5.662,11.745,18.330,0.00,0.00,0.00,0.00,0.00,0.00,0.00,0.00,0.00,0.00,0.00,0.00,0.00,0.00,0.00,0.00,0.00
20650,DL:0.1.0:AT.1.0.0,2022-3-4 8:36:28,31.50,0.00,0.00,17.396,0.932,-5.651,11.745,18.329,0.00,0.00,0.00,0.00,0.00,0.00,0.00,0.00,0.00,0.00,0.00,0.00,0.00,0.00,0.00,0.00,0.00
20650,DL:0.1.0:AT.1.0.0,2022-3-4 8:36:35,31.50,0.00,0.00,17.380,0.946,-5.634,11.746,18.326,0.00,0.00,0.00,0.00,0.00,0.00,0.00,0.00,0.00,0.00,0.00,0.00,0.00,0.00,0.00,0.00,0.00
20650,DL:0.1.0:AT.1.0.0,2022-3-4 8:36:42,31.50,0.00,0.00,17.388,0.940,-5.642,11.746,18.327,0.00,0.00,0.00,0.00,0.00,0.00,0.00,0.00,0.00,0.00,0.00,0.00,0.00,0.00,0.00,0.00,0.00
20650,DL:0.1.0:AT.1.0.0,2022-3-4 8:36:54,31.50,0.00,0.00,17.390,0.932,-5.644,11.746,18.323,0.00,0.00,0.00,0.00,0.00,0.00,0.00,0.00,0.00,0.00,0.00,0.00,0.00,0.00,0.00,0.00,0.00
20650,DL:0.1.0:AT.1.0.0,2022-3-4 8:37:2,31.50,0.00,0.00,17.426,0.894,-5.680,11.746,18.320,0.00,0.00,0.00,0.00,0.00,0.00,0.00,0.00,0.00,0.00,0.00,0.00,0.00,0.00,0.00,0.00,0.00
20650,DL:0.1.0:AT.1.0.0,2022-3-4 8:37:12,31.50,0.00,0.00,17.400,0.917,-5.652,11.747,18.317,0.00,0.00,0.00,0.00,0.00,0.00,0.00,0.00,0.00,0.00,0.00,0.00,0.00,0.00,0.00,0.00,0.00
20650,DL:0.1.0:AT.1.0.0,2022-3-4 8:37:20,31.50,0.00,0.00,17.395,0.918,-5.648,11.747,18.313,0.00,0.00,0.00,0.00,0.00,0.00,0.00,0.00,0.00,0.00,0.00,0.00,0.00,0.00,0.00,0.00,0.00
20650,DL:0.1.0:AT.1.0.0,2022-3-4 8:37:25,31.50,0.00,0.00,17.383,0.929,-5.636,11.747,18.312,0.00,0.00,0.00,0.00,0.00,0.00,0.00,0.00,0.00,0.00,0.00,0.00,0.00,0.00,0.00,0.00,0.00
20650,DL:0.1.0:AT.1.0.0,2022-3-4 8:37:30,31.50,0.00,0.00,17.377,0.934,-5.630,11.747,18.311,0.00,0.00,0.00,0.00,0.00,0.00,0.00,0.00,0.00,0.00,0.00,0.00,0.00,0.00,0.00,0.00,0.00
20650,DL:0.1.0:AT.1.0.0,2022-3-4 8:37:37,31.50,0.00,0.00,17.402,0.906,-5.655,11.747,18.308,0.00,0.00,0.00,0.00,0.00,0.00,0.00,0.00,0.00,0.00,0.00,0.00,0.00,0.00,0.00,0.00,0.00
20650,DL:0.1.0:AT.1.0.0,2022-3-4 8:37:42,31.50,0.00,0.00,17.382,0.924,-5.633,11.748,18.306,0.00,0.00,0.00,0.00,0.00,0.00,0.00,0.00,0.00,0.00,0.00,0.00,0.00,0.00,0.00,0.00,0.00
20650,DL:0.1.0:AT.1.0.0,2022-3-4 8:37:47,31.50,0.00,0.00,17.377,0.929,-5.627,11.750,18.306,0.00,0.00,0.00,0.00,0.00,0.00,0.00,0.00,0.00,0.00,0.00,0.00,0.00,0.00,0.00,0.00,0.00
20650,DL:0.1.0:AT.1.0.0,2022-3-4 8:37:55,31.50,0.00,0.00,17.367,0.934,-5.618,11.750,18.301,0.00,0.00,0.00,0.00,0.00,0.00,0.00,0.00,0.00,0.00,0.00,0.00,0.00,0.00,0.00,0.00,0.00
20650,DL:0.1.0:AT.1.0.0,2022-3-4 8:38:0,31.50,0.00,0.00,17.376,0.925,-5.626,11.750,18.301,0.00,0.00,0.00,0.00,0.00,0.00,0.00,0.00,0.00,0.00,0.00,0.00,0.00,0.00,0.00,0.00,0.00
20650,DL:0.1.0:AT.1.0.0,2022-3-4 8:38:5,31.50,0.00,0.00,17.364,0.936,-5.613,11.751,18.300,0.00,0.00,0.00,0.00,0.00,0.00,0.00,0.00,0.00,0.00,0.00,0.00,0.00,0.00,0.00,0.00,0.00
20650,DL:0.1.0:AT.1.0.0,2022-3-4 8:38:10,31.50,0.00,0.00,17.354,0.944,-5.604,11.750,18.298,0.00,0.00,0.00,0.00,0.00,0.00,0.00,0.00,0.00,0.00,0.00,0.00,0.00,0.00,0.00,0.00,0.00
20650,DL:0.1.0:AT.1.0.0,2022-3-4 8:38:15,31.50,0.00,0.00,17.368,0.931,-5.618,11.751,18.300,0.00,0.00,0.00,0.00,0.00,0.00,0.00,0.00,0.00,0.00,0.00,0.00,0.00,0.00,0.00,0.00,0.00
20650,DL:0.1.0:AT.1.0.0,2022-3-4 8:38:23,31.50,0.00,0.00,17.382,0.914,-5.631,11.751,18.296,0.00,0.00,0.00,0.00,0.00,0.00,0.00,0.00,0.00,0.00,0.00,0.00,0.00,0.00,0.00,0.00,0.00
20650,DL:0.1.0:AT.1.0.0,2022-3-4 8:38:28,31.50,0.00,0.00,17.372,0.924,-5.621,11.751,18.296,0.00,0.00,0.00,0.00,0.00,0.00,0.00,0.00,0.00,0.00,0.00,0.00,0.00,0.00,0.00,0.00,0.00
20650,DL:0.1.0:AT.1.0.0,2022-3-4 8:38:35,31.50,0.00,0.00,17.367,0.926,-5.615,11.752,18.294,0.00,0.00,0.00,0.00,0.00,0.00,0.00,0.00,0.00,0.00,0.00,0.00,0.00,0.00,0.00,0.00,0.00
20650,DL:0.1.0:AT.1.0.0,2022-3-4 8:38:42,31.50,0.00,0.00,17.368,0.924,-5.616,11.752,18.292,0.00,0.00,0.00,0.00,0.00,0.00,0.00,0.00,0.00,0.00,0.00,0.00,0.00,0.00,0.00,0.00,0.00
20650,DL:0.1.0:AT.1.0.0,2022-3-4 8:38:49,31.50,0.00,0.00,17.396,0.894,-5.643,11.753,18.290,0.00,0.00,0.00,0.00,0.00,0.00,0.00,0.00,0.00,0.00,0.00,0.00,0.00,0.00,0.00,0.00,0.00
20650,DL:0.1.0:AT.1.0.0,2022-3-4 8:38:56,31.50,0.00,0.00,17.355,0.932,-5.602,11.753,18.288,0.00,0.00,0.00,0.00,0.00,0.00,0.00,0.00,0.00,0.00,0.00,0.00,0.00,0.00,0.00,0.00,0.00
20650,DL:0.1.0:AT.1.0.0,2022-3-4 8:39:1,31.50,0.00,0.00,17.367,0.919,-5.615,11.752,18.286,0.00,0.00,0.00,0.00,0.00,0.00,0.00,0.00,0.00,0.00,0.00,0.00,0.00,0.00,0.00,0.00,0.00
20650,DL:0.1.0:AT.1.0.0,2022-3-4 8:39:6,31.50,0.00,0.00,17.370,0.916,-5.616,11.753,18.285,0.00,0.00,0.00,0.00,0.00,0.00,0.00,0.00,0.00,0.00,0.00,0.00,0.00,0.00,0.00,0.00,0.00
20650,DL:0.1.0:AT.1.0.0,2022-3-4 8:39:11,31.50,0.00,0.00,17.361,0.922,-5.609,11.752,18.283,0.00,0.00,0.00,0.00,0.00,0.00,0.00,0.00,0.00,0.00,0.00,0.00,0.00,0.00,0.00,0.00,0.00
20650,DL:0.1.0:AT.1.0.0,2022-3-4 8:39:16,31.50,0.00,0.00,17.372,0.911,-5.619,11.753,18.283,0.00,0.00,0.00,0.00,0.00,0.00,0.00,0.00,0.00,0.00,0.00,0.00,0.00,0.00,0.00,0.00,0.00
20650,DL:0.1.0:AT.1.0.0,2022-3-4 8:39:21,31.50,0.00,0.00,17.383,0.898,-5.630,11.753,18.280,0.00,0.00,0.00,0.00,0.00,0.00,0.00,0.00,0.00,0.00,0.00,0.00,0.00,0.00,0.00,0.00,0.00
20650,DL:0.1.0:AT.1.0.0,2022-3-4 8:39:28,31.50,0.00,0.00,17.383,0.895,-5.628,11.754,18.278,0.00,0.00,0.00,0.00,0.00,0.00,0.00,0.00,0.00,0.00,0.00,0.00,0.00,0.00,0.00,0.00,0.00
20650,DL:0.1.0:AT.1.0.0,2022-3-4 8:39:33,31.50,0.00,0.00,17.371,0.907,-5.618,11.753,18.278,0.00,0.00,0.00,0.00,0.00,0.00,0.00,0.00,0.00,0.00,0.00,0.00,0.00,0.00,0.00,0.00,0.00
20650,DL:0.1.0:AT.1.0.0,2022-3-4 8:39:38,31.50,0.00,0.00,17.379,0.898,-5.626,11.753,18.277,0.00,0.00,0.00,0.00,0.00,0.00,0.00,0.00,0.00,0.00,0.00,0.00,0.00,0.00,0.00,0.00,0.00
20650,DL:0.1.0:AT.1.0.0,2022-3-4 8:39:44,31.50,0.00,0.00,17.356,0.918,-5.603,11.753,18.274,0.00,0.00,0.00,0.00,0.00,0.00,0.00,0.00,0.00,0.00,0.00,0.00,0.00,0.00,0.00,0.00,0.00
20650,DL:0.1.0:AT.1.0.0,2022-3-4 8:39:49,31.50,0.00,0.00,17.368,0.906,-5.615,11.753,18.274,0.00,0.00,0.00,0.00,0.00,0.00,0.00,0.00,0.00,0.00,0.00,0.00,0.00,0.00,0.00,0.00,0.00
20650,DL:0.1.0:AT.1.0.0,2022-3-4 8:39:54,31.50,0.00,0.00,17.380,0.892,-5.626,11.754,18.272,0.00,0.00,0.00,0.00,0.00,0.00,0.00,0.00,0.00,0.00,0.00,0.00,0.00,0.00,0.00,0.00,0.00
20650,DL:0.1.0:AT.1.0.0,2022-3-4 8:40:1,31.50,0.00,0.00,17.394,0.877,-5.639,11.754,18.271,0.00,0.00,0.00,0.00,0.00,0.00,0.00,0.00,0.00,0.00,0.00,0.00,0.00,0.00,0.00,0.00,0.00
20650,DL:0.1.0:AT.1.0.0,2022-3-4 8:40:8,31.50,0.00,0.00,17.388,0.886,-5.632,11.756,18.273,0.00,0.00,0.00,0.00,0.00,0.00,0.00,0.00,0.00,0.00,0.00,0.00,0.00,0.00,0.00,0.00,0.00
20650,DL:0.1.0:AT.1.0.0,2022-3-4 8:40:14,31.50,0.00,0.00,17.414,0.858,-5.657,11.757,18.272,0.00,0.00,0.00,0.00,0.00,0.00,0.00,0.00,0.00,0.00,0.00,0.00,0.00,0.00,0.00,0.00,0.00
20650,DL:0.1.0:AT.1.0.0,2022-3-4 8:40:21,31.50,0.00,0.00,17.425,0.845,-5.668,11.757,18.270,0.00,0.00,0.00,0.00,0.00,0.00,0.00,0.00,0.00,0.00,0.00,0.00,0.00,0.00,0.00,0.00,0.00
20650,DL:0.1.0:AT.1.0.0,2022-3-4 8:40:29,31.50,0.00,0.00,17.394,0.874,-5.637,11.757,18.267,0.00,0.00,0.00,0.00,0.00,0.00,0.00,0.00,0.00,0.00,0.00,0.00,0.00,0.00,0.00,0.00,0.00
20650,DL:0.1.0:AT.1.0.0,2022-3-4 8:40:35,31.50,0.00,0.00,17.388,0.878,-5.631,11.757,18.266,0.00,0.00,0.00,0.00,0.00,0.00,0.00,0.00,0.00,0.00,0.00,0.00,0.00,0.00,0.00,0.00,0.00
20650,DL:0.1.0:AT.1.0.0,2022-3-4 8:40:40,31.50,0.00,0.00,17.392,0.872,-5.633,11.759,18.265,0.00,0.00,0.00,0.00,0.00,0.00,0.00,0.00,0.00,0.00,0.00,0.00,0.00,0.00,0.00,0.00,0.00
20650,DL:0.1.0:AT.1.0.0,2022-3-4 8:40:45,31.50,0.00,0.00,17.400,0.863,-5.640,11.759,18.262,0.00,0.00,0.00,0.00,0.00,0.00,0.00,0.00,0.00,0.00,0.00,0.00,0.00,0.00,0.00,0.00,0.00
20650,DL:0.1.0:AT.1.0.0,2022-3-4 8:40:52,31.50,0.00,0.00,17.391,0.870,-5.633,11.758,18.261,0.00,0.00,0.00,0.00,0.00,0.00,0.00,0.00,0.00,0.00,0.00,0.00,0.00,0.00,0.00,0.00,0.00
20650,DL:0.1.0:AT.1.0.0,2022-3-4 8:40:59,31.50,0.00,0.00,17.422,0.838,-5.663,11.759,18.260,0.00,0.00,0.00,0.00,0.00,0.00,0.00,0.00,0.00,0.00,0.00,0.00,0.00,0.00,0.00,0.00,0.00
20650,DL:0.1.0:AT.1.0.0,2022-3-4 8:41:6,31.50,0.00,0.00,17.407,0.852,-5.646,11.760,18.259,0.00,0.00,0.00,0.00,0.00,0.00,0.00,0.00,0.00,0.00,0.00,0.00,0.00,0.00,0.00,0.00,0.00
20650,DL:0.1.0:AT.1.0.0,2022-3-4 8:41:13,31.50,0.00,0.00,17.397,0.860,-5.637,11.760,18.258,0.00,0.00,0.00,0.00,0.00,0.00,0.00,0.00,0.00,0.00,0.00,0.00,0.00,0.00,0.00,0.00,0.00
20650,DL:0.1.0:AT.1.0.0,2022-3-4 8:41:18,31.50,0.00,0.00,17.397,0.859,-5.638,11.759,18.256,0.00,0.00,0.00,0.00,0.00,0.00,0.00,0.00,0.00,0.00,0.00,0.00,0.00,0.00,0.00,0.00,0.00
20650,DL:0.1.0:AT.1.0.0,2022-3-4 8:41:23,31.50,0.00,0.00,17.395,0.862,-5.636,11.759,18.256,0.00,0.00,0.00,0.00,0.00,0.00,0.00,0.00,0.00,0.00,0.00,0.00,0.00,0.00,0.00,0.00,0.00
20650,DL:0.1.0:AT.1.0.0,2022-3-4 8:41:30,31.50,0.00,0.00,17.429,0.826,-5.669,11.759,18.254,0.00,0.00,0.00,0.00,0.00,0.00,0.00,0.00,0.00,0.00,0.00,0.00,0.00,0.00,0.00,0.00,0.00
20650,DL:0.1.0:AT.1.0.0,2022-3-4 8:41:36,31.50,0.00,0.00,17.431,0.823,-5.671,11.760,18.254,0.00,0.00,0.00,0.00,0.00,0.00,0.00,0.00,0.00,0.00,0.00,0.00,0.00,0.00,0.00,0.00,0.00
20650,DL:0.1.0:AT.1.0.0,2022-3-4 8:41:43,31.50,0.00,0.00,17.416,0.836,-5.656,11.760,18.253,0.00,0.00,0.00,0.00,0.00,0.00,0.00,0.00,0.00,0.00,0.00,0.00,0.00,0.00,0.00,0.00,0.00
20650,DL:0.1.0:AT.1.0.0,2022-3-4 8:41:50,31.50,0.00,0.00,17.407,0.845,-5.646,11.760,18.252,0.00,0.00,0.00,0.00,0.00,0.00,0.00,0.00,0.00,0.00,0.00,0.00,0.00,0.00,0.00,0.00,0.00
20650,DL:0.1.0:AT.1.0.0,2022-3-4 8:41:55,31.50,0.00,0.00,17.395,0.857,-5.634,11.760,18.252,0.00,0.00,0.00,0.00,0.00,0.00,0.00,0.00,0.00,0.00,0.00,0.00,0.00,0.00,0.00,0.00,0.00
20650,DL:0.1.0:AT.1.0.0,2022-3-4 8:42:0,31.50,0.00,0.00,17.388,0.864,-5.627,11.760,18.252,0.00,0.00,0.00,0.00,0.00,0.00,0.00,0.00,0.00,0.00,0.00,0.00,0.00,0.00,0.00,0.00,0.00
20650,DL:0.1.0:AT.1.0.0,2022-3-4 8:42:5,31.50,0.00,0.00,17.415,0.835,-5.655,11.760,18.250,0.00,0.00,0.00,0.00,0.00,0.00,0.00,0.00,0.00,0.00,0.00,0.00,0.00,0.00,0.00,0.00,0.00
20650,DL:0.1.0:AT.1.0.0,2022-3-4 8:42:10,31.50,0.00,0.00,17.383,0.868,-5.622,11.760,18.250,0.00,0.00,0.00,0.00,0.00,0.00,0.00,0.00,0.00,0.00,0.00,0.00,0.00,0.00,0.00,0.00,0.00
20650,DL:0.1.0:AT.1.0.0,2022-3-4 8:42:17,31.50,0.00,0.00,17.400,0.856,-5.639,11.760,18.255,0.00,0.00,0.00,0.00,0.00,0.00,0.00,0.00,0.00,0.00,0.00,0.00,0.00,0.00,0.00,0.00,0.00
20650,DL:0.1.0:AT.1.0.0,2022-3-4 8:42:24,31.50,0.00,0.00,17.404,0.850,-5.644,11.760,18.254,0.00,0.00,0.00,0.00,0.00,0.00,0.00,0.00,0.00,0.00,0.00,0.00,0.00,0.00,0.00,0.00,0.00
20650,DL:0.1.0:AT.1.0.0,2022-3-4 8:42:31,31.50,0.00,0.00,17.416,0.836,-5.656,11.760,18.253,0.00,0.00,0.00,0.00,0.00,0.00,0.00,0.00,0.00,0.00,0.00,0.00,0.00,0.00,0.00,0.00,0.00
20650,DL:0.1.0:AT.1.0.0,2022-3-4 8:42:38,31.50,0.00,0.00,17.383,0.870,-5.621,11.762,18.253,0.00,0.00,0.00,0.00,0.00,0.00,0.00,0.00,0.00,0.00,0.00,0.00,0.00,0.00,0.00,0.00,0.00
20650,DL:0.1.0:AT.1.0.0,2022-3-4 8:42:43,31.75,0.00,0.00,17.372,0.880,-5.610,11.762,18.252,0.00,0.00,0.00,0.00,0.00,0.00,0.00,0.00,0.00,0.00,0.00,0.00,0.00,0.00,0.00,0.00,0.00
20650,DL:0.1.0:AT.1.0.0,2022-3-4 8:42:48,31.75,0.00,0.00,17.413,0.838,-5.651,11.762,18.250,0.00,0.00,0.00,0.00,0.00,0.00,0.00,0.00,0.00,0.00,0.00,0.00,0.00,0.00,0.00,0.00,0.00
20650,DL:0.1.0:AT.1.0.0,2022-3-4 8:42:55,31.75,0.00,0.00,17.416,0.834,-5.654,11.763,18.250,0.00,0.00,0.00,0.00,0.00,0.00,0.00,0.00,0.00,0.00,0.00,0.00,0.00,0.00,0.00,0.00,0.00
20650,DL:0.1.0:AT.1.0.0,2022-3-4 8:43:2,31.75,0.00,0.00,17.378,0.871,-5.615,11.763,18.249,0.00,0.00,0.00,0.00,0.00,0.00,0.00,0.00,0.00,0.00,0.00,0.00,0.00,0.00,0.00,0.00,0.00
20650,DL:0.1.0:AT.1.0.0,2022-3-4 8:43:8,31.75,0.00,0.00,17.383,0.865,-5.619,11.764,18.248,0.00,0.00,0.00,0.00,0.00,0.00,0.00,0.00,0.00,0.00,0.00,0.00,0.00,0.00,0.00,0.00,0.00
20650,DL:0.1.0:AT.1.0.0,2022-3-4 8:43:13,31.75,0.00,0.00,17.388,0.862,-5.624,11.764,18.249,0.00,0.00,0.00,0.00,0.00,0.00,0.00,0.00,0.00,0.00,0.00,0.00,0.00,0.00,0.00,0.00,0.00
20650,DL:0.1.0:AT.1.0.0,2022-3-4 8:43:18,31.75,0.00,0.00,17.364,0.884,-5.600,11.764,18.248,0.00,0.00,0.00,0.00,0.00,0.00,0.00,0.00,0.00,0.00,0.00,0.00,0.00,0.00,0.00,0.00,0.00
20650,DL:0.1.0:AT.1.0.0,2022-3-4 8:43:24,31.75,0.00,0.00,17.384,0.863,-5.620,11.764,18.247,0.00,0.00,0.00,0.00,0.00,0.00,0.00,0.00,0.00,0.00,0.00,0.00,0.00,0.00,0.00,0.00,0.00
20650,DL:0.1.0:AT.1.0.0,2022-3-4 8:43:33,31.75,0.00,0.00,17.407,0.839,-5.640,11.766,18.246,0.00,0.00,0.00,0.00,0.00,0.00,0.00,0.00,0.00,0.00,0.00,0.00,0.00,0.00,0.00,0.00,0.00
20650,DL:0.1.0:AT.1.0.0,2022-3-4 8:43:38,31.75,0.00,0.00,17.386,0.858,-5.621,11.765,18.244,0.00,0.00,0.00,0.00,0.00,0.00,0.00,0.00,0.00,0.00,0.00,0.00,0.00,0.00,0.00,0.00,0.00
20650,DL:0.1.0:AT.1.0.0,2022-3-4 8:43:43,31.75,0.00,0.00,17.408,0.836,-5.643,11.765,18.244,0.00,0.00,0.00,0.00,0.00,0.00,0.00,0.00,0.00,0.00,0.00,0.00,0.00,0.00,0.00,0.00,0.00
20650,DL:0.1.0:AT.1.0.0,2022-3-4 8:43:50,31.75,0.00,0.00,17.383,0.860,-5.618,11.765,18.243,0.00,0.00,0.00,0.00,0.00,0.00,0.00,0.00,0.00,0.00,0.00,0.00,0.00,0.00,0.00,0.00,0.00
20650,DL:0.1.0:AT.1.0.0,2022-3-4 8:43:55,31.75,0.00,0.00,17.367,0.876,-5.602,11.765,18.243,0.00,0.00,0.00,0.00,0.00,0.00,0.00,0.00,0.00,0.00,0.00,0.00,0.00,0.00,0.00,0.00,0.00
20650,DL:0.1.0:AT.1.0.0,2022-3-4 8:44:4,31.75,0.00,0.00,17.412,0.830,-5.645,11.766,18.242,0.00,0.00,0.00,0.00,0.00,0.00,0.00,0.00,0.00,0.00,0.00,0.00,0.00,0.00,0.00,0.00,0.00
20650,DL:0.1.0:AT.1.0.0,2022-3-4 8:44:10,31.75,0.00,0.00,17.420,0.821,-5.655,11.765,18.241,0.00,0.00,0.00,0.00,0.00,0.00,0.00,0.00,0.00,0.00,0.00,0.00,0.00,0.00,0.00,0.00,0.00
20650,DL:0.1.0:AT.1.0.0,2022-3-4 8:44:15,31.75,0.00,0.00,17.424,0.817,-5.658,11.765,18.241,0.00,0.00,0.00,0.00,0.00,0.00,0.00,0.00,0.00,0.00,0.00,0.00,0.00,0.00,0.00,0.00,0.00
20650,DL:0.1.0:AT.1.0.0,2022-3-4 8:44:20,31.75,0.00,0.00,17.438,0.801,-5.673,11.765,18.240,0.00,0.00,0.00,0.00,0.00,0.00,0.00,0.00,0.00,0.00,0.00,0.00,0.00,0.00,0.00,0.00,0.00
20650,DL:0.1.0:AT.1.0.0,2022-3-4 8:44:27,31.75,0.00,0.00,17.433,0.806,-5.668,11.765,18.240,0.00,0.00,0.00,0.00,0.00,0.00,0.00,0.00,0.00,0.00,0.00,0.00,0.00,0.00,0.00,0.00,0.00
20650,DL:0.1.0:AT.1.0.0,2022-3-4 8:44:35,31.75,0.00,0.00,17.413,0.826,-5.646,11.766,18.238,0.00,0.00,0.00,0.00,0.00,0.00,0.00,0.00,0.00,0.00,0.00,0.00,0.00,0.00,0.00,0.00,0.00
20650,DL:0.1.0:AT.1.0.0,2022-3-4 8:44:41,31.75,0.00,0.00,17.444,0.792,-5.678,11.766,18.236,0.00,0.00,0.00,0.00,0.00,0.00,0.00,0.00,0.00,0.00,0.00,0.00,0.00,0.00,0.00,0.00,0.00
20650,DL:0.1.0:AT.1.0.0,2022-3-4 8:44:48,31.75,0.00,0.00,17.426,0.809,-5.661,11.765,18.235,0.00,0.00,0.00,0.00,0.00,0.00,0.00,0.00,0.00,0.00,0.00,0.00,0.00,0.00,0.00,0.00,0.00
20650,DL:0.1.0:AT.1.0.0,2022-3-4 8:44:55,31.75,0.00,0.00,17.392,0.842,-5.626,11.766,18.235,0.00,0.00,0.00,0.00,0.00,0.00,0.00,0.00,0.00,0.00,0.00,0.00,0.00,0.00,0.00,0.00,0.00
20650,DL:0.1.0:AT.1.0.0,2022-3-4 8:45:6,31.75,0.00,0.00,17.418,0.820,-5.652,11.765,18.237,0.00,0.00,0.00,0.00,0.00,0.00,0.00,0.00,0.00,0.00,0.00,0.00,0.00,0.00,0.00,0.00,0.00
20650,DL:0.1.0:AT.1.0.0,2022-3-4 8:45:12,31.75,0.00,0.00,17.430,0.806,-5.662,11.768,18.236,0.00,0.00,0.00,0.00,0.00,0.00,0.00,0.00,0.00,0.00,0.00,0.00,0.00,0.00,0.00,0.00,0.00
20650,DL:0.1.0:AT.1.0.0,2022-3-4 8:45:19,31.75,0.00,0.00,17.412,0.824,-5.643,11.769,18.236,0.00,0.00,0.00,0.00,0.00,0.00,0.00,0.00,0.00,0.00,0.00,0.00,0.00,0.00,0.00,0.00,0.00
20650,DL:0.1.0:AT.1.0.0,2022-3-4 8:45:25,31.75,0.00,0.00,17.389,0.846,-5.620,11.769,18.235,0.00,0.00,0.00,0.00,0.00,0.00,0.00,0.00,0.00,0.00,0.00,0.00,0.00,0.00,0.00,0.00,0.00
20650,DL:0.1.0:AT.1.0.0,2022-3-4 8:45:33,31.75,0.00,0.00,17.413,0.821,-5.644,11.769,18.234,0.00,0.00,0.00,0.00,0.00,0.00,0.00,0.00,0.00,0.00,0.00,0.00,0.00,0.00,0.00,0.00,0.00
20650,DL:0.1.0:AT.1.0.0,2022-3-4 8:45:39,31.75,0.00,0.00,17.400,0.834,-5.631,11.769,18.234,0.00,0.00,0.00,0.00,0.00,0.00,0.00,0.00,0.00,0.00,0.00,0.00,0.00,0.00,0.00,0.00,0.00
20650,DL:0.1.0:AT.1.0.0,2022-3-4 8:45:46,31.75,0.00,0.00,17.398,0.834,-5.630,11.769,18.232,0.00,0.00,0.00,0.00,0.00,0.00,0.00,0.00,0.00,0.00,0.00,0.00,0.00,0.00,0.00,0.00,0.00
20650,DL:0.1.0:AT.1.0.0,2022-3-4 8:45:53,31.75,0.00,0.00,17.396,0.834,-5.626,11.770,18.230,0.00,0.00,0.00,0.00,0.00,0.00,0.00,0.00,0.00,0.00,0.00,0.00,0.00,0.00,0.00,0.00,0.00
20650,DL:0.1.0:AT.1.0.0,2022-3-4 8:45:58,31.75,0.00,0.00,17.383,0.846,-5.613,11.770,18.229,0.00,0.00,0.00,0.00,0.00,0.00,0.00,0.00,0.00,0.00,0.00,0.00,0.00,0.00,0.00,0.00,0.00
20650,DL:0.1.0:AT.1.0.0,2022-3-4 8:46:4,31.75,0.00,0.00,17.386,0.842,-5.616,11.770,18.229,0.00,0.00,0.00,0.00,0.00,0.00,0.00,0.00,0.00,0.00,0.00,0.00,0.00,0.00,0.00,0.00,0.00
20650,DL:0.1.0:AT.1.0.0,2022-3-4 8:46:9,31.75,0.00,0.00,17.378,0.850,-5.608,11.770,18.228,0.00,0.00,0.00,0.00,0.00,0.00,0.00,0.00,0.00,0.00,0.00,0.00,0.00,0.00,0.00,0.00,0.00
20650,DL:0.1.0:AT.1.0.0,2022-3-4 8:46:14,31.75,0.00,0.00,17.404,0.823,-5.634,11.770,18.228,0.00,0.00,0.00,0.00,0.00,0.00,0.00,0.00,0.00,0.00,0.00,0.00,0.00,0.00,0.00,0.00,0.00
20650,DL:0.1.0:AT.1.0.0,2022-3-4 8:46:20,31.75,0.00,0.00,17.407,0.820,-5.637,11.770,18.226,0.00,0.00,0.00,0.00,0.00,0.00,0.00,0.00,0.00,0.00,0.00,0.00,0.00,0.00,0.00,0.00,0.00
20650,DL:0.1.0:AT.1.0.0,2022-3-4 8:46:25,31.75,0.00,0.00,17.379,0.846,-5.609,11.770,18.225,0.00,0.00,0.00,0.00,0.00,0.00,0.00,0.00,0.00,0.00,0.00,0.00,0.00,0.00,0.00,0.00,0.00
20650,DL:0.1.0:AT.1.0.0,2022-3-4 8:46:30,31.75,0.00,0.00,17.402,0.823,-5.632,11.770,18.225,0.00,0.00,0.00,0.00,0.00,0.00,0.00,0.00,0.00,0.00,0.00,0.00,0.00,0.00,0.00,0.00,0.00
20650,DL:0.1.0:AT.1.0.0,2022-3-4 8:46:38,31.75,0.00,0.00,17.406,0.817,-5.636,11.770,18.223,0.00,0.00,0.00,0.00,0.00,0.00,0.00,0.00,0.00,0.00,0.00,0.00,0.00,0.00,0.00,0.00,0.00
20650,DL:0.1.0:AT.1.0.0,2022-3-4 8:46:44,31.75,0.00,0.00,17.407,0.816,-5.637,11.770,18.223,0.00,0.00,0.00,0.00,0.00,0.00,0.00,0.00,0.00,0.00,0.00,0.00,0.00,0.00,0.00,0.00,0.00
20650,DL:0.1.0:AT.1.0.0,2022-3-4 8:46:51,31.75,0.00,0.00,17.391,0.830,-5.621,11.770,18.222,0.00,0.00,0.00,0.00,0.00,0.00,0.00,0.00,0.00,0.00,0.00,0.00,0.00,0.00,0.00,0.00,0.00
20650,DL:0.1.0:AT.1.0.0,2022-3-4 8:46:58,31.75,0.00,0.00,17.413,0.807,-5.644,11.769,18.220,0.00,0.00,0.00,0.00,0.00,0.00,0.00,0.00,0.00,0.00,0.00,0.00,0.00,0.00,0.00,0.00,0.00
20650,DL:0.1.0:AT.1.0.0,2022-3-4 8:47:9,31.75,0.00,0.00,17.401,0.818,-5.631,11.770,18.219,0.00,0.00,0.00,0.00,0.00,0.00,0.00,0.00,0.00,0.00,0.00,0.00,0.00,0.00,0.00,0.00,0.00
20650,DL:0.1.0:AT.1.0.0,2022-3-4 8:47:14,31.75,0.00,0.00,17.413,0.805,-5.642,11.771,18.218,0.00,0.00,0.00,0.00,0.00,0.00,0.00,0.00,0.00,0.00,0.00,0.00,0.00,0.00,0.00,0.00,0.00
20650,DL:0.1.0:AT.1.0.0,2022-3-4 8:47:22,31.75,0.00,0.00,17.414,0.803,-5.642,11.772,18.217,0.00,0.00,0.00,0.00,0.00,0.00,0.00,0.00,0.00,0.00,0.00,0.00,0.00,0.00,0.00,0.00,0.00
20650,DL:0.1.0:AT.1.0.0,2022-3-4 8:47:27,31.75,0.00,0.00,17.397,0.818,-5.625,11.772,18.216,0.00,0.00,0.00,0.00,0.00,0.00,0.00,0.00,0.00,0.00,0.00,0.00,0.00,0.00,0.00,0.00,0.00
20650,DL:0.1.0:AT.1.0.0,2022-3-4 8:47:32,31.75,0.00,0.00,17.424,0.792,-5.651,11.772,18.216,0.00,0.00,0.00,0.00,0.00,0.00,0.00,0.00,0.00,0.00,0.00,0.00,0.00,0.00,0.00,0.00,0.00
20650,DL:0.1.0:AT.1.0.0,2022-3-4 8:47:39,31.75,0.00,0.00,17.422,0.793,-5.649,11.774,18.216,0.00,0.00,0.00,0.00,0.00,0.00,0.00,0.00,0.00,0.00,0.00,0.00,0.00,0.00,0.00,0.00,0.00
20650,DL:0.1.0:AT.1.0.0,2022-3-4 8:47:45,31.75,0.00,0.00,17.412,0.807,-5.638,11.774,18.219,0.00,0.00,0.00,0.00,0.00,0.00,0.00,0.00,0.00,0.00,0.00,0.00,0.00,0.00,0.00,0.00,0.00
20650,DL:0.1.0:AT.1.0.0,2022-3-4 8:47:50,31.75,0.00,0.00,17.407,0.812,-5.633,11.774,18.219,0.00,0.00,0.00,0.00,0.00,0.00,0.00,0.00,0.00,0.00,0.00,0.00,0.00,0.00,0.00,0.00,0.00
20650,DL:0.1.0:AT.1.0.0,2022-3-4 8:47:56,31.75,0.00,0.00,17.390,0.828,-5.616,11.774,18.218,0.00,0.00,0.00,0.00,0.00,0.00,0.00,0.00,0.00,0.00,0.00,0.00,0.00,0.00,0.00,0.00,0.00
20650,DL:0.1.0:AT.1.0.0,2022-3-4 8:48:1,31.75,0.00,0.00,17.413,0.804,-5.638,11.775,18.217,0.00,0.00,0.00,0.00,0.00,0.00,0.00,0.00,0.00,0.00,0.00,0.00,0.00,0.00,0.00,0.00,0.00
20650,DL:0.1.0:AT.1.0.0,2022-3-4 8:48:10,31.75,0.00,0.00,17.390,0.824,-5.615,11.775,18.214,0.00,0.00,0.00,0.00,0.00,0.00,0.00,0.00,0.00,0.00,0.00,0.00,0.00,0.00,0.00,0.00,0.00
20650,DL:0.1.0:AT.1.0.0,2022-3-4 8:48:16,31.75,0.00,0.00,17.398,0.815,-5.624,11.775,18.213,0.00,0.00,0.00,0.00,0.00,0.00,0.00,0.00,0.00,0.00,0.00,0.00,0.00,0.00,0.00,0.00,0.00
20650,DL:0.1.0:AT.1.0.0,2022-3-4 8:48:23,31.75,0.00,0.00,17.415,0.798,-5.640,11.775,18.213,0.00,0.00,0.00,0.00,0.00,0.00,0.00,0.00,0.00,0.00,0.00,0.00,0.00,0.00,0.00,0.00,0.00
20650,DL:0.1.0:AT.1.0.0,2022-3-4 8:48:28,31.75,0.00,0.00,17.414,0.798,-5.639,11.775,18.212,0.00,0.00,0.00,0.00,0.00,0.00,0.00,0.00,0.00,0.00,0.00,0.00,0.00,0.00,0.00,0.00,0.00
20650,DL:0.1.0:AT.1.0.0,2022-3-4 8:48:34,31.75,0.00,0.00,17.398,0.814,-5.624,11.775,18.212,0.00,0.00,0.00,0.00,0.00,0.00,0.00,0.00,0.00,0.00,0.00,0.00,0.00,0.00,0.00,0.00,0.00
20650,DL:0.1.0:AT.1.0.0,2022-3-4 8:48:41,31.75,0.00,0.00,17.406,0.804,-5.631,11.775,18.210,0.00,0.00,0.00,0.00,0.00,0.00,0.00,0.00,0.00,0.00,0.00,0.00,0.00,0.00,0.00,0.00,0.00
20650,DL:0.1.0:AT.1.0.0,2022-3-4 8:48:47,31.75,0.00,0.00,17.413,0.797,-5.638,11.775,18.210,0.00,0.00,0.00,0.00,0.00,0.00,0.00,0.00,0.00,0.00,0.00,0.00,0.00,0.00,0.00,0.00,0.00
20650,DL:0.1.0:AT.1.0.0,2022-3-4 8:48:54,31.75,0.00,0.00,17.398,0.810,-5.624,11.775,18.208,0.00,0.00,0.00,0.00,0.00,0.00,0.00,0.00,0.00,0.00,0.00,0.00,0.00,0.00,0.00,0.00,0.00
20650,DL:0.1.0:AT.1.0.0,2022-3-4 8:49:1,31.75,0.00,0.00,17.400,0.809,-5.625,11.775,18.208,0.00,0.00,0.00,0.00,0.00,0.00,0.00,0.00,0.00,0.00,0.00,0.00,0.00,0.00,0.00,0.00,0.00
20650,DL:0.1.0:AT.1.0.0,2022-3-4 8:49:9,31.75,0.00,0.00,17.383,0.823,-5.607,11.776,18.206,0.00,0.00,0.00,0.00,0.00,0.00,0.00,0.00,0.00,0.00,0.00,0.00,0.00,0.00,0.00,0.00,0.00
20650,DL:0.1.0:AT.1.0.0,2022-3-4 8:49:14,31.75,0.00,0.00,17.408,0.798,-5.632,11.776,18.206,0.00,0.00,0.00,0.00,0.00,0.00,0.00,0.00,0.00,0.00,0.00,0.00,0.00,0.00,0.00,0.00,0.00
20650,DL:0.1.0:AT.1.0.0,2022-3-4 8:49:21,31.75,0.00,0.00,17.400,0.806,-5.624,11.776,18.206,0.00,0.00,0.00,0.00,0.00,0.00,0.00,0.00,0.00,0.00,0.00,0.00,0.00,0.00,0.00,0.00,0.00
20650,DL:0.1.0:AT.1.0.0,2022-3-4 8:49:28,31.75,0.00,0.00,17.406,0.798,-5.627,11.778,18.204,0.00,0.00,0.00,0.00,0.00,0.00,0.00,0.00,0.00,0.00,0.00,0.00,0.00,0.00,0.00,0.00,0.00
20650,DL:0.1.0:AT.1.0.0,2022-3-4 8:49:35,31.75,0.00,0.00,17.412,0.792,-5.634,11.777,18.204,0.00,0.00,0.00,0.00,0.00,0.00,0.00,0.00,0.00,0.00,0.00,0.00,0.00,0.00,0.00,0.00,0.00
20650,DL:0.1.0:AT.1.0.0,2022-3-4 8:49:41,31.75,0.00,0.00,17.407,0.795,-5.628,11.778,18.202,0.00,0.00,0.00,0.00,0.00,0.00,0.00,0.00,0.00,0.00,0.00,0.00,0.00,0.00,0.00,0.00,0.00
20650,DL:0.1.0:AT.1.0.0,2022-3-4 8:49:48,31.75,0.00,0.00,17.422,0.779,-5.644,11.778,18.201,0.00,0.00,0.00,0.00,0.00,0.00,0.00,0.00,0.00,0.00,0.00,0.00,0.00,0.00,0.00,0.00,0.00
20650,DL:0.1.0:AT.1.0.0,2022-3-4 8:49:55,31.75,0.00,0.00,17.367,0.834,-5.588,11.780,18.201,0.00,0.00,0.00,0.00,0.00,0.00,0.00,0.00,0.00,0.00,0.00,0.00,0.00,0.00,0.00,0.00,0.00
20650,DL:0.1.0:AT.1.0.0,2022-3-4 8:50:2,31.75,0.00,0.00,17.397,0.801,-5.618,11.780,18.199,0.00,0.00,0.00,0.00,0.00,0.00,0.00,0.00,0.00,0.00,0.00,0.00,0.00,0.00,0.00,0.00,0.00
20650,DL:0.1.0:AT.1.0.0,2022-3-4 8:50:7,31.75,0.00,0.00,17.382,0.822,-5.602,11.780,18.204,0.00,0.00,0.00,0.00,0.00,0.00,0.00,0.00,0.00,0.00,0.00,0.00,0.00,0.00,0.00,0.00,0.00
20650,DL:0.1.0:AT.1.0.0,2022-3-4 8:50:13,32.00,0.00,0.00,17.372,0.830,-5.592,11.780,18.202,0.00,0.00,0.00,0.00,0.00,0.00,0.00,0.00,0.00,0.00,0.00,0.00,0.00,0.00,0.00,0.00,0.00
20650,DL:0.1.0:AT.1.0.0,2022-3-4 8:50:19,32.00,0.00,0.00,17.390,0.811,-5.610,11.780,18.201,0.00,0.00,0.00,0.00,0.00,0.00,0.00,0.00,0.00,0.00,0.00,0.00,0.00,0.00,0.00,0.00,0.00
20650,DL:0.1.0:AT.1.0.0,2022-3-4 8:50:26,32.00,0.00,0.00,17.370,0.832,-5.589,11.781,18.201,0.00,0.00,0.00,0.00,0.00,0.00,0.00,0.00,0.00,0.00,0.00,0.00,0.00,0.00,0.00,0.00,0.00
20650,DL:0.1.0:AT.1.0.0,2022-3-4 8:50:33,32.00,0.00,0.00,17.395,0.805,-5.615,11.780,18.200,0.00,0.00,0.00,0.00,0.00,0.00,0.00,0.00,0.00,0.00,0.00,0.00,0.00,0.00,0.00,0.00,0.00
20650,DL:0.1.0:AT.1.0.0,2022-3-4 8:50:41,32.00,0.00,0.00,17.396,0.803,-5.615,11.781,18.199,0.00,0.00,0.00,0.00,0.00,0.00,0.00,0.00,0.00,0.00,0.00,0.00,0.00,0.00,0.00,0.00,0.00
20650,DL:0.1.0:AT.1.0.0,2022-3-4 8:50:47,32.00,0.00,0.00,17.401,0.798,-5.621,11.780,18.199,0.00,0.00,0.00,0.00,0.00,0.00,0.00,0.00,0.00,0.00,0.00,0.00,0.00,0.00,0.00,0.00,0.00
20650,DL:0.1.0:AT.1.0.0,2022-3-4 8:50:53,32.00,0.00,0.00,17.389,0.809,-5.609,11.780,18.198,0.00,0.00,0.00,0.00,0.00,0.00,0.00,0.00,0.00,0.00,0.00,0.00,0.00,0.00,0.00,0.00,0.00
20650,DL:0.1.0:AT.1.0.0,2022-3-4 8:51:0,32.00,0.00,0.00,17.392,0.804,-5.613,11.780,18.196,0.00,0.00,0.00,0.00,0.00,0.00,0.00,0.00,0.00,0.00,0.00,0.00,0.00,0.00,0.00,0.00,0.00
20650,DL:0.1.0:AT.1.0.0,2022-3-4 8:51:7,32.00,0.00,0.00,17.379,0.816,-5.598,11.781,18.195,0.00,0.00,0.00,0.00,0.00,0.00,0.00,0.00,0.00,0.00,0.00,0.00,0.00,0.00,0.00,0.00,0.00
20650,DL:0.1.0:AT.1.0.0,2022-3-4 8:51:12,32.00,0.00,0.00,17.406,0.789,-5.625,11.781,18.195,0.00,0.00,0.00,0.00,0.00,0.00,0.00,0.00,0.00,0.00,0.00,0.00,0.00,0.00,0.00,0.00,0.00
20650,DL:0.1.0:AT.1.0.0,2022-3-4 8:51:17,32.00,0.00,0.00,17.388,0.806,-5.607,11.781,18.194,0.00,0.00,0.00,0.00,0.00,0.00,0.00,0.00,0.00,0.00,0.00,0.00,0.00,0.00,0.00,0.00,0.00
20650,DL:0.1.0:AT.1.0.0,2022-3-4 8:51:22,32.00,0.00,0.00,17.395,0.799,-5.614,11.781,18.194,0.00,0.00,0.00,0.00,0.00,0.00,0.00,0.00,0.00,0.00,0.00,0.00,0.00,0.00,0.00,0.00,0.00
20650,DL:0.1.0:AT.1.0.0,2022-3-4 8:51:28,32.00,0.00,0.00,17.398,0.794,-5.618,11.781,18.193,0.00,0.00,0.00,0.00,0.00,0.00,0.00,0.00,0.00,0.00,0.00,0.00,0.00,0.00,0.00,0.00,0.00
20650,DL:0.1.0:AT.1.0.0,2022-3-4 8:51:35,32.00,0.00,0.00,17.384,0.807,-5.603,11.781,18.192,0.00,0.00,0.00,0.00,0.00,0.00,0.00,0.00,0.00,0.00,0.00,0.00,0.00,0.00,0.00,0.00,0.00
20650,DL:0.1.0:AT.1.0.0,2022-3-4 8:51:43,32.00,0.00,0.00,17.401,0.789,-5.620,11.781,18.190,0.00,0.00,0.00,0.00,0.00,0.00,0.00,0.00,0.00,0.00,0.00,0.00,0.00,0.00,0.00,0.00,0.00
20650,DL:0.1.0:AT.1.0.0,2022-3-4 8:51:48,32.00,0.00,0.00,17.412,0.779,-5.630,11.782,18.190,0.00,0.00,0.00,0.00,0.00,0.00,0.00,0.00,0.00,0.00,0.00,0.00,0.00,0.00,0.00,0.00,0.00
20650,DL:0.1.0:AT.1.0.0,2022-3-4 8:51:53,32.00,0.00,0.00,17.407,0.782,-5.625,11.782,18.189,0.00,0.00,0.00,0.00,0.00,0.00,0.00,0.00,0.00,0.00,0.00,0.00,0.00,0.00,0.00,0.00,0.00
20650,DL:0.1.0:AT.1.0.0,2022-3-4 8:51:58,32.00,0.00,0.00,17.413,0.776,-5.631,11.782,18.189,0.00,0.00,0.00,0.00,0.00,0.00,0.00,0.00,0.00,0.00,0.00,0.00,0.00,0.00,0.00,0.00,0.00
20650,DL:0.1.0:AT.1.0.0,2022-3-4 8:52:3,32.00,0.00,0.00,17.386,0.801,-5.604,11.782,18.188,0.00,0.00,0.00,0.00,0.00,0.00,0.00,0.00,0.00,0.00,0.00,0.00,0.00,0.00,0.00,0.00,0.00
20650,DL:0.1.0:AT.1.0.0,2022-3-4 8:52:9,32.00,0.00,0.00,17.408,0.779,-5.625,11.783,18.187,0.00,0.00,0.00,0.00,0.00,0.00,0.00,0.00,0.00,0.00,0.00,0.00,0.00,0.00,0.00,0.00,0.00
20650,DL:0.1.0:AT.1.0.0,2022-3-4 8:52:14,32.00,0.00,0.00,17.382,0.806,-5.598,11.783,18.188,0.00,0.00,0.00,0.00,0.00,0.00,0.00,0.00,0.00,0.00,0.00,0.00,0.00,0.00,0.00,0.00,0.00
20650,DL:0.1.0:AT.1.0.0,2022-3-4 8:52:19,32.00,0.00,0.00,17.377,0.810,-5.595,11.782,18.187,0.00,0.00,0.00,0.00,0.00,0.00,0.00,0.00,0.00,0.00,0.00,0.00,0.00,0.00,0.00,0.00,0.00
20650,DL:0.1.0:AT.1.0.0,2022-3-4 8:52:24,32.00,0.00,0.00,17.406,0.780,-5.622,11.783,18.186,0.00,0.00,0.00,0.00,0.00,0.00,0.00,0.00,0.00,0.00,0.00,0.00,0.00,0.00,0.00,0.00,0.00
20650,DL:0.1.0:AT.1.0.0,2022-3-4 8:52:29,32.00,0.00,0.00,17.386,0.799,-5.603,11.783,18.186,0.00,0.00,0.00,0.00,0.00,0.00,0.00,0.00,0.00,0.00,0.00,0.00,0.00,0.00,0.00,0.00,0.00
20650,DL:0.1.0:AT.1.0.0,2022-3-4 8:52:34,32.00,0.00,0.00,17.418,0.767,-5.634,11.783,18.184,0.00,0.00,0.00,0.00,0.00,0.00,0.00,0.00,0.00,0.00,0.00,0.00,0.00,0.00,0.00,0.00,0.00
20650,DL:0.1.0:AT.1.0.0,2022-3-4 8:52:44,32.00,0.00,0.00,17.419,0.769,-5.636,11.783,18.188,0.00,0.00,0.00,0.00,0.00,0.00,0.00,0.00,0.00,0.00,0.00,0.00,0.00,0.00,0.00,0.00,0.00
20650,DL:0.1.0:AT.1.0.0,2022-3-4 8:52:50,32.00,0.00,0.00,17.425,0.762,-5.642,11.783,18.187,0.00,0.00,0.00,0.00,0.00,0.00,0.00,0.00,0.00,0.00,0.00,0.00,0.00,0.00,0.00,0.00,0.00
20650,DL:0.1.0:AT.1.0.0,2022-3-4 8:52:57,32.00,0.00,0.00,17.408,0.777,-5.624,11.784,18.186,0.00,0.00,0.00,0.00,0.00,0.00,0.00,0.00,0.00,0.00,0.00,0.00,0.00,0.00,0.00,0.00,0.00
20650,DL:0.1.0:AT.1.0.0,2022-3-4 8:53:4,32.00,0.00,0.00,17.420,0.764,-5.636,11.784,18.184,0.00,0.00,0.00,0.00,0.00,0.00,0.00,0.00,0.00,0.00,0.00,0.00,0.00,0.00,0.00,0.00,0.00
20650,DL:0.1.0:AT.1.0.0,2022-3-4 8:53:10,32.00,0.00,0.00,17.396,0.787,-5.612,11.784,18.183,0.00,0.00,0.00,0.00,0.00,0.00,0.00,0.00,0.00,0.00,0.00,0.00,0.00,0.00,0.00,0.00,0.00
20650,DL:0.1.0:AT.1.0.0,2022-3-4 8:53:17,32.00,0.00,0.00,17.388,0.795,-5.603,11.784,18.183,0.00,0.00,0.00,0.00,0.00,0.00,0.00,0.00,0.00,0.00,0.00,0.00,0.00,0.00,0.00,0.00,0.00
20650,DL:0.1.0:AT.1.0.0,2022-3-4 8:53:24,32.00,0.00,0.00,17.418,0.765,-5.633,11.784,18.183,0.00,0.00,0.00,0.00,0.00,0.00,0.00,0.00,0.00,0.00,0.00,0.00,0.00,0.00,0.00,0.00,0.00
20650,DL:0.1.0:AT.1.0.0,2022-3-4 8:53:29,32.00,0.00,0.00,17.401,0.781,-5.615,11.786,18.182,0.00,0.00,0.00,0.00,0.00,0.00,0.00,0.00,0.00,0.00,0.00,0.00,0.00,0.00,0.00,0.00,0.00
20650,DL:0.1.0:AT.1.0.0,2022-3-4 8:53:35,32.00,0.00,0.00,17.416,0.765,-5.632,11.784,18.182,0.00,0.00,0.00,0.00,0.00,0.00,0.00,0.00,0.00,0.00,0.00,0.00,0.00,0.00,0.00,0.00,0.00
20650,DL:0.1.0:AT.1.0.0,2022-3-4 8:53:40,32.00,0.00,0.00,17.397,0.783,-5.612,11.786,18.181,0.00,0.00,0.00,0.00,0.00,0.00,0.00,0.00,0.00,0.00,0.00,0.00,0.00,0.00,0.00,0.00,0.00
20650,DL:0.1.0:AT.1.0.0,2022-3-4 8:53:46,32.00,0.00,0.00,17.400,0.781,-5.614,11.786,18.181,0.00,0.00,0.00,0.00,0.00,0.00,0.00,0.00,0.00,0.00,0.00,0.00,0.00,0.00,0.00,0.00,0.00
20650,DL:0.1.0:AT.1.0.0,2022-3-4 8:53:51,32.00,0.00,0.00,17.409,0.771,-5.624,11.786,18.181,0.00,0.00,0.00,0.00,0.00,0.00,0.00,0.00,0.00,0.00,0.00,0.00,0.00,0.00,0.00,0.00,0.00
20650,DL:0.1.0:AT.1.0.0,2022-3-4 8:53:58,32.00,0.00,0.00,17.395,0.786,-5.609,11.786,18.181,0.00,0.00,0.00,0.00,0.00,0.00,0.00,0.00,0.00,0.00,0.00,0.00,0.00,0.00,0.00,0.00,0.00
20650,DL:0.1.0:AT.1.0.0,2022-3-4 8:54:5,32.00,0.00,0.00,17.413,0.768,-5.627,11.786,18.181,0.00,0.00,0.00,0.00,0.00,0.00,0.00,0.00,0.00,0.00,0.00,0.00,0.00,0.00,0.00,0.00,0.00
20650,DL:0.1.0:AT.1.0.0,2022-3-4 8:54:12,32.00,0.00,0.00,17.412,0.769,-5.626,11.786,18.181,0.00,0.00,0.00,0.00,0.00,0.00,0.00,0.00,0.00,0.00,0.00,0.00,0.00,0.00,0.00,0.00,0.00
20650,DL:0.1.0:AT.1.0.0,2022-3-4 8:54:17,32.00,0.00,0.00,17.437,0.743,-5.651,11.786,18.180,0.00,0.00,0.00,0.00,0.00,0.00,0.00,0.00,0.00,0.00,0.00,0.00,0.00,0.00,0.00,0.00,0.00
20650,DL:0.1.0:AT.1.0.0,2022-3-4 8:54:22,32.00,0.00,0.00,17.422,0.757,-5.636,11.787,18.180,0.00,0.00,0.00,0.00,0.00,0.00,0.00,0.00,0.00,0.00,0.00,0.00,0.00,0.00,0.00,0.00,0.00
20650,DL:0.1.0:AT.1.0.0,2022-3-4 8:54:29,32.00,0.00,0.00,17.396,0.782,-5.609,11.787,18.178,0.00,0.00,0.00,0.00,0.00,0.00,0.00,0.00,0.00,0.00,0.00,0.00,0.00,0.00,0.00,0.00,0.00
20650,DL:0.1.0:AT.1.0.0,2022-3-4 8:54:36,32.00,0.00,0.00,17.406,0.773,-5.621,11.784,18.178,0.00,0.00,0.00,0.00,0.00,0.00,0.00,0.00,0.00,0.00,0.00,0.00,0.00,0.00,0.00,0.00,0.00
20650,DL:0.1.0:AT.1.0.0,2022-3-4 8:54:41,32.00,0.00,0.00,17.395,0.783,-5.608,11.787,18.178,0.00,0.00,0.00,0.00,0.00,0.00,0.00,0.00,0.00,0.00,0.00,0.00,0.00,0.00,0.00,0.00,0.00
20650,DL:0.1.0:AT.1.0.0,2022-3-4 8:54:48,32.00,0.00,0.00,17.378,0.800,-5.590,11.788,18.178,0.00,0.00,0.00,0.00,0.00,0.00,0.00,0.00,0.00,0.00,0.00,0.00,0.00,0.00,0.00,0.00,0.00
20650,DL:0.1.0:AT.1.0.0,2022-3-4 8:54:53,32.00,0.00,0.00,17.406,0.771,-5.618,11.788,18.177,0.00,0.00,0.00,0.00,0.00,0.00,0.00,0.00,0.00,0.00,0.00,0.00,0.00,0.00,0.00,0.00,0.00
20650,DL:0.1.0:AT.1.0.0,2022-3-4 8:55:0,32.00,0.00,0.00,17.361,0.816,-5.572,11.789,18.177,0.00,0.00,0.00,0.00,0.00,0.00,0.00,0.00,0.00,0.00,0.00,0.00,0.00,0.00,0.00,0.00,0.00
20650,DL:0.1.0:AT.1.0.0,2022-3-4 8:55:7,32.00,0.00,0.00,17.395,0.782,-5.606,11.789,18.177,0.00,0.00,0.00,0.00,0.00,0.00,0.00,0.00,0.00,0.00,0.00,0.00,0.00,0.00,0.00,0.00,0.00
20650,DL:0.1.0:AT.1.0.0,2022-3-4 8:55:14,32.00,0.00,0.00,17.388,0.792,-5.598,11.789,18.180,0.00,0.00,0.00,0.00,0.00,0.00,0.00,0.00,0.00,0.00,0.00,0.00,0.00,0.00,0.00,0.00,0.00
20650,DL:0.1.0:AT.1.0.0,2022-3-4 8:55:20,32.00,0.00,0.00,17.380,0.799,-5.591,11.789,18.180,0.00,0.00,0.00,0.00,0.00,0.00,0.00,0.00,0.00,0.00,0.00,0.00,0.00,0.00,0.00,0.00,0.00
20650,DL:0.1.0:AT.1.0.0,2022-3-4 8:55:27,32.00,0.00,0.00,17.401,0.777,-5.610,11.790,18.178,0.00,0.00,0.00,0.00,0.00,0.00,0.00,0.00,0.00,0.00,0.00,0.00,0.00,0.00,0.00,0.00,0.00
20650,DL:0.1.0:AT.1.0.0,2022-3-4 8:55:32,32.25,0.00,0.00,17.415,0.762,-5.625,11.790,18.177,0.00,0.00,0.00,0.00,0.00,0.00,0.00,0.00,0.00,0.00,0.00,0.00,0.00,0.00,0.00,0.00,0.00
20650,DL:0.1.0:AT.1.0.0,2022-3-4 8:55:39,32.25,0.00,0.00,17.374,0.801,-5.583,11.792,18.176,0.00,0.00,0.00,0.00,0.00,0.00,0.00,0.00,0.00,0.00,0.00,0.00,0.00,0.00,0.00,0.00,0.00
20650,DL:0.1.0:AT.1.0.0,2022-3-4 8:55:44,32.25,0.00,0.00,17.367,0.809,-5.576,11.792,18.176,0.00,0.00,0.00,0.00,0.00,0.00,0.00,0.00,0.00,0.00,0.00,0.00,0.00,0.00,0.00,0.00,0.00
20650,DL:0.1.0:AT.1.0.0,2022-3-4 8:55:49,32.25,0.00,0.00,17.360,0.815,-5.570,11.790,18.175,0.00,0.00,0.00,0.00,0.00,0.00,0.00,0.00,0.00,0.00,0.00,0.00,0.00,0.00,0.00,0.00,0.00
20650,DL:0.1.0:AT.1.0.0,2022-3-4 8:55:55,32.25,0.00,0.00,17.367,0.806,-5.576,11.792,18.174,0.00,0.00,0.00,0.00,0.00,0.00,0.00,0.00,0.00,0.00,0.00,0.00,0.00,0.00,0.00,0.00,0.00
20650,DL:0.1.0:AT.1.0.0,2022-3-4 8:56:0,32.25,0.00,0.00,17.371,0.803,-5.580,11.790,18.174,0.00,0.00,0.00,0.00,0.00,0.00,0.00,0.00,0.00,0.00,0.00,0.00,0.00,0.00,0.00,0.00,0.00
20650,DL:0.1.0:AT.1.0.0,2022-3-4 8:56:5,32.25,0.00,0.00,17.353,0.821,-5.561,11.792,18.174,0.00,0.00,0.00,0.00,0.00,0.00,0.00,0.00,0.00,0.00,0.00,0.00,0.00,0.00,0.00,0.00,0.00
20650,DL:0.1.0:AT.1.0.0,2022-3-4 8:56:12,32.25,0.00,0.00,17.366,0.805,-5.573,11.793,18.171,0.00,0.00,0.00,0.00,0.00,0.00,0.00,0.00,0.00,0.00,0.00,0.00,0.00,0.00,0.00,0.00,0.00
20650,DL:0.1.0:AT.1.0.0,2022-3-4 8:56:20,32.25,0.00,0.00,17.366,0.804,-5.574,11.792,18.170,0.00,0.00,0.00,0.00,0.00,0.00,0.00,0.00,0.00,0.00,0.00,0.00,0.00,0.00,0.00,0.00,0.00
20650,DL:0.1.0:AT.1.0.0,2022-3-4 8:56:25,32.25,0.00,0.00,17.379,0.791,-5.588,11.792,18.170,0.00,0.00,0.00,0.00,0.00,0.00,0.00,0.00,0.00,0.00,0.00,0.00,0.00,0.00,0.00,0.00,0.00
20650,DL:0.1.0:AT.1.0.0,2022-3-4 8:56:30,32.25,0.00,0.00,17.354,0.816,-5.561,11.793,18.170,0.00,0.00,0.00,0.00,0.00,0.00,0.00,0.00,0.00,0.00,0.00,0.00,0.00,0.00,0.00,0.00,0.00
20650,DL:0.1.0:AT.1.0.0,2022-3-4 8:56:36,32.25,0.00,0.00,17.365,0.804,-5.573,11.792,18.169,0.00,0.00,0.00,0.00,0.00,0.00,0.00,0.00,0.00,0.00,0.00,0.00,0.00,0.00,0.00,0.00,0.00
20650,DL:0.1.0:AT.1.0.0,2022-3-4 8:56:43,32.25,0.00,0.00,17.324,0.844,-5.532,11.792,18.168,0.00,0.00,0.00,0.00,0.00,0.00,0.00,0.00,0.00,0.00,0.00,0.00,0.00,0.00,0.00,0.00,0.00
20650,DL:0.1.0:AT.1.0.0,2022-3-4 8:56:54,32.25,0.00,0.00,17.361,0.804,-5.570,11.792,18.165,0.00,0.00,0.00,0.00,0.00,0.00,0.00,0.00,0.00,0.00,0.00,0.00,0.00,0.00,0.00,0.00,0.00
20650,DL:0.1.0:AT.1.0.0,2022-3-4 8:57:0,32.25,0.00,0.00,17.383,0.780,-5.591,11.792,18.163,0.00,0.00,0.00,0.00,0.00,0.00,0.00,0.00,0.00,0.00,0.00,0.00,0.00,0.00,0.00,0.00,0.00
20650,DL:0.1.0:AT.1.0.0,2022-3-4 8:57:5,32.25,0.00,0.00,17.358,0.805,-5.564,11.794,18.163,0.00,0.00,0.00,0.00,0.00,0.00,0.00,0.00,0.00,0.00,0.00,0.00,0.00,0.00,0.00,0.00,0.00
20650,DL:0.1.0:AT.1.0.0,2022-3-4 8:57:10,32.25,0.00,0.00,17.367,0.795,-5.577,11.790,18.163,0.00,0.00,0.00,0.00,0.00,0.00,0.00,0.00,0.00,0.00,0.00,0.00,0.00,0.00,0.00,0.00,0.00
20650,DL:0.1.0:AT.1.0.0,2022-3-4 8:57:15,32.25,0.00,0.00,17.365,0.795,-5.574,11.790,18.160,0.00,0.00,0.00,0.00,0.00,0.00,0.00,0.00,0.00,0.00,0.00,0.00,0.00,0.00,0.00,0.00,0.00
20650,DL:0.1.0:AT.1.0.0,2022-3-4 8:57:22,32.25,0.00,0.00,17.394,0.767,-5.602,11.792,18.160,0.00,0.00,0.00,0.00,0.00,0.00,0.00,0.00,0.00,0.00,0.00,0.00,0.00,0.00,0.00,0.00,0.00
20650,DL:0.1.0:AT.1.0.0,2022-3-4 8:57:27,32.25,0.00,0.00,17.362,0.798,-5.571,11.792,18.160,0.00,0.00,0.00,0.00,0.00,0.00,0.00,0.00,0.00,0.00,0.00,0.00,0.00,0.00,0.00,0.00,0.00
20650,DL:0.1.0:AT.1.0.0,2022-3-4 8:57:32,32.25,0.00,0.00,17.385,0.779,-5.594,11.792,18.164,0.00,0.00,0.00,0.00,0.00,0.00,0.00,0.00,0.00,0.00,0.00,0.00,0.00,0.00,0.00,0.00,0.00
20650,DL:0.1.0:AT.1.0.0,2022-3-4 8:57:37,32.25,0.00,0.00,17.367,0.794,-5.576,11.792,18.161,0.00,0.00,0.00,0.00,0.00,0.00,0.00,0.00,0.00,0.00,0.00,0.00,0.00,0.00,0.00,0.00,0.00
20650,DL:0.1.0:AT.1.0.0,2022-3-4 8:57:44,32.25,0.00,0.00,17.367,0.793,-5.576,11.792,18.160,0.00,0.00,0.00,0.00,0.00,0.00,0.00,0.00,0.00,0.00,0.00,0.00,0.00,0.00,0.00,0.00,0.00
20650,DL:0.1.0:AT.1.0.0,2022-3-4 8:57:55,32.25,0.00,0.00,17.398,0.759,-5.604,11.794,18.158,0.00,0.00,0.00,0.00,0.00,0.00,0.00,0.00,0.00,0.00,0.00,0.00,0.00,0.00,0.00,0.00,0.00
20650,DL:0.1.0:AT.1.0.0,2022-3-4 8:58:0,32.25,0.00,0.00,17.391,0.767,-5.596,11.795,18.158,0.00,0.00,0.00,0.00,0.00,0.00,0.00,0.00,0.00,0.00,0.00,0.00,0.00,0.00,0.00,0.00,0.00
20650,DL:0.1.0:AT.1.0.0,2022-3-4 8:58:5,32.25,0.00,0.00,17.373,0.783,-5.579,11.794,18.157,0.00,0.00,0.00,0.00,0.00,0.00,0.00,0.00,0.00,0.00,0.00,0.00,0.00,0.00,0.00,0.00,0.00
20650,DL:0.1.0:AT.1.0.0,2022-3-4 8:58:12,32.25,0.00,0.00,17.396,0.758,-5.596,11.800,18.154,0.00,0.00,0.00,0.00,0.00,0.00,0.00,0.00,0.00,0.00,0.00,0.00,0.00,0.00,0.00,0.00,0.00
20650,DL:0.1.0:AT.1.0.0,2022-3-4 8:58:17,32.25,0.00,0.00,17.383,0.770,-5.591,11.792,18.153,0.00,0.00,0.00,0.00,0.00,0.00,0.00,0.00,0.00,0.00,0.00,0.00,0.00,0.00,0.00,0.00,0.00
20650,DL:0.1.0:AT.1.0.0,2022-3-4 8:58:24,32.25,0.00,0.00,17.341,0.812,-5.546,11.795,18.153,0.00,0.00,0.00,0.00,0.00,0.00,0.00,0.00,0.00,0.00,0.00,0.00,0.00,0.00,0.00,0.00,0.00
20650,DL:0.1.0:AT.1.0.0,2022-3-4 8:58:29,32.25,0.00,0.00,17.362,0.791,-5.566,11.796,18.153,0.00,0.00,0.00,0.00,0.00,0.00,0.00,0.00,0.00,0.00,0.00,0.00,0.00,0.00,0.00,0.00,0.00
20650,DL:0.1.0:AT.1.0.0,2022-3-4 8:58:34,32.25,0.00,0.00,17.350,0.800,-5.554,11.796,18.151,0.00,0.00,0.00,0.00,0.00,0.00,0.00,0.00,0.00,0.00,0.00,0.00,0.00,0.00,0.00,0.00,0.00
20650,DL:0.1.0:AT.1.0.0,2022-3-4 8:58:39,32.25,0.00,0.00,17.352,0.799,-5.558,11.794,18.151,0.00,0.00,0.00,0.00,0.00,0.00,0.00,0.00,0.00,0.00,0.00,0.00,0.00,0.00,0.00,0.00,0.00
20650,DL:0.1.0:AT.1.0.0,2022-3-4 8:58:46,32.25,0.00,0.00,17.365,0.783,-5.568,11.796,18.148,0.00,0.00,0.00,0.00,0.00,0.00,0.00,0.00,0.00,0.00,0.00,0.00,0.00,0.00,0.00,0.00,0.00
20650,DL:0.1.0:AT.1.0.0,2022-3-4 8:58:51,32.25,0.00,0.00,17.384,0.763,-5.588,11.796,18.147,0.00,0.00,0.00,0.00,0.00,0.00,0.00,0.00,0.00,0.00,0.00,0.00,0.00,0.00,0.00,0.00,0.00
20650,DL:0.1.0:AT.1.0.0,2022-3-4 8:58:58,32.25,0.00,0.00,17.379,0.767,-5.583,11.796,18.146,0.00,0.00,0.00,0.00,0.00,0.00,0.00,0.00,0.00,0.00,0.00,0.00,0.00,0.00,0.00,0.00,0.00
20650,DL:0.1.0:AT.1.0.0,2022-3-4 8:59:3,32.25,0.00,0.00,17.374,0.770,-5.579,11.795,18.145,0.00,0.00,0.00,0.00,0.00,0.00,0.00,0.00,0.00,0.00,0.00,0.00,0.00,0.00,0.00,0.00,0.00
20650,DL:0.1.0:AT.1.0.0,2022-3-4 8:59:8,32.25,0.00,0.00,17.368,0.776,-5.573,11.795,18.145,0.00,0.00,0.00,0.00,0.00,0.00,0.00,0.00,0.00,0.00,0.00,0.00,0.00,0.00,0.00,0.00,0.00
20650,DL:0.1.0:AT.1.0.0,2022-3-4 8:59:13,32.25,0.00,0.00,17.353,0.791,-5.556,11.796,18.143,0.00,0.00,0.00,0.00,0.00,0.00,0.00,0.00,0.00,0.00,0.00,0.00,0.00,0.00,0.00,0.00,0.00
20650,DL:0.1.0:AT.1.0.0,2022-3-4 8:59:19,32.25,0.00,0.00,17.356,0.786,-5.560,11.796,18.142,0.00,0.00,0.00,0.00,0.00,0.00,0.00,0.00,0.00,0.00,0.00,0.00,0.00,0.00,0.00,0.00,0.00
20650,DL:0.1.0:AT.1.0.0,2022-3-4 8:59:34,32.25,0.00,0.00,17.366,0.776,-5.570,11.796,18.142,0.00,0.00,0.00,0.00,0.00,0.00,0.00,0.00,0.00,0.00,0.00,0.00,0.00,0.00,0.00,0.00,0.00
20650,DL:0.1.0:AT.1.0.0,2022-3-4 8:59:39,32.25,0.00,0.00,17.354,0.788,-5.559,11.795,18.142,0.00,0.00,0.00,0.00,0.00,0.00,0.00,0.00,0.00,0.00,0.00,0.00,0.00,0.00,0.00,0.00,0.00
20650,DL:0.1.0:AT.1.0.0,2022-3-4 8:59:44,32.25,0.00,0.00,17.359,0.783,-5.562,11.796,18.142,0.00,0.00,0.00,0.00,0.00,0.00,0.00,0.00,0.00,0.00,0.00,0.00,0.00,0.00,0.00,0.00,0.00
20650,DL:0.1.0:AT.1.0.0,2022-3-4 8:59:50,32.25,0.00,0.00,17.385,0.756,-5.589,11.796,18.141,0.00,0.00,0.00,0.00,0.00,0.00,0.00,0.00,0.00,0.00,0.00,0.00,0.00,0.00,0.00,0.00,0.00
20650,DL:0.1.0:AT.1.0.0,2022-3-4 8:59:58,32.25,0.00,0.00,17.382,0.757,-5.585,11.796,18.139,0.00,0.00,0.00,0.00,0.00,0.00,0.00,0.00,0.00,0.00,0.00,0.00,0.00,0.00,0.00,0.00,0.00
20650,DL:0.1.0:AT.1.0.0,2022-3-4 9:0:3,32.25,0.00,0.00,17.367,0.770,-5.571,11.796,18.137,0.00,0.00,0.00,0.00,0.00,0.00,0.00,0.00,0.00,0.00,0.00,0.00,0.00,0.00,0.00,0.00,0.00
20650,DL:0.1.0:AT.1.0.0,2022-3-4 9:0:8,32.25,0.00,0.00,17.348,0.788,-5.553,11.795,18.136,0.00,0.00,0.00,0.00,0.00,0.00,0.00,0.00,0.00,0.00,0.00,0.00,0.00,0.00,0.00,0.00,0.00
20650,DL:0.1.0:AT.1.0.0,2022-3-4 9:0:13,32.25,0.00,0.00,17.360,0.776,-5.560,11.800,18.136,0.00,0.00,0.00,0.00,0.00,0.00,0.00,0.00,0.00,0.00,0.00,0.00,0.00,0.00,0.00,0.00,0.00
20650,DL:0.1.0:AT.1.0.0,2022-3-4 9:0:18,32.25,0.00,0.00,17.350,0.785,-5.554,11.796,18.135,0.00,0.00,0.00,0.00,0.00,0.00,0.00,0.00,0.00,0.00,0.00,0.00,0.00,0.00,0.00,0.00,0.00
20650,DL:0.1.0:AT.1.0.0,2022-3-4 9:0:30,32.25,0.00,0.00,17.367,0.765,-5.570,11.798,18.133,0.00,0.00,0.00,0.00,0.00,0.00,0.00,0.00,0.00,0.00,0.00,0.00,0.00,0.00,0.00,0.00,0.00
20650,DL:0.1.0:AT.1.0.0,2022-3-4 9:0:35,32.25,0.00,0.00,17.372,0.759,-5.573,11.799,18.131,0.00,0.00,0.00,0.00,0.00,0.00,0.00,0.00,0.00,0.00,0.00,0.00,0.00,0.00,0.00,0.00,0.00
20650,DL:0.1.0:AT.1.0.0,2022-3-4 9:0:42,32.25,0.00,0.00,17.361,0.769,-5.562,11.799,18.130,0.00,0.00,0.00,0.00,0.00,0.00,0.00,0.00,0.00,0.00,0.00,0.00,0.00,0.00,0.00,0.00,0.00
20650,DL:0.1.0:AT.1.0.0,2022-3-4 9:0:49,32.25,0.00,0.00,17.384,0.744,-5.584,11.800,18.128,0.00,0.00,0.00,0.00,0.00,0.00,0.00,0.00,0.00,0.00,0.00,0.00,0.00,0.00,0.00,0.00,0.00
20650,DL:0.1.0:AT.1.0.0,2022-3-4 9:0:58,32.50,0.00,0.00,17.377,0.750,-5.578,11.799,18.127,0.00,0.00,0.00,0.00,0.00,0.00,0.00,0.00,0.00,0.00,0.00,0.00,0.00,0.00,0.00,0.00,0.00
20650,DL:0.1.0:AT.1.0.0,2022-3-4 9:1:3,32.50,0.00,0.00,17.379,0.747,-5.579,11.800,18.127,0.00,0.00,0.00,0.00,0.00,0.00,0.00,0.00,0.00,0.00,0.00,0.00,0.00,0.00,0.00,0.00,0.00
20650,DL:0.1.0:AT.1.0.0,2022-3-4 9:1:8,32.50,0.00,0.00,17.367,0.758,-5.567,11.800,18.125,0.00,0.00,0.00,0.00,0.00,0.00,0.00,0.00,0.00,0.00,0.00,0.00,0.00,0.00,0.00,0.00,0.00
20650,DL:0.1.0:AT.1.0.0,2022-3-4 9:1:13,32.50,0.00,0.00,17.388,0.735,-5.588,11.800,18.123,0.00,0.00,0.00,0.00,0.00,0.00,0.00,0.00,0.00,0.00,0.00,0.00,0.00,0.00,0.00,0.00,0.00
20650,DL:0.1.0:AT.1.0.0,2022-3-4 9:1:19,32.50,0.00,0.00,17.346,0.777,-5.546,11.800,18.123,0.00,0.00,0.00,0.00,0.00,0.00,0.00,0.00,0.00,0.00,0.00,0.00,0.00,0.00,0.00,0.00,0.00
20650,DL:0.1.0:AT.1.0.0,2022-3-4 9:1:24,32.50,0.00,0.00,17.370,0.757,-5.570,11.800,18.127,0.00,0.00,0.00,0.00,0.00,0.00,0.00,0.00,0.00,0.00,0.00,0.00,0.00,0.00,0.00,0.00,0.00
20650,DL:0.1.0:AT.1.0.0,2022-3-4 9:1:31,32.50,0.00,0.00,17.373,0.751,-5.573,11.800,18.124,0.00,0.00,0.00,0.00,0.00,0.00,0.00,0.00,0.00,0.00,0.00,0.00,0.00,0.00,0.00,0.00,0.00
20650,DL:0.1.0:AT.1.0.0,2022-3-4 9:1:37,32.50,0.00,0.00,17.362,0.761,-5.561,11.801,18.123,0.00,0.00,0.00,0.00,0.00,0.00,0.00,0.00,0.00,0.00,0.00,0.00,0.00,0.00,0.00,0.00,0.00
20650,DL:0.1.0:AT.1.0.0,2022-3-4 9:1:44,32.50,0.00,0.00,17.350,0.770,-5.549,11.801,18.121,0.00,0.00,0.00,0.00,0.00,0.00,0.00,0.00,0.00,0.00,0.00,0.00,0.00,0.00,0.00,0.00,0.00
20650,DL:0.1.0:AT.1.0.0,2022-3-4 9:1:49,32.50,0.00,0.00,17.380,0.740,-5.579,11.801,18.121,0.00,0.00,0.00,0.00,0.00,0.00,0.00,0.00,0.00,0.00,0.00,0.00,0.00,0.00,0.00,0.00,0.00
20650,DL:0.1.0:AT.1.0.0,2022-3-4 9:1:54,32.50,0.00,0.00,17.367,0.752,-5.566,11.801,18.119,0.00,0.00,0.00,0.00,0.00,0.00,0.00,0.00,0.00,0.00,0.00,0.00,0.00,0.00,0.00,0.00,0.00
20650,DL:0.1.0:AT.1.0.0,2022-3-4 9:1:59,32.50,0.00,0.00,17.332,0.786,-5.531,11.801,18.118,0.00,0.00,0.00,0.00,0.00,0.00,0.00,0.00,0.00,0.00,0.00,0.00,0.00,0.00,0.00,0.00,0.00
20650,DL:0.1.0:AT.1.0.0,2022-3-4 9:2:5,32.50,0.00,0.00,17.332,0.785,-5.531,11.801,18.117,0.00,0.00,0.00,0.00,0.00,0.00,0.00,0.00,0.00,0.00,0.00,0.00,0.00,0.00,0.00,0.00,0.00
20650,DL:0.1.0:AT.1.0.0,2022-3-4 9:2:10,32.50,0.00,0.00,17.366,0.750,-5.566,11.800,18.116,0.00,0.00,0.00,0.00,0.00,0.00,0.00,0.00,0.00,0.00,0.00,0.00,0.00,0.00,0.00,0.00,0.00
20650,DL:0.1.0:AT.1.0.0,2022-3-4 9:2:15,32.50,0.00,0.00,17.347,0.769,-5.546,11.801,18.116,0.00,0.00,0.00,0.00,0.00,0.00,0.00,0.00,0.00,0.00,0.00,0.00,0.00,0.00,0.00,0.00,0.00
20650,DL:0.1.0:AT.1.0.0,2022-3-4 9:2:21,32.50,0.00,0.00,17.359,0.755,-5.556,11.802,18.113,0.00,0.00,0.00,0.00,0.00,0.00,0.00,0.00,0.00,0.00,0.00,0.00,0.00,0.00,0.00,0.00,0.00
20650,DL:0.1.0:AT.1.0.0,2022-3-4 9:2:31,32.50,0.00,0.00,17.377,0.735,-5.574,11.802,18.112,0.00,0.00,0.00,0.00,0.00,0.00,0.00,0.00,0.00,0.00,0.00,0.00,0.00,0.00,0.00,0.00,0.00
20650,DL:0.1.0:AT.1.0.0,2022-3-4 9:2:36,32.50,0.00,0.00,17.336,0.775,-5.535,11.801,18.111,0.00,0.00,0.00,0.00,0.00,0.00,0.00,0.00,0.00,0.00,0.00,0.00,0.00,0.00,0.00,0.00,0.00
20650,DL:0.1.0:AT.1.0.0,2022-3-4 9:2:42,32.50,0.00,0.00,17.360,0.751,-5.558,11.802,18.111,0.00,0.00,0.00,0.00,0.00,0.00,0.00,0.00,0.00,0.00,0.00,0.00,0.00,0.00,0.00,0.00,0.00
20650,DL:0.1.0:AT.1.0.0,2022-3-4 9:2:49,32.50,0.00,0.00,17.349,0.761,-5.548,11.801,18.110,0.00,0.00,0.00,0.00,0.00,0.00,0.00,0.00,0.00,0.00,0.00,0.00,0.00,0.00,0.00,0.00,0.00
20650,DL:0.1.0:AT.1.0.0,2022-3-4 9:2:56,32.50,0.00,0.00,17.374,0.734,-5.572,11.802,18.109,0.00,0.00,0.00,0.00,0.00,0.00,0.00,0.00,0.00,0.00,0.00,0.00,0.00,0.00,0.00,0.00,0.00
20650,DL:0.1.0:AT.1.0.0,2022-3-4 9:3:1,32.50,0.00,0.00,17.361,0.746,-5.556,11.805,18.107,0.00,0.00,0.00,0.00,0.00,0.00,0.00,0.00,0.00,0.00,0.00,0.00,0.00,0.00,0.00,0.00,0.00
20650,DL:0.1.0:AT.1.0.0,2022-3-4 9:3:6,32.50,0.00,0.00,17.377,0.728,-5.572,11.805,18.105,0.00,0.00,0.00,0.00,0.00,0.00,0.00,0.00,0.00,0.00,0.00,0.00,0.00,0.00,0.00,0.00,0.00
20650,DL:0.1.0:AT.1.0.0,2022-3-4 9:3:13,32.50,0.00,0.00,17.383,0.726,-5.577,11.806,18.109,0.00,0.00,0.00,0.00,0.00,0.00,0.00,0.00,0.00,0.00,0.00,0.00,0.00,0.00,0.00,0.00,0.00
20650,DL:0.1.0:AT.1.0.0,2022-3-4 9:3:19,32.50,0.00,0.00,17.397,0.710,-5.592,11.805,18.107,0.00,0.00,0.00,0.00,0.00,0.00,0.00,0.00,0.00,0.00,0.00,0.00,0.00,0.00,0.00,0.00,0.00
20650,DL:0.1.0:AT.1.0.0,2022-3-4 9:3:27,32.50,0.00,0.00,17.362,0.743,-5.555,11.807,18.105,0.00,0.00,0.00,0.00,0.00,0.00,0.00,0.00,0.00,0.00,0.00,0.00,0.00,0.00,0.00,0.00,0.00
20650,DL:0.1.0:AT.1.0.0,2022-3-4 9:3:33,32.50,0.00,0.00,17.383,0.721,-5.577,11.806,18.104,0.00,0.00,0.00,0.00,0.00,0.00,0.00,0.00,0.00,0.00,0.00,0.00,0.00,0.00,0.00,0.00,0.00
20650,DL:0.1.0:AT.1.0.0,2022-3-4 9:3:38,32.50,0.00,0.00,17.368,0.734,-5.562,11.806,18.103,0.00,0.00,0.00,0.00,0.00,0.00,0.00,0.00,0.00,0.00,0.00,0.00,0.00,0.00,0.00,0.00,0.00
20650,DL:0.1.0:AT.1.0.0,2022-3-4 9:3:43,32.50,0.00,0.00,17.359,0.743,-5.552,11.807,18.101,0.00,0.00,0.00,0.00,0.00,0.00,0.00,0.00,0.00,0.00,0.00,0.00,0.00,0.00,0.00,0.00,0.00
20650,DL:0.1.0:AT.1.0.0,2022-3-4 9:3:48,32.50,0.00,0.00,17.353,0.746,-5.546,11.807,18.099,0.00,0.00,0.00,0.00,0.00,0.00,0.00,0.00,0.00,0.00,0.00,0.00,0.00,0.00,0.00,0.00,0.00
20650,DL:0.1.0:AT.1.0.0,2022-3-4 9:3:53,32.50,0.00,0.00,17.365,0.734,-5.558,11.807,18.099,0.00,0.00,0.00,0.00,0.00,0.00,0.00,0.00,0.00,0.00,0.00,0.00,0.00,0.00,0.00,0.00,0.00
20650,DL:0.1.0:AT.1.0.0,2022-3-4 9:4:1,32.50,0.00,0.00,17.385,0.711,-5.578,11.807,18.097,0.00,0.00,0.00,0.00,0.00,0.00,0.00,0.00,0.00,0.00,0.00,0.00,0.00,0.00,0.00,0.00,0.00
20650,DL:0.1.0:AT.1.0.0,2022-3-4 9:4:8,32.50,0.00,0.00,17.367,0.728,-5.559,11.808,18.095,0.00,0.00,0.00,0.00,0.00,0.00,0.00,0.00,0.00,0.00,0.00,0.00,0.00,0.00,0.00,0.00,0.00
20650,DL:0.1.0:AT.1.0.0,2022-3-4 9:4:13,32.50,0.00,0.00,17.366,0.729,-5.560,11.806,18.095,0.00,0.00,0.00,0.00,0.00,0.00,0.00,0.00,0.00,0.00,0.00,0.00,0.00,0.00,0.00,0.00,0.00
20650,DL:0.1.0:AT.1.0.0,2022-3-4 9:4:18,32.50,0.00,0.00,17.358,0.735,-5.549,11.808,18.093,0.00,0.00,0.00,0.00,0.00,0.00,0.00,0.00,0.00,0.00,0.00,0.00,0.00,0.00,0.00,0.00,0.00
20650,DL:0.1.0:AT.1.0.0,2022-3-4 9:4:25,32.50,0.00,0.00,17.373,0.719,-5.561,11.812,18.092,0.00,0.00,0.00,0.00,0.00,0.00,0.00,0.00,0.00,0.00,0.00,0.00,0.00,0.00,0.00,0.00,0.00
20650,DL:0.1.0:AT.1.0.0,2022-3-4 9:4:34,32.50,0.00,0.00,17.386,0.704,-5.578,11.808,18.091,0.00,0.00,0.00,0.00,0.00,0.00,0.00,0.00,0.00,0.00,0.00,0.00,0.00,0.00,0.00,0.00,0.00
20650,DL:0.1.0:AT.1.0.0,2022-3-4 9:4:42,32.50,0.00,0.00,17.379,0.709,-5.571,11.808,18.088,0.00,0.00,0.00,0.00,0.00,0.00,0.00,0.00,0.00,0.00,0.00,0.00,0.00,0.00,0.00,0.00,0.00
20650,DL:0.1.0:AT.1.0.0,2022-3-4 9:4:49,32.50,0.00,0.00,17.367,0.720,-5.559,11.808,18.087,0.00,0.00,0.00,0.00,0.00,0.00,0.00,0.00,0.00,0.00,0.00,0.00,0.00,0.00,0.00,0.00,0.00
20650,DL:0.1.0:AT.1.0.0,2022-3-4 9:4:55,32.50,0.00,0.00,17.352,0.733,-5.543,11.808,18.085,0.00,0.00,0.00,0.00,0.00,0.00,0.00,0.00,0.00,0.00,0.00,0.00,0.00,0.00,0.00,0.00,0.00
20650,DL:0.1.0:AT.1.0.0,2022-3-4 9:5:3,32.50,0.00,0.00,17.385,0.698,-5.577,11.808,18.083,0.00,0.00,0.00,0.00,0.00,0.00,0.00,0.00,0.00,0.00,0.00,0.00,0.00,0.00,0.00,0.00,0.00
20650,DL:0.1.0:AT.1.0.0,2022-3-4 9:5:8,32.50,0.00,0.00,17.379,0.709,-5.566,11.813,18.088,0.00,0.00,0.00,0.00,0.00,0.00,0.00,0.00,0.00,0.00,0.00,0.00,0.00,0.00,0.00,0.00,0.00
20650,DL:0.1.0:AT.1.0.0,2022-3-4 9:5:13,32.50,0.00,0.00,17.372,0.714,-5.564,11.808,18.086,0.00,0.00,0.00,0.00,0.00,0.00,0.00,0.00,0.00,0.00,0.00,0.00,0.00,0.00,0.00,0.00,0.00
20650,DL:0.1.0:AT.1.0.0,2022-3-4 9:5:18,32.50,0.00,0.00,17.358,0.727,-5.550,11.807,18.085,0.00,0.00,0.00,0.00,0.00,0.00,0.00,0.00,0.00,0.00,0.00,0.00,0.00,0.00,0.00,0.00,0.00
20650,DL:0.1.0:AT.1.0.0,2022-3-4 9:5:23,32.50,0.00,0.00,17.347,0.735,-5.540,11.807,18.082,0.00,0.00,0.00,0.00,0.00,0.00,0.00,0.00,0.00,0.00,0.00,0.00,0.00,0.00,0.00,0.00,0.00
20650,DL:0.1.0:AT.1.0.0,2022-3-4 9:5:30,32.50,0.00,0.00,17.348,0.734,-5.541,11.807,18.082,0.00,0.00,0.00,0.00,0.00,0.00,0.00,0.00,0.00,0.00,0.00,0.00,0.00,0.00,0.00,0.00,0.00
20650,DL:0.1.0:AT.1.0.0,2022-3-4 9:5:37,32.50,0.00,0.00,17.384,0.696,-5.576,11.808,18.080,0.00,0.00,0.00,0.00,0.00,0.00,0.00,0.00,0.00,0.00,0.00,0.00,0.00,0.00,0.00,0.00,0.00
20650,DL:0.1.0:AT.1.0.0,2022-3-4 9:5:42,32.50,0.00,0.00,17.337,0.741,-5.526,11.811,18.079,0.00,0.00,0.00,0.00,0.00,0.00,0.00,0.00,0.00,0.00,0.00,0.00,0.00,0.00,0.00,0.00,0.00
20650,DL:0.1.0:AT.1.0.0,2022-3-4 9:5:47,32.50,0.00,0.00,17.341,0.737,-5.531,11.810,18.077,0.00,0.00,0.00,0.00,0.00,0.00,0.00,0.00,0.00,0.00,0.00,0.00,0.00,0.00,0.00,0.00,0.00
20650,DL:0.1.0:AT.1.0.0,2022-3-4 9:5:54,32.50,0.00,0.00,17.319,0.758,-5.509,11.810,18.077,0.00,0.00,0.00,0.00,0.00,0.00,0.00,0.00,0.00,0.00,0.00,0.00,0.00,0.00,0.00,0.00,0.00
20650,DL:0.1.0:AT.1.0.0,2022-3-4 9:6:0,32.50,0.00,0.00,17.323,0.752,-5.512,11.811,18.075,0.00,0.00,0.00,0.00,0.00,0.00,0.00,0.00,0.00,0.00,0.00,0.00,0.00,0.00,0.00,0.00,0.00
20650,DL:0.1.0:AT.1.0.0,2022-3-4 9:6:7,32.50,0.00,0.00,17.326,0.749,-5.516,11.811,18.075,0.00,0.00,0.00,0.00,0.00,0.00,0.00,0.00,0.00,0.00,0.00,0.00,0.00,0.00,0.00,0.00,0.00
20650,DL:0.1.0:AT.1.0.0,2022-3-4 9:6:14,32.50,0.00,0.00,17.343,0.729,-5.532,11.811,18.073,0.00,0.00,0.00,0.00,0.00,0.00,0.00,0.00,0.00,0.00,0.00,0.00,0.00,0.00,0.00,0.00,0.00
20650,DL:0.1.0:AT.1.0.0,2022-3-4 9:6:21,32.50,0.00,0.00,17.337,0.734,-5.526,11.811,18.071,0.00,0.00,0.00,0.00,0.00,0.00,0.00,0.00,0.00,0.00,0.00,0.00,0.00,0.00,0.00,0.00,0.00
20650,DL:0.1.0:AT.1.0.0,2022-3-4 9:6:26,32.50,0.00,0.00,17.334,0.737,-5.522,11.812,18.070,0.00,0.00,0.00,0.00,0.00,0.00,0.00,0.00,0.00,0.00,0.00,0.00,0.00,0.00,0.00,0.00,0.00
20650,DL:0.1.0:AT.1.0.0,2022-3-4 9:6:31,32.50,0.00,0.00,17.305,0.764,-5.493,11.812,18.069,0.00,0.00,0.00,0.00,0.00,0.00,0.00,0.00,0.00,0.00,0.00,0.00,0.00,0.00,0.00,0.00,0.00
20650,DL:0.1.0:AT.1.0.0,2022-3-4 9:6:38,32.50,0.00,0.00,17.324,0.745,-5.512,11.812,18.069,0.00,0.00,0.00,0.00,0.00,0.00,0.00,0.00,0.00,0.00,0.00,0.00,0.00,0.00,0.00,0.00,0.00
20650,DL:0.1.0:AT.1.0.0,2022-3-4 9:6:45,32.50,0.00,0.00,17.318,0.749,-5.507,11.811,18.067,0.00,0.00,0.00,0.00,0.00,0.00,0.00,0.00,0.00,0.00,0.00,0.00,0.00,0.00,0.00,0.00,0.00
20650,DL:0.1.0:AT.1.0.0,2022-3-4 9:6:52,32.50,0.00,0.00,17.317,0.750,-5.505,11.812,18.067,0.00,0.00,0.00,0.00,0.00,0.00,0.00,0.00,0.00,0.00,0.00,0.00,0.00,0.00,0.00,0.00,0.00
20650,DL:0.1.0:AT.1.0.0,2022-3-4 9:6:57,32.50,0.00,0.00,17.348,0.717,-5.536,11.812,18.065,0.00,0.00,0.00,0.00,0.00,0.00,0.00,0.00,0.00,0.00,0.00,0.00,0.00,0.00,0.00,0.00,0.00
20650,DL:0.1.0:AT.1.0.0,2022-3-4 9:7:2,32.50,0.00,0.00,17.348,0.716,-5.537,11.811,18.064,0.00,0.00,0.00,0.00,0.00,0.00,0.00,0.00,0.00,0.00,0.00,0.00,0.00,0.00,0.00,0.00,0.00
20650,DL:0.1.0:AT.1.0.0,2022-3-4 9:7:8,32.50,0.00,0.00,17.324,0.740,-5.512,11.812,18.064,0.00,0.00,0.00,0.00,0.00,0.00,0.00,0.00,0.00,0.00,0.00,0.00,0.00,0.00,0.00,0.00,0.00
20650,DL:0.1.0:AT.1.0.0,2022-3-4 9:7:16,32.50,0.00,0.00,17.314,0.747,-5.503,11.811,18.062,0.00,0.00,0.00,0.00,0.00,0.00,0.00,0.00,0.00,0.00,0.00,0.00,0.00,0.00,0.00,0.00,0.00
20650,DL:0.1.0:AT.1.0.0,2022-3-4 9:7:21,32.50,0.00,0.00,17.346,0.721,-5.534,11.812,18.067,0.00,0.00,0.00,0.00,0.00,0.00,0.00,0.00,0.00,0.00,0.00,0.00,0.00,0.00,0.00,0.00,0.00
20650,DL:0.1.0:AT.1.0.0,2022-3-4 9:7:26,32.50,0.00,0.00,17.340,0.725,-5.529,11.811,18.064,0.00,0.00,0.00,0.00,0.00,0.00,0.00,0.00,0.00,0.00,0.00,0.00,0.00,0.00,0.00,0.00,0.00
20650,DL:0.1.0:AT.1.0.0,2022-3-4 9:7:33,32.50,0.00,0.00,17.343,0.720,-5.532,11.811,18.063,0.00,0.00,0.00,0.00,0.00,0.00,0.00,0.00,0.00,0.00,0.00,0.00,0.00,0.00,0.00,0.00,0.00
20650,DL:0.1.0:AT.1.0.0,2022-3-4 9:7:41,32.50,0.00,0.00,17.349,0.714,-5.537,11.812,18.063,0.00,0.00,0.00,0.00,0.00,0.00,0.00,0.00,0.00,0.00,0.00,0.00,0.00,0.00,0.00,0.00,0.00
20650,DL:0.1.0:AT.1.0.0,2022-3-4 9:7:47,32.50,0.00,0.00,17.358,0.704,-5.546,11.812,18.062,0.00,0.00,0.00,0.00,0.00,0.00,0.00,0.00,0.00,0.00,0.00,0.00,0.00,0.00,0.00,0.00,0.00
20650,DL:0.1.0:AT.1.0.0,2022-3-4 9:7:54,32.50,0.00,0.00,17.348,0.713,-5.536,11.812,18.061,0.00,0.00,0.00,0.00,0.00,0.00,0.00,0.00,0.00,0.00,0.00,0.00,0.00,0.00,0.00,0.00,0.00
20650,DL:0.1.0:AT.1.0.0,2022-3-4 9:7:59,32.50,0.00,0.00,17.356,0.703,-5.544,11.812,18.059,0.00,0.00,0.00,0.00,0.00,0.00,0.00,0.00,0.00,0.00,0.00,0.00,0.00,0.00,0.00,0.00,0.00
20650,DL:0.1.0:AT.1.0.0,2022-3-4 9:8:4,32.50,0.00,0.00,17.374,0.685,-5.561,11.813,18.059,0.00,0.00,0.00,0.00,0.00,0.00,0.00,0.00,0.00,0.00,0.00,0.00,0.00,0.00,0.00,0.00,0.00
20650,DL:0.1.0:AT.1.0.0,2022-3-4 9:8:9,32.50,0.00,0.00,17.354,0.705,-5.542,11.812,18.059,0.00,0.00,0.00,0.00,0.00,0.00,0.00,0.00,0.00,0.00,0.00,0.00,0.00,0.00,0.00,0.00,0.00
20650,DL:0.1.0:AT.1.0.0,2022-3-4 9:8:14,32.50,0.00,0.00,17.334,0.725,-5.520,11.813,18.058,0.00,0.00,0.00,0.00,0.00,0.00,0.00,0.00,0.00,0.00,0.00,0.00,0.00,0.00,0.00,0.00,0.00
20650,DL:0.1.0:AT.1.0.0,2022-3-4 9:8:19,32.50,0.00,0.00,17.364,0.695,-5.549,11.814,18.058,0.00,0.00,0.00,0.00,0.00,0.00,0.00,0.00,0.00,0.00,0.00,0.00,0.00,0.00,0.00,0.00,0.00
20650,DL:0.1.0:AT.1.0.0,2022-3-4 9:8:24,32.50,0.00,0.00,17.358,0.699,-5.543,11.814,18.057,0.00,0.00,0.00,0.00,0.00,0.00,0.00,0.00,0.00,0.00,0.00,0.00,0.00,0.00,0.00,0.00,0.00
20650,DL:0.1.0:AT.1.0.0,2022-3-4 9:8:31,32.50,0.00,0.00,17.329,0.727,-5.513,11.816,18.056,0.00,0.00,0.00,0.00,0.00,0.00,0.00,0.00,0.00,0.00,0.00,0.00,0.00,0.00,0.00,0.00,0.00
20650,DL:0.1.0:AT.1.0.0,2022-3-4 9:8:36,32.50,0.00,0.00,17.386,0.671,-5.568,11.818,18.057,0.00,0.00,0.00,0.00,0.00,0.00,0.00,0.00,0.00,0.00,0.00,0.00,0.00,0.00,0.00,0.00,0.00
20650,DL:0.1.0:AT.1.0.0,2022-3-4 9:8:41,32.50,0.00,0.00,17.379,0.675,-5.564,11.816,18.055,0.00,0.00,0.00,0.00,0.00,0.00,0.00,0.00,0.00,0.00,0.00,0.00,0.00,0.00,0.00,0.00,0.00
20650,DL:0.1.0:AT.1.0.0,2022-3-4 9:8:48,32.50,0.00,0.00,17.356,0.698,-5.541,11.816,18.055,0.00,0.00,0.00,0.00,0.00,0.00,0.00,0.00,0.00,0.00,0.00,0.00,0.00,0.00,0.00,0.00,0.00
20650,DL:0.1.0:AT.1.0.0,2022-3-4 9:8:55,32.50,0.00,0.00,17.356,0.697,-5.541,11.816,18.053,0.00,0.00,0.00,0.00,0.00,0.00,0.00,0.00,0.00,0.00,0.00,0.00,0.00,0.00,0.00,0.00,0.00
20650,DL:0.1.0:AT.1.0.0,2022-3-4 9:9:2,32.50,0.00,0.00,17.328,0.726,-5.511,11.817,18.053,0.00,0.00,0.00,0.00,0.00,0.00,0.00,0.00,0.00,0.00,0.00,0.00,0.00,0.00,0.00,0.00,0.00
20650,DL:0.1.0:AT.1.0.0,2022-3-4 9:9:10,32.50,0.00,0.00,17.350,0.701,-5.534,11.817,18.051,0.00,0.00,0.00,0.00,0.00,0.00,0.00,0.00,0.00,0.00,0.00,0.00,0.00,0.00,0.00,0.00,0.00
20650,DL:0.1.0:AT.1.0.0,2022-3-4 9:9:15,32.50,0.00,0.00,17.373,0.678,-5.556,11.817,18.051,0.00,0.00,0.00,0.00,0.00,0.00,0.00,0.00,0.00,0.00,0.00,0.00,0.00,0.00,0.00,0.00,0.00
20650,DL:0.1.0:AT.1.0.0,2022-3-4 9:9:20,32.50,0.00,0.00,17.372,0.678,-5.556,11.816,18.050,0.00,0.00,0.00,0.00,0.00,0.00,0.00,0.00,0.00,0.00,0.00,0.00,0.00,0.00,0.00,0.00,0.00
20650,DL:0.1.0:AT.1.0.0,2022-3-4 9:9:26,32.75,0.00,0.00,17.390,0.658,-5.573,11.817,18.049,0.00,0.00,0.00,0.00,0.00,0.00,0.00,0.00,0.00,0.00,0.00,0.00,0.00,0.00,0.00,0.00,0.00
20650,DL:0.1.0:AT.1.0.0,2022-3-4 9:9:33,32.75,0.00,0.00,17.361,0.691,-5.544,11.817,18.052,0.00,0.00,0.00,0.00,0.00,0.00,0.00,0.00,0.00,0.00,0.00,0.00,0.00,0.00,0.00,0.00,0.00
20650,DL:0.1.0:AT.1.0.0,2022-3-4 9:9:38,32.75,0.00,0.00,17.374,0.677,-5.558,11.817,18.051,0.00,0.00,0.00,0.00,0.00,0.00,0.00,0.00,0.00,0.00,0.00,0.00,0.00,0.00,0.00,0.00,0.00
20650,DL:0.1.0:AT.1.0.0,2022-3-4 9:9:44,32.75,0.00,0.00,17.371,0.679,-5.553,11.818,18.050,0.00,0.00,0.00,0.00,0.00,0.00,0.00,0.00,0.00,0.00,0.00,0.00,0.00,0.00,0.00,0.00,0.00
20650,DL:0.1.0:AT.1.0.0,2022-3-4 9:9:50,32.75,0.00,0.00,17.400,0.650,-5.582,11.818,18.050,0.00,0.00,0.00,0.00,0.00,0.00,0.00,0.00,0.00,0.00,0.00,0.00,0.00,0.00,0.00,0.00,0.00
20650,DL:0.1.0:AT.1.0.0,2022-3-4 9:9:55,32.75,0.00,0.00,17.383,0.666,-5.566,11.817,18.049,0.00,0.00,0.00,0.00,0.00,0.00,0.00,0.00,0.00,0.00,0.00,0.00,0.00,0.00,0.00,0.00,0.00
20650,DL:0.1.0:AT.1.0.0,2022-3-4 9:10:0,32.75,0.00,0.00,17.391,0.656,-5.573,11.818,18.047,0.00,0.00,0.00,0.00,0.00,0.00,0.00,0.00,0.00,0.00,0.00,0.00,0.00,0.00,0.00,0.00,0.00
20650,DL:0.1.0:AT.1.0.0,2022-3-4 9:10:7,32.75,0.00,0.00,17.401,0.645,-5.584,11.817,18.046,0.00,0.00,0.00,0.00,0.00,0.00,0.00,0.00,0.00,0.00,0.00,0.00,0.00,0.00,0.00,0.00,0.00
20650,DL:0.1.0:AT.1.0.0,2022-3-4 9:10:13,32.75,0.00,0.00,17.400,0.645,-5.582,11.818,18.045,0.00,0.00,0.00,0.00,0.00,0.00,0.00,0.00,0.00,0.00,0.00,0.00,0.00,0.00,0.00,0.00,0.00
20650,DL:0.1.0:AT.1.0.0,2022-3-4 9:10:18,32.75,0.00,0.00,17.382,0.662,-5.565,11.817,18.044,0.00,0.00,0.00,0.00,0.00,0.00,0.00,0.00,0.00,0.00,0.00,0.00,0.00,0.00,0.00,0.00,0.00
20650,DL:0.1.0:AT.1.0.0,2022-3-4 9:10:24,32.75,0.00,0.00,17.397,0.646,-5.579,11.818,18.044,0.00,0.00,0.00,0.00,0.00,0.00,0.00,0.00,0.00,0.00,0.00,0.00,0.00,0.00,0.00,0.00,0.00
20650,DL:0.1.0:AT.1.0.0,2022-3-4 9:10:29,32.75,0.00,0.00,17.392,0.650,-5.574,11.818,18.043,0.00,0.00,0.00,0.00,0.00,0.00,0.00,0.00,0.00,0.00,0.00,0.00,0.00,0.00,0.00,0.00,0.00
20650,DL:0.1.0:AT.1.0.0,2022-3-4 9:10:34,32.75,0.00,0.00,17.372,0.669,-5.553,11.819,18.041,0.00,0.00,0.00,0.00,0.00,0.00,0.00,0.00,0.00,0.00,0.00,0.00,0.00,0.00,0.00,0.00,0.00
20650,DL:0.1.0:AT.1.0.0,2022-3-4 9:10:39,32.75,0.00,0.00,17.403,0.637,-5.583,11.820,18.040,0.00,0.00,0.00,0.00,0.00,0.00,0.00,0.00,0.00,0.00,0.00,0.00,0.00,0.00,0.00,0.00,0.00
20650,DL:0.1.0:AT.1.0.0,2022-3-4 9:10:45,32.75,0.00,0.00,17.367,0.673,-5.547,11.820,18.040,0.00,0.00,0.00,0.00,0.00,0.00,0.00,0.00,0.00,0.00,0.00,0.00,0.00,0.00,0.00,0.00,0.00
20650,DL:0.1.0:AT.1.0.0,2022-3-4 9:10:51,32.75,0.00,0.00,17.361,0.678,-5.542,11.819,18.039,0.00,0.00,0.00,0.00,0.00,0.00,0.00,0.00,0.00,0.00,0.00,0.00,0.00,0.00,0.00,0.00,0.00
20650,DL:0.1.0:AT.1.0.0,2022-3-4 9:10:58,32.75,0.00,0.00,17.337,0.701,-5.517,11.820,18.038,0.00,0.00,0.00,0.00,0.00,0.00,0.00,0.00,0.00,0.00,0.00,0.00,0.00,0.00,0.00,0.00,0.00
20650,DL:0.1.0:AT.1.0.0,2022-3-4 9:11:3,32.75,0.00,0.00,17.360,0.677,-5.540,11.820,18.037,0.00,0.00,0.00,0.00,0.00,0.00,0.00,0.00,0.00,0.00,0.00,0.00,0.00,0.00,0.00,0.00,0.00
20650,DL:0.1.0:AT.1.0.0,2022-3-4 9:11:8,32.75,0.00,0.00,17.364,0.673,-5.542,11.822,18.037,0.00,0.00,0.00,0.00,0.00,0.00,0.00,0.00,0.00,0.00,0.00,0.00,0.00,0.00,0.00,0.00,0.00
20650,DL:0.1.0:AT.1.0.0,2022-3-4 9:11:14,32.75,0.00,0.00,17.367,0.668,-5.546,11.822,18.035,0.00,0.00,0.00,0.00,0.00,0.00,0.00,0.00,0.00,0.00,0.00,0.00,0.00,0.00,0.00,0.00,0.00
20650,DL:0.1.0:AT.1.0.0,2022-3-4 9:11:19,32.75,0.00,0.00,17.385,0.649,-5.564,11.822,18.034,0.00,0.00,0.00,0.00,0.00,0.00,0.00,0.00,0.00,0.00,0.00,0.00,0.00,0.00,0.00,0.00,0.00
20650,DL:0.1.0:AT.1.0.0,2022-3-4 9:11:25,32.75,0.00,0.00,17.355,0.678,-5.534,11.822,18.033,0.00,0.00,0.00,0.00,0.00,0.00,0.00,0.00,0.00,0.00,0.00,0.00,0.00,0.00,0.00,0.00,0.00
20650,DL:0.1.0:AT.1.0.0,2022-3-4 9:11:32,32.75,0.00,0.00,17.378,0.655,-5.556,11.822,18.033,0.00,0.00,0.00,0.00,0.00,0.00,0.00,0.00,0.00,0.00,0.00,0.00,0.00,0.00,0.00,0.00,0.00
20650,DL:0.1.0:AT.1.0.0,2022-3-4 9:11:39,32.75,0.00,0.00,17.383,0.649,-5.560,11.823,18.032,0.00,0.00,0.00,0.00,0.00,0.00,0.00,0.00,0.00,0.00,0.00,0.00,0.00,0.00,0.00,0.00,0.00
20650,DL:0.1.0:AT.1.0.0,2022-3-4 9:11:44,32.75,0.00,0.00,17.350,0.683,-5.528,11.823,18.033,0.00,0.00,0.00,0.00,0.00,0.00,0.00,0.00,0.00,0.00,0.00,0.00,0.00,0.00,0.00,0.00,0.00
20650,DL:0.1.0:AT.1.0.0,2022-3-4 9:11:49,32.75,0.00,0.00,17.331,0.701,-5.509,11.822,18.032,0.00,0.00,0.00,0.00,0.00,0.00,0.00,0.00,0.00,0.00,0.00,0.00,0.00,0.00,0.00,0.00,0.00
20650,DL:0.1.0:AT.1.0.0,2022-3-4 9:11:56,32.75,0.00,0.00,17.371,0.663,-5.549,11.822,18.034,0.00,0.00,0.00,0.00,0.00,0.00,0.00,0.00,0.00,0.00,0.00,0.00,0.00,0.00,0.00,0.00,0.00
20650,DL:0.1.0:AT.1.0.0,2022-3-4 9:12:1,32.75,0.00,0.00,17.386,0.646,-5.564,11.823,18.033,0.00,0.00,0.00,0.00,0.00,0.00,0.00,0.00,0.00,0.00,0.00,0.00,0.00,0.00,0.00,0.00,0.00
20650,DL:0.1.0:AT.1.0.0,2022-3-4 9:12:6,32.75,0.00,0.00,17.364,0.668,-5.541,11.823,18.032,0.00,0.00,0.00,0.00,0.00,0.00,0.00,0.00,0.00,0.00,0.00,0.00,0.00,0.00,0.00,0.00,0.00
20650,DL:0.1.0:AT.1.0.0,2022-3-4 9:12:13,32.75,0.00,0.00,17.355,0.675,-5.532,11.823,18.031,0.00,0.00,0.00,0.00,0.00,0.00,0.00,0.00,0.00,0.00,0.00,0.00,0.00,0.00,0.00,0.00,0.00
20650,DL:0.1.0:AT.1.0.0,2022-3-4 9:12:18,32.75,0.00,0.00,17.371,0.658,-5.548,11.823,18.029,0.00,0.00,0.00,0.00,0.00,0.00,0.00,0.00,0.00,0.00,0.00,0.00,0.00,0.00,0.00,0.00,0.00
20650,DL:0.1.0:AT.1.0.0,2022-3-4 9:12:23,32.75,0.00,0.00,17.358,0.672,-5.535,11.823,18.029,0.00,0.00,0.00,0.00,0.00,0.00,0.00,0.00,0.00,0.00,0.00,0.00,0.00,0.00,0.00,0.00,0.00
20650,DL:0.1.0:AT.1.0.0,2022-3-4 9:12:30,32.75,0.00,0.00,17.377,0.651,-5.555,11.822,18.028,0.00,0.00,0.00,0.00,0.00,0.00,0.00,0.00,0.00,0.00,0.00,0.00,0.00,0.00,0.00,0.00,0.00
20650,DL:0.1.0:AT.1.0.0,2022-3-4 9:12:37,32.75,0.00,0.00,17.362,0.665,-5.541,11.822,18.027,0.00,0.00,0.00,0.00,0.00,0.00,0.00,0.00,0.00,0.00,0.00,0.00,0.00,0.00,0.00,0.00,0.00
20650,DL:0.1.0:AT.1.0.0,2022-3-4 9:12:42,32.75,0.00,0.00,17.367,0.660,-5.544,11.823,18.027,0.00,0.00,0.00,0.00,0.00,0.00,0.00,0.00,0.00,0.00,0.00,0.00,0.00,0.00,0.00,0.00,0.00
20650,DL:0.1.0:AT.1.0.0,2022-3-4 9:12:47,32.75,0.00,0.00,17.391,0.636,-5.570,11.822,18.027,0.00,0.00,0.00,0.00,0.00,0.00,0.00,0.00,0.00,0.00,0.00,0.00,0.00,0.00,0.00,0.00,0.00
20650,DL:0.1.0:AT.1.0.0,2022-3-4 9:12:54,32.75,0.00,0.00,17.372,0.651,-5.550,11.822,18.023,0.00,0.00,0.00,0.00,0.00,0.00,0.00,0.00,0.00,0.00,0.00,0.00,0.00,0.00,0.00,0.00,0.00
20650,DL:0.1.0:AT.1.0.0,2022-3-4 9:13:1,32.75,0.00,0.00,17.377,0.646,-5.555,11.822,18.023,0.00,0.00,0.00,0.00,0.00,0.00,0.00,0.00,0.00,0.00,0.00,0.00,0.00,0.00,0.00,0.00,0.00
20650,DL:0.1.0:AT.1.0.0,2022-3-4 9:13:6,32.75,0.00,0.00,17.403,0.619,-5.582,11.822,18.022,0.00,0.00,0.00,0.00,0.00,0.00,0.00,0.00,0.00,0.00,0.00,0.00,0.00,0.00,0.00,0.00,0.00
20650,DL:0.1.0:AT.1.0.0,2022-3-4 9:13:11,32.75,0.00,0.00,17.350,0.671,-5.528,11.823,18.021,0.00,0.00,0.00,0.00,0.00,0.00,0.00,0.00,0.00,0.00,0.00,0.00,0.00,0.00,0.00,0.00,0.00
20650,DL:0.1.0:AT.1.0.0,2022-3-4 9:13:16,32.75,0.00,0.00,17.378,0.643,-5.555,11.823,18.021,0.00,0.00,0.00,0.00,0.00,0.00,0.00,0.00,0.00,0.00,0.00,0.00,0.00,0.00,0.00,0.00,0.00
20650,DL:0.1.0:AT.1.0.0,2022-3-4 9:13:22,32.75,0.00,0.00,17.359,0.662,-5.536,11.823,18.021,0.00,0.00,0.00,0.00,0.00,0.00,0.00,0.00,0.00,0.00,0.00,0.00,0.00,0.00,0.00,0.00,0.00
20650,DL:0.1.0:AT.1.0.0,2022-3-4 9:13:27,32.75,0.00,0.00,17.349,0.671,-5.526,11.823,18.020,0.00,0.00,0.00,0.00,0.00,0.00,0.00,0.00,0.00,0.00,0.00,0.00,0.00,0.00,0.00,0.00,0.00
20650,DL:0.1.0:AT.1.0.0,2022-3-4 9:13:32,32.75,0.00,0.00,17.365,0.654,-5.540,11.825,18.019,0.00,0.00,0.00,0.00,0.00,0.00,0.00,0.00,0.00,0.00,0.00,0.00,0.00,0.00,0.00,0.00,0.00
20650,DL:0.1.0:AT.1.0.0,2022-3-4 9:13:37,32.75,0.00,0.00,17.361,0.656,-5.536,11.825,18.017,0.00,0.00,0.00,0.00,0.00,0.00,0.00,0.00,0.00,0.00,0.00,0.00,0.00,0.00,0.00,0.00,0.00
20650,DL:0.1.0:AT.1.0.0,2022-3-4 9:13:42,32.75,0.00,0.00,17.372,0.645,-5.547,11.825,18.017,0.00,0.00,0.00,0.00,0.00,0.00,0.00,0.00,0.00,0.00,0.00,0.00,0.00,0.00,0.00,0.00,0.00
20650,DL:0.1.0:AT.1.0.0,2022-3-4 9:13:50,32.75,0.00,0.00,17.372,0.643,-5.547,11.825,18.015,0.00,0.00,0.00,0.00,0.00,0.00,0.00,0.00,0.00,0.00,0.00,0.00,0.00,0.00,0.00,0.00,0.00
20650,DL:0.1.0:AT.1.0.0,2022-3-4 9:13:56,32.75,0.00,0.00,17.361,0.654,-5.536,11.825,18.015,0.00,0.00,0.00,0.00,0.00,0.00,0.00,0.00,0.00,0.00,0.00,0.00,0.00,0.00,0.00,0.00,0.00
20650,DL:0.1.0:AT.1.0.0,2022-3-4 9:14:1,32.75,0.00,0.00,17.377,0.637,-5.552,11.825,18.014,0.00,0.00,0.00,0.00,0.00,0.00,0.00,0.00,0.00,0.00,0.00,0.00,0.00,0.00,0.00,0.00,0.00
20650,DL:0.1.0:AT.1.0.0,2022-3-4 9:14:6,32.75,0.00,0.00,17.377,0.636,-5.552,11.825,18.012,0.00,0.00,0.00,0.00,0.00,0.00,0.00,0.00,0.00,0.00,0.00,0.00,0.00,0.00,0.00,0.00,0.00
20650,DL:0.1.0:AT.1.0.0,2022-3-4 9:14:13,32.75,0.00,0.00,17.331,0.685,-5.506,11.825,18.016,0.00,0.00,0.00,0.00,0.00,0.00,0.00,0.00,0.00,0.00,0.00,0.00,0.00,0.00,0.00,0.00,0.00
20650,DL:0.1.0:AT.1.0.0,2022-3-4 9:14:18,32.75,0.00,0.00,17.336,0.680,-5.511,11.825,18.016,0.00,0.00,0.00,0.00,0.00,0.00,0.00,0.00,0.00,0.00,0.00,0.00,0.00,0.00,0.00,0.00,0.00
20650,DL:0.1.0:AT.1.0.0,2022-3-4 9:14:23,32.75,0.00,0.00,17.356,0.657,-5.531,11.825,18.014,0.00,0.00,0.00,0.00,0.00,0.00,0.00,0.00,0.00,0.00,0.00,0.00,0.00,0.00,0.00,0.00,0.00
20650,DL:0.1.0:AT.1.0.0,2022-3-4 9:14:33,32.75,0.00,0.00,17.358,0.656,-5.532,11.825,18.014,0.00,0.00,0.00,0.00,0.00,0.00,0.00,0.00,0.00,0.00,0.00,0.00,0.00,0.00,0.00,0.00,0.00
20650,DL:0.1.0:AT.1.0.0,2022-3-4 9:14:40,32.75,0.00,0.00,17.372,0.639,-5.547,11.825,18.011,0.00,0.00,0.00,0.00,0.00,0.00,0.00,0.00,0.00,0.00,0.00,0.00,0.00,0.00,0.00,0.00,0.00
20650,DL:0.1.0:AT.1.0.0,2022-3-4 9:14:52,32.75,0.00,0.00,17.386,0.624,-5.560,11.826,18.010,0.00,0.00,0.00,0.00,0.00,0.00,0.00,0.00,0.00,0.00,0.00,0.00,0.00,0.00,0.00,0.00,0.00
20650,DL:0.1.0:AT.1.0.0,2022-3-4 9:14:57,32.75,0.00,0.00,17.368,0.640,-5.542,11.826,18.009,0.00,0.00,0.00,0.00,0.00,0.00,0.00,0.00,0.00,0.00,0.00,0.00,0.00,0.00,0.00,0.00,0.00
20650,DL:0.1.0:AT.1.0.0,2022-3-4 9:15:2,32.75,0.00,0.00,17.384,0.624,-5.556,11.828,18.008,0.00,0.00,0.00,0.00,0.00,0.00,0.00,0.00,0.00,0.00,0.00,0.00,0.00,0.00,0.00,0.00,0.00
20650,DL:0.1.0:AT.1.0.0,2022-3-4 9:15:8,32.75,0.00,0.00,17.378,0.628,-5.550,11.828,18.006,0.00,0.00,0.00,0.00,0.00,0.00,0.00,0.00,0.00,0.00,0.00,0.00,0.00,0.00,0.00,0.00,0.00
20650,DL:0.1.0:AT.1.0.0,2022-3-4 9:15:15,32.75,0.00,0.00,17.385,0.620,-5.559,11.826,18.005,0.00,0.00,0.00,0.00,0.00,0.00,0.00,0.00,0.00,0.00,0.00,0.00,0.00,0.00,0.00,0.00,0.00
20650,DL:0.1.0:AT.1.0.0,2022-3-4 9:15:21,32.75,0.00,0.00,17.389,0.615,-5.562,11.826,18.004,0.00,0.00,0.00,0.00,0.00,0.00,0.00,0.00,0.00,0.00,0.00,0.00,0.00,0.00,0.00,0.00,0.00
20650,DL:0.1.0:AT.1.0.0,2022-3-4 9:15:28,32.75,0.00,0.00,17.406,0.597,-5.579,11.826,18.003,0.00,0.00,0.00,0.00,0.00,0.00,0.00,0.00,0.00,0.00,0.00,0.00,0.00,0.00,0.00,0.00,0.00
20650,DL:0.1.0:AT.1.0.0,2022-3-4 9:15:35,32.75,0.00,0.00,17.408,0.595,-5.580,11.828,18.003,0.00,0.00,0.00,0.00,0.00,0.00,0.00,0.00,0.00,0.00,0.00,0.00,0.00,0.00,0.00,0.00,0.00
20650,DL:0.1.0:AT.1.0.0,2022-3-4 9:15:40,32.75,0.00,0.00,17.382,0.620,-5.554,11.828,18.002,0.00,0.00,0.00,0.00,0.00,0.00,0.00,0.00,0.00,0.00,0.00,0.00,0.00,0.00,0.00,0.00,0.00
20650,DL:0.1.0:AT.1.0.0,2022-3-4 9:15:45,33.00,0.00,0.00,17.386,0.614,-5.559,11.828,18.000,0.00,0.00,0.00,0.00,0.00,0.00,0.00,0.00,0.00,0.00,0.00,0.00,0.00,0.00,0.00,0.00,0.00
20650,DL:0.1.0:AT.1.0.0,2022-3-4 9:15:53,33.00,0.00,0.00,17.395,0.604,-5.568,11.826,17.999,0.00,0.00,0.00,0.00,0.00,0.00,0.00,0.00,0.00,0.00,0.00,0.00,0.00,0.00,0.00,0.00,0.00
20650,DL:0.1.0:AT.1.0.0,2022-3-4 9:15:58,33.00,0.00,0.00,17.392,0.607,-5.565,11.828,17.999,0.00,0.00,0.00,0.00,0.00,0.00,0.00,0.00,0.00,0.00,0.00,0.00,0.00,0.00,0.00,0.00,0.00
20650,DL:0.1.0:AT.1.0.0,2022-3-4 9:16:3,33.00,0.00,0.00,17.386,0.612,-5.559,11.828,17.998,0.00,0.00,0.00,0.00,0.00,0.00,0.00,0.00,0.00,0.00,0.00,0.00,0.00,0.00,0.00,0.00,0.00
20650,DL:0.1.0:AT.1.0.0,2022-3-4 9:16:8,33.00,0.00,0.00,17.394,0.604,-5.565,11.829,17.998,0.00,0.00,0.00,0.00,0.00,0.00,0.00,0.00,0.00,0.00,0.00,0.00,0.00,0.00,0.00,0.00,0.00
20650,DL:0.1.0:AT.1.0.0,2022-3-4 9:16:13,33.00,0.00,0.00,17.388,0.608,-5.558,11.830,17.996,0.00,0.00,0.00,0.00,0.00,0.00,0.00,0.00,0.00,0.00,0.00,0.00,0.00,0.00,0.00,0.00,0.00
20650,DL:0.1.0:AT.1.0.0,2022-3-4 9:16:18,33.00,0.00,0.00,17.376,0.620,-5.546,11.830,17.996,0.00,0.00,0.00,0.00,0.00,0.00,0.00,0.00,0.00,0.00,0.00,0.00,0.00,0.00,0.00,0.00,0.00
20650,DL:0.1.0:AT.1.0.0,2022-3-4 9:16:23,33.00,0.00,0.00,17.391,0.608,-5.561,11.830,17.999,0.00,0.00,0.00,0.00,0.00,0.00,0.00,0.00,0.00,0.00,0.00,0.00,0.00,0.00,0.00,0.00,0.00
20650,DL:0.1.0:AT.1.0.0,2022-3-4 9:16:28,33.00,0.00,0.00,17.358,0.640,-5.528,11.830,17.998,0.00,0.00,0.00,0.00,0.00,0.00,0.00,0.00,0.00,0.00,0.00,0.00,0.00,0.00,0.00,0.00,0.00
20650,DL:0.1.0:AT.1.0.0,2022-3-4 9:16:33,33.00,0.00,0.00,17.354,0.643,-5.524,11.830,17.997,0.00,0.00,0.00,0.00,0.00,0.00,0.00,0.00,0.00,0.00,0.00,0.00,0.00,0.00,0.00,0.00,0.00
20650,DL:0.1.0:AT.1.0.0,2022-3-4 9:16:40,33.00,0.00,0.00,17.391,0.603,-5.560,11.831,17.994,0.00,0.00,0.00,0.00,0.00,0.00,0.00,0.00,0.00,0.00,0.00,0.00,0.00,0.00,0.00,0.00,0.00
20650,DL:0.1.0:AT.1.0.0,2022-3-4 9:16:45,33.00,0.00,0.00,17.395,0.598,-5.564,11.831,17.993,0.00,0.00,0.00,0.00,0.00,0.00,0.00,0.00,0.00,0.00,0.00,0.00,0.00,0.00,0.00,0.00,0.00
20650,DL:0.1.0:AT.1.0.0,2022-3-4 9:16:50,33.00,0.00,0.00,17.401,0.592,-5.570,11.831,17.993,0.00,0.00,0.00,0.00,0.00,0.00,0.00,0.00,0.00,0.00,0.00,0.00,0.00,0.00,0.00,0.00,0.00
20650,DL:0.1.0:AT.1.0.0,2022-3-4 9:16:57,33.00,0.00,0.00,17.391,0.601,-5.559,11.832,17.992,0.00,0.00,0.00,0.00,0.00,0.00,0.00,0.00,0.00,0.00,0.00,0.00,0.00,0.00,0.00,0.00,0.00
20650,DL:0.1.0:AT.1.0.0,2022-3-4 9:17:4,33.00,0.00,0.00,17.371,0.619,-5.538,11.832,17.990,0.00,0.00,0.00,0.00,0.00,0.00,0.00,0.00,0.00,0.00,0.00,0.00,0.00,0.00,0.00,0.00,0.00
20650,DL:0.1.0:AT.1.0.0,2022-3-4 9:17:10,33.00,0.00,0.00,17.379,0.609,-5.548,11.831,17.988,0.00,0.00,0.00,0.00,0.00,0.00,0.00,0.00,0.00,0.00,0.00,0.00,0.00,0.00,0.00,0.00,0.00
20650,DL:0.1.0:AT.1.0.0,2022-3-4 9:17:15,33.00,0.00,0.00,17.374,0.614,-5.542,11.832,17.988,0.00,0.00,0.00,0.00,0.00,0.00,0.00,0.00,0.00,0.00,0.00,0.00,0.00,0.00,0.00,0.00,0.00
20650,DL:0.1.0:AT.1.0.0,2022-3-4 9:17:20,33.00,0.00,0.00,17.353,0.634,-5.519,11.834,17.987,0.00,0.00,0.00,0.00,0.00,0.00,0.00,0.00,0.00,0.00,0.00,0.00,0.00,0.00,0.00,0.00,0.00
20650,DL:0.1.0:AT.1.0.0,2022-3-4 9:17:26,33.00,0.00,0.00,17.367,0.619,-5.534,11.834,17.986,0.00,0.00,0.00,0.00,0.00,0.00,0.00,0.00,0.00,0.00,0.00,0.00,0.00,0.00,0.00,0.00,0.00
20650,DL:0.1.0:AT.1.0.0,2022-3-4 9:17:31,33.00,0.00,0.00,17.353,0.632,-5.520,11.832,17.985,0.00,0.00,0.00,0.00,0.00,0.00,0.00,0.00,0.00,0.00,0.00,0.00,0.00,0.00,0.00,0.00,0.00
20650,DL:0.1.0:AT.1.0.0,2022-3-4 9:17:38,33.00,0.00,0.00,17.359,0.625,-5.525,11.834,17.984,0.00,0.00,0.00,0.00,0.00,0.00,0.00,0.00,0.00,0.00,0.00,0.00,0.00,0.00,0.00,0.00,0.00
20650,DL:0.1.0:AT.1.0.0,2022-3-4 9:17:45,33.00,0.00,0.00,17.360,0.621,-5.528,11.832,17.981,0.00,0.00,0.00,0.00,0.00,0.00,0.00,0.00,0.00,0.00,0.00,0.00,0.00,0.00,0.00,0.00,0.00
20650,DL:0.1.0:AT.1.0.0,2022-3-4 9:17:52,33.00,0.00,0.00,17.324,0.656,-5.491,11.832,17.980,0.00,0.00,0.00,0.00,0.00,0.00,0.00,0.00,0.00,0.00,0.00,0.00,0.00,0.00,0.00,0.00,0.00
20650,DL:0.1.0:AT.1.0.0,2022-3-4 9:18:0,33.00,0.00,0.00,17.355,0.622,-5.522,11.834,17.978,0.00,0.00,0.00,0.00,0.00,0.00,0.00,0.00,0.00,0.00,0.00,0.00,0.00,0.00,0.00,0.00,0.00
20650,DL:0.1.0:AT.1.0.0,2022-3-4 9:18:6,33.00,0.00,0.00,17.364,0.614,-5.531,11.832,17.978,0.00,0.00,0.00,0.00,0.00,0.00,0.00,0.00,0.00,0.00,0.00,0.00,0.00,0.00,0.00,0.00,0.00
20650,DL:0.1.0:AT.1.0.0,2022-3-4 9:18:12,33.00,0.00,0.00,17.365,0.612,-5.531,11.834,17.976,0.00,0.00,0.00,0.00,0.00,0.00,0.00,0.00,0.00,0.00,0.00,0.00,0.00,0.00,0.00,0.00,0.00
20650,DL:0.1.0:AT.1.0.0,2022-3-4 9:18:19,33.00,0.00,0.00,17.324,0.650,-5.491,11.832,17.974,0.00,0.00,0.00,0.00,0.00,0.00,0.00,0.00,0.00,0.00,0.00,0.00,0.00,0.00,0.00,0.00,0.00
20650,DL:0.1.0:AT.1.0.0,2022-3-4 9:18:28,33.00,0.00,0.00,17.344,0.628,-5.511,11.834,17.973,0.00,0.00,0.00,0.00,0.00,0.00,0.00,0.00,0.00,0.00,0.00,0.00,0.00,0.00,0.00,0.00,0.00
20650,DL:0.1.0:AT.1.0.0,2022-3-4 9:18:33,33.00,0.00,0.00,17.332,0.645,-5.500,11.832,17.978,0.00,0.00,0.00,0.00,0.00,0.00,0.00,0.00,0.00,0.00,0.00,0.00,0.00,0.00,0.00,0.00,0.00
20650,DL:0.1.0:AT.1.0.0,2022-3-4 9:18:38,33.00,0.00,0.00,17.367,0.608,-5.534,11.834,17.975,0.00,0.00,0.00,0.00,0.00,0.00,0.00,0.00,0.00,0.00,0.00,0.00,0.00,0.00,0.00,0.00,0.00
20650,DL:0.1.0:AT.1.0.0,2022-3-4 9:18:43,33.00,0.00,0.00,17.340,0.634,-5.506,11.834,17.974,0.00,0.00,0.00,0.00,0.00,0.00,0.00,0.00,0.00,0.00,0.00,0.00,0.00,0.00,0.00,0.00,0.00
20650,DL:0.1.0:AT.1.0.0,2022-3-4 9:18:48,33.00,0.00,0.00,17.328,0.645,-5.495,11.832,17.973,0.00,0.00,0.00,0.00,0.00,0.00,0.00,0.00,0.00,0.00,0.00,0.00,0.00,0.00,0.00,0.00,0.00
20650,DL:0.1.0:AT.1.0.0,2022-3-4 9:18:54,33.00,0.00,0.00,17.338,0.634,-5.505,11.834,17.973,0.00,0.00,0.00,0.00,0.00,0.00,0.00,0.00,0.00,0.00,0.00,0.00,0.00,0.00,0.00,0.00,0.00
20650,DL:0.1.0:AT.1.0.0,2022-3-4 9:18:59,33.00,0.00,0.00,17.332,0.638,-5.500,11.832,17.970,0.00,0.00,0.00,0.00,0.00,0.00,0.00,0.00,0.00,0.00,0.00,0.00,0.00,0.00,0.00,0.00,0.00
20650,DL:0.1.0:AT.1.0.0,2022-3-4 9:19:4,33.00,0.00,0.00,17.328,0.643,-5.495,11.832,17.970,0.00,0.00,0.00,0.00,0.00,0.00,0.00,0.00,0.00,0.00,0.00,0.00,0.00,0.00,0.00,0.00,0.00
20650,DL:0.1.0:AT.1.0.0,2022-3-4 9:19:11,33.00,0.00,0.00,17.312,0.656,-5.478,11.834,17.968,0.00,0.00,0.00,0.00,0.00,0.00,0.00,0.00,0.00,0.00,0.00,0.00,0.00,0.00,0.00,0.00,0.00
20650,DL:0.1.0:AT.1.0.0,2022-3-4 9:19:18,33.00,0.00,0.00,17.314,0.652,-5.481,11.834,17.967,0.00,0.00,0.00,0.00,0.00,0.00,0.00,0.00,0.00,0.00,0.00,0.00,0.00,0.00,0.00,0.00,0.00
20650,DL:0.1.0:AT.1.0.0,2022-3-4 9:19:23,33.00,0.00,0.00,17.338,0.627,-5.506,11.832,17.966,0.00,0.00,0.00,0.00,0.00,0.00,0.00,0.00,0.00,0.00,0.00,0.00,0.00,0.00,0.00,0.00,0.00
20650,DL:0.1.0:AT.1.0.0,2022-3-4 9:19:29,33.00,0.00,0.00,17.312,0.652,-5.478,11.834,17.964,0.00,0.00,0.00,0.00,0.00,0.00,0.00,0.00,0.00,0.00,0.00,0.00,0.00,0.00,0.00,0.00,0.00
20650,DL:0.1.0:AT.1.0.0,2022-3-4 9:19:35,33.00,0.00,0.00,17.301,0.662,-5.469,11.832,17.963,0.00,0.00,0.00,0.00,0.00,0.00,0.00,0.00,0.00,0.00,0.00,0.00,0.00,0.00,0.00,0.00,0.00
20650,DL:0.1.0:AT.1.0.0,2022-3-4 9:19:41,33.00,0.00,0.00,17.332,0.630,-5.499,11.834,17.962,0.00,0.00,0.00,0.00,0.00,0.00,0.00,0.00,0.00,0.00,0.00,0.00,0.00,0.00,0.00,0.00,0.00
20650,DL:0.1.0:AT.1.0.0,2022-3-4 9:19:48,33.00,0.00,0.00,17.314,0.645,-5.481,11.834,17.960,0.00,0.00,0.00,0.00,0.00,0.00,0.00,0.00,0.00,0.00,0.00,0.00,0.00,0.00,0.00,0.00,0.00
20650,DL:0.1.0:AT.1.0.0,2022-3-4 9:19:53,33.00,0.00,0.00,17.335,0.625,-5.500,11.835,17.960,0.00,0.00,0.00,0.00,0.00,0.00,0.00,0.00,0.00,0.00,0.00,0.00,0.00,0.00,0.00,0.00,0.00
20650,DL:0.1.0:AT.1.0.0,2022-3-4 9:20:0,33.00,0.00,0.00,17.288,0.671,-5.453,11.835,17.958,0.00,0.00,0.00,0.00,0.00,0.00,0.00,0.00,0.00,0.00,0.00,0.00,0.00,0.00,0.00,0.00,0.00
20650,DL:0.1.0:AT.1.0.0,2022-3-4 9:20:5,33.00,0.00,0.00,17.323,0.634,-5.487,11.836,17.957,0.00,0.00,0.00,0.00,0.00,0.00,0.00,0.00,0.00,0.00,0.00,0.00,0.00,0.00,0.00,0.00,0.00
20650,DL:0.1.0:AT.1.0.0,2022-3-4 9:20:12,33.00,0.00,0.00,17.330,0.626,-5.495,11.835,17.956,0.00,0.00,0.00,0.00,0.00,0.00,0.00,0.00,0.00,0.00,0.00,0.00,0.00,0.00,0.00,0.00,0.00
20650,DL:0.1.0:AT.1.0.0,2022-3-4 9:20:19,33.00,0.00,0.00,17.312,0.643,-5.476,11.836,17.955,0.00,0.00,0.00,0.00,0.00,0.00,0.00,0.00,0.00,0.00,0.00,0.00,0.00,0.00,0.00,0.00,0.00
20650,DL:0.1.0:AT.1.0.0,2022-3-4 9:20:26,33.00,0.00,0.00,17.283,0.671,-5.447,11.836,17.954,0.00,0.00,0.00,0.00,0.00,0.00,0.00,0.00,0.00,0.00,0.00,0.00,0.00,0.00,0.00,0.00,0.00
20650,DL:0.1.0:AT.1.0.0,2022-3-4 9:20:31,33.00,0.00,0.00,17.307,0.645,-5.471,11.836,17.952,0.00,0.00,0.00,0.00,0.00,0.00,0.00,0.00,0.00,0.00,0.00,0.00,0.00,0.00,0.00,0.00,0.00
20650,DL:0.1.0:AT.1.0.0,2022-3-4 9:20:36,33.00,0.00,0.00,17.287,0.669,-5.451,11.836,17.956,0.00,0.00,0.00,0.00,0.00,0.00,0.00,0.00,0.00,0.00,0.00,0.00,0.00,0.00,0.00,0.00,0.00
20650,DL:0.1.0:AT.1.0.0,2022-3-4 9:20:43,33.00,0.00,0.00,17.295,0.658,-5.460,11.835,17.954,0.00,0.00,0.00,0.00,0.00,0.00,0.00,0.00,0.00,0.00,0.00,0.00,0.00,0.00,0.00,0.00,0.00
20650,DL:0.1.0:AT.1.0.0,2022-3-4 9:20:50,33.00,0.00,0.00,17.312,0.640,-5.476,11.836,17.952,0.00,0.00,0.00,0.00,0.00,0.00,0.00,0.00,0.00,0.00,0.00,0.00,0.00,0.00,0.00,0.00,0.00
20650,DL:0.1.0:AT.1.0.0,2022-3-4 9:20:57,33.00,0.00,0.00,17.296,0.655,-5.459,11.837,17.951,0.00,0.00,0.00,0.00,0.00,0.00,0.00,0.00,0.00,0.00,0.00,0.00,0.00,0.00,0.00,0.00,0.00
20650,DL:0.1.0:AT.1.0.0,2022-3-4 9:21:4,33.00,0.00,0.00,17.287,0.662,-5.451,11.836,17.949,0.00,0.00,0.00,0.00,0.00,0.00,0.00,0.00,0.00,0.00,0.00,0.00,0.00,0.00,0.00,0.00,0.00
20650,DL:0.1.0:AT.1.0.0,2022-3-4 9:21:10,33.25,0.00,0.00,17.258,0.690,-5.422,11.836,17.948,0.00,0.00,0.00,0.00,0.00,0.00,0.00,0.00,0.00,0.00,0.00,0.00,0.00,0.00,0.00,0.00,0.00
20650,DL:0.1.0:AT.1.0.0,2022-3-4 9:21:18,33.25,0.00,0.00,17.276,0.669,-5.440,11.836,17.945,0.00,0.00,0.00,0.00,0.00,0.00,0.00,0.00,0.00,0.00,0.00,0.00,0.00,0.00,0.00,0.00,0.00
20650,DL:0.1.0:AT.1.0.0,2022-3-4 9:21:24,33.25,0.00,0.00,17.271,0.673,-5.434,11.837,17.944,0.00,0.00,0.00,0.00,0.00,0.00,0.00,0.00,0.00,0.00,0.00,0.00,0.00,0.00,0.00,0.00,0.00
20650,DL:0.1.0:AT.1.0.0,2022-3-4 9:21:29,33.25,0.00,0.00,17.281,0.662,-5.445,11.836,17.943,0.00,0.00,0.00,0.00,0.00,0.00,0.00,0.00,0.00,0.00,0.00,0.00,0.00,0.00,0.00,0.00,0.00
20650,DL:0.1.0:AT.1.0.0,2022-3-4 9:21:35,33.25,0.00,0.00,17.270,0.672,-5.434,11.836,17.942,0.00,0.00,0.00,0.00,0.00,0.00,0.00,0.00,0.00,0.00,0.00,0.00,0.00,0.00,0.00,0.00,0.00
20650,DL:0.1.0:AT.1.0.0,2022-3-4 9:21:41,33.25,0.00,0.00,17.298,0.643,-5.460,11.837,17.940,0.00,0.00,0.00,0.00,0.00,0.00,0.00,0.00,0.00,0.00,0.00,0.00,0.00,0.00,0.00,0.00,0.00
20650,DL:0.1.0:AT.1.0.0,2022-3-4 9:21:46,33.25,0.00,0.00,17.273,0.665,-5.437,11.836,17.938,0.00,0.00,0.00,0.00,0.00,0.00,0.00,0.00,0.00,0.00,0.00,0.00,0.00,0.00,0.00,0.00,0.00
20650,DL:0.1.0:AT.1.0.0,2022-3-4 9:21:52,33.25,0.00,0.00,17.258,0.679,-5.421,11.837,17.937,0.00,0.00,0.00,0.00,0.00,0.00,0.00,0.00,0.00,0.00,0.00,0.00,0.00,0.00,0.00,0.00,0.00
20650,DL:0.1.0:AT.1.0.0,2022-3-4 9:21:57,33.25,0.00,0.00,17.255,0.680,-5.416,11.840,17.936,0.00,0.00,0.00,0.00,0.00,0.00,0.00,0.00,0.00,0.00,0.00,0.00,0.00,0.00,0.00,0.00,0.00
20650,DL:0.1.0:AT.1.0.0,2022-3-4 9:22:6,33.25,0.00,0.00,17.267,0.667,-5.428,11.840,17.934,0.00,0.00,0.00,0.00,0.00,0.00,0.00,0.00,0.00,0.00,0.00,0.00,0.00,0.00,0.00,0.00,0.00
20650,DL:0.1.0:AT.1.0.0,2022-3-4 9:22:12,33.25,0.00,0.00,17.245,0.687,-5.405,11.840,17.932,0.00,0.00,0.00,0.00,0.00,0.00,0.00,0.00,0.00,0.00,0.00,0.00,0.00,0.00,0.00,0.00,0.00
20650,DL:0.1.0:AT.1.0.0,2022-3-4 9:22:19,33.25,0.00,0.00,17.284,0.646,-5.445,11.840,17.931,0.00,0.00,0.00,0.00,0.00,0.00,0.00,0.00,0.00,0.00,0.00,0.00,0.00,0.00,0.00,0.00,0.00
20650,DL:0.1.0:AT.1.0.0,2022-3-4 9:22:26,33.25,0.00,0.00,17.292,0.638,-5.452,11.840,17.930,0.00,0.00,0.00,0.00,0.00,0.00,0.00,0.00,0.00,0.00,0.00,0.00,0.00,0.00,0.00,0.00,0.00
20650,DL:0.1.0:AT.1.0.0,2022-3-4 9:22:33,33.25,0.00,0.00,17.270,0.662,-5.430,11.840,17.932,0.00,0.00,0.00,0.00,0.00,0.00,0.00,0.00,0.00,0.00,0.00,0.00,0.00,0.00,0.00,0.00,0.00
20650,DL:0.1.0:AT.1.0.0,2022-3-4 9:22:38,33.25,0.00,0.00,17.277,0.654,-5.436,11.841,17.931,0.00,0.00,0.00,0.00,0.00,0.00,0.00,0.00,0.00,0.00,0.00,0.00,0.00,0.00,0.00,0.00,0.00
20650,DL:0.1.0:AT.1.0.0,2022-3-4 9:22:43,33.25,0.00,0.00,17.311,0.618,-5.470,11.841,17.928,0.00,0.00,0.00,0.00,0.00,0.00,0.00,0.00,0.00,0.00,0.00,0.00,0.00,0.00,0.00,0.00,0.00
20650,DL:0.1.0:AT.1.0.0,2022-3-4 9:22:50,33.25,0.00,0.00,17.260,0.668,-5.419,11.841,17.928,0.00,0.00,0.00,0.00,0.00,0.00,0.00,0.00,0.00,0.00,0.00,0.00,0.00,0.00,0.00,0.00,0.00
20650,DL:0.1.0:AT.1.0.0,2022-3-4 9:22:56,33.25,0.00,0.00,17.320,0.604,-5.479,11.841,17.925,0.00,0.00,0.00,0.00,0.00,0.00,0.00,0.00,0.00,0.00,0.00,0.00,0.00,0.00,0.00,0.00,0.00
20650,DL:0.1.0:AT.1.0.0,2022-3-4 9:23:7,33.25,0.00,0.00,NAN,NAN,NAN,NAN,NAN,0.00,0.00,0.00,0.00,0.00,0.00,0.00,0.00,0.00,0.00,0.00,0.00,0.00,0.00,0.00,0.00,0.00
20650,DL:0.1.0:AT.1.0.0,2022-3-4 9:23:14,33.25,0.00,0.00,17.294,0.628,-5.453,11.841,17.922,0.00,0.00,0.00,0.00,0.00,0.00,0.00,0.00,0.00,0.00,0.00,0.00,0.00,0.00,0.00,0.00,0.00
20650,DL:0.1.0:AT.1.0.0,2022-3-4 9:23:20,33.25,0.00,0.00,17.311,0.610,-5.470,11.841,17.921,0.00,0.00,0.00,0.00,0.00,0.00,0.00,0.00,0.00,0.00,0.00,0.00,0.00,0.00,0.00,0.00,0.00
20650,DL:0.1.0:AT.1.0.0,2022-3-4 9:23:27,33.25,0.00,0.00,17.328,0.592,-5.487,11.841,17.920,0.00,0.00,0.00,0.00,0.00,0.00,0.00,0.00,0.00,0.00,0.00,0.00,0.00,0.00,0.00,0.00,0.00
20650,DL:0.1.0:AT.1.0.0,2022-3-4 9:23:35,33.25,0.00,0.00,17.324,0.592,-5.482,11.842,17.916,0.00,0.00,0.00,0.00,0.00,0.00,0.00,0.00,0.00,0.00,0.00,0.00,0.00,0.00,0.00,0.00,0.00
20650,DL:0.1.0:AT.1.0.0,2022-3-4 9:23:41,33.25,0.00,0.00,17.317,0.598,-5.476,11.841,17.915,0.00,0.00,0.00,0.00,0.00,0.00,0.00,0.00,0.00,0.00,0.00,0.00,0.00,0.00,0.00,0.00,0.00
20650,DL:0.1.0:AT.1.0.0,2022-3-4 9:23:48,33.25,0.00,0.00,17.338,0.577,-5.496,11.842,17.915,0.00,0.00,0.00,0.00,0.00,0.00,0.00,0.00,0.00,0.00,0.00,0.00,0.00,0.00,0.00,0.00,0.00
20650,DL:0.1.0:AT.1.0.0,2022-3-4 9:23:58,33.25,0.00,0.00,17.308,0.603,-5.467,11.841,17.912,0.00,0.00,0.00,0.00,0.00,0.00,0.00,0.00,0.00,0.00,0.00,0.00,0.00,0.00,0.00,0.00,0.00
20650,DL:0.1.0:AT.1.0.0,2022-3-4 9:24:3,33.25,0.00,0.00,17.320,0.590,-5.478,11.842,17.910,0.00,0.00,0.00,0.00,0.00,0.00,0.00,0.00,0.00,0.00,0.00,0.00,0.00,0.00,0.00,0.00,0.00
20650,DL:0.1.0:AT.1.0.0,2022-3-4 9:24:8,33.25,0.00,0.00,17.307,0.602,-5.465,11.842,17.909,0.00,0.00,0.00,0.00,0.00,0.00,0.00,0.00,0.00,0.00,0.00,0.00,0.00,0.00,0.00,0.00,0.00
20650,DL:0.1.0:AT.1.0.0,2022-3-4 9:24:15,33.25,0.00,0.00,17.311,0.597,-5.469,11.842,17.908,0.00,0.00,0.00,0.00,0.00,0.00,0.00,0.00,0.00,0.00,0.00,0.00,0.00,0.00,0.00,0.00,0.00
20650,DL:0.1.0:AT.1.0.0,2022-3-4 9:24:22,33.25,0.00,0.00,17.322,0.589,-5.478,11.843,17.910,0.00,0.00,0.00,0.00,0.00,0.00,0.00,0.00,0.00,0.00,0.00,0.00,0.00,0.00,0.00,0.00,0.00
20650,DL:0.1.0:AT.1.0.0,2022-3-4 9:24:27,33.25,0.00,0.00,17.299,0.610,-5.455,11.843,17.909,0.00,0.00,0.00,0.00,0.00,0.00,0.00,0.00,0.00,0.00,0.00,0.00,0.00,0.00,0.00,0.00,0.00
20650,DL:0.1.0:AT.1.0.0,2022-3-4 9:24:32,33.25,0.00,0.00,17.298,0.610,-5.454,11.843,17.908,0.00,0.00,0.00,0.00,0.00,0.00,0.00,0.00,0.00,0.00,0.00,0.00,0.00,0.00,0.00,0.00,0.00
20650,DL:0.1.0:AT.1.0.0,2022-3-4 9:24:38,33.25,0.00,0.00,17.310,0.596,-5.465,11.845,17.906,0.00,0.00,0.00,0.00,0.00,0.00,0.00,0.00,0.00,0.00,0.00,0.00,0.00,0.00,0.00,0.00,0.00
20650,DL:0.1.0:AT.1.0.0,2022-3-4 9:24:43,33.25,0.00,0.00,17.338,0.565,-5.494,11.845,17.903,0.00,0.00,0.00,0.00,0.00,0.00,0.00,0.00,0.00,0.00,0.00,0.00,0.00,0.00,0.00,0.00,0.00
20650,DL:0.1.0:AT.1.0.0,2022-3-4 9:24:48,33.25,0.00,0.00,17.320,0.580,-5.477,11.843,17.901,0.00,0.00,0.00,0.00,0.00,0.00,0.00,0.00,0.00,0.00,0.00,0.00,0.00,0.00,0.00,0.00,0.00
20650,DL:0.1.0:AT.1.0.0,2022-3-4 9:24:53,33.25,0.00,0.00,17.311,0.589,-5.466,11.845,17.900,0.00,0.00,0.00,0.00,0.00,0.00,0.00,0.00,0.00,0.00,0.00,0.00,0.00,0.00,0.00,0.00,0.00
20650,DL:0.1.0:AT.1.0.0,2022-3-4 9:24:59,33.25,0.00,0.00,17.293,0.606,-5.447,11.846,17.898,0.00,0.00,0.00,0.00,0.00,0.00,0.00,0.00,0.00,0.00,0.00,0.00,0.00,0.00,0.00,0.00,0.00
20650,DL:0.1.0:AT.1.0.0,2022-3-4 9:25:4,33.25,0.00,0.00,17.324,0.573,-5.478,11.846,17.897,0.00,0.00,0.00,0.00,0.00,0.00,0.00,0.00,0.00,0.00,0.00,0.00,0.00,0.00,0.00,0.00,0.00
20650,DL:0.1.0:AT.1.0.0,2022-3-4 9:25:10,33.25,0.00,0.00,17.342,0.554,-5.496,11.846,17.896,0.00,0.00,0.00,0.00,0.00,0.00,0.00,0.00,0.00,0.00,0.00,0.00,0.00,0.00,0.00,0.00,0.00
20650,DL:0.1.0:AT.1.0.0,2022-3-4 9:25:15,33.25,0.00,0.00,17.304,0.591,-5.458,11.846,17.895,0.00,0.00,0.00,0.00,0.00,0.00,0.00,0.00,0.00,0.00,0.00,0.00,0.00,0.00,0.00,0.00,0.00
20650,DL:0.1.0:AT.1.0.0,2022-3-4 9:25:20,33.25,0.00,0.00,17.314,0.580,-5.469,11.846,17.895,0.00,0.00,0.00,0.00,0.00,0.00,0.00,0.00,0.00,0.00,0.00,0.00,0.00,0.00,0.00,0.00,0.00
20650,DL:0.1.0:AT.1.0.0,2022-3-4 9:25:27,33.25,0.00,0.00,17.329,0.562,-5.483,11.846,17.891,0.00,0.00,0.00,0.00,0.00,0.00,0.00,0.00,0.00,0.00,0.00,0.00,0.00,0.00,0.00,0.00,0.00
20650,DL:0.1.0:AT.1.0.0,2022-3-4 9:25:32,33.25,0.00,0.00,17.307,0.584,-5.463,11.845,17.891,0.00,0.00,0.00,0.00,0.00,0.00,0.00,0.00,0.00,0.00,0.00,0.00,0.00,0.00,0.00,0.00,0.00
20650,DL:0.1.0:AT.1.0.0,2022-3-4 9:25:39,33.25,0.00,0.00,17.323,0.566,-5.477,11.846,17.889,0.00,0.00,0.00,0.00,0.00,0.00,0.00,0.00,0.00,0.00,0.00,0.00,0.00,0.00,0.00,0.00,0.00
20650,DL:0.1.0:AT.1.0.0,2022-3-4 9:25:44,33.25,0.00,0.00,17.324,0.565,-5.478,11.846,17.889,0.00,0.00,0.00,0.00,0.00,0.00,0.00,0.00,0.00,0.00,0.00,0.00,0.00,0.00,0.00,0.00,0.00
20650,DL:0.1.0:AT.1.0.0,2022-3-4 9:25:51,33.25,0.00,0.00,17.342,0.544,-5.495,11.847,17.886,0.00,0.00,0.00,0.00,0.00,0.00,0.00,0.00,0.00,0.00,0.00,0.00,0.00,0.00,0.00,0.00,0.00
20650,DL:0.1.0:AT.1.0.0,2022-3-4 9:25:56,33.25,0.00,0.00,17.337,0.548,-5.491,11.846,17.885,0.00,0.00,0.00,0.00,0.00,0.00,0.00,0.00,0.00,0.00,0.00,0.00,0.00,0.00,0.00,0.00,0.00
20650,DL:0.1.0:AT.1.0.0,2022-3-4 9:26:1,33.25,0.00,0.00,17.319,0.564,-5.472,11.847,17.883,0.00,0.00,0.00,0.00,0.00,0.00,0.00,0.00,0.00,0.00,0.00,0.00,0.00,0.00,0.00,0.00,0.00
20650,DL:0.1.0:AT.1.0.0,2022-3-4 9:26:9,33.25,0.00,0.00,17.311,0.576,-5.465,11.846,17.886,0.00,0.00,0.00,0.00,0.00,0.00,0.00,0.00,0.00,0.00,0.00,0.00,0.00,0.00,0.00,0.00,0.00
20650,DL:0.1.0:AT.1.0.0,2022-3-4 9:26:15,33.25,0.00,0.00,17.328,0.556,-5.481,11.847,17.884,0.00,0.00,0.00,0.00,0.00,0.00,0.00,0.00,0.00,0.00,0.00,0.00,0.00,0.00,0.00,0.00,0.00
20650,DL:0.1.0:AT.1.0.0,2022-3-4 9:26:22,33.25,0.00,0.00,17.348,0.535,-5.501,11.847,17.883,0.00,0.00,0.00,0.00,0.00,0.00,0.00,0.00,0.00,0.00,0.00,0.00,0.00,0.00,0.00,0.00,0.00
20650,DL:0.1.0:AT.1.0.0,2022-3-4 9:26:29,33.25,0.00,0.00,17.318,0.562,-5.471,11.847,17.880,0.00,0.00,0.00,0.00,0.00,0.00,0.00,0.00,0.00,0.00,0.00,0.00,0.00,0.00,0.00,0.00,0.00
20650,DL:0.1.0:AT.1.0.0,2022-3-4 9:26:36,33.25,0.00,0.00,17.326,0.552,-5.479,11.847,17.878,0.00,0.00,0.00,0.00,0.00,0.00,0.00,0.00,0.00,0.00,0.00,0.00,0.00,0.00,0.00,0.00,0.00
20650,DL:0.1.0:AT.1.0.0,2022-3-4 9:26:43,33.25,0.00,0.00,17.355,0.522,-5.508,11.847,17.877,0.00,0.00,0.00,0.00,0.00,0.00,0.00,0.00,0.00,0.00,0.00,0.00,0.00,0.00,0.00,0.00,0.00
20650,DL:0.1.0:AT.1.0.0,2022-3-4 9:26:49,33.25,0.00,0.00,17.366,0.507,-5.519,11.847,17.873,0.00,0.00,0.00,0.00,0.00,0.00,0.00,0.00,0.00,0.00,0.00,0.00,0.00,0.00,0.00,0.00,0.00
20650,DL:0.1.0:AT.1.0.0,2022-3-4 9:26:56,33.25,0.00,0.00,17.334,0.540,-5.487,11.847,17.873,0.00,0.00,0.00,0.00,0.00,0.00,0.00,0.00,0.00,0.00,0.00,0.00,0.00,0.00,0.00,0.00,0.00
20650,DL:0.1.0:AT.1.0.0,2022-3-4 9:27:1,33.25,0.00,0.00,17.346,0.526,-5.499,11.847,17.872,0.00,0.00,0.00,0.00,0.00,0.00,0.00,0.00,0.00,0.00,0.00,0.00,0.00,0.00,0.00,0.00,0.00
20650,DL:0.1.0:AT.1.0.0,2022-3-4 9:27:6,33.25,0.00,0.00,17.308,0.564,-5.460,11.848,17.872,0.00,0.00,0.00,0.00,0.00,0.00,0.00,0.00,0.00,0.00,0.00,0.00,0.00,0.00,0.00,0.00,0.00
20650,DL:0.1.0:AT.1.0.0,2022-3-4 9:27:14,33.25,0.00,0.00,17.347,0.522,-5.497,11.849,17.868,0.00,0.00,0.00,0.00,0.00,0.00,0.00,0.00,0.00,0.00,0.00,0.00,0.00,0.00,0.00,0.00,0.00
20650,DL:0.1.0:AT.1.0.0,2022-3-4 9:27:19,33.25,0.00,0.00,17.317,0.552,-5.467,11.849,17.868,0.00,0.00,0.00,0.00,0.00,0.00,0.00,0.00,0.00,0.00,0.00,0.00,0.00,0.00,0.00,0.00,0.00
20650,DL:0.1.0:AT.1.0.0,2022-3-4 9:27:27,33.25,0.00,0.00,17.341,0.525,-5.490,11.851,17.866,0.00,0.00,0.00,0.00,0.00,0.00,0.00,0.00,0.00,0.00,0.00,0.00,0.00,0.00,0.00,0.00,0.00
20650,DL:0.1.0:AT.1.0.0,2022-3-4 9:27:32,33.50,0.00,0.00,17.332,0.534,-5.483,11.849,17.866,0.00,0.00,0.00,0.00,0.00,0.00,0.00,0.00,0.00,0.00,0.00,0.00,0.00,0.00,0.00,0.00,0.00
20650,DL:0.1.0:AT.1.0.0,2022-3-4 9:27:37,33.50,0.00,0.00,17.316,0.548,-5.465,11.851,17.863,0.00,0.00,0.00,0.00,0.00,0.00,0.00,0.00,0.00,0.00,0.00,0.00,0.00,0.00,0.00,0.00,0.00
20650,DL:0.1.0:AT.1.0.0,2022-3-4 9:27:42,33.50,0.00,0.00,17.308,0.554,-5.458,11.851,17.862,0.00,0.00,0.00,0.00,0.00,0.00,0.00,0.00,0.00,0.00,0.00,0.00,0.00,0.00,0.00,0.00,0.00
20650,DL:0.1.0:AT.1.0.0,2022-3-4 9:27:47,33.50,0.00,0.00,17.316,0.546,-5.465,11.851,17.861,0.00,0.00,0.00,0.00,0.00,0.00,0.00,0.00,0.00,0.00,0.00,0.00,0.00,0.00,0.00,0.00,0.00
20650,DL:0.1.0:AT.1.0.0,2022-3-4 9:27:54,33.50,0.00,0.00,17.324,0.535,-5.473,11.851,17.859,0.00,0.00,0.00,0.00,0.00,0.00,0.00,0.00,0.00,0.00,0.00,0.00,0.00,0.00,0.00,0.00,0.00
20650,DL:0.1.0:AT.1.0.0,2022-3-4 9:27:59,33.50,0.00,0.00,17.311,0.548,-5.460,11.851,17.859,0.00,0.00,0.00,0.00,0.00,0.00,0.00,0.00,0.00,0.00,0.00,0.00,0.00,0.00,0.00,0.00,0.00
20650,DL:0.1.0:AT.1.0.0,2022-3-4 9:28:4,33.50,0.00,0.00,17.342,0.520,-5.491,11.851,17.862,0.00,0.00,0.00,0.00,0.00,0.00,0.00,0.00,0.00,0.00,0.00,0.00,0.00,0.00,0.00,0.00,0.00
20650,DL:0.1.0:AT.1.0.0,2022-3-4 9:28:17,33.50,0.00,0.00,17.308,0.549,-5.459,11.849,17.857,0.00,0.00,0.00,0.00,0.00,0.00,0.00,0.00,0.00,0.00,0.00,0.00,0.00,0.00,0.00,0.00,0.00
20650,DL:0.1.0:AT.1.0.0,2022-3-4 9:28:25,33.50,0.00,0.00,17.320,0.535,-5.470,11.851,17.855,0.00,0.00,0.00,0.00,0.00,0.00,0.00,0.00,0.00,0.00,0.00,0.00,0.00,0.00,0.00,0.00,0.00
20650,DL:0.1.0:AT.1.0.0,2022-3-4 9:28:32,33.50,0.00,0.00,17.330,0.523,-5.481,11.849,17.853,0.00,0.00,0.00,0.00,0.00,0.00,0.00,0.00,0.00,0.00,0.00,0.00,0.00,0.00,0.00,0.00,0.00
20650,DL:0.1.0:AT.1.0.0,2022-3-4 9:28:37,33.50,0.00,0.00,17.298,0.554,-5.446,11.852,17.851,0.00,0.00,0.00,0.00,0.00,0.00,0.00,0.00,0.00,0.00,0.00,0.00,0.00,0.00,0.00,0.00,0.00
20650,DL:0.1.0:AT.1.0.0,2022-3-4 9:28:46,33.50,0.00,0.00,17.323,0.528,-5.472,11.851,17.850,0.00,0.00,0.00,0.00,0.00,0.00,0.00,0.00,0.00,0.00,0.00,0.00,0.00,0.00,0.00,0.00,0.00
20650,DL:0.1.0:AT.1.0.0,2022-3-4 9:28:55,33.50,0.00,0.00,17.328,0.520,-5.477,11.851,17.848,0.00,0.00,0.00,0.00,0.00,0.00,0.00,0.00,0.00,0.00,0.00,0.00,0.00,0.00,0.00,0.00,0.00
20650,DL:0.1.0:AT.1.0.0,2022-3-4 9:29:0,33.50,0.00,0.00,17.307,0.538,-5.455,11.852,17.845,0.00,0.00,0.00,0.00,0.00,0.00,0.00,0.00,0.00,0.00,0.00,0.00,0.00,0.00,0.00,0.00,0.00
20650,DL:0.1.0:AT.1.0.0,2022-3-4 9:29:6,33.50,0.00,0.00,17.317,0.528,-5.466,11.851,17.844,0.00,0.00,0.00,0.00,0.00,0.00,0.00,0.00,0.00,0.00,0.00,0.00,0.00,0.00,0.00,0.00,0.00
20650,DL:0.1.0:AT.1.0.0,2022-3-4 9:29:16,33.50,0.00,0.00,17.310,0.532,-5.458,11.852,17.842,0.00,0.00,0.00,0.00,0.00,0.00,0.00,0.00,0.00,0.00,0.00,0.00,0.00,0.00,0.00,0.00,0.00
20650,DL:0.1.0:AT.1.0.0,2022-3-4 9:29:23,33.50,0.00,0.00,17.311,0.529,-5.459,11.852,17.839,0.00,0.00,0.00,0.00,0.00,0.00,0.00,0.00,0.00,0.00,0.00,0.00,0.00,0.00,0.00,0.00,0.00
20650,DL:0.1.0:AT.1.0.0,2022-3-4 9:29:30,33.50,0.00,0.00,17.306,0.532,-5.455,11.851,17.838,0.00,0.00,0.00,0.00,0.00,0.00,0.00,0.00,0.00,0.00,0.00,0.00,0.00,0.00,0.00,0.00,0.00
20650,DL:0.1.0:AT.1.0.0,2022-3-4 9:29:36,33.50,0.00,0.00,17.305,0.531,-5.453,11.852,17.836,0.00,0.00,0.00,0.00,0.00,0.00,0.00,0.00,0.00,0.00,0.00,0.00,0.00,0.00,0.00,0.00,0.00
20650,DL:0.1.0:AT.1.0.0,2022-3-4 9:29:41,33.75,0.00,0.00,17.292,0.542,-5.440,11.852,17.833,0.00,0.00,0.00,0.00,0.00,0.00,0.00,0.00,0.00,0.00,0.00,0.00,0.00,0.00,0.00,0.00,0.00
20650,DL:0.1.0:AT.1.0.0,2022-3-4 9:29:51,33.75,0.00,0.00,17.300,0.537,-5.447,11.853,17.837,0.00,0.00,0.00,0.00,0.00,0.00,0.00,0.00,0.00,0.00,0.00,0.00,0.00,0.00,0.00,0.00,0.00
20650,DL:0.1.0:AT.1.0.0,2022-3-4 9:29:56,33.75,0.00,0.00,17.260,0.574,-5.406,11.854,17.835,0.00,0.00,0.00,0.00,0.00,0.00,0.00,0.00,0.00,0.00,0.00,0.00,0.00,0.00,0.00,0.00,0.00
20650,DL:0.1.0:AT.1.0.0,2022-3-4 9:30:4,33.75,0.00,0.00,17.301,0.531,-5.447,11.854,17.832,0.00,0.00,0.00,0.00,0.00,0.00,0.00,0.00,0.00,0.00,0.00,0.00,0.00,0.00,0.00,0.00,0.00
20650,DL:0.1.0:AT.1.0.0,2022-3-4 9:30:11,33.75,0.00,0.00,17.288,0.542,-5.434,11.854,17.830,0.00,0.00,0.00,0.00,0.00,0.00,0.00,0.00,0.00,0.00,0.00,0.00,0.00,0.00,0.00,0.00,0.00
20650,DL:0.1.0:AT.1.0.0,2022-3-4 9:30:16,33.75,0.00,0.00,17.293,0.536,-5.439,11.854,17.829,0.00,0.00,0.00,0.00,0.00,0.00,0.00,0.00,0.00,0.00,0.00,0.00,0.00,0.00,0.00,0.00,0.00
20650,DL:0.1.0:AT.1.0.0,2022-3-4 9:30:21,33.75,0.00,0.00,17.277,0.549,-5.423,11.854,17.826,0.00,0.00,0.00,0.00,0.00,0.00,0.00,0.00,0.00,0.00,0.00,0.00,0.00,0.00,0.00,0.00,0.00
20650,DL:0.1.0:AT.1.0.0,2022-3-4 9:30:28,33.75,0.00,0.00,17.314,0.509,-5.459,11.855,17.824,0.00,0.00,0.00,0.00,0.00,0.00,0.00,0.00,0.00,0.00,0.00,0.00,0.00,0.00,0.00,0.00,0.00
20650,DL:0.1.0:AT.1.0.0,2022-3-4 9:30:35,33.75,0.00,0.00,17.286,0.537,-5.431,11.854,17.823,0.00,0.00,0.00,0.00,0.00,0.00,0.00,0.00,0.00,0.00,0.00,0.00,0.00,0.00,0.00,0.00,0.00
20650,DL:0.1.0:AT.1.0.0,2022-3-4 9:30:42,33.50,0.00,0.00,17.272,0.548,-5.416,11.857,17.820,0.00,0.00,0.00,0.00,0.00,0.00,0.00,0.00,0.00,0.00,0.00,0.00,0.00,0.00,0.00,0.00,0.00
20650,DL:0.1.0:AT.1.0.0,2022-3-4 9:30:50,33.50,0.00,0.00,17.288,0.530,-5.433,11.855,17.818,0.00,0.00,0.00,0.00,0.00,0.00,0.00,0.00,0.00,0.00,0.00,0.00,0.00,0.00,0.00,0.00,0.00
20650,DL:0.1.0:AT.1.0.0,2022-3-4 9:30:55,33.50,0.00,0.00,17.299,0.517,-5.443,11.855,17.815,0.00,0.00,0.00,0.00,0.00,0.00,0.00,0.00,0.00,0.00,0.00,0.00,0.00,0.00,0.00,0.00,0.00
20650,DL:0.1.0:AT.1.0.0,2022-3-4 9:31:2,33.50,0.00,0.00,17.311,0.502,-5.455,11.855,17.813,0.00,0.00,0.00,0.00,0.00,0.00,0.00,0.00,0.00,0.00,0.00,0.00,0.00,0.00,0.00,0.00,0.00
20650,DL:0.1.0:AT.1.0.0,2022-3-4 9:31:7,33.50,0.00,0.00,17.298,0.514,-5.442,11.855,17.812,0.00,0.00,0.00,0.00,0.00,0.00,0.00,0.00,0.00,0.00,0.00,0.00,0.00,0.00,0.00,0.00,0.00
20650,DL:0.1.0:AT.1.0.0,2022-3-4 9:31:12,33.50,0.00,0.00,17.296,0.512,-5.441,11.855,17.808,0.00,0.00,0.00,0.00,0.00,0.00,0.00,0.00,0.00,0.00,0.00,0.00,0.00,0.00,0.00,0.00,0.00
20650,DL:0.1.0:AT.1.0.0,2022-3-4 9:31:17,33.50,0.00,0.00,17.275,0.532,-5.419,11.855,17.807,0.00,0.00,0.00,0.00,0.00,0.00,0.00,0.00,0.00,0.00,0.00,0.00,0.00,0.00,0.00,0.00,0.00
20650,DL:0.1.0:AT.1.0.0,2022-3-4 9:31:23,33.50,0.00,0.00,17.278,0.532,-5.423,11.855,17.811,0.00,0.00,0.00,0.00,0.00,0.00,0.00,0.00,0.00,0.00,0.00,0.00,0.00,0.00,0.00,0.00,0.00
20650,DL:0.1.0:AT.1.0.0,2022-3-4 9:31:28,33.50,0.00,0.00,17.258,0.550,-5.401,11.857,17.808,0.00,0.00,0.00,0.00,0.00,0.00,0.00,0.00,0.00,0.00,0.00,0.00,0.00,0.00,0.00,0.00,0.00
20650,DL:0.1.0:AT.1.0.0,2022-3-4 9:31:33,33.50,0.00,0.00,17.272,0.535,-5.417,11.855,17.807,0.00,0.00,0.00,0.00,0.00,0.00,0.00,0.00,0.00,0.00,0.00,0.00,0.00,0.00,0.00,0.00,0.00
20650,DL:0.1.0:AT.1.0.0,2022-3-4 9:31:38,33.50,0.00,0.00,17.267,0.536,-5.412,11.855,17.803,0.00,0.00,0.00,0.00,0.00,0.00,0.00,0.00,0.00,0.00,0.00,0.00,0.00,0.00,0.00,0.00,0.00
20650,DL:0.1.0:AT.1.0.0,2022-3-4 9:31:43,33.50,0.00,0.00,17.300,0.502,-5.443,11.857,17.802,0.00,0.00,0.00,0.00,0.00,0.00,0.00,0.00,0.00,0.00,0.00,0.00,0.00,0.00,0.00,0.00,0.00
20650,DL:0.1.0:AT.1.0.0,2022-3-4 9:31:55,33.75,0.00,0.00,17.266,0.532,-5.410,11.857,17.799,0.00,0.00,0.00,0.00,0.00,0.00,0.00,0.00,0.00,0.00,0.00,0.00,0.00,0.00,0.00,0.00,0.00
20650,DL:0.1.0:AT.1.0.0,2022-3-4 9:32:0,33.75,0.00,0.00,17.287,0.509,-5.430,11.857,17.796,0.00,0.00,0.00,0.00,0.00,0.00,0.00,0.00,0.00,0.00,0.00,0.00,0.00,0.00,0.00,0.00,0.00
20650,DL:0.1.0:AT.1.0.0,2022-3-4 9:32:7,33.75,0.00,0.00,17.277,0.518,-5.422,11.855,17.795,0.00,0.00,0.00,0.00,0.00,0.00,0.00,0.00,0.00,0.00,0.00,0.00,0.00,0.00,0.00,0.00,0.00
20650,DL:0.1.0:AT.1.0.0,2022-3-4 9:32:12,33.75,0.00,0.00,17.283,0.509,-5.427,11.857,17.793,0.00,0.00,0.00,0.00,0.00,0.00,0.00,0.00,0.00,0.00,0.00,0.00,0.00,0.00,0.00,0.00,0.00
20650,DL:0.1.0:AT.1.0.0,2022-3-4 9:32:17,33.75,0.00,0.00,17.288,0.503,-5.433,11.855,17.791,0.00,0.00,0.00,0.00,0.00,0.00,0.00,0.00,0.00,0.00,0.00,0.00,0.00,0.00,0.00,0.00,0.00
20650,DL:0.1.0:AT.1.0.0,2022-3-4 9:32:25,33.75,0.00,0.00,17.281,0.508,-5.425,11.855,17.789,0.00,0.00,0.00,0.00,0.00,0.00,0.00,0.00,0.00,0.00,0.00,0.00,0.00,0.00,0.00,0.00,0.00
20650,DL:0.1.0:AT.1.0.0,2022-3-4 9:32:31,33.75,0.00,0.00,17.276,0.509,-5.419,11.857,17.785,0.00,0.00,0.00,0.00,0.00,0.00,0.00,0.00,0.00,0.00,0.00,0.00,0.00,0.00,0.00,0.00,0.00
20650,DL:0.1.0:AT.1.0.0,2022-3-4 9:32:38,33.75,0.00,0.00,17.277,0.506,-5.418,11.859,17.783,0.00,0.00,0.00,0.00,0.00,0.00,0.00,0.00,0.00,0.00,0.00,0.00,0.00,0.00,0.00,0.00,0.00
20650,DL:0.1.0:AT.1.0.0,2022-3-4 9:32:43,33.75,0.00,0.00,17.259,0.523,-5.400,11.859,17.782,0.00,0.00,0.00,0.00,0.00,0.00,0.00,0.00,0.00,0.00,0.00,0.00,0.00,0.00,0.00,0.00,0.00
20650,DL:0.1.0:AT.1.0.0,2022-3-4 9:32:48,33.75,0.00,0.00,17.295,0.484,-5.435,11.860,17.779,0.00,0.00,0.00,0.00,0.00,0.00,0.00,0.00,0.00,0.00,0.00,0.00,0.00,0.00,0.00,0.00,0.00
20650,DL:0.1.0:AT.1.0.0,2022-3-4 9:32:53,33.75,0.00,0.00,17.254,0.528,-5.394,11.860,17.782,0.00,0.00,0.00,0.00,0.00,0.00,0.00,0.00,0.00,0.00,0.00,0.00,0.00,0.00,0.00,0.00,0.00
20650,DL:0.1.0:AT.1.0.0,2022-3-4 9:32:58,33.75,0.00,0.00,17.281,0.500,-5.421,11.860,17.781,0.00,0.00,0.00,0.00,0.00,0.00,0.00,0.00,0.00,0.00,0.00,0.00,0.00,0.00,0.00,0.00,0.00
20650,DL:0.1.0:AT.1.0.0,2022-3-4 9:33:5,33.75,0.00,0.00,17.266,0.509,-5.406,11.860,17.776,0.00,0.00,0.00,0.00,0.00,0.00,0.00,0.00,0.00,0.00,0.00,0.00,0.00,0.00,0.00,0.00,0.00
20650,DL:0.1.0:AT.1.0.0,2022-3-4 9:33:12,33.75,0.00,0.00,17.278,0.496,-5.417,11.861,17.775,0.00,0.00,0.00,0.00,0.00,0.00,0.00,0.00,0.00,0.00,0.00,0.00,0.00,0.00,0.00,0.00,0.00
20650,DL:0.1.0:AT.1.0.0,2022-3-4 9:33:19,33.75,0.00,0.00,17.264,0.508,-5.403,11.861,17.772,0.00,0.00,0.00,0.00,0.00,0.00,0.00,0.00,0.00,0.00,0.00,0.00,0.00,0.00,0.00,0.00,0.00
20650,DL:0.1.0:AT.1.0.0,2022-3-4 9:33:24,33.75,0.00,0.00,17.270,0.501,-5.410,11.860,17.771,0.00,0.00,0.00,0.00,0.00,0.00,0.00,0.00,0.00,0.00,0.00,0.00,0.00,0.00,0.00,0.00,0.00
20650,DL:0.1.0:AT.1.0.0,2022-3-4 9:33:29,33.75,0.00,0.00,17.263,0.506,-5.401,11.861,17.769,0.00,0.00,0.00,0.00,0.00,0.00,0.00,0.00,0.00,0.00,0.00,0.00,0.00,0.00,0.00,0.00,0.00
20650,DL:0.1.0:AT.1.0.0,2022-3-4 9:33:36,33.75,0.00,0.00,17.265,0.502,-5.403,11.863,17.767,0.00,0.00,0.00,0.00,0.00,0.00,0.00,0.00,0.00,0.00,0.00,0.00,0.00,0.00,0.00,0.00,0.00
20650,DL:0.1.0:AT.1.0.0,2022-3-4 9:33:41,33.75,0.00,0.00,17.269,0.497,-5.407,11.861,17.766,0.00,0.00,0.00,0.00,0.00,0.00,0.00,0.00,0.00,0.00,0.00,0.00,0.00,0.00,0.00,0.00,0.00
20650,DL:0.1.0:AT.1.0.0,2022-3-4 9:33:46,33.75,0.00,0.00,17.267,0.495,-5.406,11.861,17.763,0.00,0.00,0.00,0.00,0.00,0.00,0.00,0.00,0.00,0.00,0.00,0.00,0.00,0.00,0.00,0.00,0.00
20650,DL:0.1.0:AT.1.0.0,2022-3-4 9:33:52,33.75,0.00,0.00,17.299,0.463,-5.436,11.863,17.761,0.00,0.00,0.00,0.00,0.00,0.00,0.00,0.00,0.00,0.00,0.00,0.00,0.00,0.00,0.00,0.00,0.00
20650,DL:0.1.0:AT.1.0.0,2022-3-4 9:33:57,34.00,0.00,0.00,17.277,0.482,-5.416,11.861,17.759,0.00,0.00,0.00,0.00,0.00,0.00,0.00,0.00,0.00,0.00,0.00,0.00,0.00,0.00,0.00,0.00,0.00
20650,DL:0.1.0:AT.1.0.0,2022-3-4 9:34:3,34.00,0.00,0.00,17.282,0.475,-5.421,11.861,17.757,0.00,0.00,0.00,0.00,0.00,0.00,0.00,0.00,0.00,0.00,0.00,0.00,0.00,0.00,0.00,0.00,0.00
20650,DL:0.1.0:AT.1.0.0,2022-3-4 9:34:10,34.00,0.00,0.00,17.276,0.479,-5.415,11.861,17.755,0.00,0.00,0.00,0.00,0.00,0.00,0.00,0.00,0.00,0.00,0.00,0.00,0.00,0.00,0.00,0.00,0.00
20650,DL:0.1.0:AT.1.0.0,2022-3-4 9:34:15,34.00,0.00,0.00,17.258,0.495,-5.395,11.863,17.753,0.00,0.00,0.00,0.00,0.00,0.00,0.00,0.00,0.00,0.00,0.00,0.00,0.00,0.00,0.00,0.00,0.00
20650,DL:0.1.0:AT.1.0.0,2022-3-4 9:34:20,34.00,0.00,0.00,17.246,0.511,-5.385,11.861,17.757,0.00,0.00,0.00,0.00,0.00,0.00,0.00,0.00,0.00,0.00,0.00,0.00,0.00,0.00,0.00,0.00,0.00
20650,DL:0.1.0:AT.1.0.0,2022-3-4 9:34:27,34.00,0.00,0.00,17.239,0.513,-5.376,11.863,17.752,0.00,0.00,0.00,0.00,0.00,0.00,0.00,0.00,0.00,0.00,0.00,0.00,0.00,0.00,0.00,0.00,0.00
20650,DL:0.1.0:AT.1.0.0,2022-3-4 9:34:32,34.00,0.00,0.00,17.245,0.505,-5.383,11.861,17.749,0.00,0.00,0.00,0.00,0.00,0.00,0.00,0.00,0.00,0.00,0.00,0.00,0.00,0.00,0.00,0.00,0.00
20650,DL:0.1.0:AT.1.0.0,2022-3-4 9:34:37,34.00,0.00,0.00,17.252,0.496,-5.391,11.861,17.748,0.00,0.00,0.00,0.00,0.00,0.00,0.00,0.00,0.00,0.00,0.00,0.00,0.00,0.00,0.00,0.00,0.00
20650,DL:0.1.0:AT.1.0.0,2022-3-4 9:34:44,34.00,0.00,0.00,17.290,0.455,-5.429,11.861,17.746,0.00,0.00,0.00,0.00,0.00,0.00,0.00,0.00,0.00,0.00,0.00,0.00,0.00,0.00,0.00,0.00,0.00
20650,DL:0.1.0:AT.1.0.0,2022-3-4 9:34:50,34.00,0.00,0.00,17.258,0.485,-5.395,11.863,17.743,0.00,0.00,0.00,0.00,0.00,0.00,0.00,0.00,0.00,0.00,0.00,0.00,0.00,0.00,0.00,0.00,0.00
20650,DL:0.1.0:AT.1.0.0,2022-3-4 9:34:55,34.00,0.00,0.00,17.253,0.489,-5.392,11.861,17.742,0.00,0.00,0.00,0.00,0.00,0.00,0.00,0.00,0.00,0.00,0.00,0.00,0.00,0.00,0.00,0.00,0.00
20650,DL:0.1.0:AT.1.0.0,2022-3-4 9:35:1,34.00,0.00,0.00,17.277,0.461,-5.415,11.863,17.739,0.00,0.00,0.00,0.00,0.00,0.00,0.00,0.00,0.00,0.00,0.00,0.00,0.00,0.00,0.00,0.00,0.00
20650,DL:0.1.0:AT.1.0.0,2022-3-4 9:35:6,34.00,0.00,0.00,17.264,0.472,-5.403,11.861,17.736,0.00,0.00,0.00,0.00,0.00,0.00,0.00,0.00,0.00,0.00,0.00,0.00,0.00,0.00,0.00,0.00,0.00
20650,DL:0.1.0:AT.1.0.0,2022-3-4 9:35:12,34.00,0.00,0.00,17.276,0.458,-5.413,11.863,17.734,0.00,0.00,0.00,0.00,0.00,0.00,0.00,0.00,0.00,0.00,0.00,0.00,0.00,0.00,0.00,0.00,0.00
20650,DL:0.1.0:AT.1.0.0,2022-3-4 9:35:18,34.00,0.00,0.00,17.270,0.461,-5.407,11.863,17.731,0.00,0.00,0.00,0.00,0.00,0.00,0.00,0.00,0.00,0.00,0.00,0.00,0.00,0.00,0.00,0.00,0.00
20650,DL:0.1.0:AT.1.0.0,2022-3-4 9:35:23,34.00,0.00,0.00,17.234,0.496,-5.371,11.863,17.730,0.00,0.00,0.00,0.00,0.00,0.00,0.00,0.00,0.00,0.00,0.00,0.00,0.00,0.00,0.00,0.00,0.00
20650,DL:0.1.0:AT.1.0.0,2022-3-4 9:35:29,34.00,0.00,0.00,17.276,0.452,-5.413,11.863,17.728,0.00,0.00,0.00,0.00,0.00,0.00,0.00,0.00,0.00,0.00,0.00,0.00,0.00,0.00,0.00,0.00,0.00
20650,DL:0.1.0:AT.1.0.0,2022-3-4 9:35:36,34.00,0.00,0.00,17.271,0.454,-5.409,11.863,17.725,0.00,0.00,0.00,0.00,0.00,0.00,0.00,0.00,0.00,0.00,0.00,0.00,0.00,0.00,0.00,0.00,0.00
20650,DL:0.1.0:AT.1.0.0,2022-3-4 9:35:42,34.00,0.00,0.00,17.276,0.447,-5.413,11.863,17.723,0.00,0.00,0.00,0.00,0.00,0.00,0.00,0.00,0.00,0.00,0.00,0.00,0.00,0.00,0.00,0.00,0.00
20650,DL:0.1.0:AT.1.0.0,2022-3-4 9:35:49,34.00,0.00,0.00,17.243,0.483,-5.380,11.864,17.727,0.00,0.00,0.00,0.00,0.00,0.00,0.00,0.00,0.00,0.00,0.00,0.00,0.00,0.00,0.00,0.00,0.00
20650,DL:0.1.0:AT.1.0.0,2022-3-4 9:35:54,34.00,0.00,0.00,17.283,0.440,-5.419,11.864,17.723,0.00,0.00,0.00,0.00,0.00,0.00,0.00,0.00,0.00,0.00,0.00,0.00,0.00,0.00,0.00,0.00,0.00
20650,DL:0.1.0:AT.1.0.0,2022-3-4 9:35:59,34.00,0.00,0.00,17.307,0.413,-5.441,11.866,17.720,0.00,0.00,0.00,0.00,0.00,0.00,0.00,0.00,0.00,0.00,0.00,0.00,0.00,0.00,0.00,0.00,0.00
20650,DL:0.1.0:AT.1.0.0,2022-3-4 9:36:7,34.00,0.00,0.00,17.294,0.424,-5.429,11.865,17.718,0.00,0.00,0.00,0.00,0.00,0.00,0.00,0.00,0.00,0.00,0.00,0.00,0.00,0.00,0.00,0.00,0.00
20650,DL:0.1.0:AT.1.0.0,2022-3-4 9:36:13,34.00,0.00,0.00,17.296,0.417,-5.430,11.866,17.713,0.00,0.00,0.00,0.00,0.00,0.00,0.00,0.00,0.00,0.00,0.00,0.00,0.00,0.00,0.00,0.00,0.00
20650,DL:0.1.0:AT.1.0.0,2022-3-4 9:36:20,34.00,0.00,0.00,17.273,0.439,-5.406,11.867,17.712,0.00,0.00,0.00,0.00,0.00,0.00,0.00,0.00,0.00,0.00,0.00,0.00,0.00,0.00,0.00,0.00,0.00
20650,DL:0.1.0:AT.1.0.0,2022-3-4 9:36:25,34.00,0.00,0.00,17.282,0.428,-5.416,11.866,17.710,0.00,0.00,0.00,0.00,0.00,0.00,0.00,0.00,0.00,0.00,0.00,0.00,0.00,0.00,0.00,0.00,0.00
20650,DL:0.1.0:AT.1.0.0,2022-3-4 9:36:31,34.00,0.00,0.00,17.275,0.434,-5.409,11.866,17.708,0.00,0.00,0.00,0.00,0.00,0.00,0.00,0.00,0.00,0.00,0.00,0.00,0.00,0.00,0.00,0.00,0.00
20650,DL:0.1.0:AT.1.0.0,2022-3-4 9:36:36,34.00,0.00,0.00,17.267,0.439,-5.401,11.866,17.706,0.00,0.00,0.00,0.00,0.00,0.00,0.00,0.00,0.00,0.00,0.00,0.00,0.00,0.00,0.00,0.00,0.00
20650,DL:0.1.0:AT.1.0.0,2022-3-4 9:36:41,34.00,0.00,0.00,17.284,0.418,-5.417,11.867,17.702,0.00,0.00,0.00,0.00,0.00,0.00,0.00,0.00,0.00,0.00,0.00,0.00,0.00,0.00,0.00,0.00,0.00
20650,DL:0.1.0:AT.1.0.0,2022-3-4 9:36:48,34.00,0.00,0.00,17.288,0.413,-5.419,11.869,17.701,0.00,0.00,0.00,0.00,0.00,0.00,0.00,0.00,0.00,0.00,0.00,0.00,0.00,0.00,0.00,0.00,0.00
20650,DL:0.1.0:AT.1.0.0,2022-3-4 9:36:53,34.00,0.00,0.00,17.245,0.454,-5.379,11.866,17.699,0.00,0.00,0.00,0.00,0.00,0.00,0.00,0.00,0.00,0.00,0.00,0.00,0.00,0.00,0.00,0.00,0.00
20650,DL:0.1.0:AT.1.0.0,2022-3-4 9:36:58,34.00,0.00,0.00,17.264,0.434,-5.397,11.867,17.698,0.00,0.00,0.00,0.00,0.00,0.00,0.00,0.00,0.00,0.00,0.00,0.00,0.00,0.00,0.00,0.00,0.00
20650,DL:0.1.0:AT.1.0.0,2022-3-4 9:37:5,34.00,0.00,0.00,17.259,0.436,-5.392,11.867,17.695,0.00,0.00,0.00,0.00,0.00,0.00,0.00,0.00,0.00,0.00,0.00,0.00,0.00,0.00,0.00,0.00,0.00
20650,DL:0.1.0:AT.1.0.0,2022-3-4 9:37:12,34.00,0.00,0.00,17.240,0.453,-5.373,11.867,17.693,0.00,0.00,0.00,0.00,0.00,0.00,0.00,0.00,0.00,0.00,0.00,0.00,0.00,0.00,0.00,0.00,0.00
20650,DL:0.1.0:AT.1.0.0,2022-3-4 9:37:18,34.00,0.00,0.00,17.258,0.439,-5.389,11.869,17.696,0.00,0.00,0.00,0.00,0.00,0.00,0.00,0.00,0.00,0.00,0.00,0.00,0.00,0.00,0.00,0.00,0.00
20650,DL:0.1.0:AT.1.0.0,2022-3-4 9:37:26,34.00,0.00,0.00,17.239,0.453,-5.371,11.867,17.692,0.00,0.00,0.00,0.00,0.00,0.00,0.00,0.00,0.00,0.00,0.00,0.00,0.00,0.00,0.00,0.00,0.00
20650,DL:0.1.0:AT.1.0.0,2022-3-4 9:37:32,34.00,0.00,0.00,17.253,0.437,-5.385,11.869,17.690,0.00,0.00,0.00,0.00,0.00,0.00,0.00,0.00,0.00,0.00,0.00,0.00,0.00,0.00,0.00,0.00,0.00
20650,DL:0.1.0:AT.1.0.0,2022-3-4 9:37:37,34.00,0.00,0.00,17.270,0.419,-5.403,11.867,17.689,0.00,0.00,0.00,0.00,0.00,0.00,0.00,0.00,0.00,0.00,0.00,0.00,0.00,0.00,0.00,0.00,0.00
20650,DL:0.1.0:AT.1.0.0,2022-3-4 9:37:42,34.00,0.00,0.00,17.258,0.428,-5.391,11.867,17.686,0.00,0.00,0.00,0.00,0.00,0.00,0.00,0.00,0.00,0.00,0.00,0.00,0.00,0.00,0.00,0.00,0.00
20650,DL:0.1.0:AT.1.0.0,2022-3-4 9:37:49,34.00,0.00,0.00,17.242,0.442,-5.374,11.869,17.684,0.00,0.00,0.00,0.00,0.00,0.00,0.00,0.00,0.00,0.00,0.00,0.00,0.00,0.00,0.00,0.00,0.00
20650,DL:0.1.0:AT.1.0.0,2022-3-4 9:37:56,34.00,0.00,0.00,17.236,0.446,-5.369,11.867,17.682,0.00,0.00,0.00,0.00,0.00,0.00,0.00,0.00,0.00,0.00,0.00,0.00,0.00,0.00,0.00,0.00,0.00
20650,DL:0.1.0:AT.1.0.0,2022-3-4 9:38:3,34.00,0.00,0.00,17.229,0.451,-5.362,11.867,17.680,0.00,0.00,0.00,0.00,0.00,0.00,0.00,0.00,0.00,0.00,0.00,0.00,0.00,0.00,0.00,0.00,0.00
20650,DL:0.1.0:AT.1.0.0,2022-3-4 9:38:10,34.00,0.00,0.00,17.258,0.418,-5.391,11.867,17.676,0.00,0.00,0.00,0.00,0.00,0.00,0.00,0.00,0.00,0.00,0.00,0.00,0.00,0.00,0.00,0.00,0.00
20650,DL:0.1.0:AT.1.0.0,2022-3-4 9:38:17,34.00,0.00,0.00,17.248,0.427,-5.381,11.867,17.675,0.00,0.00,0.00,0.00,0.00,0.00,0.00,0.00,0.00,0.00,0.00,0.00,0.00,0.00,0.00,0.00,0.00
20650,DL:0.1.0:AT.1.0.0,2022-3-4 9:38:23,34.00,0.00,0.00,17.217,0.455,-5.350,11.867,17.672,0.00,0.00,0.00,0.00,0.00,0.00,0.00,0.00,0.00,0.00,0.00,0.00,0.00,0.00,0.00,0.00,0.00
20650,DL:0.1.0:AT.1.0.0,2022-3-4 9:38:30,34.00,0.00,0.00,17.252,0.418,-5.385,11.867,17.670,0.00,0.00,0.00,0.00,0.00,0.00,0.00,0.00,0.00,0.00,0.00,0.00,0.00,0.00,0.00,0.00,0.00
20650,DL:0.1.0:AT.1.0.0,2022-3-4 9:38:37,34.00,0.00,0.00,17.286,0.382,-5.418,11.867,17.668,0.00,0.00,0.00,0.00,0.00,0.00,0.00,0.00,0.00,0.00,0.00,0.00,0.00,0.00,0.00,0.00,0.00
20650,DL:0.1.0:AT.1.0.0,2022-3-4 9:38:44,34.00,0.00,0.00,17.241,0.424,-5.374,11.867,17.665,0.00,0.00,0.00,0.00,0.00,0.00,0.00,0.00,0.00,0.00,0.00,0.00,0.00,0.00,0.00,0.00,0.00
20650,DL:0.1.0:AT.1.0.0,2022-3-4 9:38:51,34.00,0.00,0.00,17.246,0.417,-5.380,11.866,17.663,0.00,0.00,0.00,0.00,0.00,0.00,0.00,0.00,0.00,0.00,0.00,0.00,0.00,0.00,0.00,0.00,0.00
20650,DL:0.1.0:AT.1.0.0,2022-3-4 9:38:58,34.00,0.00,0.00,17.272,0.393,-5.406,11.866,17.665,0.00,0.00,0.00,0.00,0.00,0.00,0.00,0.00,0.00,0.00,0.00,0.00,0.00,0.00,0.00,0.00,0.00
20650,DL:0.1.0:AT.1.0.0,2022-3-4 9:39:4,34.00,0.00,0.00,17.271,0.392,-5.403,11.869,17.663,0.00,0.00,0.00,0.00,0.00,0.00,0.00,0.00,0.00,0.00,0.00,0.00,0.00,0.00,0.00,0.00,0.00
20650,DL:0.1.0:AT.1.0.0,2022-3-4 9:39:11,34.00,0.00,0.00,17.259,0.401,-5.389,11.870,17.660,0.00,0.00,0.00,0.00,0.00,0.00,0.00,0.00,0.00,0.00,0.00,0.00,0.00,0.00,0.00,0.00,0.00
20650,DL:0.1.0:AT.1.0.0,2022-3-4 9:39:18,34.25,0.00,0.00,17.241,0.416,-5.371,11.870,17.657,0.00,0.00,0.00,0.00,0.00,0.00,0.00,0.00,0.00,0.00,0.00,0.00,0.00,0.00,0.00,0.00,0.00
20650,DL:0.1.0:AT.1.0.0,2022-3-4 9:39:29,34.25,0.00,0.00,17.248,0.405,-5.379,11.870,17.653,0.00,0.00,0.00,0.00,0.00,0.00,0.00,0.00,0.00,0.00,0.00,0.00,0.00,0.00,0.00,0.00,0.00
20650,DL:0.1.0:AT.1.0.0,2022-3-4 9:39:35,34.25,0.00,0.00,17.275,0.376,-5.404,11.871,17.651,0.00,0.00,0.00,0.00,0.00,0.00,0.00,0.00,0.00,0.00,0.00,0.00,0.00,0.00,0.00,0.00,0.00
20650,DL:0.1.0:AT.1.0.0,2022-3-4 9:39:40,34.25,0.00,0.00,17.278,0.373,-5.406,11.872,17.651,0.00,0.00,0.00,0.00,0.00,0.00,0.00,0.00,0.00,0.00,0.00,0.00,0.00,0.00,0.00,0.00,0.00
20650,DL:0.1.0:AT.1.0.0,2022-3-4 9:39:45,34.25,0.00,0.00,17.265,0.383,-5.394,11.871,17.648,0.00,0.00,0.00,0.00,0.00,0.00,0.00,0.00,0.00,0.00,0.00,0.00,0.00,0.00,0.00,0.00,0.00
20650,DL:0.1.0:AT.1.0.0,2022-3-4 9:39:52,34.25,0.00,0.00,17.259,0.388,-5.387,11.872,17.647,0.00,0.00,0.00,0.00,0.00,0.00,0.00,0.00,0.00,0.00,0.00,0.00,0.00,0.00,0.00,0.00,0.00
20650,DL:0.1.0:AT.1.0.0,2022-3-4 9:40:0,34.25,0.00,0.00,17.259,0.386,-5.387,11.872,17.645,0.00,0.00,0.00,0.00,0.00,0.00,0.00,0.00,0.00,0.00,0.00,0.00,0.00,0.00,0.00,0.00,0.00
20650,DL:0.1.0:AT.1.0.0,2022-3-4 9:40:6,34.25,0.00,0.00,17.267,0.376,-5.395,11.872,17.644,0.00,0.00,0.00,0.00,0.00,0.00,0.00,0.00,0.00,0.00,0.00,0.00,0.00,0.00,0.00,0.00,0.00
20650,DL:0.1.0:AT.1.0.0,2022-3-4 9:40:13,34.25,0.00,0.00,17.258,0.387,-5.386,11.872,17.645,0.00,0.00,0.00,0.00,0.00,0.00,0.00,0.00,0.00,0.00,0.00,0.00,0.00,0.00,0.00,0.00,0.00
20650,DL:0.1.0:AT.1.0.0,2022-3-4 9:40:18,34.25,0.00,0.00,17.265,0.377,-5.392,11.873,17.642,0.00,0.00,0.00,0.00,0.00,0.00,0.00,0.00,0.00,0.00,0.00,0.00,0.00,0.00,0.00,0.00,0.00
20650,DL:0.1.0:AT.1.0.0,2022-3-4 9:40:23,34.25,0.00,0.00,17.258,0.385,-5.385,11.873,17.642,0.00,0.00,0.00,0.00,0.00,0.00,0.00,0.00,0.00,0.00,0.00,0.00,0.00,0.00,0.00,0.00,0.00
20650,DL:0.1.0:AT.1.0.0,2022-3-4 9:40:30,34.25,0.00,0.00,17.270,0.368,-5.397,11.873,17.638,0.00,0.00,0.00,0.00,0.00,0.00,0.00,0.00,0.00,0.00,0.00,0.00,0.00,0.00,0.00,0.00,0.00
20650,DL:0.1.0:AT.1.0.0,2022-3-4 9:40:37,34.25,0.00,0.00,17.259,0.377,-5.387,11.872,17.636,0.00,0.00,0.00,0.00,0.00,0.00,0.00,0.00,0.00,0.00,0.00,0.00,0.00,0.00,0.00,0.00,0.00
20650,DL:0.1.0:AT.1.0.0,2022-3-4 9:40:43,34.25,0.00,0.00,17.282,0.352,-5.410,11.872,17.634,0.00,0.00,0.00,0.00,0.00,0.00,0.00,0.00,0.00,0.00,0.00,0.00,0.00,0.00,0.00,0.00,0.00
20650,DL:0.1.0:AT.1.0.0,2022-3-4 9:40:48,34.25,0.00,0.00,17.251,0.382,-5.376,11.875,17.633,0.00,0.00,0.00,0.00,0.00,0.00,0.00,0.00,0.00,0.00,0.00,0.00,0.00,0.00,0.00,0.00,0.00
20650,DL:0.1.0:AT.1.0.0,2022-3-4 9:40:54,34.25,0.00,0.00,17.258,0.374,-5.385,11.873,17.632,0.00,0.00,0.00,0.00,0.00,0.00,0.00,0.00,0.00,0.00,0.00,0.00,0.00,0.00,0.00,0.00,0.00
20650,DL:0.1.0:AT.1.0.0,2022-3-4 9:40:59,34.25,0.00,0.00,17.267,0.363,-5.394,11.873,17.630,0.00,0.00,0.00,0.00,0.00,0.00,0.00,0.00,0.00,0.00,0.00,0.00,0.00,0.00,0.00,0.00,0.00
20650,DL:0.1.0:AT.1.0.0,2022-3-4 9:41:4,34.25,0.00,0.00,17.266,0.362,-5.392,11.875,17.628,0.00,0.00,0.00,0.00,0.00,0.00,0.00,0.00,0.00,0.00,0.00,0.00,0.00,0.00,0.00,0.00,0.00
20650,DL:0.1.0:AT.1.0.0,2022-3-4 9:41:11,34.25,0.00,0.00,17.257,0.370,-5.382,11.875,17.627,0.00,0.00,0.00,0.00,0.00,0.00,0.00,0.00,0.00,0.00,0.00,0.00,0.00,0.00,0.00,0.00,0.00
20650,DL:0.1.0:AT.1.0.0,2022-3-4 9:41:18,34.25,0.00,0.00,17.273,0.351,-5.399,11.875,17.624,0.00,0.00,0.00,0.00,0.00,0.00,0.00,0.00,0.00,0.00,0.00,0.00,0.00,0.00,0.00,0.00,0.00
20650,DL:0.1.0:AT.1.0.0,2022-3-4 9:41:25,34.25,0.00,0.00,17.267,0.354,-5.392,11.876,17.622,0.00,0.00,0.00,0.00,0.00,0.00,0.00,0.00,0.00,0.00,0.00,0.00,0.00,0.00,0.00,0.00,0.00
20650,DL:0.1.0:AT.1.0.0,2022-3-4 9:41:30,34.25,0.00,0.00,17.284,0.336,-5.407,11.877,17.621,0.00,0.00,0.00,0.00,0.00,0.00,0.00,0.00,0.00,0.00,0.00,0.00,0.00,0.00,0.00,0.00,0.00
20650,DL:0.1.0:AT.1.0.0,2022-3-4 9:41:35,34.25,0.00,0.00,17.266,0.352,-5.389,11.877,17.618,0.00,0.00,0.00,0.00,0.00,0.00,0.00,0.00,0.00,0.00,0.00,0.00,0.00,0.00,0.00,0.00,0.00
20650,DL:0.1.0:AT.1.0.0,2022-3-4 9:41:40,34.25,0.00,0.00,17.257,0.365,-5.380,11.877,17.622,0.00,0.00,0.00,0.00,0.00,0.00,0.00,0.00,0.00,0.00,0.00,0.00,0.00,0.00,0.00,0.00,0.00
20650,DL:0.1.0:AT.1.0.0,2022-3-4 9:41:45,34.25,0.00,0.00,17.289,0.329,-5.411,11.878,17.618,0.00,0.00,0.00,0.00,0.00,0.00,0.00,0.00,0.00,0.00,0.00,0.00,0.00,0.00,0.00,0.00,0.00
20650,DL:0.1.0:AT.1.0.0,2022-3-4 9:41:50,34.25,0.00,0.00,17.279,0.338,-5.401,11.878,17.617,0.00,0.00,0.00,0.00,0.00,0.00,0.00,0.00,0.00,0.00,0.00,0.00,0.00,0.00,0.00,0.00,0.00
20650,DL:0.1.0:AT.1.0.0,2022-3-4 9:41:55,34.25,0.00,0.00,17.284,0.330,-5.406,11.878,17.615,0.00,0.00,0.00,0.00,0.00,0.00,0.00,0.00,0.00,0.00,0.00,0.00,0.00,0.00,0.00,0.00,0.00
20650,DL:0.1.0:AT.1.0.0,2022-3-4 9:42:2,34.25,0.00,0.00,17.304,0.309,-5.425,11.878,17.612,0.00,0.00,0.00,0.00,0.00,0.00,0.00,0.00,0.00,0.00,0.00,0.00,0.00,0.00,0.00,0.00,0.00
20650,DL:0.1.0:AT.1.0.0,2022-3-4 9:42:7,34.25,0.00,0.00,17.282,0.329,-5.404,11.878,17.611,0.00,0.00,0.00,0.00,0.00,0.00,0.00,0.00,0.00,0.00,0.00,0.00,0.00,0.00,0.00,0.00,0.00
20650,DL:0.1.0:AT.1.0.0,2022-3-4 9:42:12,34.25,0.00,0.00,17.270,0.340,-5.391,11.879,17.610,0.00,0.00,0.00,0.00,0.00,0.00,0.00,0.00,0.00,0.00,0.00,0.00,0.00,0.00,0.00,0.00,0.00
20650,DL:0.1.0:AT.1.0.0,2022-3-4 9:42:19,34.25,0.00,0.00,17.283,0.323,-5.404,11.879,17.606,0.00,0.00,0.00,0.00,0.00,0.00,0.00,0.00,0.00,0.00,0.00,0.00,0.00,0.00,0.00,0.00,0.00
20650,DL:0.1.0:AT.1.0.0,2022-3-4 9:42:26,34.25,0.00,0.00,17.251,0.354,-5.371,11.879,17.605,0.00,0.00,0.00,0.00,0.00,0.00,0.00,0.00,0.00,0.00,0.00,0.00,0.00,0.00,0.00,0.00,0.00
20650,DL:0.1.0:AT.1.0.0,2022-3-4 9:42:31,34.25,0.00,0.00,17.286,0.317,-5.406,11.879,17.603,0.00,0.00,0.00,0.00,0.00,0.00,0.00,0.00,0.00,0.00,0.00,0.00,0.00,0.00,0.00,0.00,0.00
20650,DL:0.1.0:AT.1.0.0,2022-3-4 9:42:36,34.25,0.00,0.00,17.260,0.340,-5.380,11.881,17.600,0.00,0.00,0.00,0.00,0.00,0.00,0.00,0.00,0.00,0.00,0.00,0.00,0.00,0.00,0.00,0.00,0.00
20650,DL:0.1.0:AT.1.0.0,2022-3-4 9:42:42,34.25,0.00,0.00,17.258,0.341,-5.379,11.879,17.599,0.00,0.00,0.00,0.00,0.00,0.00,0.00,0.00,0.00,0.00,0.00,0.00,0.00,0.00,0.00,0.00,0.00
20650,DL:0.1.0:AT.1.0.0,2022-3-4 9:42:50,34.25,0.00,0.00,17.258,0.339,-5.377,11.881,17.597,0.00,0.00,0.00,0.00,0.00,0.00,0.00,0.00,0.00,0.00,0.00,0.00,0.00,0.00,0.00,0.00,0.00
20650,DL:0.1.0:AT.1.0.0,2022-3-4 9:42:55,34.25,0.00,0.00,17.258,0.336,-5.377,11.881,17.594,0.00,0.00,0.00,0.00,0.00,0.00,0.00,0.00,0.00,0.00,0.00,0.00,0.00,0.00,0.00,0.00,0.00
20650,DL:0.1.0:AT.1.0.0,2022-3-4 9:43:1,34.25,0.00,0.00,17.264,0.329,-5.383,11.881,17.593,0.00,0.00,0.00,0.00,0.00,0.00,0.00,0.00,0.00,0.00,0.00,0.00,0.00,0.00,0.00,0.00,0.00
20650,DL:0.1.0:AT.1.0.0,2022-3-4 9:43:7,34.25,0.00,0.00,17.267,0.328,-5.386,11.882,17.596,0.00,0.00,0.00,0.00,0.00,0.00,0.00,0.00,0.00,0.00,0.00,0.00,0.00,0.00,0.00,0.00,0.00
20650,DL:0.1.0:AT.1.0.0,2022-3-4 9:43:14,34.25,0.00,0.00,17.261,0.330,-5.381,11.881,17.592,0.00,0.00,0.00,0.00,0.00,0.00,0.00,0.00,0.00,0.00,0.00,0.00,0.00,0.00,0.00,0.00,0.00
20650,DL:0.1.0:AT.1.0.0,2022-3-4 9:43:19,34.25,0.00,0.00,17.242,0.348,-5.360,11.882,17.591,0.00,0.00,0.00,0.00,0.00,0.00,0.00,0.00,0.00,0.00,0.00,0.00,0.00,0.00,0.00,0.00,0.00
20650,DL:0.1.0:AT.1.0.0,2022-3-4 9:43:24,34.25,0.00,0.00,17.253,0.335,-5.373,11.881,17.588,0.00,0.00,0.00,0.00,0.00,0.00,0.00,0.00,0.00,0.00,0.00,0.00,0.00,0.00,0.00,0.00,0.00
20650,DL:0.1.0:AT.1.0.0,2022-3-4 9:43:32,34.50,0.00,0.00,17.272,0.314,-5.392,11.881,17.586,0.00,0.00,0.00,0.00,0.00,0.00,0.00,0.00,0.00,0.00,0.00,0.00,0.00,0.00,0.00,0.00,0.00
20650,DL:0.1.0:AT.1.0.0,2022-3-4 9:43:38,34.50,0.00,0.00,17.263,0.321,-5.382,11.881,17.584,0.00,0.00,0.00,0.00,0.00,0.00,0.00,0.00,0.00,0.00,0.00,0.00,0.00,0.00,0.00,0.00,0.00
20650,DL:0.1.0:AT.1.0.0,2022-3-4 9:43:45,34.50,0.00,0.00,17.265,0.317,-5.385,11.881,17.582,0.00,0.00,0.00,0.00,0.00,0.00,0.00,0.00,0.00,0.00,0.00,0.00,0.00,0.00,0.00,0.00,0.00
20650,DL:0.1.0:AT.1.0.0,2022-3-4 9:43:50,34.50,0.00,0.00,17.265,0.315,-5.385,11.881,17.580,0.00,0.00,0.00,0.00,0.00,0.00,0.00,0.00,0.00,0.00,0.00,0.00,0.00,0.00,0.00,0.00,0.00
20650,DL:0.1.0:AT.1.0.0,2022-3-4 9:43:55,34.50,0.00,0.00,17.292,0.285,-5.410,11.882,17.576,0.00,0.00,0.00,0.00,0.00,0.00,0.00,0.00,0.00,0.00,0.00,0.00,0.00,0.00,0.00,0.00,0.00
20650,DL:0.1.0:AT.1.0.0,2022-3-4 9:44:0,34.50,0.00,0.00,17.245,0.332,-5.363,11.882,17.576,0.00,0.00,0.00,0.00,0.00,0.00,0.00,0.00,0.00,0.00,0.00,0.00,0.00,0.00,0.00,0.00,0.00
20650,DL:0.1.0:AT.1.0.0,2022-3-4 9:44:5,34.50,0.00,0.00,17.286,0.290,-5.405,11.881,17.575,0.00,0.00,0.00,0.00,0.00,0.00,0.00,0.00,0.00,0.00,0.00,0.00,0.00,0.00,0.00,0.00,0.00
20650,DL:0.1.0:AT.1.0.0,2022-3-4 9:44:12,34.50,0.00,0.00,17.255,0.315,-5.375,11.881,17.570,0.00,0.00,0.00,0.00,0.00,0.00,0.00,0.00,0.00,0.00,0.00,0.00,0.00,0.00,0.00,0.00,0.00
20650,DL:0.1.0:AT.1.0.0,2022-3-4 9:44:17,34.50,0.00,0.00,17.269,0.302,-5.388,11.881,17.570,0.00,0.00,0.00,0.00,0.00,0.00,0.00,0.00,0.00,0.00,0.00,0.00,0.00,0.00,0.00,0.00,0.00
20650,DL:0.1.0:AT.1.0.0,2022-3-4 9:44:22,34.50,0.00,0.00,17.282,0.286,-5.400,11.882,17.568,0.00,0.00,0.00,0.00,0.00,0.00,0.00,0.00,0.00,0.00,0.00,0.00,0.00,0.00,0.00,0.00,0.00
20650,DL:0.1.0:AT.1.0.0,2022-3-4 9:44:29,34.50,0.00,0.00,17.269,0.297,-5.388,11.881,17.565,0.00,0.00,0.00,0.00,0.00,0.00,0.00,0.00,0.00,0.00,0.00,0.00,0.00,0.00,0.00,0.00,0.00
20650,DL:0.1.0:AT.1.0.0,2022-3-4 9:44:36,34.50,0.00,0.00,17.276,0.287,-5.394,11.882,17.563,0.00,0.00,0.00,0.00,0.00,0.00,0.00,0.00,0.00,0.00,0.00,0.00,0.00,0.00,0.00,0.00,0.00
20650,DL:0.1.0:AT.1.0.0,2022-3-4 9:44:42,34.50,0.00,0.00,17.272,0.294,-5.391,11.882,17.567,0.00,0.00,0.00,0.00,0.00,0.00,0.00,0.00,0.00,0.00,0.00,0.00,0.00,0.00,0.00,0.00,0.00
20650,DL:0.1.0:AT.1.0.0,2022-3-4 9:44:49,34.50,0.00,0.00,17.282,0.280,-5.400,11.882,17.562,0.00,0.00,0.00,0.00,0.00,0.00,0.00,0.00,0.00,0.00,0.00,0.00,0.00,0.00,0.00,0.00,0.00
20650,DL:0.1.0:AT.1.0.0,2022-3-4 9:44:56,34.50,0.00,0.00,17.289,0.272,-5.409,11.881,17.561,0.00,0.00,0.00,0.00,0.00,0.00,0.00,0.00,0.00,0.00,0.00,0.00,0.00,0.00,0.00,0.00,0.00
20650,DL:0.1.0:AT.1.0.0,2022-3-4 9:45:1,34.50,0.00,0.00,17.277,0.282,-5.395,11.882,17.559,0.00,0.00,0.00,0.00,0.00,0.00,0.00,0.00,0.00,0.00,0.00,0.00,0.00,0.00,0.00,0.00,0.00
20650,DL:0.1.0:AT.1.0.0,2022-3-4 9:45:7,34.50,0.00,0.00,17.283,0.274,-5.400,11.883,17.557,0.00,0.00,0.00,0.00,0.00,0.00,0.00,0.00,0.00,0.00,0.00,0.00,0.00,0.00,0.00,0.00,0.00
20650,DL:0.1.0:AT.1.0.0,2022-3-4 9:45:13,34.50,0.00,0.00,17.279,0.274,-5.395,11.884,17.553,0.00,0.00,0.00,0.00,0.00,0.00,0.00,0.00,0.00,0.00,0.00,0.00,0.00,0.00,0.00,0.00,0.00
20650,DL:0.1.0:AT.1.0.0,2022-3-4 9:45:20,34.50,0.00,0.00,17.311,0.242,-5.428,11.883,17.552,0.00,0.00,0.00,0.00,0.00,0.00,0.00,0.00,0.00,0.00,0.00,0.00,0.00,0.00,0.00,0.00,0.00
20650,DL:0.1.0:AT.1.0.0,2022-3-4 9:45:27,34.50,0.00,0.00,17.277,0.273,-5.393,11.884,17.550,0.00,0.00,0.00,0.00,0.00,0.00,0.00,0.00,0.00,0.00,0.00,0.00,0.00,0.00,0.00,0.00,0.00
20650,DL:0.1.0:AT.1.0.0,2022-3-4 9:45:32,34.50,0.00,0.00,17.278,0.272,-5.394,11.884,17.550,0.00,0.00,0.00,0.00,0.00,0.00,0.00,0.00,0.00,0.00,0.00,0.00,0.00,0.00,0.00,0.00,0.00
20650,DL:0.1.0:AT.1.0.0,2022-3-4 9:45:38,34.50,0.00,0.00,17.270,0.278,-5.386,11.884,17.547,0.00,0.00,0.00,0.00,0.00,0.00,0.00,0.00,0.00,0.00,0.00,0.00,0.00,0.00,0.00,0.00,0.00
20650,DL:0.1.0:AT.1.0.0,2022-3-4 9:45:44,34.50,0.00,0.00,17.269,0.276,-5.385,11.884,17.545,0.00,0.00,0.00,0.00,0.00,0.00,0.00,0.00,0.00,0.00,0.00,0.00,0.00,0.00,0.00,0.00,0.00
20650,DL:0.1.0:AT.1.0.0,2022-3-4 9:45:51,34.50,0.00,0.00,17.279,0.264,-5.395,11.884,17.544,0.00,0.00,0.00,0.00,0.00,0.00,0.00,0.00,0.00,0.00,0.00,0.00,0.00,0.00,0.00,0.00,0.00
20650,DL:0.1.0:AT.1.0.0,2022-3-4 9:45:56,34.50,0.00,0.00,17.269,0.273,-5.383,11.885,17.541,0.00,0.00,0.00,0.00,0.00,0.00,0.00,0.00,0.00,0.00,0.00,0.00,0.00,0.00,0.00,0.00,0.00
20650,DL:0.1.0:AT.1.0.0,2022-3-4 9:46:2,34.50,0.00,0.00,17.290,0.250,-5.405,11.885,17.540,0.00,0.00,0.00,0.00,0.00,0.00,0.00,0.00,0.00,0.00,0.00,0.00,0.00,0.00,0.00,0.00,0.00
20650,DL:0.1.0:AT.1.0.0,2022-3-4 9:46:8,34.50,0.00,0.00,17.299,0.239,-5.415,11.884,17.538,0.00,0.00,0.00,0.00,0.00,0.00,0.00,0.00,0.00,0.00,0.00,0.00,0.00,0.00,0.00,0.00,0.00
20650,DL:0.1.0:AT.1.0.0,2022-3-4 9:46:13,34.50,0.00,0.00,17.265,0.272,-5.381,11.884,17.537,0.00,0.00,0.00,0.00,0.00,0.00,0.00,0.00,0.00,0.00,0.00,0.00,0.00,0.00,0.00,0.00,0.00
20650,DL:0.1.0:AT.1.0.0,2022-3-4 9:46:18,34.50,0.00,0.00,17.299,0.237,-5.415,11.884,17.535,0.00,0.00,0.00,0.00,0.00,0.00,0.00,0.00,0.00,0.00,0.00,0.00,0.00,0.00,0.00,0.00,0.00
20650,DL:0.1.0:AT.1.0.0,2022-3-4 9:46:25,34.50,0.00,0.00,17.264,0.275,-5.380,11.884,17.539,0.00,0.00,0.00,0.00,0.00,0.00,0.00,0.00,0.00,0.00,0.00,0.00,0.00,0.00,0.00,0.00,0.00
20650,DL:0.1.0:AT.1.0.0,2022-3-4 9:46:30,34.50,0.00,0.00,17.279,0.258,-5.394,11.885,17.538,0.00,0.00,0.00,0.00,0.00,0.00,0.00,0.00,0.00,0.00,0.00,0.00,0.00,0.00,0.00,0.00,0.00
20650,DL:0.1.0:AT.1.0.0,2022-3-4 9:46:37,34.50,0.00,0.00,17.284,0.250,-5.400,11.884,17.534,0.00,0.00,0.00,0.00,0.00,0.00,0.00,0.00,0.00,0.00,0.00,0.00,0.00,0.00,0.00,0.00,0.00
20650,DL:0.1.0:AT.1.0.0,2022-3-4 9:46:43,34.75,0.00,0.00,17.293,0.240,-5.409,11.884,17.533,0.00,0.00,0.00,0.00,0.00,0.00,0.00,0.00,0.00,0.00,0.00,0.00,0.00,0.00,0.00,0.00,0.00
20650,DL:0.1.0:AT.1.0.0,2022-3-4 9:46:49,34.75,0.00,0.00,17.277,0.254,-5.393,11.884,17.531,0.00,0.00,0.00,0.00,0.00,0.00,0.00,0.00,0.00,0.00,0.00,0.00,0.00,0.00,0.00,0.00,0.00
20650,DL:0.1.0:AT.1.0.0,2022-3-4 9:46:56,34.75,0.00,0.00,17.252,0.276,-5.366,11.885,17.528,0.00,0.00,0.00,0.00,0.00,0.00,0.00,0.00,0.00,0.00,0.00,0.00,0.00,0.00,0.00,0.00,0.00
20650,DL:0.1.0:AT.1.0.0,2022-3-4 9:47:3,34.75,0.00,0.00,17.310,0.217,-5.424,11.885,17.527,0.00,0.00,0.00,0.00,0.00,0.00,0.00,0.00,0.00,0.00,0.00,0.00,0.00,0.00,0.00,0.00,0.00
20650,DL:0.1.0:AT.1.0.0,2022-3-4 9:47:8,34.75,0.00,0.00,17.287,0.240,-5.401,11.885,17.527,0.00,0.00,0.00,0.00,0.00,0.00,0.00,0.00,0.00,0.00,0.00,0.00,0.00,0.00,0.00,0.00,0.00
20650,DL:0.1.0:AT.1.0.0,2022-3-4 9:47:13,34.75,0.00,0.00,17.273,0.251,-5.389,11.884,17.525,0.00,0.00,0.00,0.00,0.00,0.00,0.00,0.00,0.00,0.00,0.00,0.00,0.00,0.00,0.00,0.00,0.00
20650,DL:0.1.0:AT.1.0.0,2022-3-4 9:47:20,34.75,0.00,0.00,17.290,0.232,-5.405,11.885,17.522,0.00,0.00,0.00,0.00,0.00,0.00,0.00,0.00,0.00,0.00,0.00,0.00,0.00,0.00,0.00,0.00,0.00
20650,DL:0.1.0:AT.1.0.0,2022-3-4 9:47:25,34.75,0.00,0.00,17.282,0.240,-5.398,11.884,17.522,0.00,0.00,0.00,0.00,0.00,0.00,0.00,0.00,0.00,0.00,0.00,0.00,0.00,0.00,0.00,0.00,0.00
20650,DL:0.1.0:AT.1.0.0,2022-3-4 9:47:30,34.75,0.00,0.00,17.258,0.263,-5.373,11.885,17.521,0.00,0.00,0.00,0.00,0.00,0.00,0.00,0.00,0.00,0.00,0.00,0.00,0.00,0.00,0.00,0.00,0.00
20650,DL:0.1.0:AT.1.0.0,2022-3-4 9:47:35,34.75,0.00,0.00,17.248,0.272,-5.364,11.884,17.520,0.00,0.00,0.00,0.00,0.00,0.00,0.00,0.00,0.00,0.00,0.00,0.00,0.00,0.00,0.00,0.00,0.00
20650,DL:0.1.0:AT.1.0.0,2022-3-4 9:47:42,34.75,0.00,0.00,17.288,0.231,-5.404,11.884,17.519,0.00,0.00,0.00,0.00,0.00,0.00,0.00,0.00,0.00,0.00,0.00,0.00,0.00,0.00,0.00,0.00,0.00
20650,DL:0.1.0:AT.1.0.0,2022-3-4 9:47:47,34.75,0.00,0.00,17.259,0.258,-5.375,11.884,17.517,0.00,0.00,0.00,0.00,0.00,0.00,0.00,0.00,0.00,0.00,0.00,0.00,0.00,0.00,0.00,0.00,0.00
20650,DL:0.1.0:AT.1.0.0,2022-3-4 9:47:54,34.75,0.00,0.00,17.265,0.252,-5.379,11.887,17.517,0.00,0.00,0.00,0.00,0.00,0.00,0.00,0.00,0.00,0.00,0.00,0.00,0.00,0.00,0.00,0.00,0.00
20650,DL:0.1.0:AT.1.0.0,2022-3-4 9:47:59,34.75,0.00,0.00,17.253,0.263,-5.366,11.887,17.516,0.00,0.00,0.00,0.00,0.00,0.00,0.00,0.00,0.00,0.00,0.00,0.00,0.00,0.00,0.00,0.00,0.00
20650,DL:0.1.0:AT.1.0.0,2022-3-4 9:48:4,34.75,0.00,0.00,17.266,0.250,-5.380,11.887,17.516,0.00,0.00,0.00,0.00,0.00,0.00,0.00,0.00,0.00,0.00,0.00,0.00,0.00,0.00,0.00,0.00,0.00
20650,DL:0.1.0:AT.1.0.0,2022-3-4 9:48:12,34.75,0.00,0.00,17.281,0.233,-5.393,11.888,17.514,0.00,0.00,0.00,0.00,0.00,0.00,0.00,0.00,0.00,0.00,0.00,0.00,0.00,0.00,0.00,0.00,0.00
20650,DL:0.1.0:AT.1.0.0,2022-3-4 9:48:18,34.75,0.00,0.00,17.273,0.239,-5.386,11.888,17.513,0.00,0.00,0.00,0.00,0.00,0.00,0.00,0.00,0.00,0.00,0.00,0.00,0.00,0.00,0.00,0.00,0.00
20650,DL:0.1.0:AT.1.0.0,2022-3-4 9:48:25,34.75,0.00,0.00,17.275,0.242,-5.387,11.888,17.516,0.00,0.00,0.00,0.00,0.00,0.00,0.00,0.00,0.00,0.00,0.00,0.00,0.00,0.00,0.00,0.00,0.00
20650,DL:0.1.0:AT.1.0.0,2022-3-4 9:48:32,34.75,0.00,0.00,17.255,0.260,-5.368,11.888,17.515,0.00,0.00,0.00,0.00,0.00,0.00,0.00,0.00,0.00,0.00,0.00,0.00,0.00,0.00,0.00,0.00,0.00
20650,DL:0.1.0:AT.1.0.0,2022-3-4 9:48:37,34.75,0.00,0.00,17.261,0.251,-5.374,11.888,17.513,0.00,0.00,0.00,0.00,0.00,0.00,0.00,0.00,0.00,0.00,0.00,0.00,0.00,0.00,0.00,0.00,0.00
20650,DL:0.1.0:AT.1.0.0,2022-3-4 9:48:43,34.75,0.00,0.00,17.258,0.254,-5.369,11.889,17.511,0.00,0.00,0.00,0.00,0.00,0.00,0.00,0.00,0.00,0.00,0.00,0.00,0.00,0.00,0.00,0.00,0.00
20650,DL:0.1.0:AT.1.0.0,2022-3-4 9:48:49,34.75,0.00,0.00,17.269,0.242,-5.381,11.888,17.510,0.00,0.00,0.00,0.00,0.00,0.00,0.00,0.00,0.00,0.00,0.00,0.00,0.00,0.00,0.00,0.00,0.00
20650,DL:0.1.0:AT.1.0.0,2022-3-4 9:48:56,34.75,0.00,0.00,17.275,0.233,-5.386,11.889,17.508,0.00,0.00,0.00,0.00,0.00,0.00,0.00,0.00,0.00,0.00,0.00,0.00,0.00,0.00,0.00,0.00,0.00
20650,DL:0.1.0:AT.1.0.0,2022-3-4 9:49:3,34.75,0.00,0.00,17.273,0.234,-5.385,11.889,17.508,0.00,0.00,0.00,0.00,0.00,0.00,0.00,0.00,0.00,0.00,0.00,0.00,0.00,0.00,0.00,0.00,0.00
20650,DL:0.1.0:AT.1.0.0,2022-3-4 9:49:8,34.75,0.00,0.00,17.286,0.221,-5.398,11.888,17.507,0.00,0.00,0.00,0.00,0.00,0.00,0.00,0.00,0.00,0.00,0.00,0.00,0.00,0.00,0.00,0.00,0.00
20650,DL:0.1.0:AT.1.0.0,2022-3-4 9:49:13,34.75,0.00,0.00,17.270,0.236,-5.381,11.889,17.505,0.00,0.00,0.00,0.00,0.00,0.00,0.00,0.00,0.00,0.00,0.00,0.00,0.00,0.00,0.00,0.00,0.00
20650,DL:0.1.0:AT.1.0.0,2022-3-4 9:49:20,34.75,0.00,0.00,17.278,0.226,-5.389,11.889,17.504,0.00,0.00,0.00,0.00,0.00,0.00,0.00,0.00,0.00,0.00,0.00,0.00,0.00,0.00,0.00,0.00,0.00
20650,DL:0.1.0:AT.1.0.0,2022-3-4 9:49:26,34.75,0.00,0.00,17.258,0.244,-5.369,11.889,17.502,0.00,0.00,0.00,0.00,0.00,0.00,0.00,0.00,0.00,0.00,0.00,0.00,0.00,0.00,0.00,0.00,0.00
20650,DL:0.1.0:AT.1.0.0,2022-3-4 9:49:33,34.75,0.00,0.00,17.246,0.256,-5.356,11.890,17.502,0.00,0.00,0.00,0.00,0.00,0.00,0.00,0.00,0.00,0.00,0.00,0.00,0.00,0.00,0.00,0.00,0.00
20650,DL:0.1.0:AT.1.0.0,2022-3-4 9:49:44,34.75,0.00,0.00,17.257,0.242,-5.368,11.889,17.498,0.00,0.00,0.00,0.00,0.00,0.00,0.00,0.00,0.00,0.00,0.00,0.00,0.00,0.00,0.00,0.00,0.00
20650,DL:0.1.0:AT.1.0.0,2022-3-4 9:49:50,34.75,0.00,0.00,17.260,0.237,-5.371,11.889,17.497,0.00,0.00,0.00,0.00,0.00,0.00,0.00,0.00,0.00,0.00,0.00,0.00,0.00,0.00,0.00,0.00,0.00
20650,DL:0.1.0:AT.1.0.0,2022-3-4 9:49:57,34.75,0.00,0.00,17.258,0.237,-5.368,11.890,17.495,0.00,0.00,0.00,0.00,0.00,0.00,0.00,0.00,0.00,0.00,0.00,0.00,0.00,0.00,0.00,0.00,0.00
20650,DL:0.1.0:AT.1.0.0,2022-3-4 9:50:4,34.75,0.00,0.00,17.265,0.228,-5.376,11.889,17.493,0.00,0.00,0.00,0.00,0.00,0.00,0.00,0.00,0.00,0.00,0.00,0.00,0.00,0.00,0.00,0.00,0.00
20650,DL:0.1.0:AT.1.0.0,2022-3-4 9:50:12,34.75,0.00,0.00,17.293,0.198,-5.403,11.890,17.491,0.00,0.00,0.00,0.00,0.00,0.00,0.00,0.00,0.00,0.00,0.00,0.00,0.00,0.00,0.00,0.00,0.00
20650,DL:0.1.0:AT.1.0.0,2022-3-4 9:50:17,34.75,0.00,0.00,17.249,0.239,-5.359,11.890,17.489,0.00,0.00,0.00,0.00,0.00,0.00,0.00,0.00,0.00,0.00,0.00,0.00,0.00,0.00,0.00,0.00,0.00
20650,DL:0.1.0:AT.1.0.0,2022-3-4 9:50:22,34.75,0.00,0.00,17.266,0.222,-5.376,11.890,17.489,0.00,0.00,0.00,0.00,0.00,0.00,0.00,0.00,0.00,0.00,0.00,0.00,0.00,0.00,0.00,0.00,0.00
20650,DL:0.1.0:AT.1.0.0,2022-3-4 9:50:28,34.75,0.00,0.00,17.267,0.222,-5.379,11.889,17.490,0.00,0.00,0.00,0.00,0.00,0.00,0.00,0.00,0.00,0.00,0.00,0.00,0.00,0.00,0.00,0.00,0.00
20650,DL:0.1.0:AT.1.0.0,2022-3-4 9:50:35,34.75,0.00,0.00,17.271,0.219,-5.382,11.889,17.490,0.00,0.00,0.00,0.00,0.00,0.00,0.00,0.00,0.00,0.00,0.00,0.00,0.00,0.00,0.00,0.00,0.00
20650,DL:0.1.0:AT.1.0.0,2022-3-4 9:50:40,34.75,0.00,0.00,17.249,0.239,-5.359,11.890,17.489,0.00,0.00,0.00,0.00,0.00,0.00,0.00,0.00,0.00,0.00,0.00,0.00,0.00,0.00,0.00,0.00,0.00
20650,DL:0.1.0:AT.1.0.0,2022-3-4 9:50:45,34.75,0.00,0.00,17.278,0.208,-5.389,11.889,17.486,0.00,0.00,0.00,0.00,0.00,0.00,0.00,0.00,0.00,0.00,0.00,0.00,0.00,0.00,0.00,0.00,0.00
20650,DL:0.1.0:AT.1.0.0,2022-3-4 9:50:52,34.75,0.00,0.00,17.289,0.196,-5.399,11.890,17.485,0.00,0.00,0.00,0.00,0.00,0.00,0.00,0.00,0.00,0.00,0.00,0.00,0.00,0.00,0.00,0.00,0.00
20650,DL:0.1.0:AT.1.0.0,2022-3-4 9:50:57,34.75,0.00,0.00,17.283,0.201,-5.393,11.890,17.484,0.00,0.00,0.00,0.00,0.00,0.00,0.00,0.00,0.00,0.00,0.00,0.00,0.00,0.00,0.00,0.00,0.00
20650,DL:0.1.0:AT.1.0.0,2022-3-4 9:51:2,35.00,0.00,0.00,17.311,0.171,-5.421,11.890,17.481,0.00,0.00,0.00,0.00,0.00,0.00,0.00,0.00,0.00,0.00,0.00,0.00,0.00,0.00,0.00,0.00,0.00
20650,DL:0.1.0:AT.1.0.0,2022-3-4 9:51:9,35.00,0.00,0.00,17.307,0.173,-5.417,11.890,17.480,0.00,0.00,0.00,0.00,0.00,0.00,0.00,0.00,0.00,0.00,0.00,0.00,0.00,0.00,0.00,0.00,0.00
20650,DL:0.1.0:AT.1.0.0,2022-3-4 9:51:17,35.00,0.00,0.00,17.290,0.186,-5.399,11.891,17.477,0.00,0.00,0.00,0.00,0.00,0.00,0.00,0.00,0.00,0.00,0.00,0.00,0.00,0.00,0.00,0.00,0.00
20650,DL:0.1.0:AT.1.0.0,2022-3-4 9:51:23,35.00,0.00,0.00,17.305,0.172,-5.413,11.891,17.477,0.00,0.00,0.00,0.00,0.00,0.00,0.00,0.00,0.00,0.00,0.00,0.00,0.00,0.00,0.00,0.00,0.00
20650,DL:0.1.0:AT.1.0.0,2022-3-4 9:51:30,35.00,0.00,0.00,17.281,0.192,-5.391,11.890,17.473,0.00,0.00,0.00,0.00,0.00,0.00,0.00,0.00,0.00,0.00,0.00,0.00,0.00,0.00,0.00,0.00,0.00
20650,DL:0.1.0:AT.1.0.0,2022-3-4 9:51:37,35.00,0.00,0.00,17.305,0.168,-5.415,11.890,17.473,0.00,0.00,0.00,0.00,0.00,0.00,0.00,0.00,0.00,0.00,0.00,0.00,0.00,0.00,0.00,0.00,0.00
20650,DL:0.1.0:AT.1.0.0,2022-3-4 9:51:47,35.00,0.00,0.00,17.312,0.157,-5.419,11.893,17.469,0.00,0.00,0.00,0.00,0.00,0.00,0.00,0.00,0.00,0.00,0.00,0.00,0.00,0.00,0.00,0.00,0.00
20650,DL:0.1.0:AT.1.0.0,2022-3-4 9:51:54,35.00,0.00,0.00,17.308,0.159,-5.416,11.893,17.467,0.00,0.00,0.00,0.00,0.00,0.00,0.00,0.00,0.00,0.00,0.00,0.00,0.00,0.00,0.00,0.00,0.00
20650,DL:0.1.0:AT.1.0.0,2022-3-4 9:51:59,35.00,0.00,0.00,17.338,0.127,-5.445,11.894,17.466,0.00,0.00,0.00,0.00,0.00,0.00,0.00,0.00,0.00,0.00,0.00,0.00,0.00,0.00,0.00,0.00,0.00
20650,DL:0.1.0:AT.1.0.0,2022-3-4 9:52:4,35.00,0.00,0.00,17.319,0.145,-5.425,11.894,17.465,0.00,0.00,0.00,0.00,0.00,0.00,0.00,0.00,0.00,0.00,0.00,0.00,0.00,0.00,0.00,0.00,0.00
20650,DL:0.1.0:AT.1.0.0,2022-3-4 9:52:11,35.00,0.00,0.00,17.314,0.150,-5.421,11.894,17.465,0.00,0.00,0.00,0.00,0.00,0.00,0.00,0.00,0.00,0.00,0.00,0.00,0.00,0.00,0.00,0.00,0.00
20650,DL:0.1.0:AT.1.0.0,2022-3-4 9:52:16,35.00,0.00,0.00,17.354,0.112,-5.460,11.894,17.466,0.00,0.00,0.00,0.00,0.00,0.00,0.00,0.00,0.00,0.00,0.00,0.00,0.00,0.00,0.00,0.00,0.00
20650,DL:0.1.0:AT.1.0.0,2022-3-4 9:52:23,35.00,0.00,0.00,17.355,0.108,-5.461,11.894,17.463,0.00,0.00,0.00,0.00,0.00,0.00,0.00,0.00,0.00,0.00,0.00,0.00,0.00,0.00,0.00,0.00,0.00
20650,DL:0.1.0:AT.1.0.0,2022-3-4 9:52:28,35.00,0.00,0.00,17.364,0.097,-5.469,11.895,17.461,0.00,0.00,0.00,0.00,0.00,0.00,0.00,0.00,0.00,0.00,0.00,0.00,0.00,0.00,0.00,0.00,0.00
20650,DL:0.1.0:AT.1.0.0,2022-3-4 9:52:33,35.00,0.00,0.00,17.368,0.093,-5.473,11.895,17.461,0.00,0.00,0.00,0.00,0.00,0.00,0.00,0.00,0.00,0.00,0.00,0.00,0.00,0.00,0.00,0.00,0.00
20650,DL:0.1.0:AT.1.0.0,2022-3-4 9:52:38,35.00,0.00,0.00,17.343,0.115,-5.448,11.895,17.459,0.00,0.00,0.00,0.00,0.00,0.00,0.00,0.00,0.00,0.00,0.00,0.00,0.00,0.00,0.00,0.00,0.00
20650,DL:0.1.0:AT.1.0.0,2022-3-4 9:52:43,35.00,0.00,0.00,17.368,0.089,-5.473,11.895,17.457,0.00,0.00,0.00,0.00,0.00,0.00,0.00,0.00,0.00,0.00,0.00,0.00,0.00,0.00,0.00,0.00,0.00
20650,DL:0.1.0:AT.1.0.0,2022-3-4 9:52:49,35.00,0.00,0.00,17.370,0.087,-5.475,11.895,17.456,0.00,0.00,0.00,0.00,0.00,0.00,0.00,0.00,0.00,0.00,0.00,0.00,0.00,0.00,0.00,0.00,0.00
20650,DL:0.1.0:AT.1.0.0,2022-3-4 9:52:54,35.00,0.00,0.00,17.378,0.077,-5.483,11.895,17.455,0.00,0.00,0.00,0.00,0.00,0.00,0.00,0.00,0.00,0.00,0.00,0.00,0.00,0.00,0.00,0.00,0.00
20650,DL:0.1.0:AT.1.0.0,2022-3-4 9:53:0,35.00,0.00,0.00,17.383,0.071,-5.487,11.896,17.454,0.00,0.00,0.00,0.00,0.00,0.00,0.00,0.00,0.00,0.00,0.00,0.00,0.00,0.00,0.00,0.00,0.00
20650,DL:0.1.0:AT.1.0.0,2022-3-4 9:53:6,35.00,0.00,0.00,17.391,0.061,-5.496,11.895,17.453,0.00,0.00,0.00,0.00,0.00,0.00,0.00,0.00,0.00,0.00,0.00,0.00,0.00,0.00,0.00,0.00,0.00
20650,DL:0.1.0:AT.1.0.0,2022-3-4 9:53:11,35.00,0.00,0.00,17.401,0.050,-5.505,11.896,17.451,0.00,0.00,0.00,0.00,0.00,0.00,0.00,0.00,0.00,0.00,0.00,0.00,0.00,0.00,0.00,0.00,0.00
20650,DL:0.1.0:AT.1.0.0,2022-3-4 9:53:16,35.00,0.00,0.00,17.414,0.036,-5.518,11.896,17.450,0.00,0.00,0.00,0.00,0.00,0.00,0.00,0.00,0.00,0.00,0.00,0.00,0.00,0.00,0.00,0.00,0.00
20650,DL:0.1.0:AT.1.0.0,2022-3-4 9:53:23,35.00,0.00,0.00,17.422,0.024,-5.525,11.897,17.447,0.00,0.00,0.00,0.00,0.00,0.00,0.00,0.00,0.00,0.00,0.00,0.00,0.00,0.00,0.00,0.00,0.00
20650,DL:0.1.0:AT.1.0.0,2022-3-4 9:53:29,35.00,0.00,0.00,17.424,0.023,-5.528,11.896,17.447,0.00,0.00,0.00,0.00,0.00,0.00,0.00,0.00,0.00,0.00,0.00,0.00,0.00,0.00,0.00,0.00,0.00
20650,DL:0.1.0:AT.1.0.0,2022-3-4 9:53:36,35.00,0.00,0.00,17.462,-0.018,-5.566,11.896,17.444,0.00,0.00,0.00,0.00,0.00,0.00,0.00,0.00,0.00,0.00,0.00,0.00,0.00,0.00,0.00,0.00,0.00
20650,DL:0.1.0:AT.1.0.0,2022-3-4 9:53:43,35.00,0.00,0.00,17.439,0.004,-5.542,11.897,17.443,0.00,0.00,0.00,0.00,0.00,0.00,0.00,0.00,0.00,0.00,0.00,0.00,0.00,0.00,0.00,0.00,0.00
20650,DL:0.1.0:AT.1.0.0,2022-3-4 9:53:54,35.00,0.00,0.00,17.432,0.010,-5.535,11.897,17.442,0.00,0.00,0.00,0.00,0.00,0.00,0.00,0.00,0.00,0.00,0.00,0.00,0.00,0.00,0.00,0.00,0.00
20650,DL:0.1.0:AT.1.0.0,2022-3-4 9:54:3,35.00,0.00,0.00,17.439,0.005,-5.542,11.897,17.444,0.00,0.00,0.00,0.00,0.00,0.00,0.00,0.00,0.00,0.00,0.00,0.00,0.00,0.00,0.00,0.00,0.00
20650,DL:0.1.0:AT.1.0.0,2022-3-4 9:54:10,35.00,0.00,0.00,17.480,-0.038,-5.583,11.897,17.442,0.00,0.00,0.00,0.00,0.00,0.00,0.00,0.00,0.00,0.00,0.00,0.00,0.00,0.00,0.00,0.00,0.00
20650,DL:0.1.0:AT.1.0.0,2022-3-4 9:54:17,35.00,0.00,0.00,17.471,-0.031,-5.572,11.899,17.439,0.00,0.00,0.00,0.00,0.00,0.00,0.00,0.00,0.00,0.00,0.00,0.00,0.00,0.00,0.00,0.00,0.00
20650,DL:0.1.0:AT.1.0.0,2022-3-4 9:54:25,35.00,0.00,0.00,17.477,-0.040,-5.578,11.899,17.437,0.00,0.00,0.00,0.00,0.00,0.00,0.00,0.00,0.00,0.00,0.00,0.00,0.00,0.00,0.00,0.00,0.00
20650,DL:0.1.0:AT.1.0.0,2022-3-4 9:54:31,35.00,0.00,0.00,17.513,-0.077,-5.614,11.899,17.436,0.00,0.00,0.00,0.00,0.00,0.00,0.00,0.00,0.00,0.00,0.00,0.00,0.00,0.00,0.00,0.00,0.00
20650,DL:0.1.0:AT.1.0.0,2022-3-4 9:54:36,35.00,0.00,0.00,17.472,-0.037,-5.573,11.899,17.435,0.00,0.00,0.00,0.00,0.00,0.00,0.00,0.00,0.00,0.00,0.00,0.00,0.00,0.00,0.00,0.00,0.00
20650,DL:0.1.0:AT.1.0.0,2022-3-4 9:54:41,35.00,0.00,0.00,17.495,-0.061,-5.596,11.899,17.433,0.00,0.00,0.00,0.00,0.00,0.00,0.00,0.00,0.00,0.00,0.00,0.00,0.00,0.00,0.00,0.00,0.00
20650,DL:0.1.0:AT.1.0.0,2022-3-4 9:54:48,35.00,0.00,0.00,17.514,-0.084,-5.615,11.899,17.430,0.00,0.00,0.00,0.00,0.00,0.00,0.00,0.00,0.00,0.00,0.00,0.00,0.00,0.00,0.00,0.00,0.00
20650,DL:0.1.0:AT.1.0.0,2022-3-4 9:54:56,35.00,0.00,0.00,17.519,-0.090,-5.620,11.899,17.429,0.00,0.00,0.00,0.00,0.00,0.00,0.00,0.00,0.00,0.00,0.00,0.00,0.00,0.00,0.00,0.00,0.00
20650,DL:0.1.0:AT.1.0.0,2022-3-4 9:55:2,35.00,0.00,0.00,17.495,-0.067,-5.596,11.899,17.427,0.00,0.00,0.00,0.00,0.00,0.00,0.00,0.00,0.00,0.00,0.00,0.00,0.00,0.00,0.00,0.00,0.00
20650,DL:0.1.0:AT.1.0.0,2022-3-4 9:55:9,35.00,0.00,0.00,17.513,-0.088,-5.612,11.901,17.425,0.00,0.00,0.00,0.00,0.00,0.00,0.00,0.00,0.00,0.00,0.00,0.00,0.00,0.00,0.00,0.00,0.00
20650,DL:0.1.0:AT.1.0.0,2022-3-4 9:55:15,35.00,0.00,0.00,17.538,-0.115,-5.637,11.901,17.422,0.00,0.00,0.00,0.00,0.00,0.00,0.00,0.00,0.00,0.00,0.00,0.00,0.00,0.00,0.00,0.00,0.00
20650,DL:0.1.0:AT.1.0.0,2022-3-4 9:55:27,35.00,0.00,0.00,17.522,-0.102,-5.620,11.902,17.420,0.00,0.00,0.00,0.00,0.00,0.00,0.00,0.00,0.00,0.00,0.00,0.00,0.00,0.00,0.00,0.00,0.00
20650,DL:0.1.0:AT.1.0.0,2022-3-4 9:55:32,35.00,0.00,0.00,17.537,-0.118,-5.633,11.903,17.419,0.00,0.00,0.00,0.00,0.00,0.00,0.00,0.00,0.00,0.00,0.00,0.00,0.00,0.00,0.00,0.00,0.00
20650,DL:0.1.0:AT.1.0.0,2022-3-4 9:55:39,35.00,0.00,0.00,17.567,-0.149,-5.663,11.903,17.418,0.00,0.00,0.00,0.00,0.00,0.00,0.00,0.00,0.00,0.00,0.00,0.00,0.00,0.00,0.00,0.00,0.00
20650,DL:0.1.0:AT.1.0.0,2022-3-4 9:55:49,35.00,0.00,0.00,17.541,-0.120,-5.637,11.905,17.421,0.00,0.00,0.00,0.00,0.00,0.00,0.00,0.00,0.00,0.00,0.00,0.00,0.00,0.00,0.00,0.00,0.00
20650,DL:0.1.0:AT.1.0.0,2022-3-4 9:55:58,35.00,0.00,0.00,17.586,-0.168,-5.681,11.905,17.418,0.00,0.00,0.00,0.00,0.00,0.00,0.00,0.00,0.00,0.00,0.00,0.00,0.00,0.00,0.00,0.00,0.00
20650,DL:0.1.0:AT.1.0.0,2022-3-4 9:56:3,35.00,0.00,0.00,17.594,-0.178,-5.690,11.905,17.416,0.00,0.00,0.00,0.00,0.00,0.00,0.00,0.00,0.00,0.00,0.00,0.00,0.00,0.00,0.00,0.00,0.00
20650,DL:0.1.0:AT.1.0.0,2022-3-4 9:56:10,35.00,0.00,0.00,17.594,-0.179,-5.690,11.905,17.415,0.00,0.00,0.00,0.00,0.00,0.00,0.00,0.00,0.00,0.00,0.00,0.00,0.00,0.00,0.00,0.00,0.00
20650,DL:0.1.0:AT.1.0.0,2022-3-4 9:56:15,35.00,0.00,0.00,17.587,-0.173,-5.681,11.906,17.414,0.00,0.00,0.00,0.00,0.00,0.00,0.00,0.00,0.00,0.00,0.00,0.00,0.00,0.00,0.00,0.00,0.00
20650,DL:0.1.0:AT.1.0.0,2022-3-4 9:56:21,35.00,0.00,0.00,17.598,-0.185,-5.692,11.906,17.413,0.00,0.00,0.00,0.00,0.00,0.00,0.00,0.00,0.00,0.00,0.00,0.00,0.00,0.00,0.00,0.00,0.00
20650,DL:0.1.0:AT.1.0.0,2022-3-4 9:56:27,35.00,0.00,0.00,17.609,-0.198,-5.703,11.906,17.410,0.00,0.00,0.00,0.00,0.00,0.00,0.00,0.00,0.00,0.00,0.00,0.00,0.00,0.00,0.00,0.00,0.00
20650,DL:0.1.0:AT.1.0.0,2022-3-4 9:56:34,35.00,0.00,0.00,17.627,-0.217,-5.721,11.906,17.409,0.00,0.00,0.00,0.00,0.00,0.00,0.00,0.00,0.00,0.00,0.00,0.00,0.00,0.00,0.00,0.00,0.00
20650,DL:0.1.0:AT.1.0.0,2022-3-4 9:56:41,35.00,0.00,0.00,17.632,-0.225,-5.726,11.906,17.407,0.00,0.00,0.00,0.00,0.00,0.00,0.00,0.00,0.00,0.00,0.00,0.00,0.00,0.00,0.00,0.00,0.00
20650,DL:0.1.0:AT.1.0.0,2022-3-4 9:56:48,35.00,0.00,0.00,17.593,-0.189,-5.687,11.906,17.404,0.00,0.00,0.00,0.00,0.00,0.00,0.00,0.00,0.00,0.00,0.00,0.00,0.00,0.00,0.00,0.00,0.00
20650,DL:0.1.0:AT.1.0.0,2022-3-4 9:56:59,35.00,0.00,0.00,17.610,-0.207,-5.703,11.907,17.403,0.00,0.00,0.00,0.00,0.00,0.00,0.00,0.00,0.00,0.00,0.00,0.00,0.00,0.00,0.00,0.00,0.00
20650,DL:0.1.0:AT.1.0.0,2022-3-4 9:57:5,35.00,0.00,0.00,17.635,-0.234,-5.729,11.906,17.401,0.00,0.00,0.00,0.00,0.00,0.00,0.00,0.00,0.00,0.00,0.00,0.00,0.00,0.00,0.00,0.00,0.00
20650,DL:0.1.0:AT.1.0.0,2022-3-4 9:57:12,35.00,0.00,0.00,17.612,-0.213,-5.705,11.907,17.400,0.00,0.00,0.00,0.00,0.00,0.00,0.00,0.00,0.00,0.00,0.00,0.00,0.00,0.00,0.00,0.00,0.00
20650,DL:0.1.0:AT.1.0.0,2022-3-4 9:57:19,35.00,0.00,0.00,17.605,-0.208,-5.698,11.907,17.397,0.00,0.00,0.00,0.00,0.00,0.00,0.00,0.00,0.00,0.00,0.00,0.00,0.00,0.00,0.00,0.00,0.00
20650,DL:0.1.0:AT.1.0.0,2022-3-4 9:57:25,35.25,0.00,0.00,17.634,-0.238,-5.727,11.907,17.396,0.00,0.00,0.00,0.00,0.00,0.00,0.00,0.00,0.00,0.00,0.00,0.00,0.00,0.00,0.00,0.00,0.00
20650,DL:0.1.0:AT.1.0.0,2022-3-4 9:57:32,35.25,0.00,0.00,17.615,-0.220,-5.708,11.907,17.395,0.00,0.00,0.00,0.00,0.00,0.00,0.00,0.00,0.00,0.00,0.00,0.00,0.00,0.00,0.00,0.00,0.00
20650,DL:0.1.0:AT.1.0.0,2022-3-4 9:57:37,35.25,0.00,0.00,17.635,-0.243,-5.728,11.907,17.392,0.00,0.00,0.00,0.00,0.00,0.00,0.00,0.00,0.00,0.00,0.00,0.00,0.00,0.00,0.00,0.00,0.00
20650,DL:0.1.0:AT.1.0.0,2022-3-4 9:57:42,35.25,0.00,0.00,17.628,-0.231,-5.721,11.907,17.397,0.00,0.00,0.00,0.00,0.00,0.00,0.00,0.00,0.00,0.00,0.00,0.00,0.00,0.00,0.00,0.00,0.00
20650,DL:0.1.0:AT.1.0.0,2022-3-4 9:57:49,35.25,0.00,0.00,17.608,-0.211,-5.702,11.906,17.396,0.00,0.00,0.00,0.00,0.00,0.00,0.00,0.00,0.00,0.00,0.00,0.00,0.00,0.00,0.00,0.00,0.00
20650,DL:0.1.0:AT.1.0.0,2022-3-4 9:57:54,35.25,0.00,0.00,17.628,-0.234,-5.721,11.907,17.394,0.00,0.00,0.00,0.00,0.00,0.00,0.00,0.00,0.00,0.00,0.00,0.00,0.00,0.00,0.00,0.00,0.00
20650,DL:0.1.0:AT.1.0.0,2022-3-4 9:58:3,35.25,0.00,0.00,17.608,-0.217,-5.701,11.907,17.390,0.00,0.00,0.00,0.00,0.00,0.00,0.00,0.00,0.00,0.00,0.00,0.00,0.00,0.00,0.00,0.00,0.00
20650,DL:0.1.0:AT.1.0.0,2022-3-4 9:58:10,35.25,0.00,0.00,17.612,-0.224,-5.703,11.909,17.389,0.00,0.00,0.00,0.00,0.00,0.00,0.00,0.00,0.00,0.00,0.00,0.00,0.00,0.00,0.00,0.00,0.00
20650,DL:0.1.0:AT.1.0.0,2022-3-4 9:58:17,35.25,0.00,0.00,17.621,-0.233,-5.711,11.909,17.388,0.00,0.00,0.00,0.00,0.00,0.00,0.00,0.00,0.00,0.00,0.00,0.00,0.00,0.00,0.00,0.00,0.00
20650,DL:0.1.0:AT.1.0.0,2022-3-4 9:58:23,35.25,0.00,0.00,17.642,-0.257,-5.733,11.909,17.385,0.00,0.00,0.00,0.00,0.00,0.00,0.00,0.00,0.00,0.00,0.00,0.00,0.00,0.00,0.00,0.00,0.00
20650,DL:0.1.0:AT.1.0.0,2022-3-4 9:58:34,35.25,0.00,0.00,17.610,-0.226,-5.701,11.909,17.384,0.00,0.00,0.00,0.00,0.00,0.00,0.00,0.00,0.00,0.00,0.00,0.00,0.00,0.00,0.00,0.00,0.00
20650,DL:0.1.0:AT.1.0.0,2022-3-4 9:58:39,35.25,0.00,0.00,17.650,-0.266,-5.739,11.911,17.384,0.00,0.00,0.00,0.00,0.00,0.00,0.00,0.00,0.00,0.00,0.00,0.00,0.00,0.00,0.00,0.00,0.00
20650,DL:0.1.0:AT.1.0.0,2022-3-4 9:58:45,35.25,0.00,0.00,17.650,-0.267,-5.739,11.911,17.383,0.00,0.00,0.00,0.00,0.00,0.00,0.00,0.00,0.00,0.00,0.00,0.00,0.00,0.00,0.00,0.00,0.00
20650,DL:0.1.0:AT.1.0.0,2022-3-4 9:58:51,35.25,0.00,0.00,17.651,-0.270,-5.740,11.911,17.380,0.00,0.00,0.00,0.00,0.00,0.00,0.00,0.00,0.00,0.00,0.00,0.00,0.00,0.00,0.00,0.00,0.00
20650,DL:0.1.0:AT.1.0.0,2022-3-4 9:58:58,35.25,0.00,0.00,17.653,-0.274,-5.741,11.912,17.379,0.00,0.00,0.00,0.00,0.00,0.00,0.00,0.00,0.00,0.00,0.00,0.00,0.00,0.00,0.00,0.00,0.00
20650,DL:0.1.0:AT.1.0.0,2022-3-4 9:59:5,35.25,0.00,0.00,17.669,-0.290,-5.758,11.911,17.379,0.00,0.00,0.00,0.00,0.00,0.00,0.00,0.00,0.00,0.00,0.00,0.00,0.00,0.00,0.00,0.00,0.00
20650,DL:0.1.0:AT.1.0.0,2022-3-4 9:59:11,35.25,0.00,0.00,17.658,-0.281,-5.746,11.912,17.377,0.00,0.00,0.00,0.00,0.00,0.00,0.00,0.00,0.00,0.00,0.00,0.00,0.00,0.00,0.00,0.00,0.00
20650,DL:0.1.0:AT.1.0.0,2022-3-4 9:59:18,35.25,0.00,0.00,17.674,-0.298,-5.763,11.911,17.376,0.00,0.00,0.00,0.00,0.00,0.00,0.00,0.00,0.00,0.00,0.00,0.00,0.00,0.00,0.00,0.00,0.00
20650,DL:0.1.0:AT.1.0.0,2022-3-4 9:59:25,35.25,0.00,0.00,17.657,-0.282,-5.745,11.912,17.374,0.00,0.00,0.00,0.00,0.00,0.00,0.00,0.00,0.00,0.00,0.00,0.00,0.00,0.00,0.00,0.00,0.00
20650,DL:0.1.0:AT.1.0.0,2022-3-4 9:59:30,35.25,0.00,0.00,17.666,-0.292,-5.755,11.912,17.374,0.00,0.00,0.00,0.00,0.00,0.00,0.00,0.00,0.00,0.00,0.00,0.00,0.00,0.00,0.00,0.00,0.00
20650,DL:0.1.0:AT.1.0.0,2022-3-4 9:59:35,35.25,0.00,0.00,17.644,-0.269,-5.731,11.913,17.374,0.00,0.00,0.00,0.00,0.00,0.00,0.00,0.00,0.00,0.00,0.00,0.00,0.00,0.00,0.00,0.00,0.00
20650,DL:0.1.0:AT.1.0.0,2022-3-4 9:59:42,35.25,0.00,0.00,17.647,-0.270,-5.734,11.913,17.377,0.00,0.00,0.00,0.00,0.00,0.00,0.00,0.00,0.00,0.00,0.00,0.00,0.00,0.00,0.00,0.00,0.00
20650,DL:0.1.0:AT.1.0.0,2022-3-4 9:59:49,35.25,0.00,0.00,17.678,-0.302,-5.764,11.914,17.377,0.00,0.00,0.00,0.00,0.00,0.00,0.00,0.00,0.00,0.00,0.00,0.00,0.00,0.00,0.00,0.00,0.00
20650,DL:0.1.0:AT.1.0.0,2022-3-4 9:59:55,35.25,0.00,0.00,17.668,-0.292,-5.753,11.914,17.376,0.00,0.00,0.00,0.00,0.00,0.00,0.00,0.00,0.00,0.00,0.00,0.00,0.00,0.00,0.00,0.00,0.00
20650,DL:0.1.0:AT.1.0.0,2022-3-4 10:0:4,35.25,0.00,0.00,17.659,-0.286,-5.746,11.913,17.373,0.00,0.00,0.00,0.00,0.00,0.00,0.00,0.00,0.00,0.00,0.00,0.00,0.00,0.00,0.00,0.00,0.00
20650,DL:0.1.0:AT.1.0.0,2022-3-4 10:0:10,35.25,0.00,0.00,17.675,-0.302,-5.761,11.914,17.373,0.00,0.00,0.00,0.00,0.00,0.00,0.00,0.00,0.00,0.00,0.00,0.00,0.00,0.00,0.00,0.00,0.00
20650,DL:0.1.0:AT.1.0.0,2022-3-4 10:0:16,35.25,0.00,0.00,17.686,-0.314,-5.771,11.914,17.372,0.00,0.00,0.00,0.00,0.00,0.00,0.00,0.00,0.00,0.00,0.00,0.00,0.00,0.00,0.00,0.00,0.00
20650,DL:0.1.0:AT.1.0.0,2022-3-4 10:0:23,35.25,0.00,0.00,17.671,-0.300,-5.757,11.914,17.371,0.00,0.00,0.00,0.00,0.00,0.00,0.00,0.00,0.00,0.00,0.00,0.00,0.00,0.00,0.00,0.00,0.00
20650,DL:0.1.0:AT.1.0.0,2022-3-4 10:0:30,35.25,0.00,0.00,17.676,-0.306,-5.762,11.914,17.370,0.00,0.00,0.00,0.00,0.00,0.00,0.00,0.00,0.00,0.00,0.00,0.00,0.00,0.00,0.00,0.00,0.00
20650,DL:0.1.0:AT.1.0.0,2022-3-4 10:0:38,35.25,0.00,0.00,17.640,-0.272,-5.727,11.913,17.368,0.00,0.00,0.00,0.00,0.00,0.00,0.00,0.00,0.00,0.00,0.00,0.00,0.00,0.00,0.00,0.00,0.00
20650,DL:0.1.0:AT.1.0.0,2022-3-4 10:0:43,35.25,0.00,0.00,17.705,-0.336,-5.789,11.915,17.368,0.00,0.00,0.00,0.00,0.00,0.00,0.00,0.00,0.00,0.00,0.00,0.00,0.00,0.00,0.00,0.00,0.00
20650,DL:0.1.0:AT.1.0.0,2022-3-4 10:0:48,35.25,0.00,0.00,17.688,-0.321,-5.774,11.914,17.367,0.00,0.00,0.00,0.00,0.00,0.00,0.00,0.00,0.00,0.00,0.00,0.00,0.00,0.00,0.00,0.00,0.00
20650,DL:0.1.0:AT.1.0.0,2022-3-4 10:0:54,35.25,0.00,0.00,17.687,-0.320,-5.773,11.914,17.367,0.00,0.00,0.00,0.00,0.00,0.00,0.00,0.00,0.00,0.00,0.00,0.00,0.00,0.00,0.00,0.00,0.00
20650,DL:0.1.0:AT.1.0.0,2022-3-4 10:1:1,35.25,0.00,0.00,17.681,-0.315,-5.765,11.915,17.366,0.00,0.00,0.00,0.00,0.00,0.00,0.00,0.00,0.00,0.00,0.00,0.00,0.00,0.00,0.00,0.00,0.00
20650,DL:0.1.0:AT.1.0.0,2022-3-4 10:1:6,35.25,0.00,0.00,17.689,-0.324,-5.775,11.914,17.365,0.00,0.00,0.00,0.00,0.00,0.00,0.00,0.00,0.00,0.00,0.00,0.00,0.00,0.00,0.00,0.00,0.00
20650,DL:0.1.0:AT.1.0.0,2022-3-4 10:1:11,35.25,0.00,0.00,17.690,-0.327,-5.774,11.917,17.364,0.00,0.00,0.00,0.00,0.00,0.00,0.00,0.00,0.00,0.00,0.00,0.00,0.00,0.00,0.00,0.00,0.00
20650,DL:0.1.0:AT.1.0.0,2022-3-4 10:1:16,35.25,0.00,0.00,17.670,-0.306,-5.755,11.915,17.364,0.00,0.00,0.00,0.00,0.00,0.00,0.00,0.00,0.00,0.00,0.00,0.00,0.00,0.00,0.00,0.00,0.00
20650,DL:0.1.0:AT.1.0.0,2022-3-4 10:1:22,35.25,0.00,0.00,17.687,-0.324,-5.771,11.915,17.362,0.00,0.00,0.00,0.00,0.00,0.00,0.00,0.00,0.00,0.00,0.00,0.00,0.00,0.00,0.00,0.00,0.00
20650,DL:0.1.0:AT.1.0.0,2022-3-4 10:1:27,35.25,0.00,0.00,17.666,-0.304,-5.751,11.915,17.362,0.00,0.00,0.00,0.00,0.00,0.00,0.00,0.00,0.00,0.00,0.00,0.00,0.00,0.00,0.00,0.00,0.00
20650,DL:0.1.0:AT.1.0.0,2022-3-4 10:1:32,35.25,0.00,0.00,17.675,-0.311,-5.758,11.917,17.364,0.00,0.00,0.00,0.00,0.00,0.00,0.00,0.00,0.00,0.00,0.00,0.00,0.00,0.00,0.00,0.00,0.00
20650,DL:0.1.0:AT.1.0.0,2022-3-4 10:1:37,35.25,0.00,0.00,17.677,-0.314,-5.761,11.917,17.364,0.00,0.00,0.00,0.00,0.00,0.00,0.00,0.00,0.00,0.00,0.00,0.00,0.00,0.00,0.00,0.00,0.00
20650,DL:0.1.0:AT.1.0.0,2022-3-4 10:1:42,35.25,0.00,0.00,17.684,-0.320,-5.769,11.915,17.365,0.00,0.00,0.00,0.00,0.00,0.00,0.00,0.00,0.00,0.00,0.00,0.00,0.00,0.00,0.00,0.00,0.00
20650,DL:0.1.0:AT.1.0.0,2022-3-4 10:1:49,35.25,0.00,0.00,17.677,-0.314,-5.758,11.919,17.364,0.00,0.00,0.00,0.00,0.00,0.00,0.00,0.00,0.00,0.00,0.00,0.00,0.00,0.00,0.00,0.00,0.00
20650,DL:0.1.0:AT.1.0.0,2022-3-4 10:1:54,35.25,0.00,0.00,17.658,-0.294,-5.740,11.918,17.364,0.00,0.00,0.00,0.00,0.00,0.00,0.00,0.00,0.00,0.00,0.00,0.00,0.00,0.00,0.00,0.00,0.00
20650,DL:0.1.0:AT.1.0.0,2022-3-4 10:1:59,35.25,0.00,0.00,17.674,-0.309,-5.755,11.919,17.365,0.00,0.00,0.00,0.00,0.00,0.00,0.00,0.00,0.00,0.00,0.00,0.00,0.00,0.00,0.00,0.00,0.00
20650,DL:0.1.0:AT.1.0.0,2022-3-4 10:2:7,35.25,0.00,0.00,17.699,-0.334,-5.780,11.919,17.365,0.00,0.00,0.00,0.00,0.00,0.00,0.00,0.00,0.00,0.00,0.00,0.00,0.00,0.00,0.00,0.00,0.00
20650,DL:0.1.0:AT.1.0.0,2022-3-4 10:2:13,35.25,0.00,0.00,17.702,-0.336,-5.783,11.919,17.366,0.00,0.00,0.00,0.00,0.00,0.00,0.00,0.00,0.00,0.00,0.00,0.00,0.00,0.00,0.00,0.00,0.00
20650,DL:0.1.0:AT.1.0.0,2022-3-4 10:2:18,35.25,0.00,0.00,17.718,-0.352,-5.799,11.919,17.366,0.00,0.00,0.00,0.00,0.00,0.00,0.00,0.00,0.00,0.00,0.00,0.00,0.00,0.00,0.00,0.00,0.00
20650,DL:0.1.0:AT.1.0.0,2022-3-4 10:2:23,35.25,0.00,0.00,17.722,-0.354,-5.801,11.920,17.367,0.00,0.00,0.00,0.00,0.00,0.00,0.00,0.00,0.00,0.00,0.00,0.00,0.00,0.00,0.00,0.00,0.00
20650,DL:0.1.0:AT.1.0.0,2022-3-4 10:2:28,35.25,0.00,0.00,17.696,-0.329,-5.776,11.920,17.367,0.00,0.00,0.00,0.00,0.00,0.00,0.00,0.00,0.00,0.00,0.00,0.00,0.00,0.00,0.00,0.00,0.00
20650,DL:0.1.0:AT.1.0.0,2022-3-4 10:2:33,35.25,0.00,0.00,17.699,-0.332,-5.779,11.920,17.367,0.00,0.00,0.00,0.00,0.00,0.00,0.00,0.00,0.00,0.00,0.00,0.00,0.00,0.00,0.00,0.00,0.00
20650,DL:0.1.0:AT.1.0.0,2022-3-4 10:2:38,35.25,0.00,0.00,17.670,-0.302,-5.750,11.920,17.368,0.00,0.00,0.00,0.00,0.00,0.00,0.00,0.00,0.00,0.00,0.00,0.00,0.00,0.00,0.00,0.00,0.00
20650,DL:0.1.0:AT.1.0.0,2022-3-4 10:2:44,35.50,0.00,0.00,17.716,-0.346,-5.795,11.920,17.370,0.00,0.00,0.00,0.00,0.00,0.00,0.00,0.00,0.00,0.00,0.00,0.00,0.00,0.00,0.00,0.00,0.00
20650,DL:0.1.0:AT.1.0.0,2022-3-4 10:2:51,35.50,0.00,0.00,17.686,-0.315,-5.765,11.920,17.371,0.00,0.00,0.00,0.00,0.00,0.00,0.00,0.00,0.00,0.00,0.00,0.00,0.00,0.00,0.00,0.00,0.00
20650,DL:0.1.0:AT.1.0.0,2022-3-4 10:2:56,35.50,0.00,0.00,17.704,-0.332,-5.783,11.920,17.372,0.00,0.00,0.00,0.00,0.00,0.00,0.00,0.00,0.00,0.00,0.00,0.00,0.00,0.00,0.00,0.00,0.00
20650,DL:0.1.0:AT.1.0.0,2022-3-4 10:3:1,35.50,0.00,0.00,17.695,-0.321,-5.774,11.921,17.374,0.00,0.00,0.00,0.00,0.00,0.00,0.00,0.00,0.00,0.00,0.00,0.00,0.00,0.00,0.00,0.00,0.00
20650,DL:0.1.0:AT.1.0.0,2022-3-4 10:3:10,35.50,0.00,0.00,17.723,-0.345,-5.803,11.920,17.378,0.00,0.00,0.00,0.00,0.00,0.00,0.00,0.00,0.00,0.00,0.00,0.00,0.00,0.00,0.00,0.00,0.00
20650,DL:0.1.0:AT.1.0.0,2022-3-4 10:3:18,35.50,0.00,0.00,17.688,-0.306,-5.767,11.921,17.382,0.00,0.00,0.00,0.00,0.00,0.00,0.00,0.00,0.00,0.00,0.00,0.00,0.00,0.00,0.00,0.00,0.00
20650,DL:0.1.0:AT.1.0.0,2022-3-4 10:3:23,35.50,0.00,0.00,17.696,-0.314,-5.775,11.921,17.383,0.00,0.00,0.00,0.00,0.00,0.00,0.00,0.00,0.00,0.00,0.00,0.00,0.00,0.00,0.00,0.00,0.00
20650,DL:0.1.0:AT.1.0.0,2022-3-4 10:3:28,35.50,0.00,0.00,17.704,-0.316,-5.782,11.921,17.388,0.00,0.00,0.00,0.00,0.00,0.00,0.00,0.00,0.00,0.00,0.00,0.00,0.00,0.00,0.00,0.00,0.00
20650,DL:0.1.0:AT.1.0.0,2022-3-4 10:3:35,35.50,0.00,0.00,17.699,-0.308,-5.779,11.920,17.391,0.00,0.00,0.00,0.00,0.00,0.00,0.00,0.00,0.00,0.00,0.00,0.00,0.00,0.00,0.00,0.00,0.00
20650,DL:0.1.0:AT.1.0.0,2022-3-4 10:3:40,35.50,0.00,0.00,17.710,-0.317,-5.788,11.921,17.392,0.00,0.00,0.00,0.00,0.00,0.00,0.00,0.00,0.00,0.00,0.00,0.00,0.00,0.00,0.00,0.00,0.00
20650,DL:0.1.0:AT.1.0.0,2022-3-4 10:3:45,35.50,0.00,0.00,17.684,-0.287,-5.763,11.921,17.397,0.00,0.00,0.00,0.00,0.00,0.00,0.00,0.00,0.00,0.00,0.00,0.00,0.00,0.00,0.00,0.00,0.00
20650,DL:0.1.0:AT.1.0.0,2022-3-4 10:3:52,35.50,0.00,0.00,17.698,-0.298,-5.776,11.921,17.400,0.00,0.00,0.00,0.00,0.00,0.00,0.00,0.00,0.00,0.00,0.00,0.00,0.00,0.00,0.00,0.00,0.00
20650,DL:0.1.0:AT.1.0.0,2022-3-4 10:3:57,35.50,0.00,0.00,17.674,-0.270,-5.752,11.921,17.403,0.00,0.00,0.00,0.00,0.00,0.00,0.00,0.00,0.00,0.00,0.00,0.00,0.00,0.00,0.00,0.00,0.00
20650,DL:0.1.0:AT.1.0.0,2022-3-4 10:4:3,35.50,0.00,0.00,17.706,-0.299,-5.785,11.921,17.407,0.00,0.00,0.00,0.00,0.00,0.00,0.00,0.00,0.00,0.00,0.00,0.00,0.00,0.00,0.00,0.00,0.00
20650,DL:0.1.0:AT.1.0.0,2022-3-4 10:4:11,35.50,0.00,0.00,17.716,-0.302,-5.795,11.920,17.414,0.00,0.00,0.00,0.00,0.00,0.00,0.00,0.00,0.00,0.00,0.00,0.00,0.00,0.00,0.00,0.00,0.00
20650,DL:0.1.0:AT.1.0.0,2022-3-4 10:4:16,35.50,0.00,0.00,17.725,-0.306,-5.804,11.921,17.419,0.00,0.00,0.00,0.00,0.00,0.00,0.00,0.00,0.00,0.00,0.00,0.00,0.00,0.00,0.00,0.00,0.00
20650,DL:0.1.0:AT.1.0.0,2022-3-4 10:4:23,35.50,0.00,0.00,17.763,-0.340,-5.841,11.921,17.422,0.00,0.00,0.00,0.00,0.00,0.00,0.00,0.00,0.00,0.00,0.00,0.00,0.00,0.00,0.00,0.00,0.00
20650,DL:0.1.0:AT.1.0.0,2022-3-4 10:4:30,35.50,0.00,0.00,17.743,-0.312,-5.821,11.923,17.431,0.00,0.00,0.00,0.00,0.00,0.00,0.00,0.00,0.00,0.00,0.00,0.00,0.00,0.00,0.00,0.00,0.00
20650,DL:0.1.0:AT.1.0.0,2022-3-4 10:4:37,35.50,0.00,0.00,17.731,-0.296,-5.810,11.921,17.436,0.00,0.00,0.00,0.00,0.00,0.00,0.00,0.00,0.00,0.00,0.00,0.00,0.00,0.00,0.00,0.00,0.00
20650,DL:0.1.0:AT.1.0.0,2022-3-4 10:4:42,35.50,0.00,0.00,17.728,-0.290,-5.806,11.921,17.438,0.00,0.00,0.00,0.00,0.00,0.00,0.00,0.00,0.00,0.00,0.00,0.00,0.00,0.00,0.00,0.00,0.00
20650,DL:0.1.0:AT.1.0.0,2022-3-4 10:4:47,35.50,0.00,0.00,17.723,-0.280,-5.801,11.921,17.443,0.00,0.00,0.00,0.00,0.00,0.00,0.00,0.00,0.00,0.00,0.00,0.00,0.00,0.00,0.00,0.00,0.00
20650,DL:0.1.0:AT.1.0.0,2022-3-4 10:4:54,35.50,0.00,0.00,17.729,-0.278,-5.807,11.921,17.451,0.00,0.00,0.00,0.00,0.00,0.00,0.00,0.00,0.00,0.00,0.00,0.00,0.00,0.00,0.00,0.00,0.00
20650,DL:0.1.0:AT.1.0.0,2022-3-4 10:5:0,35.50,0.00,0.00,17.745,-0.287,-5.823,11.921,17.457,0.00,0.00,0.00,0.00,0.00,0.00,0.00,0.00,0.00,0.00,0.00,0.00,0.00,0.00,0.00,0.00,0.00
20650,DL:0.1.0:AT.1.0.0,2022-3-4 10:5:7,35.50,0.00,0.00,17.735,-0.266,-5.812,11.923,17.469,0.00,0.00,0.00,0.00,0.00,0.00,0.00,0.00,0.00,0.00,0.00,0.00,0.00,0.00,0.00,0.00,0.00
20650,DL:0.1.0:AT.1.0.0,2022-3-4 10:5:17,35.50,0.00,0.00,17.737,-0.261,-5.816,11.921,17.477,0.00,0.00,0.00,0.00,0.00,0.00,0.00,0.00,0.00,0.00,0.00,0.00,0.00,0.00,0.00,0.00,0.00
20650,DL:0.1.0:AT.1.0.0,2022-3-4 10:5:22,35.50,0.00,0.00,17.718,-0.237,-5.797,11.921,17.481,0.00,0.00,0.00,0.00,0.00,0.00,0.00,0.00,0.00,0.00,0.00,0.00,0.00,0.00,0.00,0.00,0.00
20650,DL:0.1.0:AT.1.0.0,2022-3-4 10:5:28,35.50,0.00,0.00,17.743,-0.254,-5.821,11.923,17.490,0.00,0.00,0.00,0.00,0.00,0.00,0.00,0.00,0.00,0.00,0.00,0.00,0.00,0.00,0.00,0.00,0.00
20650,DL:0.1.0:AT.1.0.0,2022-3-4 10:5:33,35.50,0.00,0.00,17.743,-0.249,-5.820,11.924,17.495,0.00,0.00,0.00,0.00,0.00,0.00,0.00,0.00,0.00,0.00,0.00,0.00,0.00,0.00,0.00,0.00,0.00
20650,DL:0.1.0:AT.1.0.0,2022-3-4 10:5:38,35.50,0.00,0.00,17.720,-0.221,-5.797,11.924,17.499,0.00,0.00,0.00,0.00,0.00,0.00,0.00,0.00,0.00,0.00,0.00,0.00,0.00,0.00,0.00,0.00,0.00
20650,DL:0.1.0:AT.1.0.0,2022-3-4 10:5:46,35.50,0.00,0.00,17.733,-0.225,-5.809,11.924,17.508,0.00,0.00,0.00,0.00,0.00,0.00,0.00,0.00,0.00,0.00,0.00,0.00,0.00,0.00,0.00,0.00,0.00
20650,DL:0.1.0:AT.1.0.0,2022-3-4 10:5:52,35.50,0.00,0.00,17.743,-0.227,-5.820,11.924,17.516,0.00,0.00,0.00,0.00,0.00,0.00,0.00,0.00,0.00,0.00,0.00,0.00,0.00,0.00,0.00,0.00,0.00
20650,DL:0.1.0:AT.1.0.0,2022-3-4 10:5:59,35.50,0.00,0.00,17.743,-0.225,-5.818,11.925,17.519,0.00,0.00,0.00,0.00,0.00,0.00,0.00,0.00,0.00,0.00,0.00,0.00,0.00,0.00,0.00,0.00,0.00
20650,DL:0.1.0:AT.1.0.0,2022-3-4 10:6:6,35.50,0.00,0.00,17.753,-0.228,-5.828,11.925,17.525,0.00,0.00,0.00,0.00,0.00,0.00,0.00,0.00,0.00,0.00,0.00,0.00,0.00,0.00,0.00,0.00,0.00
20650,DL:0.1.0:AT.1.0.0,2022-3-4 10:6:16,35.50,0.00,0.00,17.741,-0.208,-5.815,11.926,17.533,0.00,0.00,0.00,0.00,0.00,0.00,0.00,0.00,0.00,0.00,0.00,0.00,0.00,0.00,0.00,0.00,0.00
20650,DL:0.1.0:AT.1.0.0,2022-3-4 10:6:23,35.50,0.00,0.00,17.718,-0.179,-5.792,11.926,17.539,0.00,0.00,0.00,0.00,0.00,0.00,0.00,0.00,0.00,0.00,0.00,0.00,0.00,0.00,0.00,0.00,0.00
20650,DL:0.1.0:AT.1.0.0,2022-3-4 10:6:30,35.50,0.00,0.00,17.736,-0.195,-5.809,11.927,17.541,0.00,0.00,0.00,0.00,0.00,0.00,0.00,0.00,0.00,0.00,0.00,0.00,0.00,0.00,0.00,0.00,0.00
20650,DL:0.1.0:AT.1.0.0,2022-3-4 10:6:35,35.50,0.00,0.00,17.751,-0.203,-5.823,11.927,17.547,0.00,0.00,0.00,0.00,0.00,0.00,0.00,0.00,0.00,0.00,0.00,0.00,0.00,0.00,0.00,0.00,0.00
20650,DL:0.1.0:AT.1.0.0,2022-3-4 10:6:40,35.50,0.00,0.00,17.758,-0.208,-5.830,11.927,17.550,0.00,0.00,0.00,0.00,0.00,0.00,0.00,0.00,0.00,0.00,0.00,0.00,0.00,0.00,0.00,0.00,0.00
20650,DL:0.1.0:AT.1.0.0,2022-3-4 10:6:47,35.50,0.00,0.00,17.757,-0.202,-5.829,11.927,17.555,0.00,0.00,0.00,0.00,0.00,0.00,0.00,0.00,0.00,0.00,0.00,0.00,0.00,0.00,0.00,0.00,0.00
20650,DL:0.1.0:AT.1.0.0,2022-3-4 10:6:52,35.50,0.00,0.00,17.739,-0.180,-5.812,11.926,17.558,0.00,0.00,0.00,0.00,0.00,0.00,0.00,0.00,0.00,0.00,0.00,0.00,0.00,0.00,0.00,0.00,0.00
20650,DL:0.1.0:AT.1.0.0,2022-3-4 10:6:57,35.50,0.00,0.00,17.723,-0.163,-5.795,11.927,17.559,0.00,0.00,0.00,0.00,0.00,0.00,0.00,0.00,0.00,0.00,0.00,0.00,0.00,0.00,0.00,0.00,0.00
20650,DL:0.1.0:AT.1.0.0,2022-3-4 10:7:4,35.50,0.00,0.00,17.742,-0.178,-5.816,11.926,17.564,0.00,0.00,0.00,0.00,0.00,0.00,0.00,0.00,0.00,0.00,0.00,0.00,0.00,0.00,0.00,0.00,0.00
20650,DL:0.1.0:AT.1.0.0,2022-3-4 10:7:11,35.50,0.00,0.00,17.741,-0.173,-5.814,11.927,17.568,0.00,0.00,0.00,0.00,0.00,0.00,0.00,0.00,0.00,0.00,0.00,0.00,0.00,0.00,0.00,0.00,0.00
20650,DL:0.1.0:AT.1.0.0,2022-3-4 10:7:17,35.50,0.00,0.00,17.749,-0.178,-5.823,11.926,17.571,0.00,0.00,0.00,0.00,0.00,0.00,0.00,0.00,0.00,0.00,0.00,0.00,0.00,0.00,0.00,0.00,0.00
20650,DL:0.1.0:AT.1.0.0,2022-3-4 10:7:22,35.50,0.00,0.00,17.743,-0.169,-5.816,11.927,17.574,0.00,0.00,0.00,0.00,0.00,0.00,0.00,0.00,0.00,0.00,0.00,0.00,0.00,0.00,0.00,0.00,0.00
20650,DL:0.1.0:AT.1.0.0,2022-3-4 10:7:28,35.50,0.00,0.00,17.752,-0.175,-5.824,11.927,17.576,0.00,0.00,0.00,0.00,0.00,0.00,0.00,0.00,0.00,0.00,0.00,0.00,0.00,0.00,0.00,0.00,0.00
20650,DL:0.1.0:AT.1.0.0,2022-3-4 10:7:33,35.50,0.00,0.00,17.727,-0.149,-5.799,11.927,17.578,0.00,0.00,0.00,0.00,0.00,0.00,0.00,0.00,0.00,0.00,0.00,0.00,0.00,0.00,0.00,0.00,0.00
20650,DL:0.1.0:AT.1.0.0,2022-3-4 10:7:38,35.50,0.00,0.00,17.719,-0.138,-5.792,11.927,17.581,0.00,0.00,0.00,0.00,0.00,0.00,0.00,0.00,0.00,0.00,0.00,0.00,0.00,0.00,0.00,0.00,0.00
20650,DL:0.1.0:AT.1.0.0,2022-3-4 10:7:43,35.50,0.00,0.00,17.713,-0.131,-5.786,11.927,17.582,0.00,0.00,0.00,0.00,0.00,0.00,0.00,0.00,0.00,0.00,0.00,0.00,0.00,0.00,0.00,0.00,0.00
20650,DL:0.1.0:AT.1.0.0,2022-3-4 10:7:48,35.50,0.00,0.00,17.747,-0.161,-5.820,11.927,17.586,0.00,0.00,0.00,0.00,0.00,0.00,0.00,0.00,0.00,0.00,0.00,0.00,0.00,0.00,0.00,0.00,0.00
20650,DL:0.1.0:AT.1.0.0,2022-3-4 10:7:53,35.50,0.00,0.00,17.712,-0.126,-5.785,11.927,17.586,0.00,0.00,0.00,0.00,0.00,0.00,0.00,0.00,0.00,0.00,0.00,0.00,0.00,0.00,0.00,0.00,0.00
20650,DL:0.1.0:AT.1.0.0,2022-3-4 10:7:58,35.50,0.00,0.00,17.751,-0.161,-5.823,11.927,17.590,0.00,0.00,0.00,0.00,0.00,0.00,0.00,0.00,0.00,0.00,0.00,0.00,0.00,0.00,0.00,0.00,0.00
20650,DL:0.1.0:AT.1.0.0,2022-3-4 10:8:5,35.75,0.00,0.00,17.730,-0.137,-5.803,11.927,17.593,0.00,0.00,0.00,0.00,0.00,0.00,0.00,0.00,0.00,0.00,0.00,0.00,0.00,0.00,0.00,0.00,0.00
20650,DL:0.1.0:AT.1.0.0,2022-3-4 10:8:12,35.75,0.00,0.00,17.743,-0.150,-5.816,11.927,17.593,0.00,0.00,0.00,0.00,0.00,0.00,0.00,0.00,0.00,0.00,0.00,0.00,0.00,0.00,0.00,0.00,0.00
20650,DL:0.1.0:AT.1.0.0,2022-3-4 10:8:17,35.75,0.00,0.00,17.731,-0.135,-5.803,11.929,17.597,0.00,0.00,0.00,0.00,0.00,0.00,0.00,0.00,0.00,0.00,0.00,0.00,0.00,0.00,0.00,0.00,0.00
20650,DL:0.1.0:AT.1.0.0,2022-3-4 10:8:22,35.75,0.00,0.00,17.748,-0.149,-5.821,11.927,17.599,0.00,0.00,0.00,0.00,0.00,0.00,0.00,0.00,0.00,0.00,0.00,0.00,0.00,0.00,0.00,0.00,0.00
20650,DL:0.1.0:AT.1.0.0,2022-3-4 10:8:29,35.75,0.00,0.00,17.748,-0.147,-5.821,11.927,17.602,0.00,0.00,0.00,0.00,0.00,0.00,0.00,0.00,0.00,0.00,0.00,0.00,0.00,0.00,0.00,0.00,0.00
20650,DL:0.1.0:AT.1.0.0,2022-3-4 10:8:34,35.75,0.00,0.00,17.745,-0.143,-5.817,11.927,17.602,0.00,0.00,0.00,0.00,0.00,0.00,0.00,0.00,0.00,0.00,0.00,0.00,0.00,0.00,0.00,0.00,0.00
20650,DL:0.1.0:AT.1.0.0,2022-3-4 10:8:39,35.75,0.00,0.00,17.734,-0.129,-5.806,11.927,17.605,0.00,0.00,0.00,0.00,0.00,0.00,0.00,0.00,0.00,0.00,0.00,0.00,0.00,0.00,0.00,0.00,0.00
20650,DL:0.1.0:AT.1.0.0,2022-3-4 10:8:47,35.75,0.00,0.00,17.760,-0.154,-5.833,11.927,17.606,0.00,0.00,0.00,0.00,0.00,0.00,0.00,0.00,0.00,0.00,0.00,0.00,0.00,0.00,0.00,0.00,0.00
20650,DL:0.1.0:AT.1.0.0,2022-3-4 10:8:53,35.75,0.00,0.00,17.742,-0.133,-5.815,11.927,17.609,0.00,0.00,0.00,0.00,0.00,0.00,0.00,0.00,0.00,0.00,0.00,0.00,0.00,0.00,0.00,0.00,0.00
20650,DL:0.1.0:AT.1.0.0,2022-3-4 10:9:0,35.75,0.00,0.00,17.741,-0.129,-5.812,11.929,17.612,0.00,0.00,0.00,0.00,0.00,0.00,0.00,0.00,0.00,0.00,0.00,0.00,0.00,0.00,0.00,0.00,0.00
20650,DL:0.1.0:AT.1.0.0,2022-3-4 10:9:7,35.75,0.00,0.00,17.748,-0.135,-5.818,11.930,17.614,0.00,0.00,0.00,0.00,0.00,0.00,0.00,0.00,0.00,0.00,0.00,0.00,0.00,0.00,0.00,0.00,0.00
20650,DL:0.1.0:AT.1.0.0,2022-3-4 10:9:13,35.75,0.00,0.00,17.766,-0.150,-5.836,11.930,17.616,0.00,0.00,0.00,0.00,0.00,0.00,0.00,0.00,0.00,0.00,0.00,0.00,0.00,0.00,0.00,0.00,0.00
20650,DL:0.1.0:AT.1.0.0,2022-3-4 10:9:20,35.75,0.00,0.00,17.751,-0.132,-5.820,11.931,17.618,0.00,0.00,0.00,0.00,0.00,0.00,0.00,0.00,0.00,0.00,0.00,0.00,0.00,0.00,0.00,0.00,0.00
20650,DL:0.1.0:AT.1.0.0,2022-3-4 10:9:27,35.75,0.00,0.00,17.708,-0.088,-5.779,11.930,17.621,0.00,0.00,0.00,0.00,0.00,0.00,0.00,0.00,0.00,0.00,0.00,0.00,0.00,0.00,0.00,0.00,0.00
20650,DL:0.1.0:AT.1.0.0,2022-3-4 10:9:32,35.75,0.00,0.00,17.765,-0.143,-5.834,11.931,17.622,0.00,0.00,0.00,0.00,0.00,0.00,0.00,0.00,0.00,0.00,0.00,0.00,0.00,0.00,0.00,0.00,0.00
20650,DL:0.1.0:AT.1.0.0,2022-3-4 10:9:37,35.75,0.00,0.00,17.775,-0.150,-5.844,11.931,17.624,0.00,0.00,0.00,0.00,0.00,0.00,0.00,0.00,0.00,0.00,0.00,0.00,0.00,0.00,0.00,0.00,0.00
20650,DL:0.1.0:AT.1.0.0,2022-3-4 10:9:44,35.75,0.00,0.00,17.775,-0.149,-5.844,11.931,17.626,0.00,0.00,0.00,0.00,0.00,0.00,0.00,0.00,0.00,0.00,0.00,0.00,0.00,0.00,0.00,0.00,0.00
20650,DL:0.1.0:AT.1.0.0,2022-3-4 10:9:51,35.75,0.00,0.00,17.759,-0.129,-5.828,11.931,17.630,0.00,0.00,0.00,0.00,0.00,0.00,0.00,0.00,0.00,0.00,0.00,0.00,0.00,0.00,0.00,0.00,0.00
20650,DL:0.1.0:AT.1.0.0,2022-3-4 10:9:58,35.75,0.00,0.00,17.747,-0.117,-5.815,11.932,17.630,0.00,0.00,0.00,0.00,0.00,0.00,0.00,0.00,0.00,0.00,0.00,0.00,0.00,0.00,0.00,0.00,0.00
20650,DL:0.1.0:AT.1.0.0,2022-3-4 10:10:3,35.75,0.00,0.00,17.775,-0.142,-5.844,11.931,17.633,0.00,0.00,0.00,0.00,0.00,0.00,0.00,0.00,0.00,0.00,0.00,0.00,0.00,0.00,0.00,0.00,0.00
20650,DL:0.1.0:AT.1.0.0,2022-3-4 10:10:8,35.75,0.00,0.00,17.766,-0.133,-5.834,11.932,17.633,0.00,0.00,0.00,0.00,0.00,0.00,0.00,0.00,0.00,0.00,0.00,0.00,0.00,0.00,0.00,0.00,0.00
20650,DL:0.1.0:AT.1.0.0,2022-3-4 10:10:13,35.75,0.00,0.00,17.737,-0.101,-5.805,11.932,17.636,0.00,0.00,0.00,0.00,0.00,0.00,0.00,0.00,0.00,0.00,0.00,0.00,0.00,0.00,0.00,0.00,0.00
20650,DL:0.1.0:AT.1.0.0,2022-3-4 10:10:19,35.75,0.00,0.00,17.757,-0.119,-5.824,11.932,17.638,0.00,0.00,0.00,0.00,0.00,0.00,0.00,0.00,0.00,0.00,0.00,0.00,0.00,0.00,0.00,0.00,0.00
20650,DL:0.1.0:AT.1.0.0,2022-3-4 10:10:25,35.75,0.00,0.00,17.753,-0.114,-5.822,11.931,17.639,0.00,0.00,0.00,0.00,0.00,0.00,0.00,0.00,0.00,0.00,0.00,0.00,0.00,0.00,0.00,0.00,0.00
20650,DL:0.1.0:AT.1.0.0,2022-3-4 10:10:32,35.75,0.00,0.00,17.752,-0.109,-5.821,11.931,17.642,0.00,0.00,0.00,0.00,0.00,0.00,0.00,0.00,0.00,0.00,0.00,0.00,0.00,0.00,0.00,0.00,0.00
20650,DL:0.1.0:AT.1.0.0,2022-3-4 10:10:37,35.75,0.00,0.00,17.728,-0.084,-5.795,11.932,17.644,0.00,0.00,0.00,0.00,0.00,0.00,0.00,0.00,0.00,0.00,0.00,0.00,0.00,0.00,0.00,0.00,0.00
20650,DL:0.1.0:AT.1.0.0,2022-3-4 10:10:42,35.75,0.00,0.00,17.714,-0.068,-5.782,11.932,17.646,0.00,0.00,0.00,0.00,0.00,0.00,0.00,0.00,0.00,0.00,0.00,0.00,0.00,0.00,0.00,0.00,0.00
20650,DL:0.1.0:AT.1.0.0,2022-3-4 10:10:50,35.75,0.00,0.00,17.729,-0.081,-5.797,11.932,17.648,0.00,0.00,0.00,0.00,0.00,0.00,0.00,0.00,0.00,0.00,0.00,0.00,0.00,0.00,0.00,0.00,0.00
20650,DL:0.1.0:AT.1.0.0,2022-3-4 10:10:56,35.75,0.00,0.00,17.737,-0.087,-5.804,11.933,17.651,0.00,0.00,0.00,0.00,0.00,0.00,0.00,0.00,0.00,0.00,0.00,0.00,0.00,0.00,0.00,0.00,0.00
20650,DL:0.1.0:AT.1.0.0,2022-3-4 10:11:1,35.75,0.00,0.00,17.757,-0.105,-5.824,11.932,17.652,0.00,0.00,0.00,0.00,0.00,0.00,0.00,0.00,0.00,0.00,0.00,0.00,0.00,0.00,0.00,0.00,0.00
20650,DL:0.1.0:AT.1.0.0,2022-3-4 10:11:6,35.75,0.00,0.00,17.745,-0.089,-5.812,11.932,17.656,0.00,0.00,0.00,0.00,0.00,0.00,0.00,0.00,0.00,0.00,0.00,0.00,0.00,0.00,0.00,0.00,0.00
20650,DL:0.1.0:AT.1.0.0,2022-3-4 10:11:13,35.75,0.00,0.00,17.718,-0.061,-5.786,11.932,17.657,0.00,0.00,0.00,0.00,0.00,0.00,0.00,0.00,0.00,0.00,0.00,0.00,0.00,0.00,0.00,0.00,0.00
20650,DL:0.1.0:AT.1.0.0,2022-3-4 10:11:21,35.75,0.00,0.00,17.775,-0.114,-5.842,11.932,17.660,0.00,0.00,0.00,0.00,0.00,0.00,0.00,0.00,0.00,0.00,0.00,0.00,0.00,0.00,0.00,0.00,0.00
20650,DL:0.1.0:AT.1.0.0,2022-3-4 10:11:27,35.75,0.00,0.00,17.773,-0.109,-5.840,11.933,17.664,0.00,0.00,0.00,0.00,0.00,0.00,0.00,0.00,0.00,0.00,0.00,0.00,0.00,0.00,0.00,0.00,0.00
20650,DL:0.1.0:AT.1.0.0,2022-3-4 10:11:34,35.75,0.00,0.00,17.758,-0.093,-5.826,11.932,17.665,0.00,0.00,0.00,0.00,0.00,0.00,0.00,0.00,0.00,0.00,0.00,0.00,0.00,0.00,0.00,0.00,0.00
20650,DL:0.1.0:AT.1.0.0,2022-3-4 10:11:41,35.75,0.00,0.00,17.777,-0.109,-5.844,11.933,17.668,0.00,0.00,0.00,0.00,0.00,0.00,0.00,0.00,0.00,0.00,0.00,0.00,0.00,0.00,0.00,0.00,0.00
20650,DL:0.1.0:AT.1.0.0,2022-3-4 10:11:46,35.75,0.00,0.00,17.746,-0.077,-5.812,11.933,17.669,0.00,0.00,0.00,0.00,0.00,0.00,0.00,0.00,0.00,0.00,0.00,0.00,0.00,0.00,0.00,0.00,0.00
20650,DL:0.1.0:AT.1.0.0,2022-3-4 10:11:52,35.75,0.00,0.00,17.746,-0.073,-5.814,11.932,17.672,0.00,0.00,0.00,0.00,0.00,0.00,0.00,0.00,0.00,0.00,0.00,0.00,0.00,0.00,0.00,0.00,0.00
20650,DL:0.1.0:AT.1.0.0,2022-3-4 10:11:58,35.75,0.00,0.00,17.773,-0.099,-5.840,11.933,17.675,0.00,0.00,0.00,0.00,0.00,0.00,0.00,0.00,0.00,0.00,0.00,0.00,0.00,0.00,0.00,0.00,0.00
20650,DL:0.1.0:AT.1.0.0,2022-3-4 10:12:3,35.75,0.00,0.00,17.782,-0.106,-5.848,11.933,17.676,0.00,0.00,0.00,0.00,0.00,0.00,0.00,0.00,0.00,0.00,0.00,0.00,0.00,0.00,0.00,0.00,0.00
20650,DL:0.1.0:AT.1.0.0,2022-3-4 10:12:8,35.75,0.00,0.00,17.771,-0.091,-5.838,11.933,17.680,0.00,0.00,0.00,0.00,0.00,0.00,0.00,0.00,0.00,0.00,0.00,0.00,0.00,0.00,0.00,0.00,0.00
20650,DL:0.1.0:AT.1.0.0,2022-3-4 10:12:15,35.75,0.00,0.00,17.751,-0.068,-5.817,11.933,17.682,0.00,0.00,0.00,0.00,0.00,0.00,0.00,0.00,0.00,0.00,0.00,0.00,0.00,0.00,0.00,0.00,0.00
20650,DL:0.1.0:AT.1.0.0,2022-3-4 10:12:23,35.75,0.00,0.00,17.758,-0.072,-5.824,11.933,17.686,0.00,0.00,0.00,0.00,0.00,0.00,0.00,0.00,0.00,0.00,0.00,0.00,0.00,0.00,0.00,0.00,0.00
20650,DL:0.1.0:AT.1.0.0,2022-3-4 10:12:28,35.75,0.00,0.00,17.782,-0.093,-5.847,11.935,17.689,0.00,0.00,0.00,0.00,0.00,0.00,0.00,0.00,0.00,0.00,0.00,0.00,0.00,0.00,0.00,0.00,0.00
20650,DL:0.1.0:AT.1.0.0,2022-3-4 10:12:35,35.75,0.00,0.00,17.755,-0.064,-5.821,11.935,17.692,0.00,0.00,0.00,0.00,0.00,0.00,0.00,0.00,0.00,0.00,0.00,0.00,0.00,0.00,0.00,0.00,0.00
20650,DL:0.1.0:AT.1.0.0,2022-3-4 10:12:42,35.75,0.00,0.00,17.766,-0.072,-5.830,11.936,17.694,0.00,0.00,0.00,0.00,0.00,0.00,0.00,0.00,0.00,0.00,0.00,0.00,0.00,0.00,0.00,0.00,0.00
20650,DL:0.1.0:AT.1.0.0,2022-3-4 10:12:49,35.75,0.00,0.00,17.747,-0.049,-5.811,11.936,17.698,0.00,0.00,0.00,0.00,0.00,0.00,0.00,0.00,0.00,0.00,0.00,0.00,0.00,0.00,0.00,0.00,0.00
20650,DL:0.1.0:AT.1.0.0,2022-3-4 10:12:57,35.75,0.00,0.00,17.747,-0.046,-5.811,11.936,17.701,0.00,0.00,0.00,0.00,0.00,0.00,0.00,0.00,0.00,0.00,0.00,0.00,0.00,0.00,0.00,0.00,0.00
20650,DL:0.1.0:AT.1.0.0,2022-3-4 10:13:3,35.75,0.00,0.00,17.766,-0.065,-5.829,11.937,17.701,0.00,0.00,0.00,0.00,0.00,0.00,0.00,0.00,0.00,0.00,0.00,0.00,0.00,0.00,0.00,0.00,0.00
20650,DL:0.1.0:AT.1.0.0,2022-3-4 10:13:9,35.75,0.00,0.00,17.754,-0.048,-5.816,11.938,17.706,0.00,0.00,0.00,0.00,0.00,0.00,0.00,0.00,0.00,0.00,0.00,0.00,0.00,0.00,0.00,0.00,0.00
20650,DL:0.1.0:AT.1.0.0,2022-3-4 10:13:16,35.75,0.00,0.00,17.734,-0.024,-5.797,11.937,17.710,0.00,0.00,0.00,0.00,0.00,0.00,0.00,0.00,0.00,0.00,0.00,0.00,0.00,0.00,0.00,0.00,0.00
20650,DL:0.1.0:AT.1.0.0,2022-3-4 10:13:21,35.75,0.00,0.00,17.772,-0.062,-5.834,11.938,17.710,0.00,0.00,0.00,0.00,0.00,0.00,0.00,0.00,0.00,0.00,0.00,0.00,0.00,0.00,0.00,0.00,0.00
20650,DL:0.1.0:AT.1.0.0,2022-3-4 10:13:26,35.75,0.00,0.00,17.776,-0.064,-5.838,11.938,17.712,0.00,0.00,0.00,0.00,0.00,0.00,0.00,0.00,0.00,0.00,0.00,0.00,0.00,0.00,0.00,0.00,0.00
20650,DL:0.1.0:AT.1.0.0,2022-3-4 10:13:31,35.75,0.00,0.00,17.754,-0.040,-5.816,11.938,17.714,0.00,0.00,0.00,0.00,0.00,0.00,0.00,0.00,0.00,0.00,0.00,0.00,0.00,0.00,0.00,0.00,0.00
20650,DL:0.1.0:AT.1.0.0,2022-3-4 10:13:37,35.75,0.00,0.00,17.749,-0.030,-5.811,11.938,17.719,0.00,0.00,0.00,0.00,0.00,0.00,0.00,0.00,0.00,0.00,0.00,0.00,0.00,0.00,0.00,0.00,0.00
20650,DL:0.1.0:AT.1.0.0,2022-3-4 10:13:44,35.75,0.00,0.00,17.752,-0.031,-5.814,11.938,17.720,0.00,0.00,0.00,0.00,0.00,0.00,0.00,0.00,0.00,0.00,0.00,0.00,0.00,0.00,0.00,0.00,0.00
20650,DL:0.1.0:AT.1.0.0,2022-3-4 10:13:50,35.75,0.00,0.00,17.747,-0.022,-5.809,11.938,17.725,0.00,0.00,0.00,0.00,0.00,0.00,0.00,0.00,0.00,0.00,0.00,0.00,0.00,0.00,0.00,0.00,0.00
20650,DL:0.1.0:AT.1.0.0,2022-3-4 10:13:55,35.75,0.00,0.00,17.740,-0.013,-5.800,11.939,17.727,0.00,0.00,0.00,0.00,0.00,0.00,0.00,0.00,0.00,0.00,0.00,0.00,0.00,0.00,0.00,0.00,0.00
20650,DL:0.1.0:AT.1.0.0,2022-3-4 10:14:1,35.75,0.00,0.00,17.745,-0.014,-5.805,11.939,17.730,0.00,0.00,0.00,0.00,0.00,0.00,0.00,0.00,0.00,0.00,0.00,0.00,0.00,0.00,0.00,0.00,0.00
20650,DL:0.1.0:AT.1.0.0,2022-3-4 10:14:7,35.75,0.00,0.00,17.742,-0.008,-5.803,11.939,17.734,0.00,0.00,0.00,0.00,0.00,0.00,0.00,0.00,0.00,0.00,0.00,0.00,0.00,0.00,0.00,0.00,0.00
20650,DL:0.1.0:AT.1.0.0,2022-3-4 10:14:14,35.75,0.00,0.00,17.764,-0.028,-5.824,11.939,17.736,0.00,0.00,0.00,0.00,0.00,0.00,0.00,0.00,0.00,0.00,0.00,0.00,0.00,0.00,0.00,0.00,0.00
20650,DL:0.1.0:AT.1.0.0,2022-3-4 10:14:21,35.75,0.00,0.00,17.765,-0.025,-5.826,11.939,17.740,0.00,0.00,0.00,0.00,0.00,0.00,0.00,0.00,0.00,0.00,0.00,0.00,0.00,0.00,0.00,0.00,0.00
20650,DL:0.1.0:AT.1.0.0,2022-3-4 10:14:26,35.75,0.00,0.00,17.755,-0.014,-5.816,11.939,17.741,0.00,0.00,0.00,0.00,0.00,0.00,0.00,0.00,0.00,0.00,0.00,0.00,0.00,0.00,0.00,0.00,0.00
20650,DL:0.1.0:AT.1.0.0,2022-3-4 10:14:31,35.75,0.00,0.00,17.789,-0.043,-5.850,11.939,17.746,0.00,0.00,0.00,0.00,0.00,0.00,0.00,0.00,0.00,0.00,0.00,0.00,0.00,0.00,0.00,0.00,0.00
20650,DL:0.1.0:AT.1.0.0,2022-3-4 10:14:38,35.75,0.00,0.00,17.751,-0.002,-5.812,11.938,17.748,0.00,0.00,0.00,0.00,0.00,0.00,0.00,0.00,0.00,0.00,0.00,0.00,0.00,0.00,0.00,0.00,0.00
20650,DL:0.1.0:AT.1.0.0,2022-3-4 10:14:45,35.75,0.00,0.00,17.795,-0.044,-5.856,11.939,17.751,0.00,0.00,0.00,0.00,0.00,0.00,0.00,0.00,0.00,0.00,0.00,0.00,0.00,0.00,0.00,0.00,0.00
20650,DL:0.1.0:AT.1.0.0,2022-3-4 10:14:52,35.75,0.00,0.00,17.767,-0.013,-5.828,11.939,17.754,0.00,0.00,0.00,0.00,0.00,0.00,0.00,0.00,0.00,0.00,0.00,0.00,0.00,0.00,0.00,0.00,0.00
20650,DL:0.1.0:AT.1.0.0,2022-3-4 10:14:57,35.75,0.00,0.00,17.760,-0.005,-5.822,11.938,17.755,0.00,0.00,0.00,0.00,0.00,0.00,0.00,0.00,0.00,0.00,0.00,0.00,0.00,0.00,0.00,0.00,0.00
20650,DL:0.1.0:AT.1.0.0,2022-3-4 10:15:2,35.75,0.00,0.00,17.757,0.002,-5.818,11.938,17.759,0.00,0.00,0.00,0.00,0.00,0.00,0.00,0.00,0.00,0.00,0.00,0.00,0.00,0.00,0.00,0.00,0.00
20650,DL:0.1.0:AT.1.0.0,2022-3-4 10:15:9,35.75,0.00,0.00,17.773,-0.013,-5.835,11.938,17.760,0.00,0.00,0.00,0.00,0.00,0.00,0.00,0.00,0.00,0.00,0.00,0.00,0.00,0.00,0.00,0.00,0.00
20650,DL:0.1.0:AT.1.0.0,2022-3-4 10:15:16,35.75,0.00,0.00,17.770,-0.005,-5.830,11.939,17.765,0.00,0.00,0.00,0.00,0.00,0.00,0.00,0.00,0.00,0.00,0.00,0.00,0.00,0.00,0.00,0.00,0.00
20650,DL:0.1.0:AT.1.0.0,2022-3-4 10:15:23,35.75,0.00,0.00,17.765,0.004,-5.826,11.939,17.769,0.00,0.00,0.00,0.00,0.00,0.00,0.00,0.00,0.00,0.00,0.00,0.00,0.00,0.00,0.00,0.00,0.00
20650,DL:0.1.0:AT.1.0.0,2022-3-4 10:15:28,35.75,0.00,0.00,17.765,0.004,-5.826,11.939,17.769,0.00,0.00,0.00,0.00,0.00,0.00,0.00,0.00,0.00,0.00,0.00,0.00,0.00,0.00,0.00,0.00,0.00
20650,DL:0.1.0:AT.1.0.0,2022-3-4 10:15:33,35.75,0.00,0.00,17.761,0.010,-5.821,11.941,17.771,0.00,0.00,0.00,0.00,0.00,0.00,0.00,0.00,0.00,0.00,0.00,0.00,0.00,0.00,0.00,0.00,0.00
20650,DL:0.1.0:AT.1.0.0,2022-3-4 10:15:38,35.75,0.00,0.00,17.778,-0.004,-5.838,11.941,17.775,0.00,0.00,0.00,0.00,0.00,0.00,0.00,0.00,0.00,0.00,0.00,0.00,0.00,0.00,0.00,0.00,0.00
20650,DL:0.1.0:AT.1.0.0,2022-3-4 10:15:43,35.75,0.00,0.00,17.777,0.001,-5.836,11.941,17.778,0.00,0.00,0.00,0.00,0.00,0.00,0.00,0.00,0.00,0.00,0.00,0.00,0.00,0.00,0.00,0.00,0.00
20650,DL:0.1.0:AT.1.0.0,2022-3-4 10:15:50,35.75,0.00,0.00,17.761,0.019,-5.821,11.941,17.781,0.00,0.00,0.00,0.00,0.00,0.00,0.00,0.00,0.00,0.00,0.00,0.00,0.00,0.00,0.00,0.00,0.00
20650,DL:0.1.0:AT.1.0.0,2022-3-4 10:15:55,35.75,0.00,0.00,17.752,0.032,-5.811,11.941,17.784,0.00,0.00,0.00,0.00,0.00,0.00,0.00,0.00,0.00,0.00,0.00,0.00,0.00,0.00,0.00,0.00,0.00
20650,DL:0.1.0:AT.1.0.0,2022-3-4 10:16:1,35.75,0.00,0.00,17.772,0.013,-5.832,11.941,17.785,0.00,0.00,0.00,0.00,0.00,0.00,0.00,0.00,0.00,0.00,0.00,0.00,0.00,0.00,0.00,0.00,0.00
20650,DL:0.1.0:AT.1.0.0,2022-3-4 10:16:7,35.75,0.00,0.00,17.753,0.038,-5.812,11.941,17.791,0.00,0.00,0.00,0.00,0.00,0.00,0.00,0.00,0.00,0.00,0.00,0.00,0.00,0.00,0.00,0.00,0.00
20650,DL:0.1.0:AT.1.0.0,2022-3-4 10:16:14,35.75,0.00,0.00,17.741,0.054,-5.800,11.941,17.795,0.00,0.00,0.00,0.00,0.00,0.00,0.00,0.00,0.00,0.00,0.00,0.00,0.00,0.00,0.00,0.00,0.00
20650,DL:0.1.0:AT.1.0.0,2022-3-4 10:16:20,35.75,0.00,0.00,17.758,0.040,-5.817,11.941,17.797,0.00,0.00,0.00,0.00,0.00,0.00,0.00,0.00,0.00,0.00,0.00,0.00,0.00,0.00,0.00,0.00,0.00
20650,DL:0.1.0:AT.1.0.0,2022-3-4 10:16:25,35.75,0.00,0.00,17.748,0.052,-5.806,11.942,17.800,0.00,0.00,0.00,0.00,0.00,0.00,0.00,0.00,0.00,0.00,0.00,0.00,0.00,0.00,0.00,0.00,0.00
20650,DL:0.1.0:AT.1.0.0,2022-3-4 10:16:31,35.75,0.00,0.00,17.789,0.014,-5.847,11.942,17.803,0.00,0.00,0.00,0.00,0.00,0.00,0.00,0.00,0.00,0.00,0.00,0.00,0.00,0.00,0.00,0.00,0.00
20650,DL:0.1.0:AT.1.0.0,2022-3-4 10:16:36,35.75,0.00,0.00,17.776,0.031,-5.834,11.942,17.807,0.00,0.00,0.00,0.00,0.00,0.00,0.00,0.00,0.00,0.00,0.00,0.00,0.00,0.00,0.00,0.00,0.00
20650,DL:0.1.0:AT.1.0.0,2022-3-4 10:16:41,35.75,0.00,0.00,17.770,0.040,-5.828,11.942,17.809,0.00,0.00,0.00,0.00,0.00,0.00,0.00,0.00,0.00,0.00,0.00,0.00,0.00,0.00,0.00,0.00,0.00
20650,DL:0.1.0:AT.1.0.0,2022-3-4 10:16:46,35.75,0.00,0.00,17.761,0.050,-5.820,11.942,17.812,0.00,0.00,0.00,0.00,0.00,0.00,0.00,0.00,0.00,0.00,0.00,0.00,0.00,0.00,0.00,0.00,0.00
20650,DL:0.1.0:AT.1.0.0,2022-3-4 10:16:52,35.75,0.00,0.00,17.791,0.024,-5.850,11.942,17.815,0.00,0.00,0.00,0.00,0.00,0.00,0.00,0.00,0.00,0.00,0.00,0.00,0.00,0.00,0.00,0.00,0.00
20650,DL:0.1.0:AT.1.0.0,2022-3-4 10:17:3,35.75,0.00,0.00,17.759,0.062,-5.816,11.943,17.821,0.00,0.00,0.00,0.00,0.00,0.00,0.00,0.00,0.00,0.00,0.00,0.00,0.00,0.00,0.00,0.00,0.00
20650,DL:0.1.0:AT.1.0.0,2022-3-4 10:17:9,35.75,0.00,0.00,17.761,0.067,-5.817,11.944,17.829,0.00,0.00,0.00,0.00,0.00,0.00,0.00,0.00,0.00,0.00,0.00,0.00,0.00,0.00,0.00,0.00,0.00
20650,DL:0.1.0:AT.1.0.0,2022-3-4 10:17:15,35.75,0.00,0.00,17.754,0.076,-5.810,11.944,17.830,0.00,0.00,0.00,0.00,0.00,0.00,0.00,0.00,0.00,0.00,0.00,0.00,0.00,0.00,0.00,0.00,0.00
20650,DL:0.1.0:AT.1.0.0,2022-3-4 10:17:22,35.75,0.00,0.00,17.776,0.058,-5.832,11.944,17.833,0.00,0.00,0.00,0.00,0.00,0.00,0.00,0.00,0.00,0.00,0.00,0.00,0.00,0.00,0.00,0.00,0.00
20650,DL:0.1.0:AT.1.0.0,2022-3-4 10:17:33,35.75,0.00,0.00,17.737,0.101,-5.793,11.944,17.838,0.00,0.00,0.00,0.00,0.00,0.00,0.00,0.00,0.00,0.00,0.00,0.00,0.00,0.00,0.00,0.00,0.00
20650,DL:0.1.0:AT.1.0.0,2022-3-4 10:17:39,35.75,0.00,0.00,17.772,0.070,-5.828,11.944,17.842,0.00,0.00,0.00,0.00,0.00,0.00,0.00,0.00,0.00,0.00,0.00,0.00,0.00,0.00,0.00,0.00,0.00
20650,DL:0.1.0:AT.1.0.0,2022-3-4 10:17:46,35.75,0.00,0.00,17.771,0.073,-5.826,11.945,17.844,0.00,0.00,0.00,0.00,0.00,0.00,0.00,0.00,0.00,0.00,0.00,0.00,0.00,0.00,0.00,0.00,0.00
20650,DL:0.1.0:AT.1.0.0,2022-3-4 10:17:51,35.75,0.00,0.00,17.737,0.111,-5.792,11.945,17.848,0.00,0.00,0.00,0.00,0.00,0.00,0.00,0.00,0.00,0.00,0.00,0.00,0.00,0.00,0.00,0.00,0.00
20650,DL:0.1.0:AT.1.0.0,2022-3-4 10:17:56,35.75,0.00,0.00,17.718,0.132,-5.771,11.947,17.850,0.00,0.00,0.00,0.00,0.00,0.00,0.00,0.00,0.00,0.00,0.00,0.00,0.00,0.00,0.00,0.00,0.00
20650,DL:0.1.0:AT.1.0.0,2022-3-4 10:18:3,35.75,0.00,0.00,17.749,0.107,-5.804,11.945,17.856,0.00,0.00,0.00,0.00,0.00,0.00,0.00,0.00,0.00,0.00,0.00,0.00,0.00,0.00,0.00,0.00,0.00
20650,DL:0.1.0:AT.1.0.0,2022-3-4 10:18:8,35.75,0.00,0.00,17.748,0.108,-5.803,11.945,17.856,0.00,0.00,0.00,0.00,0.00,0.00,0.00,0.00,0.00,0.00,0.00,0.00,0.00,0.00,0.00,0.00,0.00
20650,DL:0.1.0:AT.1.0.0,2022-3-4 10:18:13,35.75,0.00,0.00,17.778,0.081,-5.832,11.947,17.859,0.00,0.00,0.00,0.00,0.00,0.00,0.00,0.00,0.00,0.00,0.00,0.00,0.00,0.00,0.00,0.00,0.00
20650,DL:0.1.0:AT.1.0.0,2022-3-4 10:18:23,35.75,0.00,0.00,17.763,0.103,-5.816,11.947,17.866,0.00,0.00,0.00,0.00,0.00,0.00,0.00,0.00,0.00,0.00,0.00,0.00,0.00,0.00,0.00,0.00,0.00
20650,DL:0.1.0:AT.1.0.0,2022-3-4 10:18:28,35.75,0.00,0.00,17.759,0.109,-5.812,11.947,17.868,0.00,0.00,0.00,0.00,0.00,0.00,0.00,0.00,0.00,0.00,0.00,0.00,0.00,0.00,0.00,0.00,0.00
20650,DL:0.1.0:AT.1.0.0,2022-3-4 10:18:35,35.75,0.00,0.00,17.754,0.118,-5.807,11.947,17.872,0.00,0.00,0.00,0.00,0.00,0.00,0.00,0.00,0.00,0.00,0.00,0.00,0.00,0.00,0.00,0.00,0.00
20650,DL:0.1.0:AT.1.0.0,2022-3-4 10:18:41,35.75,0.00,0.00,17.731,0.145,-5.785,11.947,17.877,0.00,0.00,0.00,0.00,0.00,0.00,0.00,0.00,0.00,0.00,0.00,0.00,0.00,0.00,0.00,0.00,0.00
20650,DL:0.1.0:AT.1.0.0,2022-3-4 10:18:46,35.75,0.00,0.00,17.743,0.136,-5.797,11.947,17.879,0.00,0.00,0.00,0.00,0.00,0.00,0.00,0.00,0.00,0.00,0.00,0.00,0.00,0.00,0.00,0.00,0.00
20650,DL:0.1.0:AT.1.0.0,2022-3-4 10:18:51,35.75,0.00,0.00,17.766,0.115,-5.818,11.948,17.882,0.00,0.00,0.00,0.00,0.00,0.00,0.00,0.00,0.00,0.00,0.00,0.00,0.00,0.00,0.00,0.00,0.00
20650,DL:0.1.0:AT.1.0.0,2022-3-4 10:18:56,35.75,0.00,0.00,17.767,0.115,-5.820,11.948,17.883,0.00,0.00,0.00,0.00,0.00,0.00,0.00,0.00,0.00,0.00,0.00,0.00,0.00,0.00,0.00,0.00,0.00
20650,DL:0.1.0:AT.1.0.0,2022-3-4 10:19:5,35.75,0.00,0.00,17.765,0.124,-5.817,11.948,17.889,0.00,0.00,0.00,0.00,0.00,0.00,0.00,0.00,0.00,0.00,0.00,0.00,0.00,0.00,0.00,0.00,0.00
20650,DL:0.1.0:AT.1.0.0,2022-3-4 10:19:12,35.75,0.00,0.00,17.747,0.144,-5.799,11.948,17.891,0.00,0.00,0.00,0.00,0.00,0.00,0.00,0.00,0.00,0.00,0.00,0.00,0.00,0.00,0.00,0.00,0.00
20650,DL:0.1.0:AT.1.0.0,2022-3-4 10:19:17,35.75,0.00,0.00,17.766,0.126,-5.818,11.948,17.892,0.00,0.00,0.00,0.00,0.00,0.00,0.00,0.00,0.00,0.00,0.00,0.00,0.00,0.00,0.00,0.00,0.00
20650,DL:0.1.0:AT.1.0.0,2022-3-4 10:19:25,35.75,0.00,0.00,17.764,0.131,-5.816,11.948,17.895,0.00,0.00,0.00,0.00,0.00,0.00,0.00,0.00,0.00,0.00,0.00,0.00,0.00,0.00,0.00,0.00,0.00
20650,DL:0.1.0:AT.1.0.0,2022-3-4 10:19:30,35.75,0.00,0.00,17.767,0.130,-5.818,11.949,17.897,0.00,0.00,0.00,0.00,0.00,0.00,0.00,0.00,0.00,0.00,0.00,0.00,0.00,0.00,0.00,0.00,0.00
20650,DL:0.1.0:AT.1.0.0,2022-3-4 10:19:36,35.75,0.00,0.00,17.757,0.143,-5.809,11.948,17.900,0.00,0.00,0.00,0.00,0.00,0.00,0.00,0.00,0.00,0.00,0.00,0.00,0.00,0.00,0.00,0.00,0.00
20650,DL:0.1.0:AT.1.0.0,2022-3-4 10:19:42,35.75,0.00,0.00,17.753,0.149,-5.804,11.949,17.902,0.00,0.00,0.00,0.00,0.00,0.00,0.00,0.00,0.00,0.00,0.00,0.00,0.00,0.00,0.00,0.00,0.00
20650,DL:0.1.0:AT.1.0.0,2022-3-4 10:19:49,35.75,0.00,0.00,17.751,0.155,-5.803,11.948,17.906,0.00,0.00,0.00,0.00,0.00,0.00,0.00,0.00,0.00,0.00,0.00,0.00,0.00,0.00,0.00,0.00,0.00
20650,DL:0.1.0:AT.1.0.0,2022-3-4 10:19:56,35.75,0.00,0.00,17.736,0.177,-5.788,11.948,17.913,0.00,0.00,0.00,0.00,0.00,0.00,0.00,0.00,0.00,0.00,0.00,0.00,0.00,0.00,0.00,0.00,0.00
20650,DL:0.1.0:AT.1.0.0,2022-3-4 10:20:4,35.75,0.00,0.00,17.766,0.149,-5.818,11.948,17.915,0.00,0.00,0.00,0.00,0.00,0.00,0.00,0.00,0.00,0.00,0.00,0.00,0.00,0.00,0.00,0.00,0.00
20650,DL:0.1.0:AT.1.0.0,2022-3-4 10:20:9,35.75,0.00,0.00,17.761,0.157,-5.812,11.949,17.919,0.00,0.00,0.00,0.00,0.00,0.00,0.00,0.00,0.00,0.00,0.00,0.00,0.00,0.00,0.00,0.00,0.00
20650,DL:0.1.0:AT.1.0.0,2022-3-4 10:20:14,35.75,0.00,0.00,17.753,0.169,-5.805,11.948,17.922,0.00,0.00,0.00,0.00,0.00,0.00,0.00,0.00,0.00,0.00,0.00,0.00,0.00,0.00,0.00,0.00,0.00
20650,DL:0.1.0:AT.1.0.0,2022-3-4 10:20:19,35.75,0.00,0.00,17.746,0.178,-5.798,11.948,17.924,0.00,0.00,0.00,0.00,0.00,0.00,0.00,0.00,0.00,0.00,0.00,0.00,0.00,0.00,0.00,0.00,0.00
20650,DL:0.1.0:AT.1.0.0,2022-3-4 10:20:24,35.75,0.00,0.00,17.758,0.169,-5.809,11.949,17.927,0.00,0.00,0.00,0.00,0.00,0.00,0.00,0.00,0.00,0.00,0.00,0.00,0.00,0.00,0.00,0.00,0.00
20650,DL:0.1.0:AT.1.0.0,2022-3-4 10:20:30,35.75,0.00,0.00,17.772,0.160,-5.823,11.949,17.932,0.00,0.00,0.00,0.00,0.00,0.00,0.00,0.00,0.00,0.00,0.00,0.00,0.00,0.00,0.00,0.00,0.00
20650,DL:0.1.0:AT.1.0.0,2022-3-4 10:20:37,35.75,0.00,0.00,17.717,0.216,-5.769,11.948,17.933,0.00,0.00,0.00,0.00,0.00,0.00,0.00,0.00,0.00,0.00,0.00,0.00,0.00,0.00,0.00,0.00,0.00
20650,DL:0.1.0:AT.1.0.0,2022-3-4 10:20:44,35.75,0.00,0.00,17.766,0.173,-5.817,11.949,17.939,0.00,0.00,0.00,0.00,0.00,0.00,0.00,0.00,0.00,0.00,0.00,0.00,0.00,0.00,0.00,0.00,0.00
20650,DL:0.1.0:AT.1.0.0,2022-3-4 10:20:51,35.75,0.00,0.00,17.751,0.191,-5.801,11.949,17.942,0.00,0.00,0.00,0.00,0.00,0.00,0.00,0.00,0.00,0.00,0.00,0.00,0.00,0.00,0.00,0.00,0.00
20650,DL:0.1.0:AT.1.0.0,2022-3-4 10:20:58,35.75,0.00,0.00,17.751,0.192,-5.801,11.949,17.943,0.00,0.00,0.00,0.00,0.00,0.00,0.00,0.00,0.00,0.00,0.00,0.00,0.00,0.00,0.00,0.00,0.00
20650,DL:0.1.0:AT.1.0.0,2022-3-4 10:21:3,35.75,0.00,0.00,17.747,0.199,-5.798,11.949,17.946,0.00,0.00,0.00,0.00,0.00,0.00,0.00,0.00,0.00,0.00,0.00,0.00,0.00,0.00,0.00,0.00,0.00
20650,DL:0.1.0:AT.1.0.0,2022-3-4 10:21:8,35.75,0.00,0.00,17.763,0.185,-5.814,11.949,17.948,0.00,0.00,0.00,0.00,0.00,0.00,0.00,0.00,0.00,0.00,0.00,0.00,0.00,0.00,0.00,0.00,0.00
20650,DL:0.1.0:AT.1.0.0,2022-3-4 10:21:15,35.75,0.00,0.00,17.740,0.211,-5.789,11.950,17.951,0.00,0.00,0.00,0.00,0.00,0.00,0.00,0.00,0.00,0.00,0.00,0.00,0.00,0.00,0.00,0.00,0.00
20650,DL:0.1.0:AT.1.0.0,2022-3-4 10:21:21,35.75,0.00,0.00,17.754,0.199,-5.805,11.949,17.954,0.00,0.00,0.00,0.00,0.00,0.00,0.00,0.00,0.00,0.00,0.00,0.00,0.00,0.00,0.00,0.00,0.00
20650,DL:0.1.0:AT.1.0.0,2022-3-4 10:21:26,35.75,0.00,0.00,17.747,0.208,-5.798,11.949,17.955,0.00,0.00,0.00,0.00,0.00,0.00,0.00,0.00,0.00,0.00,0.00,0.00,0.00,0.00,0.00,0.00,0.00
20650,DL:0.1.0:AT.1.0.0,2022-3-4 10:21:31,35.75,0.00,0.00,17.773,0.183,-5.824,11.949,17.956,0.00,0.00,0.00,0.00,0.00,0.00,0.00,0.00,0.00,0.00,0.00,0.00,0.00,0.00,0.00,0.00,0.00
20650,DL:0.1.0:AT.1.0.0,2022-3-4 10:21:40,35.75,0.00,0.00,17.764,0.197,-5.814,11.950,17.961,0.00,0.00,0.00,0.00,0.00,0.00,0.00,0.00,0.00,0.00,0.00,0.00,0.00,0.00,0.00,0.00,0.00
20650,DL:0.1.0:AT.1.0.0,2022-3-4 10:21:45,35.75,0.00,0.00,17.742,0.220,-5.793,11.949,17.962,0.00,0.00,0.00,0.00,0.00,0.00,0.00,0.00,0.00,0.00,0.00,0.00,0.00,0.00,0.00,0.00,0.00
20650,DL:0.1.0:AT.1.0.0,2022-3-4 10:21:50,35.75,0.00,0.00,17.760,0.204,-5.811,11.949,17.964,0.00,0.00,0.00,0.00,0.00,0.00,0.00,0.00,0.00,0.00,0.00,0.00,0.00,0.00,0.00,0.00,0.00
20650,DL:0.1.0:AT.1.0.0,2022-3-4 10:21:56,35.75,0.00,0.00,17.730,0.238,-5.781,11.949,17.968,0.00,0.00,0.00,0.00,0.00,0.00,0.00,0.00,0.00,0.00,0.00,0.00,0.00,0.00,0.00,0.00,0.00
20650,DL:0.1.0:AT.1.0.0,2022-3-4 10:22:3,35.75,0.00,0.00,17.737,0.232,-5.787,11.950,17.969,0.00,0.00,0.00,0.00,0.00,0.00,0.00,0.00,0.00,0.00,0.00,0.00,0.00,0.00,0.00,0.00,0.00
20650,DL:0.1.0:AT.1.0.0,2022-3-4 10:22:10,35.75,0.00,0.00,17.741,0.233,-5.792,11.949,17.974,0.00,0.00,0.00,0.00,0.00,0.00,0.00,0.00,0.00,0.00,0.00,0.00,0.00,0.00,0.00,0.00,0.00
20650,DL:0.1.0:AT.1.0.0,2022-3-4 10:22:16,35.75,0.00,0.00,17.736,0.240,-5.786,11.950,17.976,0.00,0.00,0.00,0.00,0.00,0.00,0.00,0.00,0.00,0.00,0.00,0.00,0.00,0.00,0.00,0.00,0.00
20650,DL:0.1.0:AT.1.0.0,2022-3-4 10:22:23,35.75,0.00,0.00,17.754,0.224,-5.804,11.950,17.978,0.00,0.00,0.00,0.00,0.00,0.00,0.00,0.00,0.00,0.00,0.00,0.00,0.00,0.00,0.00,0.00,0.00
20650,DL:0.1.0:AT.1.0.0,2022-3-4 10:22:30,35.75,0.00,0.00,17.771,0.211,-5.820,11.951,17.982,0.00,0.00,0.00,0.00,0.00,0.00,0.00,0.00,0.00,0.00,0.00,0.00,0.00,0.00,0.00,0.00,0.00
20650,DL:0.1.0:AT.1.0.0,2022-3-4 10:22:35,35.75,0.00,0.00,17.767,0.216,-5.816,11.951,17.984,0.00,0.00,0.00,0.00,0.00,0.00,0.00,0.00,0.00,0.00,0.00,0.00,0.00,0.00,0.00,0.00,0.00
20650,DL:0.1.0:AT.1.0.0,2022-3-4 10:22:40,35.75,0.00,0.00,17.767,0.219,-5.816,11.951,17.986,0.00,0.00,0.00,0.00,0.00,0.00,0.00,0.00,0.00,0.00,0.00,0.00,0.00,0.00,0.00,0.00,0.00
20650,DL:0.1.0:AT.1.0.0,2022-3-4 10:22:47,35.75,0.00,0.00,17.759,0.230,-5.807,11.951,17.988,0.00,0.00,0.00,0.00,0.00,0.00,0.00,0.00,0.00,0.00,0.00,0.00,0.00,0.00,0.00,0.00,0.00
20650,DL:0.1.0:AT.1.0.0,2022-3-4 10:22:54,35.75,0.00,0.00,17.737,0.255,-5.785,11.953,17.992,0.00,0.00,0.00,0.00,0.00,0.00,0.00,0.00,0.00,0.00,0.00,0.00,0.00,0.00,0.00,0.00,0.00
20650,DL:0.1.0:AT.1.0.0,2022-3-4 10:23:0,35.75,0.00,0.00,17.758,0.236,-5.804,11.954,17.993,0.00,0.00,0.00,0.00,0.00,0.00,0.00,0.00,0.00,0.00,0.00,0.00,0.00,0.00,0.00,0.00,0.00
20650,DL:0.1.0:AT.1.0.0,2022-3-4 10:23:9,35.75,0.00,0.00,17.746,0.250,-5.793,11.953,17.996,0.00,0.00,0.00,0.00,0.00,0.00,0.00,0.00,0.00,0.00,0.00,0.00,0.00,0.00,0.00,0.00,0.00
20650,DL:0.1.0:AT.1.0.0,2022-3-4 10:23:14,35.75,0.00,0.00,17.758,0.240,-5.804,11.954,17.998,0.00,0.00,0.00,0.00,0.00,0.00,0.00,0.00,0.00,0.00,0.00,0.00,0.00,0.00,0.00,0.00,0.00
20650,DL:0.1.0:AT.1.0.0,2022-3-4 10:23:21,35.75,0.00,0.00,17.724,0.276,-5.770,11.954,18.000,0.00,0.00,0.00,0.00,0.00,0.00,0.00,0.00,0.00,0.00,0.00,0.00,0.00,0.00,0.00,0.00,0.00
20650,DL:0.1.0:AT.1.0.0,2022-3-4 10:23:28,35.75,0.00,0.00,17.745,0.257,-5.791,11.954,18.002,0.00,0.00,0.00,0.00,0.00,0.00,0.00,0.00,0.00,0.00,0.00,0.00,0.00,0.00,0.00,0.00,0.00
20650,DL:0.1.0:AT.1.0.0,2022-3-4 10:23:35,35.75,0.00,0.00,17.728,0.278,-5.774,11.954,18.005,0.00,0.00,0.00,0.00,0.00,0.00,0.00,0.00,0.00,0.00,0.00,0.00,0.00,0.00,0.00,0.00,0.00
20650,DL:0.1.0:AT.1.0.0,2022-3-4 10:23:42,35.75,0.00,0.00,17.736,0.273,-5.783,11.953,18.009,0.00,0.00,0.00,0.00,0.00,0.00,0.00,0.00,0.00,0.00,0.00,0.00,0.00,0.00,0.00,0.00,0.00
20650,DL:0.1.0:AT.1.0.0,2022-3-4 10:23:47,35.75,0.00,0.00,17.760,0.250,-5.806,11.954,18.010,0.00,0.00,0.00,0.00,0.00,0.00,0.00,0.00,0.00,0.00,0.00,0.00,0.00,0.00,0.00,0.00,0.00
20650,DL:0.1.0:AT.1.0.0,2022-3-4 10:23:52,35.75,0.00,0.00,17.727,0.285,-5.773,11.954,18.011,0.00,0.00,0.00,0.00,0.00,0.00,0.00,0.00,0.00,0.00,0.00,0.00,0.00,0.00,0.00,0.00,0.00
20650,DL:0.1.0:AT.1.0.0,2022-3-4 10:23:59,35.75,0.00,0.00,17.765,0.249,-5.811,11.954,18.014,0.00,0.00,0.00,0.00,0.00,0.00,0.00,0.00,0.00,0.00,0.00,0.00,0.00,0.00,0.00,0.00,0.00
20650,DL:0.1.0:AT.1.0.0,2022-3-4 10:24:6,35.75,0.00,0.00,17.763,0.255,-5.809,11.954,18.017,0.00,0.00,0.00,0.00,0.00,0.00,0.00,0.00,0.00,0.00,0.00,0.00,0.00,0.00,0.00,0.00,0.00
20650,DL:0.1.0:AT.1.0.0,2022-3-4 10:24:11,35.75,0.00,0.00,17.747,0.270,-5.793,11.954,18.017,0.00,0.00,0.00,0.00,0.00,0.00,0.00,0.00,0.00,0.00,0.00,0.00,0.00,0.00,0.00,0.00,0.00
20650,DL:0.1.0:AT.1.0.0,2022-3-4 10:24:16,35.75,0.00,0.00,17.758,0.261,-5.803,11.955,18.019,0.00,0.00,0.00,0.00,0.00,0.00,0.00,0.00,0.00,0.00,0.00,0.00,0.00,0.00,0.00,0.00,0.00
20650,DL:0.1.0:AT.1.0.0,2022-3-4 10:24:23,35.75,0.00,0.00,17.739,0.285,-5.785,11.954,18.023,0.00,0.00,0.00,0.00,0.00,0.00,0.00,0.00,0.00,0.00,0.00,0.00,0.00,0.00,0.00,0.00,0.00
20650,DL:0.1.0:AT.1.0.0,2022-3-4 10:24:28,35.75,0.00,0.00,17.745,0.279,-5.791,11.954,18.023,0.00,0.00,0.00,0.00,0.00,0.00,0.00,0.00,0.00,0.00,0.00,0.00,0.00,0.00,0.00,0.00,0.00
20650,DL:0.1.0:AT.1.0.0,2022-3-4 10:24:33,35.75,0.00,0.00,17.759,0.267,-5.805,11.954,18.026,0.00,0.00,0.00,0.00,0.00,0.00,0.00,0.00,0.00,0.00,0.00,0.00,0.00,0.00,0.00,0.00,0.00
20650,DL:0.1.0:AT.1.0.0,2022-3-4 10:24:41,35.75,0.00,0.00,17.748,0.280,-5.794,11.954,18.028,0.00,0.00,0.00,0.00,0.00,0.00,0.00,0.00,0.00,0.00,0.00,0.00,0.00,0.00,0.00,0.00,0.00
20650,DL:0.1.0:AT.1.0.0,2022-3-4 10:24:47,35.75,0.00,0.00,17.731,0.300,-5.777,11.954,18.032,0.00,0.00,0.00,0.00,0.00,0.00,0.00,0.00,0.00,0.00,0.00,0.00,0.00,0.00,0.00,0.00,0.00
20650,DL:0.1.0:AT.1.0.0,2022-3-4 10:24:54,35.75,0.00,0.00,17.728,0.306,-5.774,11.954,18.034,0.00,0.00,0.00,0.00,0.00,0.00,0.00,0.00,0.00,0.00,0.00,0.00,0.00,0.00,0.00,0.00,0.00
20650,DL:0.1.0:AT.1.0.0,2022-3-4 10:24:59,35.75,0.00,0.00,17.720,0.315,-5.767,11.954,18.035,0.00,0.00,0.00,0.00,0.00,0.00,0.00,0.00,0.00,0.00,0.00,0.00,0.00,0.00,0.00,0.00,0.00
20650,DL:0.1.0:AT.1.0.0,2022-3-4 10:25:4,35.75,0.00,0.00,17.761,0.275,-5.807,11.954,18.037,0.00,0.00,0.00,0.00,0.00,0.00,0.00,0.00,0.00,0.00,0.00,0.00,0.00,0.00,0.00,0.00,0.00
20650,DL:0.1.0:AT.1.0.0,2022-3-4 10:25:15,35.75,0.00,0.00,17.773,0.268,-5.820,11.954,18.041,0.00,0.00,0.00,0.00,0.00,0.00,0.00,0.00,0.00,0.00,0.00,0.00,0.00,0.00,0.00,0.00,0.00
20650,DL:0.1.0:AT.1.0.0,2022-3-4 10:25:20,35.75,0.00,0.00,17.757,0.285,-5.803,11.954,18.041,0.00,0.00,0.00,0.00,0.00,0.00,0.00,0.00,0.00,0.00,0.00,0.00,0.00,0.00,0.00,0.00,0.00
20650,DL:0.1.0:AT.1.0.0,2022-3-4 10:25:25,35.75,0.00,0.00,17.767,0.275,-5.814,11.954,18.043,0.00,0.00,0.00,0.00,0.00,0.00,0.00,0.00,0.00,0.00,0.00,0.00,0.00,0.00,0.00,0.00,0.00
20650,DL:0.1.0:AT.1.0.0,2022-3-4 10:25:31,35.75,0.00,0.00,17.767,0.278,-5.815,11.953,18.045,0.00,0.00,0.00,0.00,0.00,0.00,0.00,0.00,0.00,0.00,0.00,0.00,0.00,0.00,0.00,0.00,0.00
20650,DL:0.1.0:AT.1.0.0,2022-3-4 10:25:36,35.75,0.00,0.00,17.757,0.291,-5.803,11.954,18.047,0.00,0.00,0.00,0.00,0.00,0.00,0.00,0.00,0.00,0.00,0.00,0.00,0.00,0.00,0.00,0.00,0.00
20650,DL:0.1.0:AT.1.0.0,2022-3-4 10:25:43,35.75,0.00,0.00,17.782,0.268,-5.828,11.954,18.050,0.00,0.00,0.00,0.00,0.00,0.00,0.00,0.00,0.00,0.00,0.00,0.00,0.00,0.00,0.00,0.00,0.00
20650,DL:0.1.0:AT.1.0.0,2022-3-4 10:25:48,35.75,0.00,0.00,17.754,0.297,-5.801,11.953,18.051,0.00,0.00,0.00,0.00,0.00,0.00,0.00,0.00,0.00,0.00,0.00,0.00,0.00,0.00,0.00,0.00,0.00
20650,DL:0.1.0:AT.1.0.0,2022-3-4 10:25:53,35.75,0.00,0.00,17.770,0.282,-5.817,11.953,18.052,0.00,0.00,0.00,0.00,0.00,0.00,0.00,0.00,0.00,0.00,0.00,0.00,0.00,0.00,0.00,0.00,0.00
20650,DL:0.1.0:AT.1.0.0,2022-3-4 10:25:59,35.75,0.00,0.00,17.742,0.312,-5.788,11.954,18.055,0.00,0.00,0.00,0.00,0.00,0.00,0.00,0.00,0.00,0.00,0.00,0.00,0.00,0.00,0.00,0.00,0.00
20650,DL:0.1.0:AT.1.0.0,2022-3-4 10:26:5,35.75,0.00,0.00,17.755,0.303,-5.801,11.954,18.058,0.00,0.00,0.00,0.00,0.00,0.00,0.00,0.00,0.00,0.00,0.00,0.00,0.00,0.00,0.00,0.00,0.00
20650,DL:0.1.0:AT.1.0.0,2022-3-4 10:26:13,36.00,0.00,0.00,17.723,0.338,-5.769,11.954,18.061,0.00,0.00,0.00,0.00,0.00,0.00,0.00,0.00,0.00,0.00,0.00,0.00,0.00,0.00,0.00,0.00,0.00
20650,DL:0.1.0:AT.1.0.0,2022-3-4 10:26:19,36.00,0.00,0.00,17.718,0.344,-5.764,11.954,18.062,0.00,0.00,0.00,0.00,0.00,0.00,0.00,0.00,0.00,0.00,0.00,0.00,0.00,0.00,0.00,0.00,0.00
20650,DL:0.1.0:AT.1.0.0,2022-3-4 10:26:26,36.00,0.00,0.00,17.748,0.316,-5.793,11.955,18.064,0.00,0.00,0.00,0.00,0.00,0.00,0.00,0.00,0.00,0.00,0.00,0.00,0.00,0.00,0.00,0.00,0.00
20650,DL:0.1.0:AT.1.0.0,2022-3-4 10:26:33,36.00,0.00,0.00,17.751,0.315,-5.795,11.955,18.065,0.00,0.00,0.00,0.00,0.00,0.00,0.00,0.00,0.00,0.00,0.00,0.00,0.00,0.00,0.00,0.00,0.00
20650,DL:0.1.0:AT.1.0.0,2022-3-4 10:26:38,36.00,0.00,0.00,17.767,0.300,-5.811,11.956,18.068,0.00,0.00,0.00,0.00,0.00,0.00,0.00,0.00,0.00,0.00,0.00,0.00,0.00,0.00,0.00,0.00,0.00
20650,DL:0.1.0:AT.1.0.0,2022-3-4 10:26:47,36.00,0.00,0.00,17.766,0.304,-5.811,11.955,18.070,0.00,0.00,0.00,0.00,0.00,0.00,0.00,0.00,0.00,0.00,0.00,0.00,0.00,0.00,0.00,0.00,0.00
20650,DL:0.1.0:AT.1.0.0,2022-3-4 10:26:53,36.00,0.00,0.00,17.760,0.311,-5.804,11.956,18.071,0.00,0.00,0.00,0.00,0.00,0.00,0.00,0.00,0.00,0.00,0.00,0.00,0.00,0.00,0.00,0.00,0.00
20650,DL:0.1.0:AT.1.0.0,2022-3-4 10:26:58,36.00,0.00,0.00,17.778,0.294,-5.822,11.956,18.073,0.00,0.00,0.00,0.00,0.00,0.00,0.00,0.00,0.00,0.00,0.00,0.00,0.00,0.00,0.00,0.00,0.00
20650,DL:0.1.0:AT.1.0.0,2022-3-4 10:27:4,36.00,0.00,0.00,17.758,0.316,-5.801,11.956,18.074,0.00,0.00,0.00,0.00,0.00,0.00,0.00,0.00,0.00,0.00,0.00,0.00,0.00,0.00,0.00,0.00,0.00
20650,DL:0.1.0:AT.1.0.0,2022-3-4 10:27:9,36.00,0.00,0.00,17.776,0.299,-5.820,11.956,18.075,0.00,0.00,0.00,0.00,0.00,0.00,0.00,0.00,0.00,0.00,0.00,0.00,0.00,0.00,0.00,0.00,0.00
20650,DL:0.1.0:AT.1.0.0,2022-3-4 10:27:18,35.75,0.00,0.00,17.747,0.330,-5.791,11.956,18.077,0.00,0.00,0.00,0.00,0.00,0.00,0.00,0.00,0.00,0.00,0.00,0.00,0.00,0.00,0.00,0.00,0.00
20650,DL:0.1.0:AT.1.0.0,2022-3-4 10:27:24,35.75,0.00,0.00,17.775,0.304,-5.818,11.956,18.079,0.00,0.00,0.00,0.00,0.00,0.00,0.00,0.00,0.00,0.00,0.00,0.00,0.00,0.00,0.00,0.00,0.00
20650,DL:0.1.0:AT.1.0.0,2022-3-4 10:27:31,35.75,0.00,0.00,17.777,0.304,-5.821,11.956,18.081,0.00,0.00,0.00,0.00,0.00,0.00,0.00,0.00,0.00,0.00,0.00,0.00,0.00,0.00,0.00,0.00,0.00
20650,DL:0.1.0:AT.1.0.0,2022-3-4 10:27:38,35.75,0.00,0.00,17.753,0.329,-5.797,11.956,18.082,0.00,0.00,0.00,0.00,0.00,0.00,0.00,0.00,0.00,0.00,0.00,0.00,0.00,0.00,0.00,0.00,0.00
20650,DL:0.1.0:AT.1.0.0,2022-3-4 10:27:43,35.75,0.00,0.00,17.795,0.290,-5.839,11.956,18.085,0.00,0.00,0.00,0.00,0.00,0.00,0.00,0.00,0.00,0.00,0.00,0.00,0.00,0.00,0.00,0.00,0.00
20650,DL:0.1.0:AT.1.0.0,2022-3-4 10:27:49,35.75,0.00,0.00,17.785,0.299,-5.829,11.956,18.085,0.00,0.00,0.00,0.00,0.00,0.00,0.00,0.00,0.00,0.00,0.00,0.00,0.00,0.00,0.00,0.00,0.00
20650,DL:0.1.0:AT.1.0.0,2022-3-4 10:27:55,35.75,0.00,0.00,17.766,0.321,-5.810,11.956,18.087,0.00,0.00,0.00,0.00,0.00,0.00,0.00,0.00,0.00,0.00,0.00,0.00,0.00,0.00,0.00,0.00,0.00
20650,DL:0.1.0:AT.1.0.0,2022-3-4 10:28:2,35.75,0.00,0.00,17.773,0.315,-5.817,11.956,18.088,0.00,0.00,0.00,0.00,0.00,0.00,0.00,0.00,0.00,0.00,0.00,0.00,0.00,0.00,0.00,0.00,0.00
20650,DL:0.1.0:AT.1.0.0,2022-3-4 10:28:9,35.75,0.00,0.00,17.790,0.299,-5.834,11.956,18.089,0.00,0.00,0.00,0.00,0.00,0.00,0.00,0.00,0.00,0.00,0.00,0.00,0.00,0.00,0.00,0.00,0.00
20650,DL:0.1.0:AT.1.0.0,2022-3-4 10:28:15,35.75,0.00,0.00,17.782,0.309,-5.826,11.956,18.091,0.00,0.00,0.00,0.00,0.00,0.00,0.00,0.00,0.00,0.00,0.00,0.00,0.00,0.00,0.00,0.00,0.00
20650,DL:0.1.0:AT.1.0.0,2022-3-4 10:28:22,36.00,0.00,0.00,17.789,0.303,-5.833,11.956,18.092,0.00,0.00,0.00,0.00,0.00,0.00,0.00,0.00,0.00,0.00,0.00,0.00,0.00,0.00,0.00,0.00,0.00
20650,DL:0.1.0:AT.1.0.0,2022-3-4 10:28:29,36.00,0.00,0.00,17.764,0.329,-5.807,11.956,18.093,0.00,0.00,0.00,0.00,0.00,0.00,0.00,0.00,0.00,0.00,0.00,0.00,0.00,0.00,0.00,0.00,0.00
20650,DL:0.1.0:AT.1.0.0,2022-3-4 10:28:36,36.00,0.00,0.00,17.751,0.345,-5.794,11.956,18.095,0.00,0.00,0.00,0.00,0.00,0.00,0.00,0.00,0.00,0.00,0.00,0.00,0.00,0.00,0.00,0.00,0.00
20650,DL:0.1.0:AT.1.0.0,2022-3-4 10:28:43,36.00,0.00,0.00,17.789,0.309,-5.833,11.956,18.098,0.00,0.00,0.00,0.00,0.00,0.00,0.00,0.00,0.00,0.00,0.00,0.00,0.00,0.00,0.00,0.00,0.00
20650,DL:0.1.0:AT.1.0.0,2022-3-4 10:28:50,36.00,0.00,0.00,17.790,0.310,-5.834,11.956,18.100,0.00,0.00,0.00,0.00,0.00,0.00,0.00,0.00,0.00,0.00,0.00,0.00,0.00,0.00,0.00,0.00,0.00
20650,DL:0.1.0:AT.1.0.0,2022-3-4 10:28:56,36.00,0.00,0.00,17.775,0.328,-5.818,11.956,18.103,0.00,0.00,0.00,0.00,0.00,0.00,0.00,0.00,0.00,0.00,0.00,0.00,0.00,0.00,0.00,0.00,0.00
20650,DL:0.1.0:AT.1.0.0,2022-3-4 10:29:3,36.00,0.00,0.00,17.785,0.318,-5.829,11.956,18.104,0.00,0.00,0.00,0.00,0.00,0.00,0.00,0.00,0.00,0.00,0.00,0.00,0.00,0.00,0.00,0.00,0.00
20650,DL:0.1.0:AT.1.0.0,2022-3-4 10:29:10,36.00,0.00,0.00,17.794,0.312,-5.838,11.956,18.106,0.00,0.00,0.00,0.00,0.00,0.00,0.00,0.00,0.00,0.00,0.00,0.00,0.00,0.00,0.00,0.00,0.00
20650,DL:0.1.0:AT.1.0.0,2022-3-4 10:29:15,36.00,0.00,0.00,17.776,0.330,-5.820,11.956,18.106,0.00,0.00,0.00,0.00,0.00,0.00,0.00,0.00,0.00,0.00,0.00,0.00,0.00,0.00,0.00,0.00,0.00
20650,DL:0.1.0:AT.1.0.0,2022-3-4 10:29:25,36.00,0.00,0.00,17.782,0.327,-5.826,11.956,18.109,0.00,0.00,0.00,0.00,0.00,0.00,0.00,0.00,0.00,0.00,0.00,0.00,0.00,0.00,0.00,0.00,0.00
20650,DL:0.1.0:AT.1.0.0,2022-3-4 10:29:31,36.00,0.00,0.00,17.771,0.340,-5.814,11.957,18.111,0.00,0.00,0.00,0.00,0.00,0.00,0.00,0.00,0.00,0.00,0.00,0.00,0.00,0.00,0.00,0.00,0.00
20650,DL:0.1.0:AT.1.0.0,2022-3-4 10:29:37,36.00,0.00,0.00,17.763,0.351,-5.806,11.956,18.113,0.00,0.00,0.00,0.00,0.00,0.00,0.00,0.00,0.00,0.00,0.00,0.00,0.00,0.00,0.00,0.00,0.00
20650,DL:0.1.0:AT.1.0.0,2022-3-4 10:29:44,36.00,0.00,0.00,17.753,0.362,-5.797,11.956,18.115,0.00,0.00,0.00,0.00,0.00,0.00,0.00,0.00,0.00,0.00,0.00,0.00,0.00,0.00,0.00,0.00,0.00
20650,DL:0.1.0:AT.1.0.0,2022-3-4 10:29:55,36.00,0.00,0.00,17.775,0.341,-5.817,11.957,18.116,0.00,0.00,0.00,0.00,0.00,0.00,0.00,0.00,0.00,0.00,0.00,0.00,0.00,0.00,0.00,0.00,0.00
20650,DL:0.1.0:AT.1.0.0,2022-3-4 10:30:0,36.00,0.00,0.00,17.778,0.340,-5.821,11.957,18.118,0.00,0.00,0.00,0.00,0.00,0.00,0.00,0.00,0.00,0.00,0.00,0.00,0.00,0.00,0.00,0.00,0.00
20650,DL:0.1.0:AT.1.0.0,2022-3-4 10:30:8,36.00,0.00,0.00,17.761,0.358,-5.804,11.957,18.119,0.00,0.00,0.00,0.00,0.00,0.00,0.00,0.00,0.00,0.00,0.00,0.00,0.00,0.00,0.00,0.00,0.00
20650,DL:0.1.0:AT.1.0.0,2022-3-4 10:30:15,36.00,0.00,0.00,17.766,0.354,-5.809,11.957,18.121,0.00,0.00,0.00,0.00,0.00,0.00,0.00,0.00,0.00,0.00,0.00,0.00,0.00,0.00,0.00,0.00,0.00
20650,DL:0.1.0:AT.1.0.0,2022-3-4 10:30:20,36.00,0.00,0.00,17.776,0.345,-5.818,11.957,18.121,0.00,0.00,0.00,0.00,0.00,0.00,0.00,0.00,0.00,0.00,0.00,0.00,0.00,0.00,0.00,0.00,0.00
20650,DL:0.1.0:AT.1.0.0,2022-3-4 10:30:30,36.00,0.00,0.00,17.775,0.348,-5.817,11.957,18.123,0.00,0.00,0.00,0.00,0.00,0.00,0.00,0.00,0.00,0.00,0.00,0.00,0.00,0.00,0.00,0.00,0.00
20650,DL:0.1.0:AT.1.0.0,2022-3-4 10:30:35,36.00,0.00,0.00,17.776,0.347,-5.818,11.957,18.123,0.00,0.00,0.00,0.00,0.00,0.00,0.00,0.00,0.00,0.00,0.00,0.00,0.00,0.00,0.00,0.00,0.00
20650,DL:0.1.0:AT.1.0.0,2022-3-4 10:30:42,36.00,0.00,0.00,17.779,0.345,-5.821,11.959,18.124,0.00,0.00,0.00,0.00,0.00,0.00,0.00,0.00,0.00,0.00,0.00,0.00,0.00,0.00,0.00,0.00,0.00
20650,DL:0.1.0:AT.1.0.0,2022-3-4 10:30:47,36.00,0.00,0.00,17.751,0.374,-5.791,11.960,18.124,0.00,0.00,0.00,0.00,0.00,0.00,0.00,0.00,0.00,0.00,0.00,0.00,0.00,0.00,0.00,0.00,0.00
20650,DL:0.1.0:AT.1.0.0,2022-3-4 10:30:53,36.00,0.00,0.00,17.735,0.389,-5.775,11.960,18.124,0.00,0.00,0.00,0.00,0.00,0.00,0.00,0.00,0.00,0.00,0.00,0.00,0.00,0.00,0.00,0.00,0.00
20650,DL:0.1.0:AT.1.0.0,2022-3-4 10:30:58,36.00,0.00,0.00,17.753,0.374,-5.792,11.961,18.127,0.00,0.00,0.00,0.00,0.00,0.00,0.00,0.00,0.00,0.00,0.00,0.00,0.00,0.00,0.00,0.00,0.00
20650,DL:0.1.0:AT.1.0.0,2022-3-4 10:31:3,36.00,0.00,0.00,17.775,0.352,-5.814,11.961,18.127,0.00,0.00,0.00,0.00,0.00,0.00,0.00,0.00,0.00,0.00,0.00,0.00,0.00,0.00,0.00,0.00,0.00
20650,DL:0.1.0:AT.1.0.0,2022-3-4 10:31:10,36.00,0.00,0.00,17.772,0.356,-5.812,11.960,18.128,0.00,0.00,0.00,0.00,0.00,0.00,0.00,0.00,0.00,0.00,0.00,0.00,0.00,0.00,0.00,0.00,0.00
20650,DL:0.1.0:AT.1.0.0,2022-3-4 10:31:16,36.00,0.00,0.00,17.754,0.374,-5.793,11.961,18.128,0.00,0.00,0.00,0.00,0.00,0.00,0.00,0.00,0.00,0.00,0.00,0.00,0.00,0.00,0.00,0.00,0.00
20650,DL:0.1.0:AT.1.0.0,2022-3-4 10:31:23,36.00,0.00,0.00,17.745,0.385,-5.783,11.961,18.129,0.00,0.00,0.00,0.00,0.00,0.00,0.00,0.00,0.00,0.00,0.00,0.00,0.00,0.00,0.00,0.00,0.00
20650,DL:0.1.0:AT.1.0.0,2022-3-4 10:31:31,36.00,0.00,0.00,17.765,0.364,-5.805,11.960,18.129,0.00,0.00,0.00,0.00,0.00,0.00,0.00,0.00,0.00,0.00,0.00,0.00,0.00,0.00,0.00,0.00,0.00
20650,DL:0.1.0:AT.1.0.0,2022-3-4 10:31:36,36.00,0.00,0.00,17.769,0.360,-5.807,11.961,18.129,0.00,0.00,0.00,0.00,0.00,0.00,0.00,0.00,0.00,0.00,0.00,0.00,0.00,0.00,0.00,0.00,0.00
20650,DL:0.1.0:AT.1.0.0,2022-3-4 10:31:41,36.00,0.00,0.00,17.758,0.373,-5.798,11.960,18.130,0.00,0.00,0.00,0.00,0.00,0.00,0.00,0.00,0.00,0.00,0.00,0.00,0.00,0.00,0.00,0.00,0.00
20650,DL:0.1.0:AT.1.0.0,2022-3-4 10:31:47,36.00,0.00,0.00,17.742,0.388,-5.782,11.960,18.130,0.00,0.00,0.00,0.00,0.00,0.00,0.00,0.00,0.00,0.00,0.00,0.00,0.00,0.00,0.00,0.00,0.00
20650,DL:0.1.0:AT.1.0.0,2022-3-4 10:31:54,36.00,0.00,0.00,17.747,0.385,-5.786,11.961,18.131,0.00,0.00,0.00,0.00,0.00,0.00,0.00,0.00,0.00,0.00,0.00,0.00,0.00,0.00,0.00,0.00,0.00
20650,DL:0.1.0:AT.1.0.0,2022-3-4 10:32:1,36.00,0.00,0.00,17.761,0.370,-5.801,11.960,18.131,0.00,0.00,0.00,0.00,0.00,0.00,0.00,0.00,0.00,0.00,0.00,0.00,0.00,0.00,0.00,0.00,0.00
20650,DL:0.1.0:AT.1.0.0,2022-3-4 10:32:7,36.00,0.00,0.00,17.757,0.375,-5.795,11.961,18.131,0.00,0.00,0.00,0.00,0.00,0.00,0.00,0.00,0.00,0.00,0.00,0.00,0.00,0.00,0.00,0.00,0.00
20650,DL:0.1.0:AT.1.0.0,2022-3-4 10:32:15,36.00,0.00,0.00,17.734,0.398,-5.774,11.960,18.131,0.00,0.00,0.00,0.00,0.00,0.00,0.00,0.00,0.00,0.00,0.00,0.00,0.00,0.00,0.00,0.00,0.00
20650,DL:0.1.0:AT.1.0.0,2022-3-4 10:32:21,36.00,0.00,0.00,17.737,0.395,-5.777,11.960,18.133,0.00,0.00,0.00,0.00,0.00,0.00,0.00,0.00,0.00,0.00,0.00,0.00,0.00,0.00,0.00,0.00,0.00
20650,DL:0.1.0:AT.1.0.0,2022-3-4 10:32:32,36.00,0.00,0.00,17.743,0.389,-5.782,11.961,18.133,0.00,0.00,0.00,0.00,0.00,0.00,0.00,0.00,0.00,0.00,0.00,0.00,0.00,0.00,0.00,0.00,0.00
20650,DL:0.1.0:AT.1.0.0,2022-3-4 10:32:38,36.00,0.00,0.00,17.776,0.357,-5.816,11.960,18.133,0.00,0.00,0.00,0.00,0.00,0.00,0.00,0.00,0.00,0.00,0.00,0.00,0.00,0.00,0.00,0.00,0.00
20650,DL:0.1.0:AT.1.0.0,2022-3-4 10:32:43,36.00,0.00,0.00,17.775,0.358,-5.814,11.961,18.133,0.00,0.00,0.00,0.00,0.00,0.00,0.00,0.00,0.00,0.00,0.00,0.00,0.00,0.00,0.00,0.00,0.00
20650,DL:0.1.0:AT.1.0.0,2022-3-4 10:32:49,36.00,0.00,0.00,17.782,0.351,-5.821,11.961,18.133,0.00,0.00,0.00,0.00,0.00,0.00,0.00,0.00,0.00,0.00,0.00,0.00,0.00,0.00,0.00,0.00,0.00
20650,DL:0.1.0:AT.1.0.0,2022-3-4 10:32:55,36.00,0.00,0.00,17.746,0.388,-5.785,11.961,18.134,0.00,0.00,0.00,0.00,0.00,0.00,0.00,0.00,0.00,0.00,0.00,0.00,0.00,0.00,0.00,0.00,0.00
20650,DL:0.1.0:AT.1.0.0,2022-3-4 10:33:3,36.00,0.00,0.00,17.737,0.395,-5.775,11.962,18.133,0.00,0.00,0.00,0.00,0.00,0.00,0.00,0.00,0.00,0.00,0.00,0.00,0.00,0.00,0.00,0.00,0.00
20650,DL:0.1.0:AT.1.0.0,2022-3-4 10:33:9,36.00,0.00,0.00,17.734,0.400,-5.773,11.961,18.134,0.00,0.00,0.00,0.00,0.00,0.00,0.00,0.00,0.00,0.00,0.00,0.00,0.00,0.00,0.00,0.00,0.00
20650,DL:0.1.0:AT.1.0.0,2022-3-4 10:33:16,36.00,0.00,0.00,17.763,0.371,-5.801,11.961,18.134,0.00,0.00,0.00,0.00,0.00,0.00,0.00,0.00,0.00,0.00,0.00,0.00,0.00,0.00,0.00,0.00,0.00
20650,DL:0.1.0:AT.1.0.0,2022-3-4 10:33:23,36.00,0.00,0.00,17.755,0.379,-5.794,11.961,18.134,0.00,0.00,0.00,0.00,0.00,0.00,0.00,0.00,0.00,0.00,0.00,0.00,0.00,0.00,0.00,0.00,0.00
20650,DL:0.1.0:AT.1.0.0,2022-3-4 10:33:28,36.00,0.00,0.00,17.739,0.395,-5.777,11.961,18.134,0.00,0.00,0.00,0.00,0.00,0.00,0.00,0.00,0.00,0.00,0.00,0.00,0.00,0.00,0.00,0.00,0.00
20650,DL:0.1.0:AT.1.0.0,2022-3-4 10:33:34,36.00,0.00,0.00,17.757,0.377,-5.795,11.961,18.134,0.00,0.00,0.00,0.00,0.00,0.00,0.00,0.00,0.00,0.00,0.00,0.00,0.00,0.00,0.00,0.00,0.00
20650,DL:0.1.0:AT.1.0.0,2022-3-4 10:33:40,36.00,0.00,0.00,17.775,0.359,-5.812,11.962,18.134,0.00,0.00,0.00,0.00,0.00,0.00,0.00,0.00,0.00,0.00,0.00,0.00,0.00,0.00,0.00,0.00,0.00
20650,DL:0.1.0:AT.1.0.0,2022-3-4 10:33:47,36.00,0.00,0.00,17.789,0.345,-5.828,11.961,18.134,0.00,0.00,0.00,0.00,0.00,0.00,0.00,0.00,0.00,0.00,0.00,0.00,0.00,0.00,0.00,0.00,0.00
20650,DL:0.1.0:AT.1.0.0,2022-3-4 10:33:52,36.00,0.00,0.00,17.754,0.380,-5.792,11.962,18.134,0.00,0.00,0.00,0.00,0.00,0.00,0.00,0.00,0.00,0.00,0.00,0.00,0.00,0.00,0.00,0.00,0.00
20650,DL:0.1.0:AT.1.0.0,2022-3-4 10:33:57,36.00,0.00,0.00,17.772,0.360,-5.810,11.962,18.133,0.00,0.00,0.00,0.00,0.00,0.00,0.00,0.00,0.00,0.00,0.00,0.00,0.00,0.00,0.00,0.00,0.00
20650,DL:0.1.0:AT.1.0.0,2022-3-4 10:34:4,36.00,0.00,0.00,17.727,0.406,-5.764,11.962,18.133,0.00,0.00,0.00,0.00,0.00,0.00,0.00,0.00,0.00,0.00,0.00,0.00,0.00,0.00,0.00,0.00,0.00
20650,DL:0.1.0:AT.1.0.0,2022-3-4 10:34:9,36.00,0.00,0.00,17.779,0.353,-5.817,11.962,18.133,0.00,0.00,0.00,0.00,0.00,0.00,0.00,0.00,0.00,0.00,0.00,0.00,0.00,0.00,0.00,0.00,0.00
20650,DL:0.1.0:AT.1.0.0,2022-3-4 10:34:14,36.00,0.00,0.00,17.757,0.376,-5.793,11.963,18.133,0.00,0.00,0.00,0.00,0.00,0.00,0.00,0.00,0.00,0.00,0.00,0.00,0.00,0.00,0.00,0.00,0.00
20650,DL:0.1.0:AT.1.0.0,2022-3-4 10:34:21,36.00,0.00,0.00,17.748,0.385,-5.785,11.963,18.133,0.00,0.00,0.00,0.00,0.00,0.00,0.00,0.00,0.00,0.00,0.00,0.00,0.00,0.00,0.00,0.00,0.00
20650,DL:0.1.0:AT.1.0.0,2022-3-4 10:34:26,36.00,0.00,0.00,17.737,0.394,-5.774,11.963,18.131,0.00,0.00,0.00,0.00,0.00,0.00,0.00,0.00,0.00,0.00,0.00,0.00,0.00,0.00,0.00,0.00,0.00
20650,DL:0.1.0:AT.1.0.0,2022-3-4 10:34:35,36.00,0.00,0.00,17.761,0.370,-5.797,11.965,18.131,0.00,0.00,0.00,0.00,0.00,0.00,0.00,0.00,0.00,0.00,0.00,0.00,0.00,0.00,0.00,0.00,0.00
20650,DL:0.1.0:AT.1.0.0,2022-3-4 10:34:41,36.00,0.00,0.00,17.749,0.382,-5.785,11.965,18.131,0.00,0.00,0.00,0.00,0.00,0.00,0.00,0.00,0.00,0.00,0.00,0.00,0.00,0.00,0.00,0.00,0.00
20650,DL:0.1.0:AT.1.0.0,2022-3-4 10:34:48,36.00,0.00,0.00,17.745,0.385,-5.779,11.966,18.129,0.00,0.00,0.00,0.00,0.00,0.00,0.00,0.00,0.00,0.00,0.00,0.00,0.00,0.00,0.00,0.00,0.00
20650,DL:0.1.0:AT.1.0.0,2022-3-4 10:34:55,36.00,0.00,0.00,17.749,0.380,-5.783,11.966,18.129,0.00,0.00,0.00,0.00,0.00,0.00,0.00,0.00,0.00,0.00,0.00,0.00,0.00,0.00,0.00,0.00,0.00
20650,DL:0.1.0:AT.1.0.0,2022-3-4 10:35:6,36.00,0.00,0.00,17.739,0.391,-5.773,11.966,18.129,0.00,0.00,0.00,0.00,0.00,0.00,0.00,0.00,0.00,0.00,0.00,0.00,0.00,0.00,0.00,0.00,0.00
20650,DL:0.1.0:AT.1.0.0,2022-3-4 10:35:12,36.00,0.00,0.00,17.725,0.401,-5.759,11.966,18.127,0.00,0.00,0.00,0.00,0.00,0.00,0.00,0.00,0.00,0.00,0.00,0.00,0.00,0.00,0.00,0.00,0.00
20650,DL:0.1.0:AT.1.0.0,2022-3-4 10:35:19,36.00,0.00,0.00,17.758,0.369,-5.792,11.966,18.127,0.00,0.00,0.00,0.00,0.00,0.00,0.00,0.00,0.00,0.00,0.00,0.00,0.00,0.00,0.00,0.00,0.00
20650,DL:0.1.0:AT.1.0.0,2022-3-4 10:35:26,36.00,0.00,0.00,17.759,0.366,-5.793,11.966,18.125,0.00,0.00,0.00,0.00,0.00,0.00,0.00,0.00,0.00,0.00,0.00,0.00,0.00,0.00,0.00,0.00,0.00
20650,DL:0.1.0:AT.1.0.0,2022-3-4 10:35:36,36.00,0.00,0.00,17.764,0.359,-5.798,11.966,18.123,0.00,0.00,0.00,0.00,0.00,0.00,0.00,0.00,0.00,0.00,0.00,0.00,0.00,0.00,0.00,0.00,0.00
20650,DL:0.1.0:AT.1.0.0,2022-3-4 10:35:43,36.00,0.00,0.00,17.764,0.358,-5.798,11.966,18.122,0.00,0.00,0.00,0.00,0.00,0.00,0.00,0.00,0.00,0.00,0.00,0.00,0.00,0.00,0.00,0.00,0.00
20650,DL:0.1.0:AT.1.0.0,2022-3-4 10:35:50,36.00,0.00,0.00,17.766,0.356,-5.800,11.966,18.122,0.00,0.00,0.00,0.00,0.00,0.00,0.00,0.00,0.00,0.00,0.00,0.00,0.00,0.00,0.00,0.00,0.00
20650,DL:0.1.0:AT.1.0.0,2022-3-4 10:35:56,36.00,0.00,0.00,17.773,0.347,-5.807,11.966,18.121,0.00,0.00,0.00,0.00,0.00,0.00,0.00,0.00,0.00,0.00,0.00,0.00,0.00,0.00,0.00,0.00,0.00
20650,DL:0.1.0:AT.1.0.0,2022-3-4 10:36:4,36.00,0.00,0.00,17.758,0.362,-5.792,11.966,18.119,0.00,0.00,0.00,0.00,0.00,0.00,0.00,0.00,0.00,0.00,0.00,0.00,0.00,0.00,0.00,0.00,0.00
20650,DL:0.1.0:AT.1.0.0,2022-3-4 10:36:10,36.00,0.00,0.00,17.772,0.348,-5.806,11.966,18.121,0.00,0.00,0.00,0.00,0.00,0.00,0.00,0.00,0.00,0.00,0.00,0.00,0.00,0.00,0.00,0.00,0.00
20650,DL:0.1.0:AT.1.0.0,2022-3-4 10:36:17,36.00,0.00,0.00,17.771,0.350,-5.804,11.967,18.121,0.00,0.00,0.00,0.00,0.00,0.00,0.00,0.00,0.00,0.00,0.00,0.00,0.00,0.00,0.00,0.00,0.00
20650,DL:0.1.0:AT.1.0.0,2022-3-4 10:36:24,36.00,0.00,0.00,17.789,0.330,-5.822,11.967,18.119,0.00,0.00,0.00,0.00,0.00,0.00,0.00,0.00,0.00,0.00,0.00,0.00,0.00,0.00,0.00,0.00,0.00
20650,DL:0.1.0:AT.1.0.0,2022-3-4 10:36:31,36.00,0.00,0.00,17.763,0.357,-5.795,11.967,18.119,0.00,0.00,0.00,0.00,0.00,0.00,0.00,0.00,0.00,0.00,0.00,0.00,0.00,0.00,0.00,0.00,0.00
20650,DL:0.1.0:AT.1.0.0,2022-3-4 10:36:36,36.00,0.00,0.00,17.761,0.357,-5.794,11.967,18.118,0.00,0.00,0.00,0.00,0.00,0.00,0.00,0.00,0.00,0.00,0.00,0.00,0.00,0.00,0.00,0.00,0.00
20650,DL:0.1.0:AT.1.0.0,2022-3-4 10:36:41,36.00,0.00,0.00,17.754,0.364,-5.787,11.967,18.118,0.00,0.00,0.00,0.00,0.00,0.00,0.00,0.00,0.00,0.00,0.00,0.00,0.00,0.00,0.00,0.00,0.00
20650,DL:0.1.0:AT.1.0.0,2022-3-4 10:36:48,36.00,0.00,0.00,17.755,0.362,-5.788,11.967,18.117,0.00,0.00,0.00,0.00,0.00,0.00,0.00,0.00,0.00,0.00,0.00,0.00,0.00,0.00,0.00,0.00,0.00
20650,DL:0.1.0:AT.1.0.0,2022-3-4 10:36:54,36.25,0.00,0.00,17.773,0.342,-5.806,11.967,18.116,0.00,0.00,0.00,0.00,0.00,0.00,0.00,0.00,0.00,0.00,0.00,0.00,0.00,0.00,0.00,0.00,0.00
20650,DL:0.1.0:AT.1.0.0,2022-3-4 10:37:1,36.25,0.00,0.00,17.790,0.326,-5.823,11.967,18.116,0.00,0.00,0.00,0.00,0.00,0.00,0.00,0.00,0.00,0.00,0.00,0.00,0.00,0.00,0.00,0.00,0.00
20650,DL:0.1.0:AT.1.0.0,2022-3-4 10:37:8,36.25,0.00,0.00,17.746,0.369,-5.779,11.967,18.115,0.00,0.00,0.00,0.00,0.00,0.00,0.00,0.00,0.00,0.00,0.00,0.00,0.00,0.00,0.00,0.00,0.00
20650,DL:0.1.0:AT.1.0.0,2022-3-4 10:37:15,36.25,0.00,0.00,17.772,0.341,-5.805,11.967,18.113,0.00,0.00,0.00,0.00,0.00,0.00,0.00,0.00,0.00,0.00,0.00,0.00,0.00,0.00,0.00,0.00,0.00
20650,DL:0.1.0:AT.1.0.0,2022-3-4 10:37:25,36.25,0.00,0.00,17.791,0.321,-5.824,11.967,18.112,0.00,0.00,0.00,0.00,0.00,0.00,0.00,0.00,0.00,0.00,0.00,0.00,0.00,0.00,0.00,0.00,0.00
20650,DL:0.1.0:AT.1.0.0,2022-3-4 10:37:30,36.25,0.00,0.00,17.743,0.368,-5.777,11.966,18.111,0.00,0.00,0.00,0.00,0.00,0.00,0.00,0.00,0.00,0.00,0.00,0.00,0.00,0.00,0.00,0.00,0.00
20650,DL:0.1.0:AT.1.0.0,2022-3-4 10:37:36,36.25,0.00,0.00,17.772,0.339,-5.806,11.966,18.111,0.00,0.00,0.00,0.00,0.00,0.00,0.00,0.00,0.00,0.00,0.00,0.00,0.00,0.00,0.00,0.00,0.00
20650,DL:0.1.0:AT.1.0.0,2022-3-4 10:37:42,36.25,0.00,0.00,17.757,0.354,-5.789,11.967,18.111,0.00,0.00,0.00,0.00,0.00,0.00,0.00,0.00,0.00,0.00,0.00,0.00,0.00,0.00,0.00,0.00,0.00
20650,DL:0.1.0:AT.1.0.0,2022-3-4 10:37:49,36.25,0.00,0.00,17.763,0.347,-5.795,11.967,18.110,0.00,0.00,0.00,0.00,0.00,0.00,0.00,0.00,0.00,0.00,0.00,0.00,0.00,0.00,0.00,0.00,0.00
20650,DL:0.1.0:AT.1.0.0,2022-3-4 10:37:56,36.00,0.00,0.00,17.773,0.335,-5.806,11.967,18.109,0.00,0.00,0.00,0.00,0.00,0.00,0.00,0.00,0.00,0.00,0.00,0.00,0.00,0.00,0.00,0.00,0.00
20650,DL:0.1.0:AT.1.0.0,2022-3-4 10:38:1,36.00,0.00,0.00,17.763,0.346,-5.795,11.967,18.109,0.00,0.00,0.00,0.00,0.00,0.00,0.00,0.00,0.00,0.00,0.00,0.00,0.00,0.00,0.00,0.00,0.00
20650,DL:0.1.0:AT.1.0.0,2022-3-4 10:38:11,36.00,0.00,0.00,17.777,0.332,-5.810,11.967,18.109,0.00,0.00,0.00,0.00,0.00,0.00,0.00,0.00,0.00,0.00,0.00,0.00,0.00,0.00,0.00,0.00,0.00
20650,DL:0.1.0:AT.1.0.0,2022-3-4 10:38:16,36.00,0.00,0.00,17.763,0.346,-5.794,11.968,18.109,0.00,0.00,0.00,0.00,0.00,0.00,0.00,0.00,0.00,0.00,0.00,0.00,0.00,0.00,0.00,0.00,0.00
20650,DL:0.1.0:AT.1.0.0,2022-3-4 10:38:21,36.00,0.00,0.00,17.793,0.316,-5.823,11.969,18.109,0.00,0.00,0.00,0.00,0.00,0.00,0.00,0.00,0.00,0.00,0.00,0.00,0.00,0.00,0.00,0.00,0.00
20650,DL:0.1.0:AT.1.0.0,2022-3-4 10:38:27,36.00,0.00,0.00,17.766,0.341,-5.797,11.969,18.107,0.00,0.00,0.00,0.00,0.00,0.00,0.00,0.00,0.00,0.00,0.00,0.00,0.00,0.00,0.00,0.00,0.00
20650,DL:0.1.0:AT.1.0.0,2022-3-4 10:38:33,36.00,0.00,0.00,17.771,0.336,-5.801,11.969,18.107,0.00,0.00,0.00,0.00,0.00,0.00,0.00,0.00,0.00,0.00,0.00,0.00,0.00,0.00,0.00,0.00,0.00
20650,DL:0.1.0:AT.1.0.0,2022-3-4 10:38:41,36.00,0.00,0.00,17.769,0.338,-5.798,11.971,18.106,0.00,0.00,0.00,0.00,0.00,0.00,0.00,0.00,0.00,0.00,0.00,0.00,0.00,0.00,0.00,0.00,0.00
20650,DL:0.1.0:AT.1.0.0,2022-3-4 10:38:47,36.00,0.00,0.00,17.781,0.327,-5.810,11.971,18.107,0.00,0.00,0.00,0.00,0.00,0.00,0.00,0.00,0.00,0.00,0.00,0.00,0.00,0.00,0.00,0.00,0.00
20650,DL:0.1.0:AT.1.0.0,2022-3-4 10:38:54,36.00,0.00,0.00,17.779,0.327,-5.809,11.971,18.106,0.00,0.00,0.00,0.00,0.00,0.00,0.00,0.00,0.00,0.00,0.00,0.00,0.00,0.00,0.00,0.00,0.00
20650,DL:0.1.0:AT.1.0.0,2022-3-4 10:39:1,36.25,0.00,0.00,17.771,0.335,-5.799,11.972,18.106,0.00,0.00,0.00,0.00,0.00,0.00,0.00,0.00,0.00,0.00,0.00,0.00,0.00,0.00,0.00,0.00,0.00
20650,DL:0.1.0:AT.1.0.0,2022-3-4 10:39:8,36.25,0.00,0.00,17.752,0.353,-5.780,11.972,18.105,0.00,0.00,0.00,0.00,0.00,0.00,0.00,0.00,0.00,0.00,0.00,0.00,0.00,0.00,0.00,0.00,0.00
20650,DL:0.1.0:AT.1.0.0,2022-3-4 10:39:14,36.25,0.00,0.00,17.763,0.341,-5.791,11.972,18.104,0.00,0.00,0.00,0.00,0.00,0.00,0.00,0.00,0.00,0.00,0.00,0.00,0.00,0.00,0.00,0.00,0.00
20650,DL:0.1.0:AT.1.0.0,2022-3-4 10:39:19,36.25,0.00,0.00,17.791,0.312,-5.820,11.972,18.104,0.00,0.00,0.00,0.00,0.00,0.00,0.00,0.00,0.00,0.00,0.00,0.00,0.00,0.00,0.00,0.00,0.00
20650,DL:0.1.0:AT.1.0.0,2022-3-4 10:39:24,36.25,0.00,0.00,17.769,0.334,-5.797,11.972,18.103,0.00,0.00,0.00,0.00,0.00,0.00,0.00,0.00,0.00,0.00,0.00,0.00,0.00,0.00,0.00,0.00,0.00
20650,DL:0.1.0:AT.1.0.0,2022-3-4 10:39:32,36.25,0.00,0.00,17.777,0.326,-5.805,11.972,18.103,0.00,0.00,0.00,0.00,0.00,0.00,0.00,0.00,0.00,0.00,0.00,0.00,0.00,0.00,0.00,0.00,0.00
20650,DL:0.1.0:AT.1.0.0,2022-3-4 10:39:37,36.25,0.00,0.00,17.748,0.354,-5.776,11.972,18.103,0.00,0.00,0.00,0.00,0.00,0.00,0.00,0.00,0.00,0.00,0.00,0.00,0.00,0.00,0.00,0.00,0.00
20650,DL:0.1.0:AT.1.0.0,2022-3-4 10:39:43,36.25,0.00,0.00,17.736,0.365,-5.764,11.972,18.101,0.00,0.00,0.00,0.00,0.00,0.00,0.00,0.00,0.00,0.00,0.00,0.00,0.00,0.00,0.00,0.00,0.00
20650,DL:0.1.0:AT.1.0.0,2022-3-4 10:39:49,36.25,0.00,0.00,17.753,0.346,-5.781,11.972,18.099,0.00,0.00,0.00,0.00,0.00,0.00,0.00,0.00,0.00,0.00,0.00,0.00,0.00,0.00,0.00,0.00,0.00
20650,DL:0.1.0:AT.1.0.0,2022-3-4 10:39:55,36.25,0.00,0.00,17.791,0.308,-5.820,11.972,18.099,0.00,0.00,0.00,0.00,0.00,0.00,0.00,0.00,0.00,0.00,0.00,0.00,0.00,0.00,0.00,0.00,0.00
20650,DL:0.1.0:AT.1.0.0,2022-3-4 10:40:2,36.25,0.00,0.00,17.797,0.302,-5.826,11.972,18.099,0.00,0.00,0.00,0.00,0.00,0.00,0.00,0.00,0.00,0.00,0.00,0.00,0.00,0.00,0.00,0.00,0.00
20650,DL:0.1.0:AT.1.0.0,2022-3-4 10:40:7,36.25,0.00,0.00,17.820,0.278,-5.847,11.973,18.098,0.00,0.00,0.00,0.00,0.00,0.00,0.00,0.00,0.00,0.00,0.00,0.00,0.00,0.00,0.00,0.00,0.00
20650,DL:0.1.0:AT.1.0.0,2022-3-4 10:40:14,36.25,0.00,0.00,17.777,0.321,-5.804,11.973,18.098,0.00,0.00,0.00,0.00,0.00,0.00,0.00,0.00,0.00,0.00,0.00,0.00,0.00,0.00,0.00,0.00,0.00
20650,DL:0.1.0:AT.1.0.0,2022-3-4 10:40:19,36.25,0.00,0.00,17.783,0.316,-5.810,11.973,18.099,0.00,0.00,0.00,0.00,0.00,0.00,0.00,0.00,0.00,0.00,0.00,0.00,0.00,0.00,0.00,0.00,0.00
20650,DL:0.1.0:AT.1.0.0,2022-3-4 10:40:26,36.25,0.00,0.00,17.783,0.314,-5.809,11.974,18.097,0.00,0.00,0.00,0.00,0.00,0.00,0.00,0.00,0.00,0.00,0.00,0.00,0.00,0.00,0.00,0.00,0.00
20650,DL:0.1.0:AT.1.0.0,2022-3-4 10:40:33,36.25,0.00,0.00,17.772,0.324,-5.798,11.974,18.097,0.00,0.00,0.00,0.00,0.00,0.00,0.00,0.00,0.00,0.00,0.00,0.00,0.00,0.00,0.00,0.00,0.00
20650,DL:0.1.0:AT.1.0.0,2022-3-4 10:40:38,36.25,0.00,0.00,17.771,0.326,-5.798,11.973,18.097,0.00,0.00,0.00,0.00,0.00,0.00,0.00,0.00,0.00,0.00,0.00,0.00,0.00,0.00,0.00,0.00,0.00
20650,DL:0.1.0:AT.1.0.0,2022-3-4 10:40:47,36.25,0.00,0.00,17.763,0.333,-5.789,11.973,18.095,0.00,0.00,0.00,0.00,0.00,0.00,0.00,0.00,0.00,0.00,0.00,0.00,0.00,0.00,0.00,0.00,0.00
20650,DL:0.1.0:AT.1.0.0,2022-3-4 10:40:53,36.25,0.00,0.00,17.777,0.317,-5.804,11.973,18.094,0.00,0.00,0.00,0.00,0.00,0.00,0.00,0.00,0.00,0.00,0.00,0.00,0.00,0.00,0.00,0.00,0.00
20650,DL:0.1.0:AT.1.0.0,2022-3-4 10:41:0,36.25,0.00,0.00,17.782,0.314,-5.809,11.973,18.095,0.00,0.00,0.00,0.00,0.00,0.00,0.00,0.00,0.00,0.00,0.00,0.00,0.00,0.00,0.00,0.00,0.00
20650,DL:0.1.0:AT.1.0.0,2022-3-4 10:41:7,36.25,0.00,0.00,17.773,0.321,-5.799,11.974,18.094,0.00,0.00,0.00,0.00,0.00,0.00,0.00,0.00,0.00,0.00,0.00,0.00,0.00,0.00,0.00,0.00,0.00
20650,DL:0.1.0:AT.1.0.0,2022-3-4 10:41:12,36.25,0.00,0.00,17.751,0.342,-5.776,11.974,18.093,0.00,0.00,0.00,0.00,0.00,0.00,0.00,0.00,0.00,0.00,0.00,0.00,0.00,0.00,0.00,0.00,0.00
20650,DL:0.1.0:AT.1.0.0,2022-3-4 10:41:18,36.25,0.00,0.00,17.761,0.330,-5.787,11.974,18.092,0.00,0.00,0.00,0.00,0.00,0.00,0.00,0.00,0.00,0.00,0.00,0.00,0.00,0.00,0.00,0.00,0.00
20650,DL:0.1.0:AT.1.0.0,2022-3-4 10:41:24,36.25,0.00,0.00,17.759,0.333,-5.785,11.974,18.092,0.00,0.00,0.00,0.00,0.00,0.00,0.00,0.00,0.00,0.00,0.00,0.00,0.00,0.00,0.00,0.00,0.00
20650,DL:0.1.0:AT.1.0.0,2022-3-4 10:41:31,36.25,0.00,0.00,17.745,0.346,-5.770,11.974,18.091,0.00,0.00,0.00,0.00,0.00,0.00,0.00,0.00,0.00,0.00,0.00,0.00,0.00,0.00,0.00,0.00,0.00
20650,DL:0.1.0:AT.1.0.0,2022-3-4 10:41:38,36.25,0.00,0.00,17.759,0.332,-5.785,11.974,18.091,0.00,0.00,0.00,0.00,0.00,0.00,0.00,0.00,0.00,0.00,0.00,0.00,0.00,0.00,0.00,0.00,0.00
20650,DL:0.1.0:AT.1.0.0,2022-3-4 10:41:44,36.25,0.00,0.00,17.758,0.332,-5.783,11.974,18.089,0.00,0.00,0.00,0.00,0.00,0.00,0.00,0.00,0.00,0.00,0.00,0.00,0.00,0.00,0.00,0.00,0.00
20650,DL:0.1.0:AT.1.0.0,2022-3-4 10:41:53,36.25,0.00,0.00,17.769,0.321,-5.793,11.975,18.089,0.00,0.00,0.00,0.00,0.00,0.00,0.00,0.00,0.00,0.00,0.00,0.00,0.00,0.00,0.00,0.00,0.00
20650,DL:0.1.0:AT.1.0.0,2022-3-4 10:41:58,36.25,0.00,0.00,17.745,0.342,-5.769,11.975,18.087,0.00,0.00,0.00,0.00,0.00,0.00,0.00,0.00,0.00,0.00,0.00,0.00,0.00,0.00,0.00,0.00,0.00
20650,DL:0.1.0:AT.1.0.0,2022-3-4 10:42:5,36.25,0.00,0.00,17.761,0.326,-5.785,11.977,18.087,0.00,0.00,0.00,0.00,0.00,0.00,0.00,0.00,0.00,0.00,0.00,0.00,0.00,0.00,0.00,0.00,0.00
20650,DL:0.1.0:AT.1.0.0,2022-3-4 10:42:10,36.25,0.00,0.00,17.806,0.280,-5.828,11.978,18.086,0.00,0.00,0.00,0.00,0.00,0.00,0.00,0.00,0.00,0.00,0.00,0.00,0.00,0.00,0.00,0.00,0.00
20650,DL:0.1.0:AT.1.0.0,2022-3-4 10:42:16,36.25,0.00,0.00,17.759,0.327,-5.782,11.977,18.086,0.00,0.00,0.00,0.00,0.00,0.00,0.00,0.00,0.00,0.00,0.00,0.00,0.00,0.00,0.00,0.00,0.00
20650,DL:0.1.0:AT.1.0.0,2022-3-4 10:42:22,36.25,0.00,0.00,17.777,0.309,-5.799,11.978,18.086,0.00,0.00,0.00,0.00,0.00,0.00,0.00,0.00,0.00,0.00,0.00,0.00,0.00,0.00,0.00,0.00,0.00
20650,DL:0.1.0:AT.1.0.0,2022-3-4 10:42:27,36.25,0.00,0.00,17.782,0.303,-5.804,11.978,18.085,0.00,0.00,0.00,0.00,0.00,0.00,0.00,0.00,0.00,0.00,0.00,0.00,0.00,0.00,0.00,0.00,0.00
20650,DL:0.1.0:AT.1.0.0,2022-3-4 10:42:33,36.25,0.00,0.00,17.757,0.328,-5.779,11.978,18.085,0.00,0.00,0.00,0.00,0.00,0.00,0.00,0.00,0.00,0.00,0.00,0.00,0.00,0.00,0.00,0.00,0.00
20650,DL:0.1.0:AT.1.0.0,2022-3-4 10:42:39,36.25,0.00,0.00,17.794,0.290,-5.816,11.978,18.083,0.00,0.00,0.00,0.00,0.00,0.00,0.00,0.00,0.00,0.00,0.00,0.00,0.00,0.00,0.00,0.00,0.00
20650,DL:0.1.0:AT.1.0.0,2022-3-4 10:42:44,36.25,0.00,0.00,17.781,0.303,-5.803,11.978,18.083,0.00,0.00,0.00,0.00,0.00,0.00,0.00,0.00,0.00,0.00,0.00,0.00,0.00,0.00,0.00,0.00,0.00
20650,DL:0.1.0:AT.1.0.0,2022-3-4 10:42:55,36.25,0.00,0.00,17.787,0.296,-5.809,11.978,18.082,0.00,0.00,0.00,0.00,0.00,0.00,0.00,0.00,0.00,0.00,0.00,0.00,0.00,0.00,0.00,0.00,0.00
20650,DL:0.1.0:AT.1.0.0,2022-3-4 10:43:0,36.25,0.00,0.00,17.772,0.310,-5.794,11.978,18.082,0.00,0.00,0.00,0.00,0.00,0.00,0.00,0.00,0.00,0.00,0.00,0.00,0.00,0.00,0.00,0.00,0.00
20650,DL:0.1.0:AT.1.0.0,2022-3-4 10:43:7,36.25,0.00,0.00,17.764,0.318,-5.786,11.978,18.082,0.00,0.00,0.00,0.00,0.00,0.00,0.00,0.00,0.00,0.00,0.00,0.00,0.00,0.00,0.00,0.00,0.00
20650,DL:0.1.0:AT.1.0.0,2022-3-4 10:43:12,36.25,0.00,0.00,17.791,0.290,-5.814,11.978,18.081,0.00,0.00,0.00,0.00,0.00,0.00,0.00,0.00,0.00,0.00,0.00,0.00,0.00,0.00,0.00,0.00,0.00
20650,DL:0.1.0:AT.1.0.0,2022-3-4 10:43:17,36.25,0.00,0.00,17.758,0.323,-5.780,11.978,18.081,0.00,0.00,0.00,0.00,0.00,0.00,0.00,0.00,0.00,0.00,0.00,0.00,0.00,0.00,0.00,0.00,0.00
20650,DL:0.1.0:AT.1.0.0,2022-3-4 10:43:22,36.25,0.00,0.00,17.760,0.321,-5.781,11.979,18.081,0.00,0.00,0.00,0.00,0.00,0.00,0.00,0.00,0.00,0.00,0.00,0.00,0.00,0.00,0.00,0.00,0.00
20650,DL:0.1.0:AT.1.0.0,2022-3-4 10:43:27,36.25,0.00,0.00,17.775,0.306,-5.797,11.978,18.081,0.00,0.00,0.00,0.00,0.00,0.00,0.00,0.00,0.00,0.00,0.00,0.00,0.00,0.00,0.00,0.00,0.00
20650,DL:0.1.0:AT.1.0.0,2022-3-4 10:43:34,36.25,0.00,0.00,17.775,0.306,-5.794,11.980,18.081,0.00,0.00,0.00,0.00,0.00,0.00,0.00,0.00,0.00,0.00,0.00,0.00,0.00,0.00,0.00,0.00,0.00
20650,DL:0.1.0:AT.1.0.0,2022-3-4 10:43:39,36.25,0.00,0.00,17.751,0.330,-5.771,11.979,18.081,0.00,0.00,0.00,0.00,0.00,0.00,0.00,0.00,0.00,0.00,0.00,0.00,0.00,0.00,0.00,0.00,0.00
20650,DL:0.1.0:AT.1.0.0,2022-3-4 10:43:47,36.25,0.00,0.00,17.737,0.344,-5.757,11.980,18.081,0.00,0.00,0.00,0.00,0.00,0.00,0.00,0.00,0.00,0.00,0.00,0.00,0.00,0.00,0.00,0.00,0.00
20650,DL:0.1.0:AT.1.0.0,2022-3-4 10:43:53,36.25,0.00,0.00,17.781,0.300,-5.801,11.979,18.081,0.00,0.00,0.00,0.00,0.00,0.00,0.00,0.00,0.00,0.00,0.00,0.00,0.00,0.00,0.00,0.00,0.00
20650,DL:0.1.0:AT.1.0.0,2022-3-4 10:43:58,36.25,0.00,0.00,17.757,0.324,-5.776,11.980,18.081,0.00,0.00,0.00,0.00,0.00,0.00,0.00,0.00,0.00,0.00,0.00,0.00,0.00,0.00,0.00,0.00,0.00
20650,DL:0.1.0:AT.1.0.0,2022-3-4 10:44:3,36.25,0.00,0.00,17.784,0.297,-5.804,11.980,18.081,0.00,0.00,0.00,0.00,0.00,0.00,0.00,0.00,0.00,0.00,0.00,0.00,0.00,0.00,0.00,0.00,0.00
20650,DL:0.1.0:AT.1.0.0,2022-3-4 10:44:8,36.25,0.00,0.00,17.771,0.310,-5.791,11.980,18.081,0.00,0.00,0.00,0.00,0.00,0.00,0.00,0.00,0.00,0.00,0.00,0.00,0.00,0.00,0.00,0.00,0.00
20650,DL:0.1.0:AT.1.0.0,2022-3-4 10:44:13,36.25,0.00,0.00,17.755,0.326,-5.774,11.981,18.081,0.00,0.00,0.00,0.00,0.00,0.00,0.00,0.00,0.00,0.00,0.00,0.00,0.00,0.00,0.00,0.00,0.00
20650,DL:0.1.0:AT.1.0.0,2022-3-4 10:44:19,36.25,0.00,0.00,17.794,0.286,-5.812,11.981,18.080,0.00,0.00,0.00,0.00,0.00,0.00,0.00,0.00,0.00,0.00,0.00,0.00,0.00,0.00,0.00,0.00,0.00
20650,DL:0.1.0:AT.1.0.0,2022-3-4 10:44:26,36.25,0.00,0.00,17.805,0.276,-5.824,11.980,18.081,0.00,0.00,0.00,0.00,0.00,0.00,0.00,0.00,0.00,0.00,0.00,0.00,0.00,0.00,0.00,0.00,0.00
20650,DL:0.1.0:AT.1.0.0,2022-3-4 10:44:35,36.25,0.00,0.00,17.783,0.297,-5.801,11.981,18.080,0.00,0.00,0.00,0.00,0.00,0.00,0.00,0.00,0.00,0.00,0.00,0.00,0.00,0.00,0.00,0.00,0.00
20650,DL:0.1.0:AT.1.0.0,2022-3-4 10:44:42,36.25,0.00,0.00,17.817,0.262,-5.835,11.981,18.079,0.00,0.00,0.00,0.00,0.00,0.00,0.00,0.00,0.00,0.00,0.00,0.00,0.00,0.00,0.00,0.00,0.00
20650,DL:0.1.0:AT.1.0.0,2022-3-4 10:44:49,36.25,0.00,0.00,17.799,0.280,-5.818,11.980,18.079,0.00,0.00,0.00,0.00,0.00,0.00,0.00,0.00,0.00,0.00,0.00,0.00,0.00,0.00,0.00,0.00,0.00
20650,DL:0.1.0:AT.1.0.0,2022-3-4 10:44:57,36.25,0.00,0.00,17.782,0.297,-5.801,11.980,18.079,0.00,0.00,0.00,0.00,0.00,0.00,0.00,0.00,0.00,0.00,0.00,0.00,0.00,0.00,0.00,0.00,0.00
20650,DL:0.1.0:AT.1.0.0,2022-3-4 10:45:3,36.25,0.00,0.00,17.796,0.282,-5.815,11.981,18.079,0.00,0.00,0.00,0.00,0.00,0.00,0.00,0.00,0.00,0.00,0.00,0.00,0.00,0.00,0.00,0.00,0.00
20650,DL:0.1.0:AT.1.0.0,2022-3-4 10:45:10,36.25,0.00,0.00,17.817,0.262,-5.836,11.980,18.079,0.00,0.00,0.00,0.00,0.00,0.00,0.00,0.00,0.00,0.00,0.00,0.00,0.00,0.00,0.00,0.00,0.00
20650,DL:0.1.0:AT.1.0.0,2022-3-4 10:45:17,36.25,0.00,0.00,17.795,0.285,-5.814,11.981,18.080,0.00,0.00,0.00,0.00,0.00,0.00,0.00,0.00,0.00,0.00,0.00,0.00,0.00,0.00,0.00,0.00,0.00
20650,DL:0.1.0:AT.1.0.0,2022-3-4 10:45:27,36.25,0.00,0.00,17.784,0.294,-5.804,11.980,18.079,0.00,0.00,0.00,0.00,0.00,0.00,0.00,0.00,0.00,0.00,0.00,0.00,0.00,0.00,0.00,0.00,0.00
20650,DL:0.1.0:AT.1.0.0,2022-3-4 10:45:37,36.25,0.00,0.00,17.799,0.281,-5.817,11.981,18.080,0.00,0.00,0.00,0.00,0.00,0.00,0.00,0.00,0.00,0.00,0.00,0.00,0.00,0.00,0.00,0.00,0.00
20650,DL:0.1.0:AT.1.0.0,2022-3-4 10:45:42,36.25,0.00,0.00,17.799,0.281,-5.817,11.981,18.080,0.00,0.00,0.00,0.00,0.00,0.00,0.00,0.00,0.00,0.00,0.00,0.00,0.00,0.00,0.00,0.00,0.00
20650,DL:0.1.0:AT.1.0.0,2022-3-4 10:45:47,36.25,0.00,0.00,17.797,0.282,-5.817,11.980,18.080,0.00,0.00,0.00,0.00,0.00,0.00,0.00,0.00,0.00,0.00,0.00,0.00,0.00,0.00,0.00,0.00,0.00
20650,DL:0.1.0:AT.1.0.0,2022-3-4 10:45:54,36.25,0.00,0.00,17.779,0.302,-5.798,11.981,18.081,0.00,0.00,0.00,0.00,0.00,0.00,0.00,0.00,0.00,0.00,0.00,0.00,0.00,0.00,0.00,0.00,0.00
20650,DL:0.1.0:AT.1.0.0,2022-3-4 10:46:1,36.25,0.00,0.00,17.793,0.287,-5.811,11.981,18.080,0.00,0.00,0.00,0.00,0.00,0.00,0.00,0.00,0.00,0.00,0.00,0.00,0.00,0.00,0.00,0.00,0.00
20650,DL:0.1.0:AT.1.0.0,2022-3-4 10:46:8,36.25,0.00,0.00,17.791,0.290,-5.810,11.981,18.081,0.00,0.00,0.00,0.00,0.00,0.00,0.00,0.00,0.00,0.00,0.00,0.00,0.00,0.00,0.00,0.00,0.00
20650,DL:0.1.0:AT.1.0.0,2022-3-4 10:46:14,36.25,0.00,0.00,17.777,0.305,-5.795,11.981,18.082,0.00,0.00,0.00,0.00,0.00,0.00,0.00,0.00,0.00,0.00,0.00,0.00,0.00,0.00,0.00,0.00,0.00
20650,DL:0.1.0:AT.1.0.0,2022-3-4 10:46:19,36.25,0.00,0.00,17.776,0.305,-5.794,11.981,18.081,0.00,0.00,0.00,0.00,0.00,0.00,0.00,0.00,0.00,0.00,0.00,0.00,0.00,0.00,0.00,0.00,0.00
20650,DL:0.1.0:AT.1.0.0,2022-3-4 10:46:25,36.25,0.00,0.00,17.793,0.288,-5.811,11.981,18.081,0.00,0.00,0.00,0.00,0.00,0.00,0.00,0.00,0.00,0.00,0.00,0.00,0.00,0.00,0.00,0.00,0.00
20650,DL:0.1.0:AT.1.0.0,2022-3-4 10:46:32,36.25,0.00,0.00,17.791,0.291,-5.810,11.981,18.082,0.00,0.00,0.00,0.00,0.00,0.00,0.00,0.00,0.00,0.00,0.00,0.00,0.00,0.00,0.00,0.00,0.00
20650,DL:0.1.0:AT.1.0.0,2022-3-4 10:46:37,36.25,0.00,0.00,17.796,0.286,-5.815,11.981,18.082,0.00,0.00,0.00,0.00,0.00,0.00,0.00,0.00,0.00,0.00,0.00,0.00,0.00,0.00,0.00,0.00,0.00
20650,DL:0.1.0:AT.1.0.0,2022-3-4 10:46:42,36.25,0.00,0.00,17.793,0.291,-5.810,11.983,18.083,0.00,0.00,0.00,0.00,0.00,0.00,0.00,0.00,0.00,0.00,0.00,0.00,0.00,0.00,0.00,0.00,0.00
20650,DL:0.1.0:AT.1.0.0,2022-3-4 10:46:47,36.25,0.00,0.00,17.813,0.269,-5.832,11.981,18.082,0.00,0.00,0.00,0.00,0.00,0.00,0.00,0.00,0.00,0.00,0.00,0.00,0.00,0.00,0.00,0.00,0.00
20650,DL:0.1.0:AT.1.0.0,2022-3-4 10:46:52,36.25,0.00,0.00,17.800,0.284,-5.817,11.983,18.083,0.00,0.00,0.00,0.00,0.00,0.00,0.00,0.00,0.00,0.00,0.00,0.00,0.00,0.00,0.00,0.00,0.00
20650,DL:0.1.0:AT.1.0.0,2022-3-4 10:46:57,36.25,0.00,0.00,17.817,0.266,-5.833,11.984,18.082,0.00,0.00,0.00,0.00,0.00,0.00,0.00,0.00,0.00,0.00,0.00,0.00,0.00,0.00,0.00,0.00,0.00
20650,DL:0.1.0:AT.1.0.0,2022-3-4 10:47:2,36.25,0.00,0.00,17.802,0.281,-5.818,11.984,18.083,0.00,0.00,0.00,0.00,0.00,0.00,0.00,0.00,0.00,0.00,0.00,0.00,0.00,0.00,0.00,0.00,0.00
20650,DL:0.1.0:AT.1.0.0,2022-3-4 10:47:7,36.25,0.00,0.00,17.800,0.284,-5.816,11.984,18.083,0.00,0.00,0.00,0.00,0.00,0.00,0.00,0.00,0.00,0.00,0.00,0.00,0.00,0.00,0.00,0.00,0.00
20650,DL:0.1.0:AT.1.0.0,2022-3-4 10:47:13,36.25,0.00,0.00,17.788,0.294,-5.803,11.985,18.082,0.00,0.00,0.00,0.00,0.00,0.00,0.00,0.00,0.00,0.00,0.00,0.00,0.00,0.00,0.00,0.00,0.00
20650,DL:0.1.0:AT.1.0.0,2022-3-4 10:47:19,36.25,0.00,0.00,17.803,0.279,-5.817,11.986,18.082,0.00,0.00,0.00,0.00,0.00,0.00,0.00,0.00,0.00,0.00,0.00,0.00,0.00,0.00,0.00,0.00,0.00
20650,DL:0.1.0:AT.1.0.0,2022-3-4 10:47:26,36.25,0.00,0.00,17.788,0.294,-5.803,11.985,18.082,0.00,0.00,0.00,0.00,0.00,0.00,0.00,0.00,0.00,0.00,0.00,0.00,0.00,0.00,0.00,0.00,0.00
20650,DL:0.1.0:AT.1.0.0,2022-3-4 10:47:33,36.25,0.00,0.00,17.789,0.293,-5.803,11.986,18.082,0.00,0.00,0.00,0.00,0.00,0.00,0.00,0.00,0.00,0.00,0.00,0.00,0.00,0.00,0.00,0.00,0.00
20650,DL:0.1.0:AT.1.0.0,2022-3-4 10:47:40,36.25,0.00,0.00,17.785,0.296,-5.799,11.986,18.081,0.00,0.00,0.00,0.00,0.00,0.00,0.00,0.00,0.00,0.00,0.00,0.00,0.00,0.00,0.00,0.00,0.00
20650,DL:0.1.0:AT.1.0.0,2022-3-4 10:47:46,36.25,0.00,0.00,17.805,0.278,-5.817,11.988,18.082,0.00,0.00,0.00,0.00,0.00,0.00,0.00,0.00,0.00,0.00,0.00,0.00,0.00,0.00,0.00,0.00,0.00
20650,DL:0.1.0:AT.1.0.0,2022-3-4 10:47:54,36.25,0.00,0.00,17.812,0.269,-5.824,11.988,18.081,0.00,0.00,0.00,0.00,0.00,0.00,0.00,0.00,0.00,0.00,0.00,0.00,0.00,0.00,0.00,0.00,0.00
20650,DL:0.1.0:AT.1.0.0,2022-3-4 10:48:5,36.25,0.00,0.00,17.789,0.291,-5.801,11.988,18.080,0.00,0.00,0.00,0.00,0.00,0.00,0.00,0.00,0.00,0.00,0.00,0.00,0.00,0.00,0.00,0.00,0.00
20650,DL:0.1.0:AT.1.0.0,2022-3-4 10:48:11,36.25,0.00,0.00,17.799,0.280,-5.811,11.988,18.079,0.00,0.00,0.00,0.00,0.00,0.00,0.00,0.00,0.00,0.00,0.00,0.00,0.00,0.00,0.00,0.00,0.00
20650,DL:0.1.0:AT.1.0.0,2022-3-4 10:48:18,36.25,0.00,0.00,17.743,0.335,-5.756,11.988,18.079,0.00,0.00,0.00,0.00,0.00,0.00,0.00,0.00,0.00,0.00,0.00,0.00,0.00,0.00,0.00,0.00,0.00
20650,DL:0.1.0:AT.1.0.0,2022-3-4 10:48:27,36.25,0.00,0.00,17.799,0.279,-5.811,11.988,18.077,0.00,0.00,0.00,0.00,0.00,0.00,0.00,0.00,0.00,0.00,0.00,0.00,0.00,0.00,0.00,0.00,0.00
20650,DL:0.1.0:AT.1.0.0,2022-3-4 10:48:35,36.25,0.00,0.00,17.806,0.270,-5.818,11.988,18.076,0.00,0.00,0.00,0.00,0.00,0.00,0.00,0.00,0.00,0.00,0.00,0.00,0.00,0.00,0.00,0.00,0.00
20650,DL:0.1.0:AT.1.0.0,2022-3-4 10:48:41,36.25,0.00,0.00,17.788,0.287,-5.800,11.988,18.075,0.00,0.00,0.00,0.00,0.00,0.00,0.00,0.00,0.00,0.00,0.00,0.00,0.00,0.00,0.00,0.00,0.00
20650,DL:0.1.0:AT.1.0.0,2022-3-4 10:48:48,36.25,0.00,0.00,17.776,0.299,-5.787,11.989,18.075,0.00,0.00,0.00,0.00,0.00,0.00,0.00,0.00,0.00,0.00,0.00,0.00,0.00,0.00,0.00,0.00,0.00
20650,DL:0.1.0:AT.1.0.0,2022-3-4 10:48:55,36.25,0.00,0.00,17.790,0.284,-5.801,11.989,18.074,0.00,0.00,0.00,0.00,0.00,0.00,0.00,0.00,0.00,0.00,0.00,0.00,0.00,0.00,0.00,0.00,0.00
20650,DL:0.1.0:AT.1.0.0,2022-3-4 10:49:0,36.25,0.00,0.00,17.793,0.280,-5.804,11.989,18.073,0.00,0.00,0.00,0.00,0.00,0.00,0.00,0.00,0.00,0.00,0.00,0.00,0.00,0.00,0.00,0.00,0.00
20650,DL:0.1.0:AT.1.0.0,2022-3-4 10:49:6,36.25,0.00,0.00,17.802,0.270,-5.814,11.989,18.073,0.00,0.00,0.00,0.00,0.00,0.00,0.00,0.00,0.00,0.00,0.00,0.00,0.00,0.00,0.00,0.00,0.00
20650,DL:0.1.0:AT.1.0.0,2022-3-4 10:49:11,36.25,0.00,0.00,17.777,0.294,-5.788,11.989,18.071,0.00,0.00,0.00,0.00,0.00,0.00,0.00,0.00,0.00,0.00,0.00,0.00,0.00,0.00,0.00,0.00,0.00
20650,DL:0.1.0:AT.1.0.0,2022-3-4 10:49:16,36.25,0.00,0.00,17.790,0.280,-5.801,11.989,18.070,0.00,0.00,0.00,0.00,0.00,0.00,0.00,0.00,0.00,0.00,0.00,0.00,0.00,0.00,0.00,0.00,0.00
20650,DL:0.1.0:AT.1.0.0,2022-3-4 10:49:23,36.25,0.00,0.00,17.820,0.249,-5.832,11.989,18.069,0.00,0.00,0.00,0.00,0.00,0.00,0.00,0.00,0.00,0.00,0.00,0.00,0.00,0.00,0.00,0.00,0.00
20650,DL:0.1.0:AT.1.0.0,2022-3-4 10:49:30,36.25,0.00,0.00,17.787,0.282,-5.797,11.990,18.069,0.00,0.00,0.00,0.00,0.00,0.00,0.00,0.00,0.00,0.00,0.00,0.00,0.00,0.00,0.00,0.00,0.00
20650,DL:0.1.0:AT.1.0.0,2022-3-4 10:49:37,36.25,0.00,0.00,17.817,0.251,-5.828,11.989,18.068,0.00,0.00,0.00,0.00,0.00,0.00,0.00,0.00,0.00,0.00,0.00,0.00,0.00,0.00,0.00,0.00,0.00
20650,DL:0.1.0:AT.1.0.0,2022-3-4 10:49:43,36.25,0.00,0.00,17.797,0.268,-5.809,11.989,18.065,0.00,0.00,0.00,0.00,0.00,0.00,0.00,0.00,0.00,0.00,0.00,0.00,0.00,0.00,0.00,0.00,0.00
20650,DL:0.1.0:AT.1.0.0,2022-3-4 10:49:50,36.25,0.00,0.00,17.770,0.294,-5.781,11.989,18.064,0.00,0.00,0.00,0.00,0.00,0.00,0.00,0.00,0.00,0.00,0.00,0.00,0.00,0.00,0.00,0.00,0.00
20650,DL:0.1.0:AT.1.0.0,2022-3-4 10:49:57,36.25,0.00,0.00,17.752,0.310,-5.763,11.989,18.062,0.00,0.00,0.00,0.00,0.00,0.00,0.00,0.00,0.00,0.00,0.00,0.00,0.00,0.00,0.00,0.00,0.00
20650,DL:0.1.0:AT.1.0.0,2022-3-4 10:50:4,36.25,0.00,0.00,17.793,0.269,-5.804,11.989,18.062,0.00,0.00,0.00,0.00,0.00,0.00,0.00,0.00,0.00,0.00,0.00,0.00,0.00,0.00,0.00,0.00,0.00
20650,DL:0.1.0:AT.1.0.0,2022-3-4 10:50:11,36.25,0.00,0.00,17.773,0.286,-5.785,11.989,18.059,0.00,0.00,0.00,0.00,0.00,0.00,0.00,0.00,0.00,0.00,0.00,0.00,0.00,0.00,0.00,0.00,0.00
20650,DL:0.1.0:AT.1.0.0,2022-3-4 10:50:17,36.25,0.00,0.00,17.791,0.268,-5.803,11.989,18.059,0.00,0.00,0.00,0.00,0.00,0.00,0.00,0.00,0.00,0.00,0.00,0.00,0.00,0.00,0.00,0.00,0.00
20650,DL:0.1.0:AT.1.0.0,2022-3-4 10:50:24,36.25,0.00,0.00,17.789,0.268,-5.799,11.990,18.057,0.00,0.00,0.00,0.00,0.00,0.00,0.00,0.00,0.00,0.00,0.00,0.00,0.00,0.00,0.00,0.00,0.00
20650,DL:0.1.0:AT.1.0.0,2022-3-4 10:50:31,36.25,0.00,0.00,17.797,0.260,-5.809,11.989,18.057,0.00,0.00,0.00,0.00,0.00,0.00,0.00,0.00,0.00,0.00,0.00,0.00,0.00,0.00,0.00,0.00,0.00
20650,DL:0.1.0:AT.1.0.0,2022-3-4 10:50:39,36.25,0.00,0.00,17.760,0.293,-5.771,11.989,18.053,0.00,0.00,0.00,0.00,0.00,0.00,0.00,0.00,0.00,0.00,0.00,0.00,0.00,0.00,0.00,0.00,0.00
20650,DL:0.1.0:AT.1.0.0,2022-3-4 10:50:45,36.50,0.00,0.00,17.781,0.270,-5.791,11.990,18.051,0.00,0.00,0.00,0.00,0.00,0.00,0.00,0.00,0.00,0.00,0.00,0.00,0.00,0.00,0.00,0.00,0.00
20650,DL:0.1.0:AT.1.0.0,2022-3-4 10:50:51,36.50,0.00,0.00,17.770,0.280,-5.780,11.990,18.050,0.00,0.00,0.00,0.00,0.00,0.00,0.00,0.00,0.00,0.00,0.00,0.00,0.00,0.00,0.00,0.00,0.00
20650,DL:0.1.0:AT.1.0.0,2022-3-4 10:50:58,36.50,0.00,0.00,17.767,0.281,-5.777,11.990,18.049,0.00,0.00,0.00,0.00,0.00,0.00,0.00,0.00,0.00,0.00,0.00,0.00,0.00,0.00,0.00,0.00,0.00
20650,DL:0.1.0:AT.1.0.0,2022-3-4 10:51:6,36.50,0.00,0.00,17.770,0.278,-5.780,11.990,18.047,0.00,0.00,0.00,0.00,0.00,0.00,0.00,0.00,0.00,0.00,0.00,0.00,0.00,0.00,0.00,0.00,0.00
20650,DL:0.1.0:AT.1.0.0,2022-3-4 10:51:12,36.50,0.00,0.00,17.793,0.254,-5.803,11.990,18.046,0.00,0.00,0.00,0.00,0.00,0.00,0.00,0.00,0.00,0.00,0.00,0.00,0.00,0.00,0.00,0.00,0.00
20650,DL:0.1.0:AT.1.0.0,2022-3-4 10:51:19,36.50,0.00,0.00,17.777,0.268,-5.787,11.990,18.045,0.00,0.00,0.00,0.00,0.00,0.00,0.00,0.00,0.00,0.00,0.00,0.00,0.00,0.00,0.00,0.00,0.00
20650,DL:0.1.0:AT.1.0.0,2022-3-4 10:51:25,36.50,0.00,0.00,17.791,0.252,-5.801,11.990,18.044,0.00,0.00,0.00,0.00,0.00,0.00,0.00,0.00,0.00,0.00,0.00,0.00,0.00,0.00,0.00,0.00,0.00
20650,DL:0.1.0:AT.1.0.0,2022-3-4 10:51:30,36.50,0.00,0.00,17.801,0.240,-5.811,11.990,18.041,0.00,0.00,0.00,0.00,0.00,0.00,0.00,0.00,0.00,0.00,0.00,0.00,0.00,0.00,0.00,0.00,0.00
20650,DL:0.1.0:AT.1.0.0,2022-3-4 10:51:39,36.50,0.00,0.00,17.790,0.249,-5.799,11.991,18.039,0.00,0.00,0.00,0.00,0.00,0.00,0.00,0.00,0.00,0.00,0.00,0.00,0.00,0.00,0.00,0.00,0.00
20650,DL:0.1.0:AT.1.0.0,2022-3-4 10:51:45,36.50,0.00,0.00,17.803,0.234,-5.814,11.990,18.038,0.00,0.00,0.00,0.00,0.00,0.00,0.00,0.00,0.00,0.00,0.00,0.00,0.00,0.00,0.00,0.00,0.00
20650,DL:0.1.0:AT.1.0.0,2022-3-4 10:51:50,36.50,0.00,0.00,17.823,0.214,-5.832,11.991,18.037,0.00,0.00,0.00,0.00,0.00,0.00,0.00,0.00,0.00,0.00,0.00,0.00,0.00,0.00,0.00,0.00,0.00
20650,DL:0.1.0:AT.1.0.0,2022-3-4 10:51:56,36.50,0.00,0.00,17.821,0.213,-5.828,11.994,18.034,0.00,0.00,0.00,0.00,0.00,0.00,0.00,0.00,0.00,0.00,0.00,0.00,0.00,0.00,0.00,0.00,0.00
20650,DL:0.1.0:AT.1.0.0,2022-3-4 10:52:3,36.50,0.00,0.00,17.793,0.240,-5.799,11.994,18.033,0.00,0.00,0.00,0.00,0.00,0.00,0.00,0.00,0.00,0.00,0.00,0.00,0.00,0.00,0.00,0.00,0.00
20650,DL:0.1.0:AT.1.0.0,2022-3-4 10:52:10,36.50,0.00,0.00,17.808,0.224,-5.815,11.994,18.032,0.00,0.00,0.00,0.00,0.00,0.00,0.00,0.00,0.00,0.00,0.00,0.00,0.00,0.00,0.00,0.00,0.00
20650,DL:0.1.0:AT.1.0.0,2022-3-4 10:52:17,36.50,0.00,0.00,17.806,0.224,-5.811,11.995,18.029,0.00,0.00,0.00,0.00,0.00,0.00,0.00,0.00,0.00,0.00,0.00,0.00,0.00,0.00,0.00,0.00,0.00
20650,DL:0.1.0:AT.1.0.0,2022-3-4 10:52:24,36.50,0.00,0.00,17.789,0.239,-5.795,11.994,18.028,0.00,0.00,0.00,0.00,0.00,0.00,0.00,0.00,0.00,0.00,0.00,0.00,0.00,0.00,0.00,0.00,0.00
20650,DL:0.1.0:AT.1.0.0,2022-3-4 10:52:30,36.50,0.00,0.00,17.809,0.216,-5.815,11.995,18.026,0.00,0.00,0.00,0.00,0.00,0.00,0.00,0.00,0.00,0.00,0.00,0.00,0.00,0.00,0.00,0.00,0.00
20650,DL:0.1.0:AT.1.0.0,2022-3-4 10:52:37,36.50,0.00,0.00,17.821,0.203,-5.827,11.995,18.025,0.00,0.00,0.00,0.00,0.00,0.00,0.00,0.00,0.00,0.00,0.00,0.00,0.00,0.00,0.00,0.00,0.00
20650,DL:0.1.0:AT.1.0.0,2022-3-4 10:52:44,36.50,0.00,0.00,17.795,0.227,-5.799,11.996,18.022,0.00,0.00,0.00,0.00,0.00,0.00,0.00,0.00,0.00,0.00,0.00,0.00,0.00,0.00,0.00,0.00,0.00
20650,DL:0.1.0:AT.1.0.0,2022-3-4 10:52:51,36.50,0.00,0.00,17.794,0.226,-5.798,11.996,18.020,0.00,0.00,0.00,0.00,0.00,0.00,0.00,0.00,0.00,0.00,0.00,0.00,0.00,0.00,0.00,0.00,0.00
20650,DL:0.1.0:AT.1.0.0,2022-3-4 10:52:58,36.50,0.00,0.00,17.793,0.225,-5.798,11.995,18.017,0.00,0.00,0.00,0.00,0.00,0.00,0.00,0.00,0.00,0.00,0.00,0.00,0.00,0.00,0.00,0.00,0.00
20650,DL:0.1.0:AT.1.0.0,2022-3-4 10:53:3,36.50,0.00,0.00,17.770,0.248,-5.774,11.996,18.017,0.00,0.00,0.00,0.00,0.00,0.00,0.00,0.00,0.00,0.00,0.00,0.00,0.00,0.00,0.00,0.00,0.00
20650,DL:0.1.0:AT.1.0.0,2022-3-4 10:53:8,36.50,0.00,0.00,17.802,0.214,-5.806,11.996,18.016,0.00,0.00,0.00,0.00,0.00,0.00,0.00,0.00,0.00,0.00,0.00,0.00,0.00,0.00,0.00,0.00,0.00
20650,DL:0.1.0:AT.1.0.0,2022-3-4 10:53:13,36.50,0.00,0.00,17.778,0.236,-5.782,11.996,18.014,0.00,0.00,0.00,0.00,0.00,0.00,0.00,0.00,0.00,0.00,0.00,0.00,0.00,0.00,0.00,0.00,0.00
20650,DL:0.1.0:AT.1.0.0,2022-3-4 10:53:18,36.50,0.00,0.00,17.767,0.245,-5.771,11.996,18.012,0.00,0.00,0.00,0.00,0.00,0.00,0.00,0.00,0.00,0.00,0.00,0.00,0.00,0.00,0.00,0.00,0.00
20650,DL:0.1.0:AT.1.0.0,2022-3-4 10:53:23,36.50,0.00,0.00,17.746,0.264,-5.750,11.996,18.010,0.00,0.00,0.00,0.00,0.00,0.00,0.00,0.00,0.00,0.00,0.00,0.00,0.00,0.00,0.00,0.00,0.00
20650,DL:0.1.0:AT.1.0.0,2022-3-4 10:53:28,36.50,0.00,0.00,17.801,0.208,-5.805,11.996,18.009,0.00,0.00,0.00,0.00,0.00,0.00,0.00,0.00,0.00,0.00,0.00,0.00,0.00,0.00,0.00,0.00,0.00
20650,DL:0.1.0:AT.1.0.0,2022-3-4 10:53:35,36.50,0.00,0.00,17.791,0.216,-5.795,11.996,18.008,0.00,0.00,0.00,0.00,0.00,0.00,0.00,0.00,0.00,0.00,0.00,0.00,0.00,0.00,0.00,0.00,0.00
20650,DL:0.1.0:AT.1.0.0,2022-3-4 10:53:43,36.50,0.00,0.00,17.785,0.220,-5.789,11.996,18.005,0.00,0.00,0.00,0.00,0.00,0.00,0.00,0.00,0.00,0.00,0.00,0.00,0.00,0.00,0.00,0.00,0.00
20650,DL:0.1.0:AT.1.0.0,2022-3-4 10:53:48,36.50,0.00,0.00,17.777,0.227,-5.780,11.997,18.004,0.00,0.00,0.00,0.00,0.00,0.00,0.00,0.00,0.00,0.00,0.00,0.00,0.00,0.00,0.00,0.00,0.00
20650,DL:0.1.0:AT.1.0.0,2022-3-4 10:53:56,36.50,0.00,0.00,17.782,0.221,-5.785,11.997,18.003,0.00,0.00,0.00,0.00,0.00,0.00,0.00,0.00,0.00,0.00,0.00,0.00,0.00,0.00,0.00,0.00,0.00
20650,DL:0.1.0:AT.1.0.0,2022-3-4 10:54:3,36.50,0.00,0.00,17.796,0.202,-5.799,11.997,17.998,0.00,0.00,0.00,0.00,0.00,0.00,0.00,0.00,0.00,0.00,0.00,0.00,0.00,0.00,0.00,0.00,0.00
20650,DL:0.1.0:AT.1.0.0,2022-3-4 10:54:8,36.50,0.00,0.00,17.790,0.208,-5.793,11.997,17.998,0.00,0.00,0.00,0.00,0.00,0.00,0.00,0.00,0.00,0.00,0.00,0.00,0.00,0.00,0.00,0.00,0.00
20650,DL:0.1.0:AT.1.0.0,2022-3-4 10:54:13,36.50,0.00,0.00,17.776,0.221,-5.779,11.997,17.997,0.00,0.00,0.00,0.00,0.00,0.00,0.00,0.00,0.00,0.00,0.00,0.00,0.00,0.00,0.00,0.00,0.00
20650,DL:0.1.0:AT.1.0.0,2022-3-4 10:54:20,36.50,0.00,0.00,17.758,0.238,-5.761,11.997,17.996,0.00,0.00,0.00,0.00,0.00,0.00,0.00,0.00,0.00,0.00,0.00,0.00,0.00,0.00,0.00,0.00,0.00
20650,DL:0.1.0:AT.1.0.0,2022-3-4 10:54:27,36.50,0.00,0.00,17.796,0.197,-5.798,11.998,17.993,0.00,0.00,0.00,0.00,0.00,0.00,0.00,0.00,0.00,0.00,0.00,0.00,0.00,0.00,0.00,0.00,0.00
20650,DL:0.1.0:AT.1.0.0,2022-3-4 10:54:34,36.50,0.00,0.00,17.797,0.193,-5.800,11.997,17.991,0.00,0.00,0.00,0.00,0.00,0.00,0.00,0.00,0.00,0.00,0.00,0.00,0.00,0.00,0.00,0.00,0.00
20650,DL:0.1.0:AT.1.0.0,2022-3-4 10:54:41,36.50,0.00,0.00,17.790,0.201,-5.792,11.998,17.991,0.00,0.00,0.00,0.00,0.00,0.00,0.00,0.00,0.00,0.00,0.00,0.00,0.00,0.00,0.00,0.00,0.00
20650,DL:0.1.0:AT.1.0.0,2022-3-4 10:54:47,36.50,0.00,0.00,17.802,0.190,-5.805,11.997,17.992,0.00,0.00,0.00,0.00,0.00,0.00,0.00,0.00,0.00,0.00,0.00,0.00,0.00,0.00,0.00,0.00,0.00
20650,DL:0.1.0:AT.1.0.0,2022-3-4 10:54:54,36.50,0.00,0.00,17.783,0.208,-5.785,11.998,17.991,0.00,0.00,0.00,0.00,0.00,0.00,0.00,0.00,0.00,0.00,0.00,0.00,0.00,0.00,0.00,0.00,0.00
20650,DL:0.1.0:AT.1.0.0,2022-3-4 10:55:4,36.50,0.00,0.00,17.759,0.230,-5.761,11.998,17.988,0.00,0.00,0.00,0.00,0.00,0.00,0.00,0.00,0.00,0.00,0.00,0.00,0.00,0.00,0.00,0.00,0.00
20650,DL:0.1.0:AT.1.0.0,2022-3-4 10:55:11,36.50,0.00,0.00,17.789,0.197,-5.791,11.998,17.986,0.00,0.00,0.00,0.00,0.00,0.00,0.00,0.00,0.00,0.00,0.00,0.00,0.00,0.00,0.00,0.00,0.00
20650,DL:0.1.0:AT.1.0.0,2022-3-4 10:55:16,36.50,0.00,0.00,17.801,0.184,-5.803,11.998,17.985,0.00,0.00,0.00,0.00,0.00,0.00,0.00,0.00,0.00,0.00,0.00,0.00,0.00,0.00,0.00,0.00,0.00
20650,DL:0.1.0:AT.1.0.0,2022-3-4 10:55:21,36.50,0.00,0.00,17.784,0.199,-5.786,11.998,17.984,0.00,0.00,0.00,0.00,0.00,0.00,0.00,0.00,0.00,0.00,0.00,0.00,0.00,0.00,0.00,0.00,0.00
20650,DL:0.1.0:AT.1.0.0,2022-3-4 10:55:28,36.50,0.00,0.00,17.788,0.192,-5.788,12.000,17.980,0.00,0.00,0.00,0.00,0.00,0.00,0.00,0.00,0.00,0.00,0.00,0.00,0.00,0.00,0.00,0.00,0.00
20650,DL:0.1.0:AT.1.0.0,2022-3-4 10:55:35,36.50,0.00,0.00,17.751,0.228,-5.751,12.000,17.979,0.00,0.00,0.00,0.00,0.00,0.00,0.00,0.00,0.00,0.00,0.00,0.00,0.00,0.00,0.00,0.00,0.00
20650,DL:0.1.0:AT.1.0.0,2022-3-4 10:55:42,36.50,0.00,0.00,17.758,0.219,-5.758,12.000,17.976,0.00,0.00,0.00,0.00,0.00,0.00,0.00,0.00,0.00,0.00,0.00,0.00,0.00,0.00,0.00,0.00,0.00
20650,DL:0.1.0:AT.1.0.0,2022-3-4 10:55:47,36.50,0.00,0.00,17.797,0.178,-5.798,12.000,17.975,0.00,0.00,0.00,0.00,0.00,0.00,0.00,0.00,0.00,0.00,0.00,0.00,0.00,0.00,0.00,0.00,0.00
20650,DL:0.1.0:AT.1.0.0,2022-3-4 10:55:52,36.50,0.00,0.00,17.789,0.185,-5.789,12.000,17.974,0.00,0.00,0.00,0.00,0.00,0.00,0.00,0.00,0.00,0.00,0.00,0.00,0.00,0.00,0.00,0.00,0.00
20650,DL:0.1.0:AT.1.0.0,2022-3-4 10:55:59,36.50,0.00,0.00,17.789,0.183,-5.789,12.000,17.972,0.00,0.00,0.00,0.00,0.00,0.00,0.00,0.00,0.00,0.00,0.00,0.00,0.00,0.00,0.00,0.00,0.00
20650,DL:0.1.0:AT.1.0.0,2022-3-4 10:56:6,36.50,0.00,0.00,17.775,0.197,-5.775,12.000,17.972,0.00,0.00,0.00,0.00,0.00,0.00,0.00,0.00,0.00,0.00,0.00,0.00,0.00,0.00,0.00,0.00,0.00
20650,DL:0.1.0:AT.1.0.0,2022-3-4 10:56:13,36.50,0.00,0.00,17.791,0.177,-5.792,12.000,17.968,0.00,0.00,0.00,0.00,0.00,0.00,0.00,0.00,0.00,0.00,0.00,0.00,0.00,0.00,0.00,0.00,0.00
20650,DL:0.1.0:AT.1.0.0,2022-3-4 10:56:18,36.50,0.00,0.00,17.778,0.189,-5.779,12.000,17.967,0.00,0.00,0.00,0.00,0.00,0.00,0.00,0.00,0.00,0.00,0.00,0.00,0.00,0.00,0.00,0.00,0.00
20650,DL:0.1.0:AT.1.0.0,2022-3-4 10:56:23,36.50,0.00,0.00,17.775,0.191,-5.774,12.001,17.966,0.00,0.00,0.00,0.00,0.00,0.00,0.00,0.00,0.00,0.00,0.00,0.00,0.00,0.00,0.00,0.00,0.00
20650,DL:0.1.0:AT.1.0.0,2022-3-4 10:56:30,36.50,0.00,0.00,17.794,0.171,-5.792,12.002,17.964,0.00,0.00,0.00,0.00,0.00,0.00,0.00,0.00,0.00,0.00,0.00,0.00,0.00,0.00,0.00,0.00,0.00
20650,DL:0.1.0:AT.1.0.0,2022-3-4 10:56:37,36.50,0.00,0.00,17.746,0.221,-5.744,12.002,17.967,0.00,0.00,0.00,0.00,0.00,0.00,0.00,0.00,0.00,0.00,0.00,0.00,0.00,0.00,0.00,0.00,0.00
20650,DL:0.1.0:AT.1.0.0,2022-3-4 10:56:43,36.50,0.00,0.00,17.787,0.178,-5.785,12.002,17.964,0.00,0.00,0.00,0.00,0.00,0.00,0.00,0.00,0.00,0.00,0.00,0.00,0.00,0.00,0.00,0.00,0.00
20650,DL:0.1.0:AT.1.0.0,2022-3-4 10:56:50,36.50,0.00,0.00,17.771,0.190,-5.768,12.003,17.961,0.00,0.00,0.00,0.00,0.00,0.00,0.00,0.00,0.00,0.00,0.00,0.00,0.00,0.00,0.00,0.00,0.00
20650,DL:0.1.0:AT.1.0.0,2022-3-4 10:56:55,36.50,0.00,0.00,17.788,0.172,-5.785,12.003,17.960,0.00,0.00,0.00,0.00,0.00,0.00,0.00,0.00,0.00,0.00,0.00,0.00,0.00,0.00,0.00,0.00,0.00
20650,DL:0.1.0:AT.1.0.0,2022-3-4 10:57:0,36.50,0.00,0.00,17.802,0.154,-5.799,12.003,17.956,0.00,0.00,0.00,0.00,0.00,0.00,0.00,0.00,0.00,0.00,0.00,0.00,0.00,0.00,0.00,0.00,0.00
20650,DL:0.1.0:AT.1.0.0,2022-3-4 10:57:5,36.50,0.00,0.00,17.763,0.193,-5.759,12.003,17.956,0.00,0.00,0.00,0.00,0.00,0.00,0.00,0.00,0.00,0.00,0.00,0.00,0.00,0.00,0.00,0.00,0.00
20650,DL:0.1.0:AT.1.0.0,2022-3-4 10:57:11,36.50,0.00,0.00,17.795,0.160,-5.792,12.003,17.955,0.00,0.00,0.00,0.00,0.00,0.00,0.00,0.00,0.00,0.00,0.00,0.00,0.00,0.00,0.00,0.00,0.00
20650,DL:0.1.0:AT.1.0.0,2022-3-4 10:57:18,36.50,0.00,0.00,17.765,0.186,-5.762,12.003,17.951,0.00,0.00,0.00,0.00,0.00,0.00,0.00,0.00,0.00,0.00,0.00,0.00,0.00,0.00,0.00,0.00,0.00
20650,DL:0.1.0:AT.1.0.0,2022-3-4 10:57:24,36.50,0.00,0.00,17.803,0.148,-5.800,12.003,17.951,0.00,0.00,0.00,0.00,0.00,0.00,0.00,0.00,0.00,0.00,0.00,0.00,0.00,0.00,0.00,0.00,0.00
20650,DL:0.1.0:AT.1.0.0,2022-3-4 10:57:29,36.50,0.00,0.00,17.787,0.162,-5.783,12.003,17.949,0.00,0.00,0.00,0.00,0.00,0.00,0.00,0.00,0.00,0.00,0.00,0.00,0.00,0.00,0.00,0.00,0.00
20650,DL:0.1.0:AT.1.0.0,2022-3-4 10:57:35,36.50,0.00,0.00,17.763,0.185,-5.759,12.003,17.948,0.00,0.00,0.00,0.00,0.00,0.00,0.00,0.00,0.00,0.00,0.00,0.00,0.00,0.00,0.00,0.00,0.00
20650,DL:0.1.0:AT.1.0.0,2022-3-4 10:57:41,36.50,0.00,0.00,17.769,0.177,-5.765,12.003,17.945,0.00,0.00,0.00,0.00,0.00,0.00,0.00,0.00,0.00,0.00,0.00,0.00,0.00,0.00,0.00,0.00,0.00
20650,DL:0.1.0:AT.1.0.0,2022-3-4 10:57:46,36.50,0.00,0.00,17.752,0.191,-5.747,12.004,17.943,0.00,0.00,0.00,0.00,0.00,0.00,0.00,0.00,0.00,0.00,0.00,0.00,0.00,0.00,0.00,0.00,0.00
20650,DL:0.1.0:AT.1.0.0,2022-3-4 10:57:53,36.50,0.00,0.00,17.794,0.148,-5.789,12.004,17.942,0.00,0.00,0.00,0.00,0.00,0.00,0.00,0.00,0.00,0.00,0.00,0.00,0.00,0.00,0.00,0.00,0.00
20650,DL:0.1.0:AT.1.0.0,2022-3-4 10:57:58,36.50,0.00,0.00,17.795,0.145,-5.791,12.004,17.940,0.00,0.00,0.00,0.00,0.00,0.00,0.00,0.00,0.00,0.00,0.00,0.00,0.00,0.00,0.00,0.00,0.00
20650,DL:0.1.0:AT.1.0.0,2022-3-4 10:58:5,36.50,0.00,0.00,17.781,0.157,-5.776,12.004,17.938,0.00,0.00,0.00,0.00,0.00,0.00,0.00,0.00,0.00,0.00,0.00,0.00,0.00,0.00,0.00,0.00,0.00
20650,DL:0.1.0:AT.1.0.0,2022-3-4 10:58:15,36.50,0.00,0.00,17.802,0.133,-5.798,12.004,17.936,0.00,0.00,0.00,0.00,0.00,0.00,0.00,0.00,0.00,0.00,0.00,0.00,0.00,0.00,0.00,0.00,0.00
20650,DL:0.1.0:AT.1.0.0,2022-3-4 10:58:22,36.50,0.00,0.00,17.793,0.141,-5.788,12.004,17.933,0.00,0.00,0.00,0.00,0.00,0.00,0.00,0.00,0.00,0.00,0.00,0.00,0.00,0.00,0.00,0.00,0.00
20650,DL:0.1.0:AT.1.0.0,2022-3-4 10:58:29,36.50,0.00,0.00,17.773,0.162,-5.769,12.004,17.936,0.00,0.00,0.00,0.00,0.00,0.00,0.00,0.00,0.00,0.00,0.00,0.00,0.00,0.00,0.00,0.00,0.00
20650,DL:0.1.0:AT.1.0.0,2022-3-4 10:58:34,36.50,0.00,0.00,17.784,0.149,-5.780,12.004,17.933,0.00,0.00,0.00,0.00,0.00,0.00,0.00,0.00,0.00,0.00,0.00,0.00,0.00,0.00,0.00,0.00,0.00
20650,DL:0.1.0:AT.1.0.0,2022-3-4 10:58:39,36.50,0.00,0.00,17.805,0.127,-5.800,12.004,17.932,0.00,0.00,0.00,0.00,0.00,0.00,0.00,0.00,0.00,0.00,0.00,0.00,0.00,0.00,0.00,0.00,0.00
20650,DL:0.1.0:AT.1.0.0,2022-3-4 10:58:46,36.50,0.00,0.00,17.797,0.132,-5.793,12.004,17.930,0.00,0.00,0.00,0.00,0.00,0.00,0.00,0.00,0.00,0.00,0.00,0.00,0.00,0.00,0.00,0.00,0.00
20650,DL:0.1.0:AT.1.0.0,2022-3-4 10:58:51,36.50,0.00,0.00,17.775,0.153,-5.770,12.004,17.927,0.00,0.00,0.00,0.00,0.00,0.00,0.00,0.00,0.00,0.00,0.00,0.00,0.00,0.00,0.00,0.00,0.00
20650,DL:0.1.0:AT.1.0.0,2022-3-4 10:58:57,36.50,0.00,0.00,17.800,0.127,-5.794,12.006,17.927,0.00,0.00,0.00,0.00,0.00,0.00,0.00,0.00,0.00,0.00,0.00,0.00,0.00,0.00,0.00,0.00,0.00
20650,DL:0.1.0:AT.1.0.0,2022-3-4 10:59:2,36.50,0.00,0.00,17.823,0.102,-5.817,12.006,17.925,0.00,0.00,0.00,0.00,0.00,0.00,0.00,0.00,0.00,0.00,0.00,0.00,0.00,0.00,0.00,0.00,0.00
20650,DL:0.1.0:AT.1.0.0,2022-3-4 10:59:7,36.50,0.00,0.00,17.777,0.147,-5.771,12.006,17.924,0.00,0.00,0.00,0.00,0.00,0.00,0.00,0.00,0.00,0.00,0.00,0.00,0.00,0.00,0.00,0.00,0.00
20650,DL:0.1.0:AT.1.0.0,2022-3-4 10:59:13,36.50,0.00,0.00,17.761,0.160,-5.756,12.006,17.921,0.00,0.00,0.00,0.00,0.00,0.00,0.00,0.00,0.00,0.00,0.00,0.00,0.00,0.00,0.00,0.00,0.00
20650,DL:0.1.0:AT.1.0.0,2022-3-4 10:59:24,36.50,0.00,0.00,17.787,0.132,-5.781,12.006,17.919,0.00,0.00,0.00,0.00,0.00,0.00,0.00,0.00,0.00,0.00,0.00,0.00,0.00,0.00,0.00,0.00,0.00
20650,DL:0.1.0:AT.1.0.0,2022-3-4 10:59:31,36.50,0.00,0.00,17.782,0.135,-5.776,12.006,17.916,0.00,0.00,0.00,0.00,0.00,0.00,0.00,0.00,0.00,0.00,0.00,0.00,0.00,0.00,0.00,0.00,0.00
20650,DL:0.1.0:AT.1.0.0,2022-3-4 10:59:38,36.50,0.00,0.00,17.791,0.124,-5.786,12.006,17.915,0.00,0.00,0.00,0.00,0.00,0.00,0.00,0.00,0.00,0.00,0.00,0.00,0.00,0.00,0.00,0.00,0.00
20650,DL:0.1.0:AT.1.0.0,2022-3-4 10:59:44,36.50,0.00,0.00,17.812,0.102,-5.806,12.006,17.914,0.00,0.00,0.00,0.00,0.00,0.00,0.00,0.00,0.00,0.00,0.00,0.00,0.00,0.00,0.00,0.00,0.00
20650,DL:0.1.0:AT.1.0.0,2022-3-4 10:59:55,36.50,0.00,0.00,17.808,0.103,-5.801,12.007,17.912,0.00,0.00,0.00,0.00,0.00,0.00,0.00,0.00,0.00,0.00,0.00,0.00,0.00,0.00,0.00,0.00,0.00
20650,DL:0.1.0:AT.1.0.0,2022-3-4 11:0:1,36.50,0.00,0.00,17.796,0.112,-5.789,12.007,17.908,0.00,0.00,0.00,0.00,0.00,0.00,0.00,0.00,0.00,0.00,0.00,0.00,0.00,0.00,0.00,0.00,0.00
20650,DL:0.1.0:AT.1.0.0,2022-3-4 11:0:6,36.50,0.00,0.00,17.795,0.113,-5.788,12.007,17.908,0.00,0.00,0.00,0.00,0.00,0.00,0.00,0.00,0.00,0.00,0.00,0.00,0.00,0.00,0.00,0.00,0.00
20650,DL:0.1.0:AT.1.0.0,2022-3-4 11:0:12,36.50,0.00,0.00,17.813,0.093,-5.806,12.007,17.906,0.00,0.00,0.00,0.00,0.00,0.00,0.00,0.00,0.00,0.00,0.00,0.00,0.00,0.00,0.00,0.00,0.00
20650,DL:0.1.0:AT.1.0.0,2022-3-4 11:0:18,36.50,0.00,0.00,17.784,0.120,-5.777,12.007,17.904,0.00,0.00,0.00,0.00,0.00,0.00,0.00,0.00,0.00,0.00,0.00,0.00,0.00,0.00,0.00,0.00,0.00
20650,DL:0.1.0:AT.1.0.0,2022-3-4 11:0:26,36.50,0.00,0.00,17.812,0.096,-5.805,12.007,17.908,0.00,0.00,0.00,0.00,0.00,0.00,0.00,0.00,0.00,0.00,0.00,0.00,0.00,0.00,0.00,0.00,0.00
20650,DL:0.1.0:AT.1.0.0,2022-3-4 11:0:31,36.50,0.00,0.00,17.775,0.131,-5.768,12.007,17.906,0.00,0.00,0.00,0.00,0.00,0.00,0.00,0.00,0.00,0.00,0.00,0.00,0.00,0.00,0.00,0.00,0.00
20650,DL:0.1.0:AT.1.0.0,2022-3-4 11:0:36,36.50,0.00,0.00,17.809,0.094,-5.804,12.006,17.903,0.00,0.00,0.00,0.00,0.00,0.00,0.00,0.00,0.00,0.00,0.00,0.00,0.00,0.00,0.00,0.00,0.00
20650,DL:0.1.0:AT.1.0.0,2022-3-4 11:0:41,36.50,0.00,0.00,17.799,0.105,-5.792,12.007,17.903,0.00,0.00,0.00,0.00,0.00,0.00,0.00,0.00,0.00,0.00,0.00,0.00,0.00,0.00,0.00,0.00,0.00
20650,DL:0.1.0:AT.1.0.0,2022-3-4 11:0:46,36.50,0.00,0.00,17.795,0.106,-5.788,12.007,17.901,0.00,0.00,0.00,0.00,0.00,0.00,0.00,0.00,0.00,0.00,0.00,0.00,0.00,0.00,0.00,0.00,0.00
20650,DL:0.1.0:AT.1.0.0,2022-3-4 11:0:58,36.50,0.00,0.00,17.806,0.093,-5.799,12.007,17.898,0.00,0.00,0.00,0.00,0.00,0.00,0.00,0.00,0.00,0.00,0.00,0.00,0.00,0.00,0.00,0.00,0.00
20650,DL:0.1.0:AT.1.0.0,2022-3-4 11:1:3,36.50,0.00,0.00,17.809,0.087,-5.803,12.007,17.896,0.00,0.00,0.00,0.00,0.00,0.00,0.00,0.00,0.00,0.00,0.00,0.00,0.00,0.00,0.00,0.00,0.00
20650,DL:0.1.0:AT.1.0.0,2022-3-4 11:1:10,36.50,0.00,0.00,17.787,0.108,-5.780,12.007,17.895,0.00,0.00,0.00,0.00,0.00,0.00,0.00,0.00,0.00,0.00,0.00,0.00,0.00,0.00,0.00,0.00,0.00
20650,DL:0.1.0:AT.1.0.0,2022-3-4 11:1:17,36.50,0.00,0.00,17.799,0.094,-5.793,12.006,17.892,0.00,0.00,0.00,0.00,0.00,0.00,0.00,0.00,0.00,0.00,0.00,0.00,0.00,0.00,0.00,0.00,0.00
20650,DL:0.1.0:AT.1.0.0,2022-3-4 11:1:28,36.50,0.00,0.00,17.809,0.081,-5.803,12.007,17.890,0.00,0.00,0.00,0.00,0.00,0.00,0.00,0.00,0.00,0.00,0.00,0.00,0.00,0.00,0.00,0.00,0.00
20650,DL:0.1.0:AT.1.0.0,2022-3-4 11:1:34,36.50,0.00,0.00,17.807,0.082,-5.801,12.006,17.889,0.00,0.00,0.00,0.00,0.00,0.00,0.00,0.00,0.00,0.00,0.00,0.00,0.00,0.00,0.00,0.00,0.00
20650,DL:0.1.0:AT.1.0.0,2022-3-4 11:1:39,36.50,0.00,0.00,17.824,0.064,-5.817,12.007,17.888,0.00,0.00,0.00,0.00,0.00,0.00,0.00,0.00,0.00,0.00,0.00,0.00,0.00,0.00,0.00,0.00,0.00
20650,DL:0.1.0:AT.1.0.0,2022-3-4 11:1:44,36.50,0.00,0.00,17.795,0.090,-5.788,12.007,17.885,0.00,0.00,0.00,0.00,0.00,0.00,0.00,0.00,0.00,0.00,0.00,0.00,0.00,0.00,0.00,0.00,0.00
20650,DL:0.1.0:AT.1.0.0,2022-3-4 11:1:51,36.50,0.00,0.00,17.813,0.071,-5.806,12.007,17.884,0.00,0.00,0.00,0.00,0.00,0.00,0.00,0.00,0.00,0.00,0.00,0.00,0.00,0.00,0.00,0.00,0.00
20650,DL:0.1.0:AT.1.0.0,2022-3-4 11:1:58,36.50,0.00,0.00,17.820,0.062,-5.814,12.007,17.883,0.00,0.00,0.00,0.00,0.00,0.00,0.00,0.00,0.00,0.00,0.00,0.00,0.00,0.00,0.00,0.00,0.00
20650,DL:0.1.0:AT.1.0.0,2022-3-4 11:2:5,36.50,0.00,0.00,17.813,0.067,-5.806,12.007,17.880,0.00,0.00,0.00,0.00,0.00,0.00,0.00,0.00,0.00,0.00,0.00,0.00,0.00,0.00,0.00,0.00,0.00
20650,DL:0.1.0:AT.1.0.0,2022-3-4 11:2:12,36.50,0.00,0.00,17.778,0.101,-5.771,12.007,17.879,0.00,0.00,0.00,0.00,0.00,0.00,0.00,0.00,0.00,0.00,0.00,0.00,0.00,0.00,0.00,0.00,0.00
20650,DL:0.1.0:AT.1.0.0,2022-3-4 11:2:17,36.50,0.00,0.00,17.819,0.059,-5.812,12.007,17.878,0.00,0.00,0.00,0.00,0.00,0.00,0.00,0.00,0.00,0.00,0.00,0.00,0.00,0.00,0.00,0.00,0.00
20650,DL:0.1.0:AT.1.0.0,2022-3-4 11:2:22,36.50,0.00,0.00,17.811,0.066,-5.804,12.007,17.877,0.00,0.00,0.00,0.00,0.00,0.00,0.00,0.00,0.00,0.00,0.00,0.00,0.00,0.00,0.00,0.00,0.00
20650,DL:0.1.0:AT.1.0.0,2022-3-4 11:2:30,36.50,0.00,0.00,17.831,0.047,-5.823,12.008,17.878,0.00,0.00,0.00,0.00,0.00,0.00,0.00,0.00,0.00,0.00,0.00,0.00,0.00,0.00,0.00,0.00,0.00
20650,DL:0.1.0:AT.1.0.0,2022-3-4 11:2:38,36.50,0.00,0.00,17.842,0.034,-5.834,12.008,17.876,0.00,0.00,0.00,0.00,0.00,0.00,0.00,0.00,0.00,0.00,0.00,0.00,0.00,0.00,0.00,0.00,0.00
20650,DL:0.1.0:AT.1.0.0,2022-3-4 11:2:45,36.50,0.00,0.00,17.827,0.046,-5.818,12.009,17.873,0.00,0.00,0.00,0.00,0.00,0.00,0.00,0.00,0.00,0.00,0.00,0.00,0.00,0.00,0.00,0.00,0.00
20650,DL:0.1.0:AT.1.0.0,2022-3-4 11:2:52,36.50,0.00,0.00,17.838,0.034,-5.829,12.009,17.872,0.00,0.00,0.00,0.00,0.00,0.00,0.00,0.00,0.00,0.00,0.00,0.00,0.00,0.00,0.00,0.00,0.00
20650,DL:0.1.0:AT.1.0.0,2022-3-4 11:2:57,36.50,0.00,0.00,17.808,0.064,-5.799,12.009,17.872,0.00,0.00,0.00,0.00,0.00,0.00,0.00,0.00,0.00,0.00,0.00,0.00,0.00,0.00,0.00,0.00,0.00
20650,DL:0.1.0:AT.1.0.0,2022-3-4 11:3:2,36.50,0.00,0.00,17.823,0.047,-5.814,12.009,17.870,0.00,0.00,0.00,0.00,0.00,0.00,0.00,0.00,0.00,0.00,0.00,0.00,0.00,0.00,0.00,0.00,0.00
20650,DL:0.1.0:AT.1.0.0,2022-3-4 11:3:9,36.50,0.00,0.00,17.803,0.065,-5.793,12.010,17.868,0.00,0.00,0.00,0.00,0.00,0.00,0.00,0.00,0.00,0.00,0.00,0.00,0.00,0.00,0.00,0.00,0.00
20650,DL:0.1.0:AT.1.0.0,2022-3-4 11:3:16,36.50,0.00,0.00,17.802,0.064,-5.792,12.010,17.866,0.00,0.00,0.00,0.00,0.00,0.00,0.00,0.00,0.00,0.00,0.00,0.00,0.00,0.00,0.00,0.00,0.00
20650,DL:0.1.0:AT.1.0.0,2022-3-4 11:3:23,36.50,0.00,0.00,17.767,0.097,-5.757,12.010,17.865,0.00,0.00,0.00,0.00,0.00,0.00,0.00,0.00,0.00,0.00,0.00,0.00,0.00,0.00,0.00,0.00,0.00
20650,DL:0.1.0:AT.1.0.0,2022-3-4 11:3:32,36.75,0.00,0.00,17.823,0.041,-5.812,12.010,17.863,0.00,0.00,0.00,0.00,0.00,0.00,0.00,0.00,0.00,0.00,0.00,0.00,0.00,0.00,0.00,0.00,0.00
20650,DL:0.1.0:AT.1.0.0,2022-3-4 11:3:37,36.75,0.00,0.00,17.819,0.042,-5.809,12.010,17.861,0.00,0.00,0.00,0.00,0.00,0.00,0.00,0.00,0.00,0.00,0.00,0.00,0.00,0.00,0.00,0.00,0.00
20650,DL:0.1.0:AT.1.0.0,2022-3-4 11:3:44,36.75,0.00,0.00,17.809,0.050,-5.799,12.010,17.860,0.00,0.00,0.00,0.00,0.00,0.00,0.00,0.00,0.00,0.00,0.00,0.00,0.00,0.00,0.00,0.00,0.00
20650,DL:0.1.0:AT.1.0.0,2022-3-4 11:3:50,36.75,0.00,0.00,17.779,0.079,-5.769,12.010,17.859,0.00,0.00,0.00,0.00,0.00,0.00,0.00,0.00,0.00,0.00,0.00,0.00,0.00,0.00,0.00,0.00,0.00
20650,DL:0.1.0:AT.1.0.0,2022-3-4 11:4:2,36.75,0.00,0.00,17.841,0.014,-5.832,12.009,17.855,0.00,0.00,0.00,0.00,0.00,0.00,0.00,0.00,0.00,0.00,0.00,0.00,0.00,0.00,0.00,0.00,0.00
20650,DL:0.1.0:AT.1.0.0,2022-3-4 11:4:8,36.75,0.00,0.00,17.841,0.014,-5.832,12.009,17.855,0.00,0.00,0.00,0.00,0.00,0.00,0.00,0.00,0.00,0.00,0.00,0.00,0.00,0.00,0.00,0.00,0.00
20650,DL:0.1.0:AT.1.0.0,2022-3-4 11:4:13,36.75,0.00,0.00,17.838,0.014,-5.829,12.009,17.853,0.00,0.00,0.00,0.00,0.00,0.00,0.00,0.00,0.00,0.00,0.00,0.00,0.00,0.00,0.00,0.00,0.00
20650,DL:0.1.0:AT.1.0.0,2022-3-4 11:4:18,36.75,0.00,0.00,17.818,0.034,-5.809,12.009,17.851,0.00,0.00,0.00,0.00,0.00,0.00,0.00,0.00,0.00,0.00,0.00,0.00,0.00,0.00,0.00,0.00,0.00
20650,DL:0.1.0:AT.1.0.0,2022-3-4 11:4:25,36.75,0.00,0.00,17.825,0.025,-5.816,12.009,17.850,0.00,0.00,0.00,0.00,0.00,0.00,0.00,0.00,0.00,0.00,0.00,0.00,0.00,0.00,0.00,0.00,0.00
20650,DL:0.1.0:AT.1.0.0,2022-3-4 11:4:30,36.75,0.00,0.00,17.849,0.000,-5.840,12.009,17.849,0.00,0.00,0.00,0.00,0.00,0.00,0.00,0.00,0.00,0.00,0.00,0.00,0.00,0.00,0.00,0.00,0.00
20650,DL:0.1.0:AT.1.0.0,2022-3-4 11:4:35,36.75,0.00,0.00,17.814,0.032,-5.805,12.009,17.847,0.00,0.00,0.00,0.00,0.00,0.00,0.00,0.00,0.00,0.00,0.00,0.00,0.00,0.00,0.00,0.00,0.00
20650,DL:0.1.0:AT.1.0.0,2022-3-4 11:4:40,36.75,0.00,0.00,17.842,0.007,-5.833,12.009,17.849,0.00,0.00,0.00,0.00,0.00,0.00,0.00,0.00,0.00,0.00,0.00,0.00,0.00,0.00,0.00,0.00,0.00
20650,DL:0.1.0:AT.1.0.0,2022-3-4 11:4:45,36.75,0.00,0.00,17.803,0.044,-5.794,12.009,17.848,0.00,0.00,0.00,0.00,0.00,0.00,0.00,0.00,0.00,0.00,0.00,0.00,0.00,0.00,0.00,0.00,0.00
20650,DL:0.1.0:AT.1.0.0,2022-3-4 11:4:52,36.75,0.00,0.00,17.793,0.054,-5.785,12.008,17.847,0.00,0.00,0.00,0.00,0.00,0.00,0.00,0.00,0.00,0.00,0.00,0.00,0.00,0.00,0.00,0.00,0.00
20650,DL:0.1.0:AT.1.0.0,2022-3-4 11:5:3,36.75,0.00,0.00,17.809,0.034,-5.801,12.008,17.843,0.00,0.00,0.00,0.00,0.00,0.00,0.00,0.00,0.00,0.00,0.00,0.00,0.00,0.00,0.00,0.00,0.00
20650,DL:0.1.0:AT.1.0.0,2022-3-4 11:5:9,36.75,0.00,0.00,17.830,0.010,-5.822,12.008,17.839,0.00,0.00,0.00,0.00,0.00,0.00,0.00,0.00,0.00,0.00,0.00,0.00,0.00,0.00,0.00,0.00,0.00
20650,DL:0.1.0:AT.1.0.0,2022-3-4 11:5:16,36.75,0.00,0.00,17.817,0.022,-5.809,12.008,17.838,0.00,0.00,0.00,0.00,0.00,0.00,0.00,0.00,0.00,0.00,0.00,0.00,0.00,0.00,0.00,0.00,0.00
20650,DL:0.1.0:AT.1.0.0,2022-3-4 11:5:23,36.75,0.00,0.00,17.805,0.032,-5.797,12.008,17.837,0.00,0.00,0.00,0.00,0.00,0.00,0.00,0.00,0.00,0.00,0.00,0.00,0.00,0.00,0.00,0.00,0.00
20650,DL:0.1.0:AT.1.0.0,2022-3-4 11:5:36,36.75,0.00,0.00,17.815,0.018,-5.807,12.008,17.833,0.00,0.00,0.00,0.00,0.00,0.00,0.00,0.00,0.00,0.00,0.00,0.00,0.00,0.00,0.00,0.00,0.00
20650,DL:0.1.0:AT.1.0.0,2022-3-4 11:5:41,36.75,0.00,0.00,17.836,-0.004,-5.828,12.008,17.832,0.00,0.00,0.00,0.00,0.00,0.00,0.00,0.00,0.00,0.00,0.00,0.00,0.00,0.00,0.00,0.00,0.00
20650,DL:0.1.0:AT.1.0.0,2022-3-4 11:5:47,36.75,0.00,0.00,17.844,-0.013,-5.836,12.008,17.831,0.00,0.00,0.00,0.00,0.00,0.00,0.00,0.00,0.00,0.00,0.00,0.00,0.00,0.00,0.00,0.00,0.00
20650,DL:0.1.0:AT.1.0.0,2022-3-4 11:5:53,36.75,0.00,0.00,17.836,-0.006,-5.828,12.008,17.830,0.00,0.00,0.00,0.00,0.00,0.00,0.00,0.00,0.00,0.00,0.00,0.00,0.00,0.00,0.00,0.00,0.00
20650,DL:0.1.0:AT.1.0.0,2022-3-4 11:6:5,36.75,0.00,0.00,17.835,-0.008,-5.827,12.008,17.826,0.00,0.00,0.00,0.00,0.00,0.00,0.00,0.00,0.00,0.00,0.00,0.00,0.00,0.00,0.00,0.00,0.00
20650,DL:0.1.0:AT.1.0.0,2022-3-4 11:6:10,36.75,0.00,0.00,17.835,-0.010,-5.827,12.008,17.825,0.00,0.00,0.00,0.00,0.00,0.00,0.00,0.00,0.00,0.00,0.00,0.00,0.00,0.00,0.00,0.00,0.00
20650,DL:0.1.0:AT.1.0.0,2022-3-4 11:6:17,36.75,0.00,0.00,17.818,0.007,-5.810,12.008,17.825,0.00,0.00,0.00,0.00,0.00,0.00,0.00,0.00,0.00,0.00,0.00,0.00,0.00,0.00,0.00,0.00,0.00
20650,DL:0.1.0:AT.1.0.0,2022-3-4 11:6:22,36.75,0.00,0.00,17.847,-0.024,-5.839,12.008,17.823,0.00,0.00,0.00,0.00,0.00,0.00,0.00,0.00,0.00,0.00,0.00,0.00,0.00,0.00,0.00,0.00,0.00
20650,DL:0.1.0:AT.1.0.0,2022-3-4 11:6:28,36.75,0.00,0.00,17.821,0.000,-5.814,12.008,17.821,0.00,0.00,0.00,0.00,0.00,0.00,0.00,0.00,0.00,0.00,0.00,0.00,0.00,0.00,0.00,0.00,0.00
20650,DL:0.1.0:AT.1.0.0,2022-3-4 11:6:36,36.75,0.00,0.00,17.801,0.024,-5.792,12.009,17.825,0.00,0.00,0.00,0.00,0.00,0.00,0.00,0.00,0.00,0.00,0.00,0.00,0.00,0.00,0.00,0.00,0.00
20650,DL:0.1.0:AT.1.0.0,2022-3-4 11:6:41,36.75,0.00,0.00,17.830,-0.006,-5.821,12.009,17.824,0.00,0.00,0.00,0.00,0.00,0.00,0.00,0.00,0.00,0.00,0.00,0.00,0.00,0.00,0.00,0.00,0.00
20650,DL:0.1.0:AT.1.0.0,2022-3-4 11:6:48,36.75,0.00,0.00,17.811,0.008,-5.801,12.009,17.819,0.00,0.00,0.00,0.00,0.00,0.00,0.00,0.00,0.00,0.00,0.00,0.00,0.00,0.00,0.00,0.00,0.00
20650,DL:0.1.0:AT.1.0.0,2022-3-4 11:6:55,36.75,0.00,0.00,17.817,0.002,-5.807,12.009,17.819,0.00,0.00,0.00,0.00,0.00,0.00,0.00,0.00,0.00,0.00,0.00,0.00,0.00,0.00,0.00,0.00,0.00
20650,DL:0.1.0:AT.1.0.0,2022-3-4 11:7:0,36.75,0.00,0.00,17.815,0.002,-5.805,12.010,17.818,0.00,0.00,0.00,0.00,0.00,0.00,0.00,0.00,0.00,0.00,0.00,0.00,0.00,0.00,0.00,0.00,0.00
20650,DL:0.1.0:AT.1.0.0,2022-3-4 11:7:5,36.75,0.00,0.00,17.872,-0.055,-5.862,12.010,17.817,0.00,0.00,0.00,0.00,0.00,0.00,0.00,0.00,0.00,0.00,0.00,0.00,0.00,0.00,0.00,0.00,0.00
20650,DL:0.1.0:AT.1.0.0,2022-3-4 11:7:15,36.75,0.00,0.00,17.832,-0.018,-5.822,12.010,17.814,0.00,0.00,0.00,0.00,0.00,0.00,0.00,0.00,0.00,0.00,0.00,0.00,0.00,0.00,0.00,0.00,0.00
20650,DL:0.1.0:AT.1.0.0,2022-3-4 11:7:22,36.75,0.00,0.00,17.790,0.022,-5.780,12.010,17.812,0.00,0.00,0.00,0.00,0.00,0.00,0.00,0.00,0.00,0.00,0.00,0.00,0.00,0.00,0.00,0.00,0.00
20650,DL:0.1.0:AT.1.0.0,2022-3-4 11:7:29,36.75,0.00,0.00,17.795,0.016,-5.785,12.010,17.811,0.00,0.00,0.00,0.00,0.00,0.00,0.00,0.00,0.00,0.00,0.00,0.00,0.00,0.00,0.00,0.00,0.00
20650,DL:0.1.0:AT.1.0.0,2022-3-4 11:7:37,36.75,0.00,0.00,17.794,0.013,-5.783,12.010,17.807,0.00,0.00,0.00,0.00,0.00,0.00,0.00,0.00,0.00,0.00,0.00,0.00,0.00,0.00,0.00,0.00,0.00
20650,DL:0.1.0:AT.1.0.0,2022-3-4 11:7:43,36.75,0.00,0.00,17.800,0.007,-5.789,12.010,17.807,0.00,0.00,0.00,0.00,0.00,0.00,0.00,0.00,0.00,0.00,0.00,0.00,0.00,0.00,0.00,0.00,0.00
20650,DL:0.1.0:AT.1.0.0,2022-3-4 11:7:49,36.75,0.00,0.00,17.811,-0.006,-5.800,12.010,17.805,0.00,0.00,0.00,0.00,0.00,0.00,0.00,0.00,0.00,0.00,0.00,0.00,0.00,0.00,0.00,0.00,0.00
20650,DL:0.1.0:AT.1.0.0,2022-3-4 11:7:56,36.75,0.00,0.00,17.802,0.000,-5.789,12.013,17.802,0.00,0.00,0.00,0.00,0.00,0.00,0.00,0.00,0.00,0.00,0.00,0.00,0.00,0.00,0.00,0.00,0.00
20650,DL:0.1.0:AT.1.0.0,2022-3-4 11:8:5,36.75,0.00,0.00,17.830,-0.029,-5.817,12.013,17.801,0.00,0.00,0.00,0.00,0.00,0.00,0.00,0.00,0.00,0.00,0.00,0.00,0.00,0.00,0.00,0.00,0.00
20650,DL:0.1.0:AT.1.0.0,2022-3-4 11:8:10,36.75,0.00,0.00,17.789,0.010,-5.774,12.015,17.799,0.00,0.00,0.00,0.00,0.00,0.00,0.00,0.00,0.00,0.00,0.00,0.00,0.00,0.00,0.00,0.00,0.00
20650,DL:0.1.0:AT.1.0.0,2022-3-4 11:8:17,36.75,0.00,0.00,17.829,-0.026,-5.815,12.014,17.802,0.00,0.00,0.00,0.00,0.00,0.00,0.00,0.00,0.00,0.00,0.00,0.00,0.00,0.00,0.00,0.00,0.00
20650,DL:0.1.0:AT.1.0.0,2022-3-4 11:8:24,36.75,0.00,0.00,17.793,0.007,-5.777,12.015,17.800,0.00,0.00,0.00,0.00,0.00,0.00,0.00,0.00,0.00,0.00,0.00,0.00,0.00,0.00,0.00,0.00,0.00
20650,DL:0.1.0:AT.1.0.0,2022-3-4 11:8:29,36.75,0.00,0.00,17.779,0.018,-5.764,12.015,17.797,0.00,0.00,0.00,0.00,0.00,0.00,0.00,0.00,0.00,0.00,0.00,0.00,0.00,0.00,0.00,0.00,0.00
20650,DL:0.1.0:AT.1.0.0,2022-3-4 11:8:39,36.75,0.00,0.00,17.829,-0.034,-5.814,12.015,17.795,0.00,0.00,0.00,0.00,0.00,0.00,0.00,0.00,0.00,0.00,0.00,0.00,0.00,0.00,0.00,0.00,0.00
20650,DL:0.1.0:AT.1.0.0,2022-3-4 11:8:44,36.75,0.00,0.00,17.815,-0.022,-5.800,12.015,17.794,0.00,0.00,0.00,0.00,0.00,0.00,0.00,0.00,0.00,0.00,0.00,0.00,0.00,0.00,0.00,0.00,0.00
20650,DL:0.1.0:AT.1.0.0,2022-3-4 11:8:51,36.75,0.00,0.00,17.811,-0.019,-5.795,12.015,17.791,0.00,0.00,0.00,0.00,0.00,0.00,0.00,0.00,0.00,0.00,0.00,0.00,0.00,0.00,0.00,0.00,0.00
20650,DL:0.1.0:AT.1.0.0,2022-3-4 11:8:58,36.75,0.00,0.00,17.817,-0.029,-5.800,12.016,17.788,0.00,0.00,0.00,0.00,0.00,0.00,0.00,0.00,0.00,0.00,0.00,0.00,0.00,0.00,0.00,0.00,0.00
20650,DL:0.1.0:AT.1.0.0,2022-3-4 11:9:9,36.75,0.00,0.00,17.796,-0.011,-5.780,12.016,17.785,0.00,0.00,0.00,0.00,0.00,0.00,0.00,0.00,0.00,0.00,0.00,0.00,0.00,0.00,0.00,0.00,0.00
20650,DL:0.1.0:AT.1.0.0,2022-3-4 11:9:15,36.75,0.00,0.00,17.827,-0.044,-5.811,12.016,17.783,0.00,0.00,0.00,0.00,0.00,0.00,0.00,0.00,0.00,0.00,0.00,0.00,0.00,0.00,0.00,0.00,0.00
20650,DL:0.1.0:AT.1.0.0,2022-3-4 11:9:20,36.75,0.00,0.00,17.811,-0.029,-5.794,12.016,17.782,0.00,0.00,0.00,0.00,0.00,0.00,0.00,0.00,0.00,0.00,0.00,0.00,0.00,0.00,0.00,0.00,0.00
20650,DL:0.1.0:AT.1.0.0,2022-3-4 11:9:25,36.75,0.00,0.00,17.803,-0.023,-5.787,12.016,17.781,0.00,0.00,0.00,0.00,0.00,0.00,0.00,0.00,0.00,0.00,0.00,0.00,0.00,0.00,0.00,0.00,0.00
20650,DL:0.1.0:AT.1.0.0,2022-3-4 11:9:32,36.75,0.00,0.00,17.836,-0.058,-5.820,12.016,17.778,0.00,0.00,0.00,0.00,0.00,0.00,0.00,0.00,0.00,0.00,0.00,0.00,0.00,0.00,0.00,0.00,0.00
20650,DL:0.1.0:AT.1.0.0,2022-3-4 11:9:40,36.75,0.00,0.00,17.820,-0.046,-5.804,12.016,17.775,0.00,0.00,0.00,0.00,0.00,0.00,0.00,0.00,0.00,0.00,0.00,0.00,0.00,0.00,0.00,0.00,0.00
20650,DL:0.1.0:AT.1.0.0,2022-3-4 11:9:46,36.75,0.00,0.00,17.845,-0.072,-5.829,12.016,17.773,0.00,0.00,0.00,0.00,0.00,0.00,0.00,0.00,0.00,0.00,0.00,0.00,0.00,0.00,0.00,0.00,0.00
20650,DL:0.1.0:AT.1.0.0,2022-3-4 11:9:53,36.75,0.00,0.00,17.832,-0.062,-5.816,12.016,17.770,0.00,0.00,0.00,0.00,0.00,0.00,0.00,0.00,0.00,0.00,0.00,0.00,0.00,0.00,0.00,0.00,0.00
20650,DL:0.1.0:AT.1.0.0,2022-3-4 11:9:58,37.00,0.00,0.00,17.794,-0.020,-5.777,12.016,17.773,0.00,0.00,0.00,0.00,0.00,0.00,0.00,0.00,0.00,0.00,0.00,0.00,0.00,0.00,0.00,0.00,0.00
20650,DL:0.1.0:AT.1.0.0,2022-3-4 11:10:3,37.00,0.00,0.00,17.815,-0.043,-5.799,12.016,17.772,0.00,0.00,0.00,0.00,0.00,0.00,0.00,0.00,0.00,0.00,0.00,0.00,0.00,0.00,0.00,0.00,0.00
20650,DL:0.1.0:AT.1.0.0,2022-3-4 11:10:10,37.00,0.00,0.00,17.829,-0.060,-5.812,12.016,17.769,0.00,0.00,0.00,0.00,0.00,0.00,0.00,0.00,0.00,0.00,0.00,0.00,0.00,0.00,0.00,0.00,0.00
20650,DL:0.1.0:AT.1.0.0,2022-3-4 11:10:15,37.00,0.00,0.00,17.819,-0.053,-5.803,12.016,17.766,0.00,0.00,0.00,0.00,0.00,0.00,0.00,0.00,0.00,0.00,0.00,0.00,0.00,0.00,0.00,0.00,0.00
20650,DL:0.1.0:AT.1.0.0,2022-3-4 11:10:20,37.00,0.00,0.00,17.832,-0.068,-5.815,12.018,17.764,0.00,0.00,0.00,0.00,0.00,0.00,0.00,0.00,0.00,0.00,0.00,0.00,0.00,0.00,0.00,0.00,0.00
20650,DL:0.1.0:AT.1.0.0,2022-3-4 11:10:27,37.00,0.00,0.00,17.808,-0.047,-5.791,12.018,17.761,0.00,0.00,0.00,0.00,0.00,0.00,0.00,0.00,0.00,0.00,0.00,0.00,0.00,0.00,0.00,0.00,0.00
20650,DL:0.1.0:AT.1.0.0,2022-3-4 11:10:34,37.00,0.00,0.00,17.812,-0.052,-5.794,12.018,17.760,0.00,0.00,0.00,0.00,0.00,0.00,0.00,0.00,0.00,0.00,0.00,0.00,0.00,0.00,0.00,0.00,0.00
20650,DL:0.1.0:AT.1.0.0,2022-3-4 11:10:40,37.00,0.00,0.00,17.833,-0.076,-5.816,12.018,17.758,0.00,0.00,0.00,0.00,0.00,0.00,0.00,0.00,0.00,0.00,0.00,0.00,0.00,0.00,0.00,0.00,0.00
20650,DL:0.1.0:AT.1.0.0,2022-3-4 11:10:47,37.00,0.00,0.00,17.807,-0.053,-5.789,12.018,17.754,0.00,0.00,0.00,0.00,0.00,0.00,0.00,0.00,0.00,0.00,0.00,0.00,0.00,0.00,0.00,0.00,0.00
20650,DL:0.1.0:AT.1.0.0,2022-3-4 11:10:54,37.00,0.00,0.00,17.857,-0.107,-5.840,12.018,17.751,0.00,0.00,0.00,0.00,0.00,0.00,0.00,0.00,0.00,0.00,0.00,0.00,0.00,0.00,0.00,0.00,0.00
20650,DL:0.1.0:AT.1.0.0,2022-3-4 11:11:1,37.00,0.00,0.00,17.847,-0.097,-5.829,12.018,17.749,0.00,0.00,0.00,0.00,0.00,0.00,0.00,0.00,0.00,0.00,0.00,0.00,0.00,0.00,0.00,0.00,0.00
20650,DL:0.1.0:AT.1.0.0,2022-3-4 11:11:12,37.00,0.00,0.00,17.826,-0.082,-5.809,12.018,17.745,0.00,0.00,0.00,0.00,0.00,0.00,0.00,0.00,0.00,0.00,0.00,0.00,0.00,0.00,0.00,0.00,0.00
20650,DL:0.1.0:AT.1.0.0,2022-3-4 11:11:18,37.00,0.00,0.00,17.827,-0.087,-5.809,12.019,17.741,0.00,0.00,0.00,0.00,0.00,0.00,0.00,0.00,0.00,0.00,0.00,0.00,0.00,0.00,0.00,0.00,0.00
20650,DL:0.1.0:AT.1.0.0,2022-3-4 11:11:23,37.00,0.00,0.00,17.820,-0.081,-5.803,12.018,17.740,0.00,0.00,0.00,0.00,0.00,0.00,0.00,0.00,0.00,0.00,0.00,0.00,0.00,0.00,0.00,0.00,0.00
20650,DL:0.1.0:AT.1.0.0,2022-3-4 11:11:28,37.00,0.00,0.00,17.802,-0.065,-5.783,12.019,17.737,0.00,0.00,0.00,0.00,0.00,0.00,0.00,0.00,0.00,0.00,0.00,0.00,0.00,0.00,0.00,0.00,0.00
20650,DL:0.1.0:AT.1.0.0,2022-3-4 11:11:33,37.00,0.00,0.00,17.805,-0.068,-5.786,12.019,17.736,0.00,0.00,0.00,0.00,0.00,0.00,0.00,0.00,0.00,0.00,0.00,0.00,0.00,0.00,0.00,0.00,0.00
20650,DL:0.1.0:AT.1.0.0,2022-3-4 11:11:39,37.00,0.00,0.00,17.811,-0.071,-5.792,12.019,17.740,0.00,0.00,0.00,0.00,0.00,0.00,0.00,0.00,0.00,0.00,0.00,0.00,0.00,0.00,0.00,0.00,0.00
20650,DL:0.1.0:AT.1.0.0,2022-3-4 11:11:46,37.00,0.00,0.00,17.830,-0.094,-5.811,12.019,17.736,0.00,0.00,0.00,0.00,0.00,0.00,0.00,0.00,0.00,0.00,0.00,0.00,0.00,0.00,0.00,0.00,0.00
20650,DL:0.1.0:AT.1.0.0,2022-3-4 11:11:52,37.00,0.00,0.00,17.797,-0.065,-5.779,12.019,17.733,0.00,0.00,0.00,0.00,0.00,0.00,0.00,0.00,0.00,0.00,0.00,0.00,0.00,0.00,0.00,0.00,0.00
20650,DL:0.1.0:AT.1.0.0,2022-3-4 11:11:59,37.00,0.00,0.00,17.833,-0.103,-5.815,12.019,17.730,0.00,0.00,0.00,0.00,0.00,0.00,0.00,0.00,0.00,0.00,0.00,0.00,0.00,0.00,0.00,0.00,0.00
20650,DL:0.1.0:AT.1.0.0,2022-3-4 11:12:6,37.00,0.00,0.00,17.821,-0.094,-5.803,12.019,17.728,0.00,0.00,0.00,0.00,0.00,0.00,0.00,0.00,0.00,0.00,0.00,0.00,0.00,0.00,0.00,0.00,0.00
20650,DL:0.1.0:AT.1.0.0,2022-3-4 11:12:13,37.00,0.00,0.00,17.844,-0.119,-5.826,12.019,17.725,0.00,0.00,0.00,0.00,0.00,0.00,0.00,0.00,0.00,0.00,0.00,0.00,0.00,0.00,0.00,0.00,0.00
20650,DL:0.1.0:AT.1.0.0,2022-3-4 11:12:19,37.00,0.00,0.00,17.793,-0.070,-5.774,12.019,17.723,0.00,0.00,0.00,0.00,0.00,0.00,0.00,0.00,0.00,0.00,0.00,0.00,0.00,0.00,0.00,0.00,0.00
20650,DL:0.1.0:AT.1.0.0,2022-3-4 11:12:26,37.00,0.00,0.00,17.796,-0.075,-5.777,12.019,17.722,0.00,0.00,0.00,0.00,0.00,0.00,0.00,0.00,0.00,0.00,0.00,0.00,0.00,0.00,0.00,0.00,0.00
20650,DL:0.1.0:AT.1.0.0,2022-3-4 11:12:31,37.00,0.00,0.00,17.789,-0.068,-5.768,12.021,17.720,0.00,0.00,0.00,0.00,0.00,0.00,0.00,0.00,0.00,0.00,0.00,0.00,0.00,0.00,0.00,0.00,0.00
20650,DL:0.1.0:AT.1.0.0,2022-3-4 11:12:37,37.00,0.00,0.00,17.778,-0.060,-5.757,12.021,17.718,0.00,0.00,0.00,0.00,0.00,0.00,0.00,0.00,0.00,0.00,0.00,0.00,0.00,0.00,0.00,0.00,0.00
20650,DL:0.1.0:AT.1.0.0,2022-3-4 11:12:44,37.00,0.00,0.00,17.801,-0.088,-5.780,12.021,17.713,0.00,0.00,0.00,0.00,0.00,0.00,0.00,0.00,0.00,0.00,0.00,0.00,0.00,0.00,0.00,0.00,0.00
20650,DL:0.1.0:AT.1.0.0,2022-3-4 11:12:50,37.00,0.00,0.00,17.784,-0.073,-5.763,12.021,17.711,0.00,0.00,0.00,0.00,0.00,0.00,0.00,0.00,0.00,0.00,0.00,0.00,0.00,0.00,0.00,0.00,0.00
20650,DL:0.1.0:AT.1.0.0,2022-3-4 11:12:55,37.00,0.00,0.00,17.802,-0.093,-5.781,12.021,17.710,0.00,0.00,0.00,0.00,0.00,0.00,0.00,0.00,0.00,0.00,0.00,0.00,0.00,0.00,0.00,0.00,0.00
20650,DL:0.1.0:AT.1.0.0,2022-3-4 11:13:0,37.00,0.00,0.00,17.795,-0.087,-5.773,12.022,17.708,0.00,0.00,0.00,0.00,0.00,0.00,0.00,0.00,0.00,0.00,0.00,0.00,0.00,0.00,0.00,0.00,0.00
20650,DL:0.1.0:AT.1.0.0,2022-3-4 11:13:7,37.00,0.00,0.00,17.824,-0.114,-5.801,12.022,17.710,0.00,0.00,0.00,0.00,0.00,0.00,0.00,0.00,0.00,0.00,0.00,0.00,0.00,0.00,0.00,0.00,0.00
20650,DL:0.1.0:AT.1.0.0,2022-3-4 11:13:14,37.00,0.00,0.00,17.821,-0.115,-5.799,12.022,17.706,0.00,0.00,0.00,0.00,0.00,0.00,0.00,0.00,0.00,0.00,0.00,0.00,0.00,0.00,0.00,0.00,0.00
20650,DL:0.1.0:AT.1.0.0,2022-3-4 11:13:21,37.00,0.00,0.00,17.794,-0.088,-5.771,12.022,17.706,0.00,0.00,0.00,0.00,0.00,0.00,0.00,0.00,0.00,0.00,0.00,0.00,0.00,0.00,0.00,0.00,0.00
20650,DL:0.1.0:AT.1.0.0,2022-3-4 11:13:28,37.00,0.00,0.00,17.805,-0.102,-5.781,12.024,17.702,0.00,0.00,0.00,0.00,0.00,0.00,0.00,0.00,0.00,0.00,0.00,0.00,0.00,0.00,0.00,0.00,0.00
20650,DL:0.1.0:AT.1.0.0,2022-3-4 11:13:33,37.00,0.00,0.00,17.820,-0.119,-5.797,12.024,17.701,0.00,0.00,0.00,0.00,0.00,0.00,0.00,0.00,0.00,0.00,0.00,0.00,0.00,0.00,0.00,0.00,0.00
20650,DL:0.1.0:AT.1.0.0,2022-3-4 11:13:38,37.00,0.00,0.00,17.805,-0.106,-5.781,12.024,17.699,0.00,0.00,0.00,0.00,0.00,0.00,0.00,0.00,0.00,0.00,0.00,0.00,0.00,0.00,0.00,0.00,0.00
20650,DL:0.1.0:AT.1.0.0,2022-3-4 11:13:45,37.00,0.00,0.00,17.799,-0.102,-5.775,12.024,17.696,0.00,0.00,0.00,0.00,0.00,0.00,0.00,0.00,0.00,0.00,0.00,0.00,0.00,0.00,0.00,0.00,0.00
20650,DL:0.1.0:AT.1.0.0,2022-3-4 11:13:52,37.00,0.00,0.00,17.796,-0.102,-5.773,12.024,17.694,0.00,0.00,0.00,0.00,0.00,0.00,0.00,0.00,0.00,0.00,0.00,0.00,0.00,0.00,0.00,0.00,0.00
20650,DL:0.1.0:AT.1.0.0,2022-3-4 11:13:58,37.00,0.00,0.00,17.813,-0.121,-5.789,12.024,17.692,0.00,0.00,0.00,0.00,0.00,0.00,0.00,0.00,0.00,0.00,0.00,0.00,0.00,0.00,0.00,0.00,0.00
20650,DL:0.1.0:AT.1.0.0,2022-3-4 11:14:5,37.00,0.00,0.00,17.838,-0.148,-5.815,12.024,17.690,0.00,0.00,0.00,0.00,0.00,0.00,0.00,0.00,0.00,0.00,0.00,0.00,0.00,0.00,0.00,0.00,0.00
20650,DL:0.1.0:AT.1.0.0,2022-3-4 11:14:16,37.00,0.00,0.00,17.821,-0.136,-5.798,12.024,17.686,0.00,0.00,0.00,0.00,0.00,0.00,0.00,0.00,0.00,0.00,0.00,0.00,0.00,0.00,0.00,0.00,0.00
20650,DL:0.1.0:AT.1.0.0,2022-3-4 11:14:21,37.00,0.00,0.00,17.797,-0.113,-5.774,12.024,17.684,0.00,0.00,0.00,0.00,0.00,0.00,0.00,0.00,0.00,0.00,0.00,0.00,0.00,0.00,0.00,0.00,0.00
20650,DL:0.1.0:AT.1.0.0,2022-3-4 11:14:29,37.00,0.00,0.00,17.833,-0.151,-5.810,12.024,17.682,0.00,0.00,0.00,0.00,0.00,0.00,0.00,0.00,0.00,0.00,0.00,0.00,0.00,0.00,0.00,0.00,0.00
20650,DL:0.1.0:AT.1.0.0,2022-3-4 11:14:36,37.00,0.00,0.00,17.818,-0.139,-5.793,12.025,17.678,0.00,0.00,0.00,0.00,0.00,0.00,0.00,0.00,0.00,0.00,0.00,0.00,0.00,0.00,0.00,0.00,0.00
20650,DL:0.1.0:AT.1.0.0,2022-3-4 11:14:44,37.00,0.00,0.00,17.811,-0.127,-5.787,12.024,17.683,0.00,0.00,0.00,0.00,0.00,0.00,0.00,0.00,0.00,0.00,0.00,0.00,0.00,0.00,0.00,0.00,0.00
20650,DL:0.1.0:AT.1.0.0,2022-3-4 11:14:50,37.00,0.00,0.00,17.808,-0.129,-5.785,12.024,17.680,0.00,0.00,0.00,0.00,0.00,0.00,0.00,0.00,0.00,0.00,0.00,0.00,0.00,0.00,0.00,0.00,0.00
20650,DL:0.1.0:AT.1.0.0,2022-3-4 11:14:56,37.00,0.00,0.00,17.807,-0.130,-5.782,12.025,17.677,0.00,0.00,0.00,0.00,0.00,0.00,0.00,0.00,0.00,0.00,0.00,0.00,0.00,0.00,0.00,0.00,0.00
20650,DL:0.1.0:AT.1.0.0,2022-3-4 11:15:1,37.00,0.00,0.00,17.844,-0.168,-5.820,12.025,17.676,0.00,0.00,0.00,0.00,0.00,0.00,0.00,0.00,0.00,0.00,0.00,0.00,0.00,0.00,0.00,0.00,0.00
20650,DL:0.1.0:AT.1.0.0,2022-3-4 11:15:7,37.00,0.00,0.00,17.801,-0.126,-5.776,12.025,17.675,0.00,0.00,0.00,0.00,0.00,0.00,0.00,0.00,0.00,0.00,0.00,0.00,0.00,0.00,0.00,0.00,0.00
20650,DL:0.1.0:AT.1.0.0,2022-3-4 11:15:15,37.00,0.00,0.00,17.833,-0.162,-5.809,12.025,17.671,0.00,0.00,0.00,0.00,0.00,0.00,0.00,0.00,0.00,0.00,0.00,0.00,0.00,0.00,0.00,0.00,0.00
20650,DL:0.1.0:AT.1.0.0,2022-3-4 11:15:20,37.00,0.00,0.00,17.821,-0.151,-5.797,12.025,17.670,0.00,0.00,0.00,0.00,0.00,0.00,0.00,0.00,0.00,0.00,0.00,0.00,0.00,0.00,0.00,0.00,0.00
20650,DL:0.1.0:AT.1.0.0,2022-3-4 11:15:27,37.00,0.00,0.00,17.806,-0.138,-5.781,12.025,17.668,0.00,0.00,0.00,0.00,0.00,0.00,0.00,0.00,0.00,0.00,0.00,0.00,0.00,0.00,0.00,0.00,0.00
20650,DL:0.1.0:AT.1.0.0,2022-3-4 11:15:34,37.00,0.00,0.00,17.833,-0.166,-5.810,12.024,17.668,0.00,0.00,0.00,0.00,0.00,0.00,0.00,0.00,0.00,0.00,0.00,0.00,0.00,0.00,0.00,0.00,0.00
20650,DL:0.1.0:AT.1.0.0,2022-3-4 11:15:41,37.00,0.00,0.00,17.809,-0.145,-5.786,12.024,17.664,0.00,0.00,0.00,0.00,0.00,0.00,0.00,0.00,0.00,0.00,0.00,0.00,0.00,0.00,0.00,0.00,0.00
20650,DL:0.1.0:AT.1.0.0,2022-3-4 11:15:48,37.00,0.00,0.00,17.838,-0.175,-5.814,12.025,17.663,0.00,0.00,0.00,0.00,0.00,0.00,0.00,0.00,0.00,0.00,0.00,0.00,0.00,0.00,0.00,0.00,0.00
20650,DL:0.1.0:AT.1.0.0,2022-3-4 11:15:55,37.00,0.00,0.00,17.835,-0.173,-5.810,12.025,17.662,0.00,0.00,0.00,0.00,0.00,0.00,0.00,0.00,0.00,0.00,0.00,0.00,0.00,0.00,0.00,0.00,0.00
20650,DL:0.1.0:AT.1.0.0,2022-3-4 11:16:0,37.00,0.00,0.00,17.823,-0.162,-5.799,12.024,17.660,0.00,0.00,0.00,0.00,0.00,0.00,0.00,0.00,0.00,0.00,0.00,0.00,0.00,0.00,0.00,0.00,0.00
20650,DL:0.1.0:AT.1.0.0,2022-3-4 11:16:5,37.00,0.00,0.00,17.788,-0.130,-5.763,12.025,17.658,0.00,0.00,0.00,0.00,0.00,0.00,0.00,0.00,0.00,0.00,0.00,0.00,0.00,0.00,0.00,0.00,0.00
20650,DL:0.1.0:AT.1.0.0,2022-3-4 11:16:10,37.00,0.00,0.00,17.809,-0.153,-5.785,12.025,17.657,0.00,0.00,0.00,0.00,0.00,0.00,0.00,0.00,0.00,0.00,0.00,0.00,0.00,0.00,0.00,0.00,0.00
20650,DL:0.1.0:AT.1.0.0,2022-3-4 11:16:19,37.00,0.00,0.00,17.829,-0.174,-5.804,12.025,17.654,0.00,0.00,0.00,0.00,0.00,0.00,0.00,0.00,0.00,0.00,0.00,0.00,0.00,0.00,0.00,0.00,0.00
20650,DL:0.1.0:AT.1.0.0,2022-3-4 11:16:25,37.00,0.00,0.00,17.833,-0.180,-5.809,12.025,17.653,0.00,0.00,0.00,0.00,0.00,0.00,0.00,0.00,0.00,0.00,0.00,0.00,0.00,0.00,0.00,0.00,0.00
20650,DL:0.1.0:AT.1.0.0,2022-3-4 11:16:30,37.00,0.00,0.00,17.842,-0.190,-5.818,12.024,17.652,0.00,0.00,0.00,0.00,0.00,0.00,0.00,0.00,0.00,0.00,0.00,0.00,0.00,0.00,0.00,0.00,0.00
20650,DL:0.1.0:AT.1.0.0,2022-3-4 11:16:39,37.00,0.00,0.00,17.843,-0.189,-5.818,12.025,17.654,0.00,0.00,0.00,0.00,0.00,0.00,0.00,0.00,0.00,0.00,0.00,0.00,0.00,0.00,0.00,0.00,0.00
20650,DL:0.1.0:AT.1.0.0,2022-3-4 11:16:47,37.00,0.00,0.00,17.824,-0.172,-5.799,12.025,17.652,0.00,0.00,0.00,0.00,0.00,0.00,0.00,0.00,0.00,0.00,0.00,0.00,0.00,0.00,0.00,0.00,0.00
20650,DL:0.1.0:AT.1.0.0,2022-3-4 11:16:53,37.00,0.00,0.00,17.851,-0.202,-5.828,12.024,17.650,0.00,0.00,0.00,0.00,0.00,0.00,0.00,0.00,0.00,0.00,0.00,0.00,0.00,0.00,0.00,0.00,0.00
20650,DL:0.1.0:AT.1.0.0,2022-3-4 11:16:59,37.00,0.00,0.00,17.862,-0.213,-5.838,12.025,17.650,0.00,0.00,0.00,0.00,0.00,0.00,0.00,0.00,0.00,0.00,0.00,0.00,0.00,0.00,0.00,0.00,0.00
20650,DL:0.1.0:AT.1.0.0,2022-3-4 11:17:6,37.00,0.00,0.00,17.830,-0.183,-5.806,12.024,17.647,0.00,0.00,0.00,0.00,0.00,0.00,0.00,0.00,0.00,0.00,0.00,0.00,0.00,0.00,0.00,0.00,0.00
20650,DL:0.1.0:AT.1.0.0,2022-3-4 11:17:11,37.00,0.00,0.00,17.818,-0.172,-5.793,12.025,17.646,0.00,0.00,0.00,0.00,0.00,0.00,0.00,0.00,0.00,0.00,0.00,0.00,0.00,0.00,0.00,0.00,0.00
20650,DL:0.1.0:AT.1.0.0,2022-3-4 11:17:17,37.00,0.00,0.00,17.831,-0.186,-5.806,12.025,17.645,0.00,0.00,0.00,0.00,0.00,0.00,0.00,0.00,0.00,0.00,0.00,0.00,0.00,0.00,0.00,0.00,0.00
20650,DL:0.1.0:AT.1.0.0,2022-3-4 11:17:23,37.25,0.00,0.00,17.847,-0.203,-5.822,12.025,17.644,0.00,0.00,0.00,0.00,0.00,0.00,0.00,0.00,0.00,0.00,0.00,0.00,0.00,0.00,0.00,0.00,0.00
20650,DL:0.1.0:AT.1.0.0,2022-3-4 11:17:28,37.25,0.00,0.00,17.831,-0.187,-5.806,12.025,17.644,0.00,0.00,0.00,0.00,0.00,0.00,0.00,0.00,0.00,0.00,0.00,0.00,0.00,0.00,0.00,0.00,0.00
20650,DL:0.1.0:AT.1.0.0,2022-3-4 11:17:34,37.25,0.00,0.00,17.807,-0.166,-5.783,12.024,17.641,0.00,0.00,0.00,0.00,0.00,0.00,0.00,0.00,0.00,0.00,0.00,0.00,0.00,0.00,0.00,0.00,0.00
20650,DL:0.1.0:AT.1.0.0,2022-3-4 11:17:39,37.25,0.00,0.00,17.847,-0.205,-5.822,12.025,17.641,0.00,0.00,0.00,0.00,0.00,0.00,0.00,0.00,0.00,0.00,0.00,0.00,0.00,0.00,0.00,0.00,0.00
20650,DL:0.1.0:AT.1.0.0,2022-3-4 11:17:44,37.25,0.00,0.00,17.829,-0.189,-5.804,12.025,17.640,0.00,0.00,0.00,0.00,0.00,0.00,0.00,0.00,0.00,0.00,0.00,0.00,0.00,0.00,0.00,0.00,0.00
20650,DL:0.1.0:AT.1.0.0,2022-3-4 11:17:49,37.25,0.00,0.00,17.848,-0.209,-5.823,12.025,17.639,0.00,0.00,0.00,0.00,0.00,0.00,0.00,0.00,0.00,0.00,0.00,0.00,0.00,0.00,0.00,0.00,0.00
20650,DL:0.1.0:AT.1.0.0,2022-3-4 11:17:54,37.25,0.00,0.00,17.831,-0.193,-5.806,12.025,17.638,0.00,0.00,0.00,0.00,0.00,0.00,0.00,0.00,0.00,0.00,0.00,0.00,0.00,0.00,0.00,0.00,0.00
20650,DL:0.1.0:AT.1.0.0,2022-3-4 11:18:1,37.25,0.00,0.00,17.815,-0.178,-5.789,12.026,17.638,0.00,0.00,0.00,0.00,0.00,0.00,0.00,0.00,0.00,0.00,0.00,0.00,0.00,0.00,0.00,0.00,0.00
20650,DL:0.1.0:AT.1.0.0,2022-3-4 11:18:8,37.25,0.00,0.00,17.785,-0.149,-5.759,12.026,17.636,0.00,0.00,0.00,0.00,0.00,0.00,0.00,0.00,0.00,0.00,0.00,0.00,0.00,0.00,0.00,0.00,0.00
20650,DL:0.1.0:AT.1.0.0,2022-3-4 11:18:15,37.25,0.00,0.00,17.799,-0.163,-5.773,12.026,17.635,0.00,0.00,0.00,0.00,0.00,0.00,0.00,0.00,0.00,0.00,0.00,0.00,0.00,0.00,0.00,0.00,0.00
20650,DL:0.1.0:AT.1.0.0,2022-3-4 11:18:21,37.25,0.00,0.00,17.839,-0.205,-5.814,12.026,17.634,0.00,0.00,0.00,0.00,0.00,0.00,0.00,0.00,0.00,0.00,0.00,0.00,0.00,0.00,0.00,0.00,0.00
20650,DL:0.1.0:AT.1.0.0,2022-3-4 11:18:26,37.25,0.00,0.00,17.820,-0.187,-5.794,12.026,17.633,0.00,0.00,0.00,0.00,0.00,0.00,0.00,0.00,0.00,0.00,0.00,0.00,0.00,0.00,0.00,0.00,0.00
20650,DL:0.1.0:AT.1.0.0,2022-3-4 11:18:32,37.25,0.00,0.00,17.830,-0.197,-5.803,12.027,17.633,0.00,0.00,0.00,0.00,0.00,0.00,0.00,0.00,0.00,0.00,0.00,0.00,0.00,0.00,0.00,0.00,0.00
20650,DL:0.1.0:AT.1.0.0,2022-3-4 11:18:39,37.25,0.00,0.00,17.830,-0.198,-5.803,12.027,17.632,0.00,0.00,0.00,0.00,0.00,0.00,0.00,0.00,0.00,0.00,0.00,0.00,0.00,0.00,0.00,0.00,0.00
20650,DL:0.1.0:AT.1.0.0,2022-3-4 11:18:46,37.25,0.00,0.00,17.817,-0.187,-5.789,12.027,17.629,0.00,0.00,0.00,0.00,0.00,0.00,0.00,0.00,0.00,0.00,0.00,0.00,0.00,0.00,0.00,0.00,0.00
20650,DL:0.1.0:AT.1.0.0,2022-3-4 11:18:51,37.25,0.00,0.00,17.826,-0.196,-5.798,12.028,17.630,0.00,0.00,0.00,0.00,0.00,0.00,0.00,0.00,0.00,0.00,0.00,0.00,0.00,0.00,0.00,0.00,0.00
20650,DL:0.1.0:AT.1.0.0,2022-3-4 11:18:56,37.25,0.00,0.00,17.835,-0.205,-5.806,12.028,17.629,0.00,0.00,0.00,0.00,0.00,0.00,0.00,0.00,0.00,0.00,0.00,0.00,0.00,0.00,0.00,0.00,0.00
20650,DL:0.1.0:AT.1.0.0,2022-3-4 11:19:2,37.25,0.00,0.00,17.854,-0.226,-5.826,12.028,17.628,0.00,0.00,0.00,0.00,0.00,0.00,0.00,0.00,0.00,0.00,0.00,0.00,0.00,0.00,0.00,0.00,0.00
20650,DL:0.1.0:AT.1.0.0,2022-3-4 11:19:10,37.25,0.00,0.00,17.820,-0.187,-5.792,12.028,17.633,0.00,0.00,0.00,0.00,0.00,0.00,0.00,0.00,0.00,0.00,0.00,0.00,0.00,0.00,0.00,0.00,0.00
20650,DL:0.1.0:AT.1.0.0,2022-3-4 11:19:16,37.25,0.00,0.00,17.826,-0.195,-5.798,12.028,17.632,0.00,0.00,0.00,0.00,0.00,0.00,0.00,0.00,0.00,0.00,0.00,0.00,0.00,0.00,0.00,0.00,0.00
20650,DL:0.1.0:AT.1.0.0,2022-3-4 11:19:23,37.25,0.00,0.00,17.844,-0.214,-5.816,12.028,17.630,0.00,0.00,0.00,0.00,0.00,0.00,0.00,0.00,0.00,0.00,0.00,0.00,0.00,0.00,0.00,0.00,0.00
20650,DL:0.1.0:AT.1.0.0,2022-3-4 11:19:30,37.25,0.00,0.00,17.820,-0.191,-5.791,12.030,17.629,0.00,0.00,0.00,0.00,0.00,0.00,0.00,0.00,0.00,0.00,0.00,0.00,0.00,0.00,0.00,0.00,0.00
20650,DL:0.1.0:AT.1.0.0,2022-3-4 11:19:35,37.25,0.00,0.00,17.817,-0.187,-5.787,12.030,17.629,0.00,0.00,0.00,0.00,0.00,0.00,0.00,0.00,0.00,0.00,0.00,0.00,0.00,0.00,0.00,0.00,0.00
20650,DL:0.1.0:AT.1.0.0,2022-3-4 11:19:40,37.25,0.00,0.00,17.827,-0.198,-5.798,12.030,17.629,0.00,0.00,0.00,0.00,0.00,0.00,0.00,0.00,0.00,0.00,0.00,0.00,0.00,0.00,0.00,0.00,0.00
20650,DL:0.1.0:AT.1.0.0,2022-3-4 11:19:47,37.25,0.00,0.00,17.879,-0.251,-5.850,12.030,17.628,0.00,0.00,0.00,0.00,0.00,0.00,0.00,0.00,0.00,0.00,0.00,0.00,0.00,0.00,0.00,0.00,0.00
20650,DL:0.1.0:AT.1.0.0,2022-3-4 11:19:52,37.25,0.00,0.00,17.830,-0.203,-5.800,12.030,17.627,0.00,0.00,0.00,0.00,0.00,0.00,0.00,0.00,0.00,0.00,0.00,0.00,0.00,0.00,0.00,0.00,0.00
20650,DL:0.1.0:AT.1.0.0,2022-3-4 11:19:57,37.25,0.00,0.00,17.839,-0.214,-5.810,12.030,17.626,0.00,0.00,0.00,0.00,0.00,0.00,0.00,0.00,0.00,0.00,0.00,0.00,0.00,0.00,0.00,0.00,0.00
20650,DL:0.1.0:AT.1.0.0,2022-3-4 11:20:4,37.25,0.00,0.00,17.844,-0.220,-5.815,12.030,17.624,0.00,0.00,0.00,0.00,0.00,0.00,0.00,0.00,0.00,0.00,0.00,0.00,0.00,0.00,0.00,0.00,0.00
20650,DL:0.1.0:AT.1.0.0,2022-3-4 11:20:11,37.25,0.00,0.00,17.812,-0.189,-5.781,12.031,17.623,0.00,0.00,0.00,0.00,0.00,0.00,0.00,0.00,0.00,0.00,0.00,0.00,0.00,0.00,0.00,0.00,0.00
20650,DL:0.1.0:AT.1.0.0,2022-3-4 11:20:18,37.25,0.00,0.00,17.847,-0.224,-5.816,12.031,17.623,0.00,0.00,0.00,0.00,0.00,0.00,0.00,0.00,0.00,0.00,0.00,0.00,0.00,0.00,0.00,0.00,0.00
20650,DL:0.1.0:AT.1.0.0,2022-3-4 11:20:24,37.25,0.00,0.00,17.799,-0.177,-5.768,12.031,17.622,0.00,0.00,0.00,0.00,0.00,0.00,0.00,0.00,0.00,0.00,0.00,0.00,0.00,0.00,0.00,0.00,0.00
20650,DL:0.1.0:AT.1.0.0,2022-3-4 11:20:32,37.25,0.00,0.00,17.813,-0.193,-5.782,12.031,17.620,0.00,0.00,0.00,0.00,0.00,0.00,0.00,0.00,0.00,0.00,0.00,0.00,0.00,0.00,0.00,0.00,0.00
20650,DL:0.1.0:AT.1.0.0,2022-3-4 11:20:37,37.25,0.00,0.00,17.838,-0.219,-5.807,12.031,17.620,0.00,0.00,0.00,0.00,0.00,0.00,0.00,0.00,0.00,0.00,0.00,0.00,0.00,0.00,0.00,0.00,0.00
20650,DL:0.1.0:AT.1.0.0,2022-3-4 11:20:42,37.25,0.00,0.00,17.806,-0.186,-5.774,12.032,17.620,0.00,0.00,0.00,0.00,0.00,0.00,0.00,0.00,0.00,0.00,0.00,0.00,0.00,0.00,0.00,0.00,0.00
20650,DL:0.1.0:AT.1.0.0,2022-3-4 11:20:49,37.25,0.00,0.00,17.814,-0.197,-5.782,12.032,17.617,0.00,0.00,0.00,0.00,0.00,0.00,0.00,0.00,0.00,0.00,0.00,0.00,0.00,0.00,0.00,0.00,0.00
20650,DL:0.1.0:AT.1.0.0,2022-3-4 11:20:54,37.25,0.00,0.00,17.833,-0.217,-5.801,12.032,17.616,0.00,0.00,0.00,0.00,0.00,0.00,0.00,0.00,0.00,0.00,0.00,0.00,0.00,0.00,0.00,0.00,0.00
20650,DL:0.1.0:AT.1.0.0,2022-3-4 11:20:59,37.25,0.00,0.00,17.836,-0.220,-5.805,12.031,17.616,0.00,0.00,0.00,0.00,0.00,0.00,0.00,0.00,0.00,0.00,0.00,0.00,0.00,0.00,0.00,0.00,0.00
20650,DL:0.1.0:AT.1.0.0,2022-3-4 11:21:6,37.25,0.00,0.00,17.845,-0.232,-5.814,12.032,17.614,0.00,0.00,0.00,0.00,0.00,0.00,0.00,0.00,0.00,0.00,0.00,0.00,0.00,0.00,0.00,0.00,0.00
20650,DL:0.1.0:AT.1.0.0,2022-3-4 11:21:13,37.25,0.00,0.00,17.795,-0.181,-5.763,12.032,17.614,0.00,0.00,0.00,0.00,0.00,0.00,0.00,0.00,0.00,0.00,0.00,0.00,0.00,0.00,0.00,0.00,0.00
20650,DL:0.1.0:AT.1.0.0,2022-3-4 11:21:19,37.25,0.00,0.00,17.824,-0.207,-5.792,12.032,17.617,0.00,0.00,0.00,0.00,0.00,0.00,0.00,0.00,0.00,0.00,0.00,0.00,0.00,0.00,0.00,0.00,0.00
20650,DL:0.1.0:AT.1.0.0,2022-3-4 11:21:24,37.25,0.00,0.00,17.836,-0.221,-5.804,12.032,17.615,0.00,0.00,0.00,0.00,0.00,0.00,0.00,0.00,0.00,0.00,0.00,0.00,0.00,0.00,0.00,0.00,0.00
20650,DL:0.1.0:AT.1.0.0,2022-3-4 11:21:30,37.25,0.00,0.00,17.811,-0.197,-5.779,12.032,17.614,0.00,0.00,0.00,0.00,0.00,0.00,0.00,0.00,0.00,0.00,0.00,0.00,0.00,0.00,0.00,0.00,0.00
20650,DL:0.1.0:AT.1.0.0,2022-3-4 11:21:36,37.25,0.00,0.00,17.818,-0.204,-5.786,12.032,17.614,0.00,0.00,0.00,0.00,0.00,0.00,0.00,0.00,0.00,0.00,0.00,0.00,0.00,0.00,0.00,0.00,0.00
20650,DL:0.1.0:AT.1.0.0,2022-3-4 11:21:43,37.25,0.00,0.00,17.813,-0.202,-5.780,12.033,17.611,0.00,0.00,0.00,0.00,0.00,0.00,0.00,0.00,0.00,0.00,0.00,0.00,0.00,0.00,0.00,0.00,0.00
20650,DL:0.1.0:AT.1.0.0,2022-3-4 11:21:50,37.25,0.00,0.00,17.818,-0.207,-5.785,12.033,17.611,0.00,0.00,0.00,0.00,0.00,0.00,0.00,0.00,0.00,0.00,0.00,0.00,0.00,0.00,0.00,0.00,0.00
20650,DL:0.1.0:AT.1.0.0,2022-3-4 11:21:55,37.25,0.00,0.00,17.812,-0.202,-5.780,12.032,17.610,0.00,0.00,0.00,0.00,0.00,0.00,0.00,0.00,0.00,0.00,0.00,0.00,0.00,0.00,0.00,0.00,0.00
20650,DL:0.1.0:AT.1.0.0,2022-3-4 11:22:0,37.25,0.00,0.00,17.817,-0.207,-5.783,12.033,17.610,0.00,0.00,0.00,0.00,0.00,0.00,0.00,0.00,0.00,0.00,0.00,0.00,0.00,0.00,0.00,0.00,0.00
20650,DL:0.1.0:AT.1.0.0,2022-3-4 11:22:5,37.25,0.00,0.00,17.807,-0.198,-5.774,12.033,17.609,0.00,0.00,0.00,0.00,0.00,0.00,0.00,0.00,0.00,0.00,0.00,0.00,0.00,0.00,0.00,0.00,0.00
20650,DL:0.1.0:AT.1.0.0,2022-3-4 11:22:11,37.25,0.00,0.00,17.817,-0.208,-5.783,12.033,17.609,0.00,0.00,0.00,0.00,0.00,0.00,0.00,0.00,0.00,0.00,0.00,0.00,0.00,0.00,0.00,0.00,0.00
20650,DL:0.1.0:AT.1.0.0,2022-3-4 11:22:17,37.25,0.00,0.00,17.796,-0.190,-5.763,12.033,17.606,0.00,0.00,0.00,0.00,0.00,0.00,0.00,0.00,0.00,0.00,0.00,0.00,0.00,0.00,0.00,0.00,0.00
20650,DL:0.1.0:AT.1.0.0,2022-3-4 11:22:26,37.25,0.00,0.00,17.809,-0.203,-5.776,12.033,17.606,0.00,0.00,0.00,0.00,0.00,0.00,0.00,0.00,0.00,0.00,0.00,0.00,0.00,0.00,0.00,0.00,0.00
20650,DL:0.1.0:AT.1.0.0,2022-3-4 11:22:31,37.25,0.00,0.00,17.823,-0.217,-5.789,12.033,17.605,0.00,0.00,0.00,0.00,0.00,0.00,0.00,0.00,0.00,0.00,0.00,0.00,0.00,0.00,0.00,0.00,0.00
20650,DL:0.1.0:AT.1.0.0,2022-3-4 11:22:36,37.25,0.00,0.00,17.830,-0.225,-5.797,12.033,17.605,0.00,0.00,0.00,0.00,0.00,0.00,0.00,0.00,0.00,0.00,0.00,0.00,0.00,0.00,0.00,0.00,0.00
20650,DL:0.1.0:AT.1.0.0,2022-3-4 11:22:41,37.25,0.00,0.00,17.836,-0.232,-5.801,12.034,17.604,0.00,0.00,0.00,0.00,0.00,0.00,0.00,0.00,0.00,0.00,0.00,0.00,0.00,0.00,0.00,0.00,0.00
20650,DL:0.1.0:AT.1.0.0,2022-3-4 11:22:48,37.25,0.00,0.00,17.819,-0.216,-5.785,12.034,17.603,0.00,0.00,0.00,0.00,0.00,0.00,0.00,0.00,0.00,0.00,0.00,0.00,0.00,0.00,0.00,0.00,0.00
20650,DL:0.1.0:AT.1.0.0,2022-3-4 11:22:57,37.25,0.00,0.00,17.796,-0.193,-5.761,12.036,17.603,0.00,0.00,0.00,0.00,0.00,0.00,0.00,0.00,0.00,0.00,0.00,0.00,0.00,0.00,0.00,0.00,0.00
20650,DL:0.1.0:AT.1.0.0,2022-3-4 11:23:2,37.25,0.00,0.00,17.801,-0.199,-5.765,12.036,17.602,0.00,0.00,0.00,0.00,0.00,0.00,0.00,0.00,0.00,0.00,0.00,0.00,0.00,0.00,0.00,0.00,0.00
20650,DL:0.1.0:AT.1.0.0,2022-3-4 11:23:9,37.25,0.00,0.00,17.832,-0.233,-5.797,12.036,17.599,0.00,0.00,0.00,0.00,0.00,0.00,0.00,0.00,0.00,0.00,0.00,0.00,0.00,0.00,0.00,0.00,0.00
20650,DL:0.1.0:AT.1.0.0,2022-3-4 11:23:16,37.25,0.00,0.00,17.825,-0.226,-5.789,12.036,17.599,0.00,0.00,0.00,0.00,0.00,0.00,0.00,0.00,0.00,0.00,0.00,0.00,0.00,0.00,0.00,0.00,0.00
20650,DL:0.1.0:AT.1.0.0,2022-3-4 11:23:22,37.25,0.00,0.00,17.826,-0.227,-5.791,12.036,17.599,0.00,0.00,0.00,0.00,0.00,0.00,0.00,0.00,0.00,0.00,0.00,0.00,0.00,0.00,0.00,0.00,0.00
20650,DL:0.1.0:AT.1.0.0,2022-3-4 11:23:29,37.25,0.00,0.00,17.818,-0.219,-5.782,12.036,17.599,0.00,0.00,0.00,0.00,0.00,0.00,0.00,0.00,0.00,0.00,0.00,0.00,0.00,0.00,0.00,0.00,0.00
20650,DL:0.1.0:AT.1.0.0,2022-3-4 11:23:34,37.25,0.00,0.00,17.830,-0.231,-5.794,12.036,17.599,0.00,0.00,0.00,0.00,0.00,0.00,0.00,0.00,0.00,0.00,0.00,0.00,0.00,0.00,0.00,0.00,0.00
20650,DL:0.1.0:AT.1.0.0,2022-3-4 11:23:40,37.25,0.00,0.00,17.806,-0.208,-5.770,12.036,17.598,0.00,0.00,0.00,0.00,0.00,0.00,0.00,0.00,0.00,0.00,0.00,0.00,0.00,0.00,0.00,0.00,0.00
20650,DL:0.1.0:AT.1.0.0,2022-3-4 11:23:47,37.50,0.00,0.00,17.826,-0.227,-5.789,12.037,17.599,0.00,0.00,0.00,0.00,0.00,0.00,0.00,0.00,0.00,0.00,0.00,0.00,0.00,0.00,0.00,0.00,0.00
20650,DL:0.1.0:AT.1.0.0,2022-3-4 11:23:53,37.50,0.00,0.00,17.842,-0.239,-5.805,12.037,17.603,0.00,0.00,0.00,0.00,0.00,0.00,0.00,0.00,0.00,0.00,0.00,0.00,0.00,0.00,0.00,0.00,0.00
20650,DL:0.1.0:AT.1.0.0,2022-3-4 11:24:1,37.50,0.00,0.00,17.839,-0.239,-5.803,12.037,17.600,0.00,0.00,0.00,0.00,0.00,0.00,0.00,0.00,0.00,0.00,0.00,0.00,0.00,0.00,0.00,0.00,0.00
20650,DL:0.1.0:AT.1.0.0,2022-3-4 11:24:7,37.50,0.00,0.00,17.830,-0.232,-5.792,12.038,17.598,0.00,0.00,0.00,0.00,0.00,0.00,0.00,0.00,0.00,0.00,0.00,0.00,0.00,0.00,0.00,0.00,0.00
20650,DL:0.1.0:AT.1.0.0,2022-3-4 11:24:17,37.50,0.00,0.00,17.806,-0.208,-5.768,12.038,17.598,0.00,0.00,0.00,0.00,0.00,0.00,0.00,0.00,0.00,0.00,0.00,0.00,0.00,0.00,0.00,0.00,0.00
20650,DL:0.1.0:AT.1.0.0,2022-3-4 11:24:24,37.50,0.00,0.00,17.830,-0.234,-5.792,12.038,17.596,0.00,0.00,0.00,0.00,0.00,0.00,0.00,0.00,0.00,0.00,0.00,0.00,0.00,0.00,0.00,0.00,0.00
20650,DL:0.1.0:AT.1.0.0,2022-3-4 11:24:32,37.50,0.00,0.00,17.800,-0.204,-5.761,12.039,17.596,0.00,0.00,0.00,0.00,0.00,0.00,0.00,0.00,0.00,0.00,0.00,0.00,0.00,0.00,0.00,0.00,0.00
20650,DL:0.1.0:AT.1.0.0,2022-3-4 11:24:38,37.50,0.00,0.00,17.821,-0.227,-5.782,12.039,17.594,0.00,0.00,0.00,0.00,0.00,0.00,0.00,0.00,0.00,0.00,0.00,0.00,0.00,0.00,0.00,0.00,0.00
20650,DL:0.1.0:AT.1.0.0,2022-3-4 11:24:43,37.50,0.00,0.00,17.815,-0.222,-5.776,12.039,17.593,0.00,0.00,0.00,0.00,0.00,0.00,0.00,0.00,0.00,0.00,0.00,0.00,0.00,0.00,0.00,0.00,0.00
20650,DL:0.1.0:AT.1.0.0,2022-3-4 11:24:48,37.50,0.00,0.00,17.787,-0.193,-5.747,12.039,17.593,0.00,0.00,0.00,0.00,0.00,0.00,0.00,0.00,0.00,0.00,0.00,0.00,0.00,0.00,0.00,0.00,0.00
20650,DL:0.1.0:AT.1.0.0,2022-3-4 11:24:55,37.50,0.00,0.00,17.833,-0.243,-5.794,12.039,17.591,0.00,0.00,0.00,0.00,0.00,0.00,0.00,0.00,0.00,0.00,0.00,0.00,0.00,0.00,0.00,0.00,0.00
20650,DL:0.1.0:AT.1.0.0,2022-3-4 11:25:0,37.50,0.00,0.00,17.805,-0.215,-5.765,12.039,17.590,0.00,0.00,0.00,0.00,0.00,0.00,0.00,0.00,0.00,0.00,0.00,0.00,0.00,0.00,0.00,0.00,0.00
20650,DL:0.1.0:AT.1.0.0,2022-3-4 11:25:5,37.50,0.00,0.00,17.843,-0.255,-5.804,12.039,17.588,0.00,0.00,0.00,0.00,0.00,0.00,0.00,0.00,0.00,0.00,0.00,0.00,0.00,0.00,0.00,0.00,0.00
20650,DL:0.1.0:AT.1.0.0,2022-3-4 11:25:12,37.50,0.00,0.00,17.827,-0.240,-5.788,12.039,17.587,0.00,0.00,0.00,0.00,0.00,0.00,0.00,0.00,0.00,0.00,0.00,0.00,0.00,0.00,0.00,0.00,0.00
20650,DL:0.1.0:AT.1.0.0,2022-3-4 11:25:18,37.50,0.00,0.00,17.831,-0.245,-5.791,12.040,17.586,0.00,0.00,0.00,0.00,0.00,0.00,0.00,0.00,0.00,0.00,0.00,0.00,0.00,0.00,0.00,0.00,0.00
20650,DL:0.1.0:AT.1.0.0,2022-3-4 11:25:25,37.50,0.00,0.00,17.826,-0.243,-5.786,12.040,17.584,0.00,0.00,0.00,0.00,0.00,0.00,0.00,0.00,0.00,0.00,0.00,0.00,0.00,0.00,0.00,0.00,0.00
20650,DL:0.1.0:AT.1.0.0,2022-3-4 11:25:31,37.50,0.00,0.00,17.819,-0.234,-5.779,12.040,17.585,0.00,0.00,0.00,0.00,0.00,0.00,0.00,0.00,0.00,0.00,0.00,0.00,0.00,0.00,0.00,0.00,0.00
20650,DL:0.1.0:AT.1.0.0,2022-3-4 11:25:36,37.50,0.00,0.00,17.825,-0.242,-5.783,12.042,17.584,0.00,0.00,0.00,0.00,0.00,0.00,0.00,0.00,0.00,0.00,0.00,0.00,0.00,0.00,0.00,0.00,0.00
20650,DL:0.1.0:AT.1.0.0,2022-3-4 11:25:41,37.50,0.00,0.00,17.793,-0.210,-5.751,12.042,17.582,0.00,0.00,0.00,0.00,0.00,0.00,0.00,0.00,0.00,0.00,0.00,0.00,0.00,0.00,0.00,0.00,0.00
20650,DL:0.1.0:AT.1.0.0,2022-3-4 11:25:46,37.50,0.00,0.00,17.814,-0.227,-5.771,12.043,17.587,0.00,0.00,0.00,0.00,0.00,0.00,0.00,0.00,0.00,0.00,0.00,0.00,0.00,0.00,0.00,0.00,0.00
20650,DL:0.1.0:AT.1.0.0,2022-3-4 11:25:51,37.50,0.00,0.00,17.839,-0.254,-5.798,12.042,17.586,0.00,0.00,0.00,0.00,0.00,0.00,0.00,0.00,0.00,0.00,0.00,0.00,0.00,0.00,0.00,0.00,0.00
20650,DL:0.1.0:AT.1.0.0,2022-3-4 11:25:56,37.50,0.00,0.00,17.814,-0.230,-5.771,12.043,17.585,0.00,0.00,0.00,0.00,0.00,0.00,0.00,0.00,0.00,0.00,0.00,0.00,0.00,0.00,0.00,0.00,0.00
20650,DL:0.1.0:AT.1.0.0,2022-3-4 11:26:3,37.50,0.00,0.00,17.817,-0.234,-5.774,12.043,17.582,0.00,0.00,0.00,0.00,0.00,0.00,0.00,0.00,0.00,0.00,0.00,0.00,0.00,0.00,0.00,0.00,0.00
20650,DL:0.1.0:AT.1.0.0,2022-3-4 11:26:10,37.50,0.00,0.00,17.812,-0.230,-5.768,12.044,17.582,0.00,0.00,0.00,0.00,0.00,0.00,0.00,0.00,0.00,0.00,0.00,0.00,0.00,0.00,0.00,0.00,0.00
20650,DL:0.1.0:AT.1.0.0,2022-3-4 11:26:17,37.50,0.00,0.00,17.825,-0.245,-5.782,12.043,17.580,0.00,0.00,0.00,0.00,0.00,0.00,0.00,0.00,0.00,0.00,0.00,0.00,0.00,0.00,0.00,0.00,0.00
20650,DL:0.1.0:AT.1.0.0,2022-3-4 11:26:23,37.50,0.00,0.00,17.809,-0.231,-5.765,12.044,17.579,0.00,0.00,0.00,0.00,0.00,0.00,0.00,0.00,0.00,0.00,0.00,0.00,0.00,0.00,0.00,0.00,0.00
20650,DL:0.1.0:AT.1.0.0,2022-3-4 11:26:28,37.50,0.00,0.00,17.820,-0.243,-5.776,12.044,17.578,0.00,0.00,0.00,0.00,0.00,0.00,0.00,0.00,0.00,0.00,0.00,0.00,0.00,0.00,0.00,0.00,0.00
20650,DL:0.1.0:AT.1.0.0,2022-3-4 11:26:34,37.50,0.00,0.00,17.809,-0.233,-5.767,12.043,17.576,0.00,0.00,0.00,0.00,0.00,0.00,0.00,0.00,0.00,0.00,0.00,0.00,0.00,0.00,0.00,0.00,0.00
20650,DL:0.1.0:AT.1.0.0,2022-3-4 11:26:39,37.50,0.00,0.00,17.815,-0.240,-5.773,12.043,17.575,0.00,0.00,0.00,0.00,0.00,0.00,0.00,0.00,0.00,0.00,0.00,0.00,0.00,0.00,0.00,0.00,0.00
20650,DL:0.1.0:AT.1.0.0,2022-3-4 11:26:44,37.50,0.00,0.00,17.805,-0.232,-5.762,12.043,17.573,0.00,0.00,0.00,0.00,0.00,0.00,0.00,0.00,0.00,0.00,0.00,0.00,0.00,0.00,0.00,0.00,0.00
20650,DL:0.1.0:AT.1.0.0,2022-3-4 11:26:49,37.50,0.00,0.00,17.799,-0.225,-5.755,12.044,17.574,0.00,0.00,0.00,0.00,0.00,0.00,0.00,0.00,0.00,0.00,0.00,0.00,0.00,0.00,0.00,0.00,0.00
20650,DL:0.1.0:AT.1.0.0,2022-3-4 11:26:54,37.50,0.00,0.00,17.784,-0.213,-5.741,12.043,17.571,0.00,0.00,0.00,0.00,0.00,0.00,0.00,0.00,0.00,0.00,0.00,0.00,0.00,0.00,0.00,0.00,0.00
20650,DL:0.1.0:AT.1.0.0,2022-3-4 11:27:6,37.50,0.00,0.00,17.773,-0.204,-5.729,12.044,17.569,0.00,0.00,0.00,0.00,0.00,0.00,0.00,0.00,0.00,0.00,0.00,0.00,0.00,0.00,0.00,0.00,0.00
20650,DL:0.1.0:AT.1.0.0,2022-3-4 11:27:11,37.50,0.00,0.00,17.801,-0.232,-5.757,12.044,17.569,0.00,0.00,0.00,0.00,0.00,0.00,0.00,0.00,0.00,0.00,0.00,0.00,0.00,0.00,0.00,0.00,0.00
20650,DL:0.1.0:AT.1.0.0,2022-3-4 11:27:18,37.50,0.00,0.00,17.811,-0.244,-5.767,12.044,17.567,0.00,0.00,0.00,0.00,0.00,0.00,0.00,0.00,0.00,0.00,0.00,0.00,0.00,0.00,0.00,0.00,0.00
20650,DL:0.1.0:AT.1.0.0,2022-3-4 11:27:23,37.50,0.00,0.00,17.787,-0.221,-5.743,12.044,17.565,0.00,0.00,0.00,0.00,0.00,0.00,0.00,0.00,0.00,0.00,0.00,0.00,0.00,0.00,0.00,0.00,0.00
20650,DL:0.1.0:AT.1.0.0,2022-3-4 11:27:29,37.50,0.00,0.00,17.815,-0.251,-5.771,12.044,17.564,0.00,0.00,0.00,0.00,0.00,0.00,0.00,0.00,0.00,0.00,0.00,0.00,0.00,0.00,0.00,0.00,0.00
20650,DL:0.1.0:AT.1.0.0,2022-3-4 11:27:38,37.50,0.00,0.00,17.814,-0.251,-5.770,12.044,17.563,0.00,0.00,0.00,0.00,0.00,0.00,0.00,0.00,0.00,0.00,0.00,0.00,0.00,0.00,0.00,0.00,0.00
20650,DL:0.1.0:AT.1.0.0,2022-3-4 11:27:46,37.50,0.00,0.00,17.818,-0.256,-5.774,12.044,17.562,0.00,0.00,0.00,0.00,0.00,0.00,0.00,0.00,0.00,0.00,0.00,0.00,0.00,0.00,0.00,0.00,0.00
20650,DL:0.1.0:AT.1.0.0,2022-3-4 11:27:51,37.50,0.00,0.00,17.812,-0.251,-5.769,12.043,17.561,0.00,0.00,0.00,0.00,0.00,0.00,0.00,0.00,0.00,0.00,0.00,0.00,0.00,0.00,0.00,0.00,0.00
20650,DL:0.1.0:AT.1.0.0,2022-3-4 11:27:56,37.50,0.00,0.00,17.803,-0.243,-5.759,12.044,17.561,0.00,0.00,0.00,0.00,0.00,0.00,0.00,0.00,0.00,0.00,0.00,0.00,0.00,0.00,0.00,0.00,0.00
20650,DL:0.1.0:AT.1.0.0,2022-3-4 11:28:4,37.50,0.00,0.00,17.821,-0.258,-5.777,12.044,17.563,0.00,0.00,0.00,0.00,0.00,0.00,0.00,0.00,0.00,0.00,0.00,0.00,0.00,0.00,0.00,0.00,0.00
20650,DL:0.1.0:AT.1.0.0,2022-3-4 11:28:10,37.50,0.00,0.00,17.811,-0.248,-5.767,12.044,17.563,0.00,0.00,0.00,0.00,0.00,0.00,0.00,0.00,0.00,0.00,0.00,0.00,0.00,0.00,0.00,0.00,0.00
20650,DL:0.1.0:AT.1.0.0,2022-3-4 11:28:16,37.50,0.00,0.00,17.818,-0.257,-5.774,12.044,17.561,0.00,0.00,0.00,0.00,0.00,0.00,0.00,0.00,0.00,0.00,0.00,0.00,0.00,0.00,0.00,0.00,0.00
20650,DL:0.1.0:AT.1.0.0,2022-3-4 11:28:23,37.50,0.00,0.00,17.839,-0.280,-5.795,12.044,17.559,0.00,0.00,0.00,0.00,0.00,0.00,0.00,0.00,0.00,0.00,0.00,0.00,0.00,0.00,0.00,0.00,0.00
20650,DL:0.1.0:AT.1.0.0,2022-3-4 11:28:30,37.50,0.00,0.00,17.824,-0.266,-5.780,12.044,17.558,0.00,0.00,0.00,0.00,0.00,0.00,0.00,0.00,0.00,0.00,0.00,0.00,0.00,0.00,0.00,0.00,0.00
20650,DL:0.1.0:AT.1.0.0,2022-3-4 11:28:35,37.50,0.00,0.00,17.818,-0.261,-5.774,12.044,17.557,0.00,0.00,0.00,0.00,0.00,0.00,0.00,0.00,0.00,0.00,0.00,0.00,0.00,0.00,0.00,0.00,0.00
20650,DL:0.1.0:AT.1.0.0,2022-3-4 11:28:40,37.50,0.00,0.00,17.856,-0.299,-5.812,12.044,17.557,0.00,0.00,0.00,0.00,0.00,0.00,0.00,0.00,0.00,0.00,0.00,0.00,0.00,0.00,0.00,0.00,0.00
20650,DL:0.1.0:AT.1.0.0,2022-3-4 11:28:47,37.50,0.00,0.00,17.843,-0.287,-5.798,12.045,17.556,0.00,0.00,0.00,0.00,0.00,0.00,0.00,0.00,0.00,0.00,0.00,0.00,0.00,0.00,0.00,0.00,0.00
20650,DL:0.1.0:AT.1.0.0,2022-3-4 11:28:52,37.50,0.00,0.00,17.844,-0.288,-5.800,12.044,17.556,0.00,0.00,0.00,0.00,0.00,0.00,0.00,0.00,0.00,0.00,0.00,0.00,0.00,0.00,0.00,0.00,0.00
20650,DL:0.1.0:AT.1.0.0,2022-3-4 11:29:0,37.50,0.00,0.00,17.847,-0.293,-5.803,12.044,17.553,0.00,0.00,0.00,0.00,0.00,0.00,0.00,0.00,0.00,0.00,0.00,0.00,0.00,0.00,0.00,0.00,0.00
20650,DL:0.1.0:AT.1.0.0,2022-3-4 11:29:7,37.50,0.00,0.00,17.841,-0.287,-5.797,12.044,17.553,0.00,0.00,0.00,0.00,0.00,0.00,0.00,0.00,0.00,0.00,0.00,0.00,0.00,0.00,0.00,0.00,0.00
20650,DL:0.1.0:AT.1.0.0,2022-3-4 11:29:14,37.50,0.00,0.00,17.844,-0.293,-5.800,12.044,17.551,0.00,0.00,0.00,0.00,0.00,0.00,0.00,0.00,0.00,0.00,0.00,0.00,0.00,0.00,0.00,0.00,0.00
20650,DL:0.1.0:AT.1.0.0,2022-3-4 11:29:21,37.50,0.00,0.00,17.835,-0.284,-5.791,12.044,17.551,0.00,0.00,0.00,0.00,0.00,0.00,0.00,0.00,0.00,0.00,0.00,0.00,0.00,0.00,0.00,0.00,0.00
20650,DL:0.1.0:AT.1.0.0,2022-3-4 11:29:28,37.50,0.00,0.00,17.842,-0.293,-5.799,12.043,17.549,0.00,0.00,0.00,0.00,0.00,0.00,0.00,0.00,0.00,0.00,0.00,0.00,0.00,0.00,0.00,0.00,0.00
20650,DL:0.1.0:AT.1.0.0,2022-3-4 11:29:40,37.50,0.00,0.00,17.826,-0.279,-5.783,12.043,17.547,0.00,0.00,0.00,0.00,0.00,0.00,0.00,0.00,0.00,0.00,0.00,0.00,0.00,0.00,0.00,0.00,0.00
20650,DL:0.1.0:AT.1.0.0,2022-3-4 11:29:45,37.50,0.00,0.00,17.836,-0.288,-5.793,12.043,17.547,0.00,0.00,0.00,0.00,0.00,0.00,0.00,0.00,0.00,0.00,0.00,0.00,0.00,0.00,0.00,0.00,0.00
20650,DL:0.1.0:AT.1.0.0,2022-3-4 11:29:52,37.50,0.00,0.00,17.845,-0.299,-5.801,12.044,17.546,0.00,0.00,0.00,0.00,0.00,0.00,0.00,0.00,0.00,0.00,0.00,0.00,0.00,0.00,0.00,0.00,0.00
20650,DL:0.1.0:AT.1.0.0,2022-3-4 11:29:59,37.50,0.00,0.00,17.837,-0.292,-5.793,12.044,17.545,0.00,0.00,0.00,0.00,0.00,0.00,0.00,0.00,0.00,0.00,0.00,0.00,0.00,0.00,0.00,0.00,0.00
20650,DL:0.1.0:AT.1.0.0,2022-3-4 11:30:11,37.50,0.00,0.00,17.845,-0.302,-5.801,12.044,17.544,0.00,0.00,0.00,0.00,0.00,0.00,0.00,0.00,0.00,0.00,0.00,0.00,0.00,0.00,0.00,0.00,0.00
20650,DL:0.1.0:AT.1.0.0,2022-3-4 11:30:16,37.50,0.00,0.00,17.826,-0.282,-5.782,12.044,17.544,0.00,0.00,0.00,0.00,0.00,0.00,0.00,0.00,0.00,0.00,0.00,0.00,0.00,0.00,0.00,0.00,0.00
20650,DL:0.1.0:AT.1.0.0,2022-3-4 11:30:23,37.50,0.00,0.00,17.813,-0.269,-5.769,12.044,17.544,0.00,0.00,0.00,0.00,0.00,0.00,0.00,0.00,0.00,0.00,0.00,0.00,0.00,0.00,0.00,0.00,0.00
20650,DL:0.1.0:AT.1.0.0,2022-3-4 11:30:30,37.50,0.00,0.00,17.823,-0.280,-5.779,12.044,17.543,0.00,0.00,0.00,0.00,0.00,0.00,0.00,0.00,0.00,0.00,0.00,0.00,0.00,0.00,0.00,0.00,0.00
20650,DL:0.1.0:AT.1.0.0,2022-3-4 11:30:35,37.50,0.00,0.00,17.861,-0.318,-5.817,12.044,17.543,0.00,0.00,0.00,0.00,0.00,0.00,0.00,0.00,0.00,0.00,0.00,0.00,0.00,0.00,0.00,0.00,0.00
20650,DL:0.1.0:AT.1.0.0,2022-3-4 11:30:40,37.50,0.00,0.00,17.855,-0.312,-5.810,12.045,17.543,0.00,0.00,0.00,0.00,0.00,0.00,0.00,0.00,0.00,0.00,0.00,0.00,0.00,0.00,0.00,0.00,0.00
20650,DL:0.1.0:AT.1.0.0,2022-3-4 11:30:45,37.50,0.00,0.00,17.832,-0.285,-5.788,12.044,17.547,0.00,0.00,0.00,0.00,0.00,0.00,0.00,0.00,0.00,0.00,0.00,0.00,0.00,0.00,0.00,0.00,0.00
20650,DL:0.1.0:AT.1.0.0,2022-3-4 11:30:50,37.50,0.00,0.00,17.833,-0.287,-5.789,12.044,17.546,0.00,0.00,0.00,0.00,0.00,0.00,0.00,0.00,0.00,0.00,0.00,0.00,0.00,0.00,0.00,0.00,0.00
20650,DL:0.1.0:AT.1.0.0,2022-3-4 11:30:57,37.50,0.00,0.00,17.865,-0.318,-5.820,12.045,17.546,0.00,0.00,0.00,0.00,0.00,0.00,0.00,0.00,0.00,0.00,0.00,0.00,0.00,0.00,0.00,0.00,0.00
20650,DL:0.1.0:AT.1.0.0,2022-3-4 11:31:2,37.50,0.00,0.00,17.841,-0.294,-5.795,12.045,17.546,0.00,0.00,0.00,0.00,0.00,0.00,0.00,0.00,0.00,0.00,0.00,0.00,0.00,0.00,0.00,0.00,0.00
20650,DL:0.1.0:AT.1.0.0,2022-3-4 11:31:8,37.50,0.00,0.00,17.850,-0.304,-5.806,12.044,17.546,0.00,0.00,0.00,0.00,0.00,0.00,0.00,0.00,0.00,0.00,0.00,0.00,0.00,0.00,0.00,0.00,0.00
20650,DL:0.1.0:AT.1.0.0,2022-3-4 11:31:13,37.50,0.00,0.00,17.853,-0.305,-5.807,12.045,17.547,0.00,0.00,0.00,0.00,0.00,0.00,0.00,0.00,0.00,0.00,0.00,0.00,0.00,0.00,0.00,0.00,0.00
20650,DL:0.1.0:AT.1.0.0,2022-3-4 11:31:18,37.50,0.00,0.00,17.851,-0.305,-5.806,12.045,17.546,0.00,0.00,0.00,0.00,0.00,0.00,0.00,0.00,0.00,0.00,0.00,0.00,0.00,0.00,0.00,0.00,0.00
20650,DL:0.1.0:AT.1.0.0,2022-3-4 11:31:23,37.50,0.00,0.00,17.811,-0.264,-5.765,12.045,17.546,0.00,0.00,0.00,0.00,0.00,0.00,0.00,0.00,0.00,0.00,0.00,0.00,0.00,0.00,0.00,0.00,0.00
20650,DL:0.1.0:AT.1.0.0,2022-3-4 11:31:28,37.50,0.00,0.00,17.841,-0.294,-5.795,12.045,17.546,0.00,0.00,0.00,0.00,0.00,0.00,0.00,0.00,0.00,0.00,0.00,0.00,0.00,0.00,0.00,0.00,0.00
20650,DL:0.1.0:AT.1.0.0,2022-3-4 11:31:35,37.50,0.00,0.00,17.819,-0.273,-5.773,12.046,17.546,0.00,0.00,0.00,0.00,0.00,0.00,0.00,0.00,0.00,0.00,0.00,0.00,0.00,0.00,0.00,0.00,0.00
20650,DL:0.1.0:AT.1.0.0,2022-3-4 11:31:42,37.50,0.00,0.00,17.859,-0.311,-5.810,12.049,17.547,0.00,0.00,0.00,0.00,0.00,0.00,0.00,0.00,0.00,0.00,0.00,0.00,0.00,0.00,0.00,0.00,0.00
20650,DL:0.1.0:AT.1.0.0,2022-3-4 11:31:49,37.50,0.00,0.00,17.847,-0.299,-5.798,12.049,17.547,0.00,0.00,0.00,0.00,0.00,0.00,0.00,0.00,0.00,0.00,0.00,0.00,0.00,0.00,0.00,0.00,0.00
20650,DL:0.1.0:AT.1.0.0,2022-3-4 11:31:55,37.50,0.00,0.00,17.849,-0.303,-5.800,12.049,17.546,0.00,0.00,0.00,0.00,0.00,0.00,0.00,0.00,0.00,0.00,0.00,0.00,0.00,0.00,0.00,0.00,0.00
20650,DL:0.1.0:AT.1.0.0,2022-3-4 11:32:2,37.50,0.00,0.00,17.848,-0.302,-5.798,12.050,17.546,0.00,0.00,0.00,0.00,0.00,0.00,0.00,0.00,0.00,0.00,0.00,0.00,0.00,0.00,0.00,0.00,0.00
20650,DL:0.1.0:AT.1.0.0,2022-3-4 11:32:14,37.50,0.00,0.00,17.830,-0.284,-5.780,12.050,17.546,0.00,0.00,0.00,0.00,0.00,0.00,0.00,0.00,0.00,0.00,0.00,0.00,0.00,0.00,0.00,0.00,0.00
20650,DL:0.1.0:AT.1.0.0,2022-3-4 11:32:19,37.75,0.00,0.00,17.833,-0.287,-5.783,12.050,17.546,0.00,0.00,0.00,0.00,0.00,0.00,0.00,0.00,0.00,0.00,0.00,0.00,0.00,0.00,0.00,0.00,0.00
20650,DL:0.1.0:AT.1.0.0,2022-3-4 11:32:24,37.75,0.00,0.00,17.809,-0.264,-5.759,12.050,17.545,0.00,0.00,0.00,0.00,0.00,0.00,0.00,0.00,0.00,0.00,0.00,0.00,0.00,0.00,0.00,0.00,0.00
20650,DL:0.1.0:AT.1.0.0,2022-3-4 11:32:30,37.75,0.00,0.00,17.851,-0.308,-5.801,12.050,17.544,0.00,0.00,0.00,0.00,0.00,0.00,0.00,0.00,0.00,0.00,0.00,0.00,0.00,0.00,0.00,0.00,0.00
20650,DL:0.1.0:AT.1.0.0,2022-3-4 11:32:37,37.75,0.00,0.00,17.856,-0.314,-5.806,12.050,17.543,0.00,0.00,0.00,0.00,0.00,0.00,0.00,0.00,0.00,0.00,0.00,0.00,0.00,0.00,0.00,0.00,0.00
20650,DL:0.1.0:AT.1.0.0,2022-3-4 11:32:45,37.75,0.00,0.00,17.839,-0.297,-5.789,12.050,17.543,0.00,0.00,0.00,0.00,0.00,0.00,0.00,0.00,0.00,0.00,0.00,0.00,0.00,0.00,0.00,0.00,0.00
20650,DL:0.1.0:AT.1.0.0,2022-3-4 11:32:50,37.75,0.00,0.00,17.850,-0.309,-5.800,12.050,17.541,0.00,0.00,0.00,0.00,0.00,0.00,0.00,0.00,0.00,0.00,0.00,0.00,0.00,0.00,0.00,0.00,0.00
20650,DL:0.1.0:AT.1.0.0,2022-3-4 11:32:57,37.75,0.00,0.00,17.860,-0.318,-5.810,12.050,17.541,0.00,0.00,0.00,0.00,0.00,0.00,0.00,0.00,0.00,0.00,0.00,0.00,0.00,0.00,0.00,0.00,0.00
20650,DL:0.1.0:AT.1.0.0,2022-3-4 11:33:2,37.75,0.00,0.00,17.855,-0.314,-5.804,12.051,17.541,0.00,0.00,0.00,0.00,0.00,0.00,0.00,0.00,0.00,0.00,0.00,0.00,0.00,0.00,0.00,0.00,0.00
20650,DL:0.1.0:AT.1.0.0,2022-3-4 11:33:8,37.75,0.00,0.00,17.844,-0.304,-5.794,12.050,17.540,0.00,0.00,0.00,0.00,0.00,0.00,0.00,0.00,0.00,0.00,0.00,0.00,0.00,0.00,0.00,0.00,0.00
20650,DL:0.1.0:AT.1.0.0,2022-3-4 11:33:15,37.75,0.00,0.00,17.836,-0.297,-5.785,12.051,17.539,0.00,0.00,0.00,0.00,0.00,0.00,0.00,0.00,0.00,0.00,0.00,0.00,0.00,0.00,0.00,0.00,0.00
20650,DL:0.1.0:AT.1.0.0,2022-3-4 11:33:20,37.75,0.00,0.00,17.836,-0.297,-5.785,12.051,17.539,0.00,0.00,0.00,0.00,0.00,0.00,0.00,0.00,0.00,0.00,0.00,0.00,0.00,0.00,0.00,0.00,0.00
20650,DL:0.1.0:AT.1.0.0,2022-3-4 11:33:28,37.75,0.00,0.00,17.843,-0.305,-5.792,12.051,17.538,0.00,0.00,0.00,0.00,0.00,0.00,0.00,0.00,0.00,0.00,0.00,0.00,0.00,0.00,0.00,0.00,0.00
20650,DL:0.1.0:AT.1.0.0,2022-3-4 11:33:35,37.75,0.00,0.00,17.818,-0.281,-5.767,12.051,17.537,0.00,0.00,0.00,0.00,0.00,0.00,0.00,0.00,0.00,0.00,0.00,0.00,0.00,0.00,0.00,0.00,0.00
20650,DL:0.1.0:AT.1.0.0,2022-3-4 11:33:46,37.75,0.00,0.00,17.837,-0.302,-5.786,12.051,17.535,0.00,0.00,0.00,0.00,0.00,0.00,0.00,0.00,0.00,0.00,0.00,0.00,0.00,0.00,0.00,0.00,0.00
20650,DL:0.1.0:AT.1.0.0,2022-3-4 11:33:52,37.75,0.00,0.00,17.817,-0.278,-5.765,12.051,17.539,0.00,0.00,0.00,0.00,0.00,0.00,0.00,0.00,0.00,0.00,0.00,0.00,0.00,0.00,0.00,0.00,0.00
20650,DL:0.1.0:AT.1.0.0,2022-3-4 11:33:59,37.75,0.00,0.00,17.831,-0.293,-5.780,12.051,17.538,0.00,0.00,0.00,0.00,0.00,0.00,0.00,0.00,0.00,0.00,0.00,0.00,0.00,0.00,0.00,0.00,0.00
20650,DL:0.1.0:AT.1.0.0,2022-3-4 11:34:4,37.75,0.00,0.00,17.817,-0.280,-5.765,12.051,17.537,0.00,0.00,0.00,0.00,0.00,0.00,0.00,0.00,0.00,0.00,0.00,0.00,0.00,0.00,0.00,0.00,0.00
20650,DL:0.1.0:AT.1.0.0,2022-3-4 11:34:9,37.75,0.00,0.00,17.837,-0.302,-5.785,12.052,17.535,0.00,0.00,0.00,0.00,0.00,0.00,0.00,0.00,0.00,0.00,0.00,0.00,0.00,0.00,0.00,0.00,0.00
20650,DL:0.1.0:AT.1.0.0,2022-3-4 11:34:16,37.75,0.00,0.00,17.851,-0.317,-5.800,12.051,17.534,0.00,0.00,0.00,0.00,0.00,0.00,0.00,0.00,0.00,0.00,0.00,0.00,0.00,0.00,0.00,0.00,0.00
20650,DL:0.1.0:AT.1.0.0,2022-3-4 11:34:22,37.75,0.00,0.00,17.847,-0.314,-5.794,12.052,17.533,0.00,0.00,0.00,0.00,0.00,0.00,0.00,0.00,0.00,0.00,0.00,0.00,0.00,0.00,0.00,0.00,0.00
20650,DL:0.1.0:AT.1.0.0,2022-3-4 11:34:30,37.75,0.00,0.00,17.850,-0.318,-5.798,12.052,17.532,0.00,0.00,0.00,0.00,0.00,0.00,0.00,0.00,0.00,0.00,0.00,0.00,0.00,0.00,0.00,0.00,0.00
20650,DL:0.1.0:AT.1.0.0,2022-3-4 11:34:36,37.75,0.00,0.00,17.845,-0.314,-5.793,12.052,17.532,0.00,0.00,0.00,0.00,0.00,0.00,0.00,0.00,0.00,0.00,0.00,0.00,0.00,0.00,0.00,0.00,0.00
20650,DL:0.1.0:AT.1.0.0,2022-3-4 11:34:45,37.75,0.00,0.00,17.811,-0.281,-5.758,12.052,17.529,0.00,0.00,0.00,0.00,0.00,0.00,0.00,0.00,0.00,0.00,0.00,0.00,0.00,0.00,0.00,0.00,0.00
20650,DL:0.1.0:AT.1.0.0,2022-3-4 11:34:50,37.75,0.00,0.00,17.817,-0.288,-5.764,12.052,17.528,0.00,0.00,0.00,0.00,0.00,0.00,0.00,0.00,0.00,0.00,0.00,0.00,0.00,0.00,0.00,0.00,0.00
20650,DL:0.1.0:AT.1.0.0,2022-3-4 11:34:57,37.75,0.00,0.00,17.826,-0.299,-5.774,12.052,17.527,0.00,0.00,0.00,0.00,0.00,0.00,0.00,0.00,0.00,0.00,0.00,0.00,0.00,0.00,0.00,0.00,0.00
20650,DL:0.1.0:AT.1.0.0,2022-3-4 11:35:2,37.75,0.00,0.00,17.818,-0.291,-5.765,12.052,17.527,0.00,0.00,0.00,0.00,0.00,0.00,0.00,0.00,0.00,0.00,0.00,0.00,0.00,0.00,0.00,0.00,0.00
20650,DL:0.1.0:AT.1.0.0,2022-3-4 11:35:7,37.75,0.00,0.00,17.824,-0.298,-5.771,12.052,17.526,0.00,0.00,0.00,0.00,0.00,0.00,0.00,0.00,0.00,0.00,0.00,0.00,0.00,0.00,0.00,0.00,0.00
20650,DL:0.1.0:AT.1.0.0,2022-3-4 11:35:12,37.75,0.00,0.00,17.832,-0.306,-5.780,12.052,17.526,0.00,0.00,0.00,0.00,0.00,0.00,0.00,0.00,0.00,0.00,0.00,0.00,0.00,0.00,0.00,0.00,0.00
20650,DL:0.1.0:AT.1.0.0,2022-3-4 11:35:17,37.75,0.00,0.00,17.837,-0.312,-5.785,12.052,17.525,0.00,0.00,0.00,0.00,0.00,0.00,0.00,0.00,0.00,0.00,0.00,0.00,0.00,0.00,0.00,0.00,0.00
20650,DL:0.1.0:AT.1.0.0,2022-3-4 11:35:24,37.75,0.00,0.00,17.827,-0.304,-5.775,12.052,17.523,0.00,0.00,0.00,0.00,0.00,0.00,0.00,0.00,0.00,0.00,0.00,0.00,0.00,0.00,0.00,0.00,0.00
20650,DL:0.1.0:AT.1.0.0,2022-3-4 11:35:30,37.75,0.00,0.00,17.832,-0.310,-5.780,12.052,17.522,0.00,0.00,0.00,0.00,0.00,0.00,0.00,0.00,0.00,0.00,0.00,0.00,0.00,0.00,0.00,0.00,0.00
20650,DL:0.1.0:AT.1.0.0,2022-3-4 11:35:37,37.75,0.00,0.00,17.821,-0.300,-5.769,12.052,17.521,0.00,0.00,0.00,0.00,0.00,0.00,0.00,0.00,0.00,0.00,0.00,0.00,0.00,0.00,0.00,0.00,0.00
20650,DL:0.1.0:AT.1.0.0,2022-3-4 11:35:47,37.75,0.00,0.00,17.827,-0.308,-5.775,12.052,17.520,0.00,0.00,0.00,0.00,0.00,0.00,0.00,0.00,0.00,0.00,0.00,0.00,0.00,0.00,0.00,0.00,0.00
20650,DL:0.1.0:AT.1.0.0,2022-3-4 11:35:55,37.75,0.00,0.00,17.819,-0.300,-5.765,12.054,17.519,0.00,0.00,0.00,0.00,0.00,0.00,0.00,0.00,0.00,0.00,0.00,0.00,0.00,0.00,0.00,0.00,0.00
20650,DL:0.1.0:AT.1.0.0,2022-3-4 11:36:2,37.75,0.00,0.00,17.836,-0.317,-5.782,12.054,17.519,0.00,0.00,0.00,0.00,0.00,0.00,0.00,0.00,0.00,0.00,0.00,0.00,0.00,0.00,0.00,0.00,0.00
20650,DL:0.1.0:AT.1.0.0,2022-3-4 11:36:8,37.75,0.00,0.00,17.832,-0.315,-5.779,12.054,17.517,0.00,0.00,0.00,0.00,0.00,0.00,0.00,0.00,0.00,0.00,0.00,0.00,0.00,0.00,0.00,0.00,0.00
20650,DL:0.1.0:AT.1.0.0,2022-3-4 11:36:13,37.75,0.00,0.00,17.821,-0.303,-5.768,12.054,17.519,0.00,0.00,0.00,0.00,0.00,0.00,0.00,0.00,0.00,0.00,0.00,0.00,0.00,0.00,0.00,0.00,0.00
20650,DL:0.1.0:AT.1.0.0,2022-3-4 11:36:19,37.75,0.00,0.00,17.825,-0.305,-5.770,12.055,17.520,0.00,0.00,0.00,0.00,0.00,0.00,0.00,0.00,0.00,0.00,0.00,0.00,0.00,0.00,0.00,0.00,0.00
20650,DL:0.1.0:AT.1.0.0,2022-3-4 11:36:24,37.75,0.00,0.00,17.818,-0.299,-5.763,12.055,17.519,0.00,0.00,0.00,0.00,0.00,0.00,0.00,0.00,0.00,0.00,0.00,0.00,0.00,0.00,0.00,0.00,0.00
20650,DL:0.1.0:AT.1.0.0,2022-3-4 11:36:29,37.75,0.00,0.00,17.803,-0.285,-5.749,12.055,17.519,0.00,0.00,0.00,0.00,0.00,0.00,0.00,0.00,0.00,0.00,0.00,0.00,0.00,0.00,0.00,0.00,0.00
20650,DL:0.1.0:AT.1.0.0,2022-3-4 11:36:36,37.75,0.00,0.00,17.826,-0.309,-5.771,12.055,17.517,0.00,0.00,0.00,0.00,0.00,0.00,0.00,0.00,0.00,0.00,0.00,0.00,0.00,0.00,0.00,0.00,0.00
20650,DL:0.1.0:AT.1.0.0,2022-3-4 11:36:41,37.75,0.00,0.00,17.826,-0.309,-5.771,12.055,17.517,0.00,0.00,0.00,0.00,0.00,0.00,0.00,0.00,0.00,0.00,0.00,0.00,0.00,0.00,0.00,0.00,0.00
20650,DL:0.1.0:AT.1.0.0,2022-3-4 11:36:50,37.75,0.00,0.00,17.802,-0.286,-5.747,12.055,17.516,0.00,0.00,0.00,0.00,0.00,0.00,0.00,0.00,0.00,0.00,0.00,0.00,0.00,0.00,0.00,0.00,0.00
20650,DL:0.1.0:AT.1.0.0,2022-3-4 11:36:55,37.75,0.00,0.00,17.819,-0.304,-5.764,12.055,17.515,0.00,0.00,0.00,0.00,0.00,0.00,0.00,0.00,0.00,0.00,0.00,0.00,0.00,0.00,0.00,0.00,0.00
20650,DL:0.1.0:AT.1.0.0,2022-3-4 11:37:0,37.75,0.00,0.00,17.811,-0.297,-5.753,12.057,17.514,0.00,0.00,0.00,0.00,0.00,0.00,0.00,0.00,0.00,0.00,0.00,0.00,0.00,0.00,0.00,0.00,0.00
20650,DL:0.1.0:AT.1.0.0,2022-3-4 11:37:6,37.75,0.00,0.00,17.826,-0.314,-5.769,12.057,17.513,0.00,0.00,0.00,0.00,0.00,0.00,0.00,0.00,0.00,0.00,0.00,0.00,0.00,0.00,0.00,0.00,0.00
20650,DL:0.1.0:AT.1.0.0,2022-3-4 11:37:13,37.75,0.00,0.00,17.837,-0.324,-5.780,12.057,17.513,0.00,0.00,0.00,0.00,0.00,0.00,0.00,0.00,0.00,0.00,0.00,0.00,0.00,0.00,0.00,0.00,0.00
20650,DL:0.1.0:AT.1.0.0,2022-3-4 11:37:18,37.75,0.00,0.00,17.845,-0.334,-5.788,12.057,17.511,0.00,0.00,0.00,0.00,0.00,0.00,0.00,0.00,0.00,0.00,0.00,0.00,0.00,0.00,0.00,0.00,0.00
20650,DL:0.1.0:AT.1.0.0,2022-3-4 11:37:24,37.75,0.00,0.00,17.833,-0.323,-5.775,12.058,17.510,0.00,0.00,0.00,0.00,0.00,0.00,0.00,0.00,0.00,0.00,0.00,0.00,0.00,0.00,0.00,0.00,0.00
20650,DL:0.1.0:AT.1.0.0,2022-3-4 11:37:30,37.75,0.00,0.00,17.823,-0.314,-5.765,12.057,17.509,0.00,0.00,0.00,0.00,0.00,0.00,0.00,0.00,0.00,0.00,0.00,0.00,0.00,0.00,0.00,0.00,0.00
20650,DL:0.1.0:AT.1.0.0,2022-3-4 11:37:37,37.75,0.00,0.00,17.854,-0.346,-5.795,12.058,17.508,0.00,0.00,0.00,0.00,0.00,0.00,0.00,0.00,0.00,0.00,0.00,0.00,0.00,0.00,0.00,0.00,0.00
20650,DL:0.1.0:AT.1.0.0,2022-3-4 11:37:44,37.75,0.00,0.00,17.781,-0.275,-5.722,12.058,17.505,0.00,0.00,0.00,0.00,0.00,0.00,0.00,0.00,0.00,0.00,0.00,0.00,0.00,0.00,0.00,0.00,0.00
20650,DL:0.1.0:AT.1.0.0,2022-3-4 11:37:49,37.75,0.00,0.00,17.811,-0.305,-5.752,12.058,17.505,0.00,0.00,0.00,0.00,0.00,0.00,0.00,0.00,0.00,0.00,0.00,0.00,0.00,0.00,0.00,0.00,0.00
20650,DL:0.1.0:AT.1.0.0,2022-3-4 11:37:54,37.75,0.00,0.00,17.818,-0.315,-5.759,12.058,17.503,0.00,0.00,0.00,0.00,0.00,0.00,0.00,0.00,0.00,0.00,0.00,0.00,0.00,0.00,0.00,0.00,0.00
20650,DL:0.1.0:AT.1.0.0,2022-3-4 11:37:59,37.75,0.00,0.00,17.818,-0.315,-5.759,12.058,17.503,0.00,0.00,0.00,0.00,0.00,0.00,0.00,0.00,0.00,0.00,0.00,0.00,0.00,0.00,0.00,0.00,0.00
20650,DL:0.1.0:AT.1.0.0,2022-3-4 11:38:4,37.75,0.00,0.00,17.848,-0.346,-5.789,12.058,17.502,0.00,0.00,0.00,0.00,0.00,0.00,0.00,0.00,0.00,0.00,0.00,0.00,0.00,0.00,0.00,0.00,0.00
20650,DL:0.1.0:AT.1.0.0,2022-3-4 11:38:9,37.75,0.00,0.00,17.813,-0.312,-5.755,12.058,17.501,0.00,0.00,0.00,0.00,0.00,0.00,0.00,0.00,0.00,0.00,0.00,0.00,0.00,0.00,0.00,0.00,0.00
20650,DL:0.1.0:AT.1.0.0,2022-3-4 11:38:15,37.75,0.00,0.00,17.845,-0.346,-5.787,12.058,17.499,0.00,0.00,0.00,0.00,0.00,0.00,0.00,0.00,0.00,0.00,0.00,0.00,0.00,0.00,0.00,0.00,0.00
20650,DL:0.1.0:AT.1.0.0,2022-3-4 11:38:20,37.75,0.00,0.00,17.823,-0.323,-5.764,12.058,17.499,0.00,0.00,0.00,0.00,0.00,0.00,0.00,0.00,0.00,0.00,0.00,0.00,0.00,0.00,0.00,0.00,0.00
20650,DL:0.1.0:AT.1.0.0,2022-3-4 11:38:25,37.75,0.00,0.00,17.838,-0.340,-5.780,12.058,17.498,0.00,0.00,0.00,0.00,0.00,0.00,0.00,0.00,0.00,0.00,0.00,0.00,0.00,0.00,0.00,0.00,0.00
20650,DL:0.1.0:AT.1.0.0,2022-3-4 11:38:32,37.75,0.00,0.00,17.847,-0.348,-5.788,12.058,17.498,0.00,0.00,0.00,0.00,0.00,0.00,0.00,0.00,0.00,0.00,0.00,0.00,0.00,0.00,0.00,0.00,0.00
20650,DL:0.1.0:AT.1.0.0,2022-3-4 11:38:38,37.75,0.00,0.00,17.844,-0.344,-5.786,12.058,17.501,0.00,0.00,0.00,0.00,0.00,0.00,0.00,0.00,0.00,0.00,0.00,0.00,0.00,0.00,0.00,0.00,0.00
20650,DL:0.1.0:AT.1.0.0,2022-3-4 11:38:45,37.75,0.00,0.00,17.845,-0.345,-5.787,12.058,17.501,0.00,0.00,0.00,0.00,0.00,0.00,0.00,0.00,0.00,0.00,0.00,0.00,0.00,0.00,0.00,0.00,0.00
20650,DL:0.1.0:AT.1.0.0,2022-3-4 11:38:50,37.75,0.00,0.00,17.870,-0.369,-5.811,12.058,17.501,0.00,0.00,0.00,0.00,0.00,0.00,0.00,0.00,0.00,0.00,0.00,0.00,0.00,0.00,0.00,0.00,0.00
20650,DL:0.1.0:AT.1.0.0,2022-3-4 11:38:56,37.75,0.00,0.00,17.843,-0.344,-5.785,12.058,17.499,0.00,0.00,0.00,0.00,0.00,0.00,0.00,0.00,0.00,0.00,0.00,0.00,0.00,0.00,0.00,0.00,0.00
20650,DL:0.1.0:AT.1.0.0,2022-3-4 11:39:3,37.75,0.00,0.00,17.842,-0.342,-5.783,12.058,17.499,0.00,0.00,0.00,0.00,0.00,0.00,0.00,0.00,0.00,0.00,0.00,0.00,0.00,0.00,0.00,0.00,0.00
20650,DL:0.1.0:AT.1.0.0,2022-3-4 11:39:9,37.75,0.00,0.00,17.849,-0.350,-5.791,12.058,17.499,0.00,0.00,0.00,0.00,0.00,0.00,0.00,0.00,0.00,0.00,0.00,0.00,0.00,0.00,0.00,0.00,0.00
20650,DL:0.1.0:AT.1.0.0,2022-3-4 11:39:16,37.75,0.00,0.00,17.826,-0.328,-5.767,12.060,17.498,0.00,0.00,0.00,0.00,0.00,0.00,0.00,0.00,0.00,0.00,0.00,0.00,0.00,0.00,0.00,0.00,0.00
20650,DL:0.1.0:AT.1.0.0,2022-3-4 11:39:21,37.75,0.00,0.00,17.844,-0.345,-5.786,12.058,17.499,0.00,0.00,0.00,0.00,0.00,0.00,0.00,0.00,0.00,0.00,0.00,0.00,0.00,0.00,0.00,0.00,0.00
20650,DL:0.1.0:AT.1.0.0,2022-3-4 11:39:26,37.75,0.00,0.00,17.841,-0.342,-5.782,12.058,17.498,0.00,0.00,0.00,0.00,0.00,0.00,0.00,0.00,0.00,0.00,0.00,0.00,0.00,0.00,0.00,0.00,0.00
20650,DL:0.1.0:AT.1.0.0,2022-3-4 11:39:33,37.75,0.00,0.00,17.813,-0.317,-5.755,12.058,17.496,0.00,0.00,0.00,0.00,0.00,0.00,0.00,0.00,0.00,0.00,0.00,0.00,0.00,0.00,0.00,0.00,0.00
20650,DL:0.1.0:AT.1.0.0,2022-3-4 11:39:38,37.75,0.00,0.00,17.783,-0.287,-5.723,12.060,17.496,0.00,0.00,0.00,0.00,0.00,0.00,0.00,0.00,0.00,0.00,0.00,0.00,0.00,0.00,0.00,0.00,0.00
20650,DL:0.1.0:AT.1.0.0,2022-3-4 11:39:43,37.75,0.00,0.00,17.826,-0.332,-5.768,12.058,17.495,0.00,0.00,0.00,0.00,0.00,0.00,0.00,0.00,0.00,0.00,0.00,0.00,0.00,0.00,0.00,0.00,0.00
20650,DL:0.1.0:AT.1.0.0,2022-3-4 11:39:51,38.00,0.00,0.00,17.842,-0.347,-5.783,12.058,17.495,0.00,0.00,0.00,0.00,0.00,0.00,0.00,0.00,0.00,0.00,0.00,0.00,0.00,0.00,0.00,0.00,0.00
20650,DL:0.1.0:AT.1.0.0,2022-3-4 11:39:57,38.00,0.00,0.00,17.832,-0.339,-5.773,12.060,17.493,0.00,0.00,0.00,0.00,0.00,0.00,0.00,0.00,0.00,0.00,0.00,0.00,0.00,0.00,0.00,0.00,0.00
20650,DL:0.1.0:AT.1.0.0,2022-3-4 11:40:2,38.00,0.00,0.00,17.836,-0.342,-5.777,12.058,17.493,0.00,0.00,0.00,0.00,0.00,0.00,0.00,0.00,0.00,0.00,0.00,0.00,0.00,0.00,0.00,0.00,0.00
20650,DL:0.1.0:AT.1.0.0,2022-3-4 11:40:7,38.00,0.00,0.00,17.837,-0.344,-5.779,12.058,17.493,0.00,0.00,0.00,0.00,0.00,0.00,0.00,0.00,0.00,0.00,0.00,0.00,0.00,0.00,0.00,0.00,0.00
20650,DL:0.1.0:AT.1.0.0,2022-3-4 11:40:14,38.00,0.00,0.00,17.843,-0.351,-5.785,12.058,17.492,0.00,0.00,0.00,0.00,0.00,0.00,0.00,0.00,0.00,0.00,0.00,0.00,0.00,0.00,0.00,0.00,0.00
20650,DL:0.1.0:AT.1.0.0,2022-3-4 11:40:23,38.00,0.00,0.00,17.814,-0.323,-5.755,12.060,17.491,0.00,0.00,0.00,0.00,0.00,0.00,0.00,0.00,0.00,0.00,0.00,0.00,0.00,0.00,0.00,0.00,0.00
20650,DL:0.1.0:AT.1.0.0,2022-3-4 11:40:28,38.00,0.00,0.00,17.813,-0.322,-5.753,12.060,17.491,0.00,0.00,0.00,0.00,0.00,0.00,0.00,0.00,0.00,0.00,0.00,0.00,0.00,0.00,0.00,0.00,0.00
20650,DL:0.1.0:AT.1.0.0,2022-3-4 11:40:35,38.00,0.00,0.00,17.833,-0.344,-5.774,12.060,17.490,0.00,0.00,0.00,0.00,0.00,0.00,0.00,0.00,0.00,0.00,0.00,0.00,0.00,0.00,0.00,0.00,0.00
20650,DL:0.1.0:AT.1.0.0,2022-3-4 11:40:40,38.00,0.00,0.00,17.821,-0.332,-5.762,12.060,17.490,0.00,0.00,0.00,0.00,0.00,0.00,0.00,0.00,0.00,0.00,0.00,0.00,0.00,0.00,0.00,0.00,0.00
20650,DL:0.1.0:AT.1.0.0,2022-3-4 11:40:45,38.00,0.00,0.00,17.856,-0.368,-5.797,12.060,17.489,0.00,0.00,0.00,0.00,0.00,0.00,0.00,0.00,0.00,0.00,0.00,0.00,0.00,0.00,0.00,0.00,0.00
20650,DL:0.1.0:AT.1.0.0,2022-3-4 11:40:50,38.00,0.00,0.00,17.808,-0.320,-5.749,12.060,17.489,0.00,0.00,0.00,0.00,0.00,0.00,0.00,0.00,0.00,0.00,0.00,0.00,0.00,0.00,0.00,0.00,0.00
20650,DL:0.1.0:AT.1.0.0,2022-3-4 11:40:55,38.00,0.00,0.00,17.827,-0.339,-5.768,12.060,17.489,0.00,0.00,0.00,0.00,0.00,0.00,0.00,0.00,0.00,0.00,0.00,0.00,0.00,0.00,0.00,0.00,0.00
20650,DL:0.1.0:AT.1.0.0,2022-3-4 11:41:5,38.00,0.00,0.00,17.821,-0.334,-5.762,12.060,17.487,0.00,0.00,0.00,0.00,0.00,0.00,0.00,0.00,0.00,0.00,0.00,0.00,0.00,0.00,0.00,0.00,0.00
20650,DL:0.1.0:AT.1.0.0,2022-3-4 11:41:12,38.00,0.00,0.00,17.872,-0.386,-5.812,12.060,17.486,0.00,0.00,0.00,0.00,0.00,0.00,0.00,0.00,0.00,0.00,0.00,0.00,0.00,0.00,0.00,0.00,0.00
20650,DL:0.1.0:AT.1.0.0,2022-3-4 11:41:19,38.00,0.00,0.00,17.871,-0.381,-5.811,12.060,17.490,0.00,0.00,0.00,0.00,0.00,0.00,0.00,0.00,0.00,0.00,0.00,0.00,0.00,0.00,0.00,0.00,0.00
20650,DL:0.1.0:AT.1.0.0,2022-3-4 11:41:24,38.00,0.00,0.00,17.848,-0.358,-5.788,12.060,17.490,0.00,0.00,0.00,0.00,0.00,0.00,0.00,0.00,0.00,0.00,0.00,0.00,0.00,0.00,0.00,0.00,0.00
20650,DL:0.1.0:AT.1.0.0,2022-3-4 11:41:29,38.00,0.00,0.00,17.832,-0.344,-5.773,12.060,17.489,0.00,0.00,0.00,0.00,0.00,0.00,0.00,0.00,0.00,0.00,0.00,0.00,0.00,0.00,0.00,0.00,0.00
20650,DL:0.1.0:AT.1.0.0,2022-3-4 11:41:36,38.00,0.00,0.00,17.848,-0.360,-5.788,12.060,17.487,0.00,0.00,0.00,0.00,0.00,0.00,0.00,0.00,0.00,0.00,0.00,0.00,0.00,0.00,0.00,0.00,0.00
20650,DL:0.1.0:AT.1.0.0,2022-3-4 11:41:43,38.00,0.00,0.00,17.824,-0.338,-5.763,12.061,17.486,0.00,0.00,0.00,0.00,0.00,0.00,0.00,0.00,0.00,0.00,0.00,0.00,0.00,0.00,0.00,0.00,0.00
20650,DL:0.1.0:AT.1.0.0,2022-3-4 11:41:49,38.00,0.00,0.00,17.836,-0.351,-5.775,12.061,17.485,0.00,0.00,0.00,0.00,0.00,0.00,0.00,0.00,0.00,0.00,0.00,0.00,0.00,0.00,0.00,0.00,0.00
20650,DL:0.1.0:AT.1.0.0,2022-3-4 11:41:57,38.00,0.00,0.00,17.854,-0.369,-5.793,12.061,17.485,0.00,0.00,0.00,0.00,0.00,0.00,0.00,0.00,0.00,0.00,0.00,0.00,0.00,0.00,0.00,0.00,0.00
20650,DL:0.1.0:AT.1.0.0,2022-3-4 11:42:3,38.00,0.00,0.00,17.851,-0.366,-5.791,12.061,17.485,0.00,0.00,0.00,0.00,0.00,0.00,0.00,0.00,0.00,0.00,0.00,0.00,0.00,0.00,0.00,0.00,0.00
20650,DL:0.1.0:AT.1.0.0,2022-3-4 11:42:10,38.00,0.00,0.00,17.839,-0.357,-5.779,12.061,17.483,0.00,0.00,0.00,0.00,0.00,0.00,0.00,0.00,0.00,0.00,0.00,0.00,0.00,0.00,0.00,0.00,0.00
20650,DL:0.1.0:AT.1.0.0,2022-3-4 11:42:17,38.00,0.00,0.00,17.862,-0.380,-5.800,12.062,17.483,0.00,0.00,0.00,0.00,0.00,0.00,0.00,0.00,0.00,0.00,0.00,0.00,0.00,0.00,0.00,0.00,0.00
20650,DL:0.1.0:AT.1.0.0,2022-3-4 11:42:25,38.00,0.00,0.00,17.830,-0.348,-5.769,12.061,17.481,0.00,0.00,0.00,0.00,0.00,0.00,0.00,0.00,0.00,0.00,0.00,0.00,0.00,0.00,0.00,0.00,0.00
20650,DL:0.1.0:AT.1.0.0,2022-3-4 11:42:31,38.00,0.00,0.00,17.831,-0.350,-5.769,12.062,17.481,0.00,0.00,0.00,0.00,0.00,0.00,0.00,0.00,0.00,0.00,0.00,0.00,0.00,0.00,0.00,0.00,0.00
20650,DL:0.1.0:AT.1.0.0,2022-3-4 11:42:37,38.00,0.00,0.00,17.850,-0.370,-5.788,12.062,17.480,0.00,0.00,0.00,0.00,0.00,0.00,0.00,0.00,0.00,0.00,0.00,0.00,0.00,0.00,0.00,0.00,0.00
20650,DL:0.1.0:AT.1.0.0,2022-3-4 11:42:44,38.00,0.00,0.00,17.830,-0.351,-5.768,12.062,17.479,0.00,0.00,0.00,0.00,0.00,0.00,0.00,0.00,0.00,0.00,0.00,0.00,0.00,0.00,0.00,0.00,0.00
20650,DL:0.1.0:AT.1.0.0,2022-3-4 11:42:49,38.00,0.00,0.00,17.829,-0.348,-5.767,12.062,17.480,0.00,0.00,0.00,0.00,0.00,0.00,0.00,0.00,0.00,0.00,0.00,0.00,0.00,0.00,0.00,0.00,0.00
20650,DL:0.1.0:AT.1.0.0,2022-3-4 11:42:59,38.00,0.00,0.00,17.839,-0.360,-5.776,12.063,17.479,0.00,0.00,0.00,0.00,0.00,0.00,0.00,0.00,0.00,0.00,0.00,0.00,0.00,0.00,0.00,0.00,0.00
20650,DL:0.1.0:AT.1.0.0,2022-3-4 11:43:5,38.00,0.00,0.00,17.841,-0.363,-5.777,12.063,17.478,0.00,0.00,0.00,0.00,0.00,0.00,0.00,0.00,0.00,0.00,0.00,0.00,0.00,0.00,0.00,0.00,0.00
20650,DL:0.1.0:AT.1.0.0,2022-3-4 11:43:12,38.00,0.00,0.00,17.878,-0.401,-5.812,12.066,17.477,0.00,0.00,0.00,0.00,0.00,0.00,0.00,0.00,0.00,0.00,0.00,0.00,0.00,0.00,0.00,0.00,0.00
20650,DL:0.1.0:AT.1.0.0,2022-3-4 11:43:18,38.00,0.00,0.00,17.870,-0.393,-5.804,12.066,17.477,0.00,0.00,0.00,0.00,0.00,0.00,0.00,0.00,0.00,0.00,0.00,0.00,0.00,0.00,0.00,0.00,0.00
20650,DL:0.1.0:AT.1.0.0,2022-3-4 11:43:25,38.00,0.00,0.00,17.849,-0.374,-5.782,12.067,17.475,0.00,0.00,0.00,0.00,0.00,0.00,0.00,0.00,0.00,0.00,0.00,0.00,0.00,0.00,0.00,0.00,0.00
20650,DL:0.1.0:AT.1.0.0,2022-3-4 11:43:33,38.00,0.00,0.00,17.877,-0.398,-5.810,12.067,17.479,0.00,0.00,0.00,0.00,0.00,0.00,0.00,0.00,0.00,0.00,0.00,0.00,0.00,0.00,0.00,0.00,0.00
20650,DL:0.1.0:AT.1.0.0,2022-3-4 11:43:39,38.00,0.00,0.00,17.844,-0.366,-5.777,12.067,17.478,0.00,0.00,0.00,0.00,0.00,0.00,0.00,0.00,0.00,0.00,0.00,0.00,0.00,0.00,0.00,0.00,0.00
20650,DL:0.1.0:AT.1.0.0,2022-3-4 11:43:46,38.00,0.00,0.00,17.824,-0.347,-5.757,12.067,17.477,0.00,0.00,0.00,0.00,0.00,0.00,0.00,0.00,0.00,0.00,0.00,0.00,0.00,0.00,0.00,0.00,0.00
20650,DL:0.1.0:AT.1.0.0,2022-3-4 11:43:53,38.00,0.00,0.00,17.823,-0.346,-5.755,12.068,17.477,0.00,0.00,0.00,0.00,0.00,0.00,0.00,0.00,0.00,0.00,0.00,0.00,0.00,0.00,0.00,0.00,0.00
20650,DL:0.1.0:AT.1.0.0,2022-3-4 11:44:1,38.00,0.00,0.00,17.826,-0.351,-5.757,12.069,17.475,0.00,0.00,0.00,0.00,0.00,0.00,0.00,0.00,0.00,0.00,0.00,0.00,0.00,0.00,0.00,0.00,0.00
20650,DL:0.1.0:AT.1.0.0,2022-3-4 11:44:6,38.00,0.00,0.00,17.848,-0.374,-5.780,12.068,17.474,0.00,0.00,0.00,0.00,0.00,0.00,0.00,0.00,0.00,0.00,0.00,0.00,0.00,0.00,0.00,0.00,0.00
20650,DL:0.1.0:AT.1.0.0,2022-3-4 11:44:13,38.00,0.00,0.00,17.854,-0.380,-5.785,12.069,17.474,0.00,0.00,0.00,0.00,0.00,0.00,0.00,0.00,0.00,0.00,0.00,0.00,0.00,0.00,0.00,0.00,0.00
20650,DL:0.1.0:AT.1.0.0,2022-3-4 11:44:20,38.00,0.00,0.00,17.819,-0.347,-5.750,12.069,17.472,0.00,0.00,0.00,0.00,0.00,0.00,0.00,0.00,0.00,0.00,0.00,0.00,0.00,0.00,0.00,0.00,0.00
20650,DL:0.1.0:AT.1.0.0,2022-3-4 11:44:27,38.00,0.00,0.00,17.862,-0.391,-5.792,12.070,17.472,0.00,0.00,0.00,0.00,0.00,0.00,0.00,0.00,0.00,0.00,0.00,0.00,0.00,0.00,0.00,0.00,0.00
20650,DL:0.1.0:AT.1.0.0,2022-3-4 11:44:34,38.00,0.00,0.00,17.865,-0.394,-5.795,12.069,17.471,0.00,0.00,0.00,0.00,0.00,0.00,0.00,0.00,0.00,0.00,0.00,0.00,0.00,0.00,0.00,0.00,0.00
20650,DL:0.1.0:AT.1.0.0,2022-3-4 11:44:40,38.00,0.00,0.00,17.841,-0.371,-5.771,12.069,17.469,0.00,0.00,0.00,0.00,0.00,0.00,0.00,0.00,0.00,0.00,0.00,0.00,0.00,0.00,0.00,0.00,0.00
20650,DL:0.1.0:AT.1.0.0,2022-3-4 11:44:45,38.00,0.00,0.00,17.868,-0.399,-5.798,12.070,17.469,0.00,0.00,0.00,0.00,0.00,0.00,0.00,0.00,0.00,0.00,0.00,0.00,0.00,0.00,0.00,0.00,0.00
20650,DL:0.1.0:AT.1.0.0,2022-3-4 11:44:51,38.00,0.00,0.00,17.865,-0.399,-5.794,12.070,17.466,0.00,0.00,0.00,0.00,0.00,0.00,0.00,0.00,0.00,0.00,0.00,0.00,0.00,0.00,0.00,0.00,0.00
20650,DL:0.1.0:AT.1.0.0,2022-3-4 11:44:58,38.00,0.00,0.00,17.847,-0.381,-5.776,12.070,17.466,0.00,0.00,0.00,0.00,0.00,0.00,0.00,0.00,0.00,0.00,0.00,0.00,0.00,0.00,0.00,0.00,0.00
20650,DL:0.1.0:AT.1.0.0,2022-3-4 11:45:4,38.00,0.00,0.00,17.841,-0.377,-5.769,12.072,17.463,0.00,0.00,0.00,0.00,0.00,0.00,0.00,0.00,0.00,0.00,0.00,0.00,0.00,0.00,0.00,0.00,0.00
20650,DL:0.1.0:AT.1.0.0,2022-3-4 11:45:11,38.00,0.00,0.00,17.855,-0.394,-5.785,12.070,17.461,0.00,0.00,0.00,0.00,0.00,0.00,0.00,0.00,0.00,0.00,0.00,0.00,0.00,0.00,0.00,0.00,0.00
20650,DL:0.1.0:AT.1.0.0,2022-3-4 11:45:18,38.00,0.00,0.00,17.857,-0.397,-5.787,12.070,17.461,0.00,0.00,0.00,0.00,0.00,0.00,0.00,0.00,0.00,0.00,0.00,0.00,0.00,0.00,0.00,0.00,0.00
20650,DL:0.1.0:AT.1.0.0,2022-3-4 11:45:25,38.00,0.00,0.00,17.856,-0.398,-5.786,12.070,17.459,0.00,0.00,0.00,0.00,0.00,0.00,0.00,0.00,0.00,0.00,0.00,0.00,0.00,0.00,0.00,0.00,0.00
20650,DL:0.1.0:AT.1.0.0,2022-3-4 11:45:32,38.00,0.00,0.00,17.820,-0.359,-5.749,12.072,17.461,0.00,0.00,0.00,0.00,0.00,0.00,0.00,0.00,0.00,0.00,0.00,0.00,0.00,0.00,0.00,0.00,0.00
20650,DL:0.1.0:AT.1.0.0,2022-3-4 11:45:39,38.00,0.00,0.00,17.853,-0.392,-5.781,12.072,17.461,0.00,0.00,0.00,0.00,0.00,0.00,0.00,0.00,0.00,0.00,0.00,0.00,0.00,0.00,0.00,0.00,0.00
20650,DL:0.1.0:AT.1.0.0,2022-3-4 11:45:44,38.00,0.00,0.00,17.812,-0.353,-5.740,12.072,17.459,0.00,0.00,0.00,0.00,0.00,0.00,0.00,0.00,0.00,0.00,0.00,0.00,0.00,0.00,0.00,0.00,0.00
20650,DL:0.1.0:AT.1.0.0,2022-3-4 11:45:49,38.00,0.00,0.00,17.854,-0.397,-5.782,12.072,17.457,0.00,0.00,0.00,0.00,0.00,0.00,0.00,0.00,0.00,0.00,0.00,0.00,0.00,0.00,0.00,0.00,0.00
20650,DL:0.1.0:AT.1.0.0,2022-3-4 11:45:54,38.00,0.00,0.00,17.819,-0.364,-5.747,12.072,17.455,0.00,0.00,0.00,0.00,0.00,0.00,0.00,0.00,0.00,0.00,0.00,0.00,0.00,0.00,0.00,0.00,0.00
20650,DL:0.1.0:AT.1.0.0,2022-3-4 11:45:59,38.00,0.00,0.00,17.863,-0.410,-5.792,12.072,17.454,0.00,0.00,0.00,0.00,0.00,0.00,0.00,0.00,0.00,0.00,0.00,0.00,0.00,0.00,0.00,0.00,0.00
20650,DL:0.1.0:AT.1.0.0,2022-3-4 11:46:10,38.00,0.00,0.00,17.830,-0.379,-5.758,12.072,17.451,0.00,0.00,0.00,0.00,0.00,0.00,0.00,0.00,0.00,0.00,0.00,0.00,0.00,0.00,0.00,0.00,0.00
20650,DL:0.1.0:AT.1.0.0,2022-3-4 11:46:16,38.00,0.00,0.00,17.826,-0.375,-5.753,12.073,17.451,0.00,0.00,0.00,0.00,0.00,0.00,0.00,0.00,0.00,0.00,0.00,0.00,0.00,0.00,0.00,0.00,0.00
20650,DL:0.1.0:AT.1.0.0,2022-3-4 11:46:23,38.00,0.00,0.00,17.853,-0.404,-5.780,12.073,17.449,0.00,0.00,0.00,0.00,0.00,0.00,0.00,0.00,0.00,0.00,0.00,0.00,0.00,0.00,0.00,0.00,0.00
20650,DL:0.1.0:AT.1.0.0,2022-3-4 11:46:30,38.00,0.00,0.00,17.847,-0.398,-5.775,12.072,17.449,0.00,0.00,0.00,0.00,0.00,0.00,0.00,0.00,0.00,0.00,0.00,0.00,0.00,0.00,0.00,0.00,0.00
20650,DL:0.1.0:AT.1.0.0,2022-3-4 11:46:40,38.00,0.00,0.00,17.820,-0.374,-5.747,12.073,17.447,0.00,0.00,0.00,0.00,0.00,0.00,0.00,0.00,0.00,0.00,0.00,0.00,0.00,0.00,0.00,0.00,0.00
20650,DL:0.1.0:AT.1.0.0,2022-3-4 11:46:47,38.00,0.00,0.00,17.847,-0.400,-5.774,12.073,17.447,0.00,0.00,0.00,0.00,0.00,0.00,0.00,0.00,0.00,0.00,0.00,0.00,0.00,0.00,0.00,0.00,0.00
20650,DL:0.1.0:AT.1.0.0,2022-3-4 11:46:54,38.00,0.00,0.00,17.844,-0.399,-5.771,12.073,17.445,0.00,0.00,0.00,0.00,0.00,0.00,0.00,0.00,0.00,0.00,0.00,0.00,0.00,0.00,0.00,0.00,0.00
20650,DL:0.1.0:AT.1.0.0,2022-3-4 11:47:0,38.00,0.00,0.00,17.829,-0.385,-5.756,12.073,17.444,0.00,0.00,0.00,0.00,0.00,0.00,0.00,0.00,0.00,0.00,0.00,0.00,0.00,0.00,0.00,0.00,0.00
20650,DL:0.1.0:AT.1.0.0,2022-3-4 11:47:8,38.00,0.00,0.00,17.850,-0.406,-5.777,12.073,17.444,0.00,0.00,0.00,0.00,0.00,0.00,0.00,0.00,0.00,0.00,0.00,0.00,0.00,0.00,0.00,0.00,0.00
20650,DL:0.1.0:AT.1.0.0,2022-3-4 11:47:14,38.00,0.00,0.00,17.837,-0.394,-5.764,12.073,17.443,0.00,0.00,0.00,0.00,0.00,0.00,0.00,0.00,0.00,0.00,0.00,0.00,0.00,0.00,0.00,0.00,0.00
20650,DL:0.1.0:AT.1.0.0,2022-3-4 11:47:21,38.00,0.00,0.00,17.831,-0.389,-5.758,12.073,17.442,0.00,0.00,0.00,0.00,0.00,0.00,0.00,0.00,0.00,0.00,0.00,0.00,0.00,0.00,0.00,0.00,0.00
20650,DL:0.1.0:AT.1.0.0,2022-3-4 11:47:26,38.00,0.00,0.00,17.862,-0.421,-5.789,12.073,17.442,0.00,0.00,0.00,0.00,0.00,0.00,0.00,0.00,0.00,0.00,0.00,0.00,0.00,0.00,0.00,0.00,0.00
20650,DL:0.1.0:AT.1.0.0,2022-3-4 11:47:31,38.00,0.00,0.00,17.853,-0.412,-5.780,12.073,17.441,0.00,0.00,0.00,0.00,0.00,0.00,0.00,0.00,0.00,0.00,0.00,0.00,0.00,0.00,0.00,0.00,0.00
20650,DL:0.1.0:AT.1.0.0,2022-3-4 11:47:36,38.00,0.00,0.00,17.842,-0.401,-5.769,12.073,17.441,0.00,0.00,0.00,0.00,0.00,0.00,0.00,0.00,0.00,0.00,0.00,0.00,0.00,0.00,0.00,0.00,0.00
20650,DL:0.1.0:AT.1.0.0,2022-3-4 11:47:42,38.00,0.00,0.00,17.831,-0.391,-5.758,12.073,17.441,0.00,0.00,0.00,0.00,0.00,0.00,0.00,0.00,0.00,0.00,0.00,0.00,0.00,0.00,0.00,0.00,0.00
20650,DL:0.1.0:AT.1.0.0,2022-3-4 11:47:48,38.00,0.00,0.00,17.839,-0.399,-5.765,12.074,17.441,0.00,0.00,0.00,0.00,0.00,0.00,0.00,0.00,0.00,0.00,0.00,0.00,0.00,0.00,0.00,0.00,0.00
20650,DL:0.1.0:AT.1.0.0,2022-3-4 11:47:55,38.00,0.00,0.00,17.837,-0.398,-5.764,12.073,17.439,0.00,0.00,0.00,0.00,0.00,0.00,0.00,0.00,0.00,0.00,0.00,0.00,0.00,0.00,0.00,0.00,0.00
20650,DL:0.1.0:AT.1.0.0,2022-3-4 11:48:2,38.00,0.00,0.00,17.860,-0.421,-5.787,12.073,17.439,0.00,0.00,0.00,0.00,0.00,0.00,0.00,0.00,0.00,0.00,0.00,0.00,0.00,0.00,0.00,0.00,0.00
20650,DL:0.1.0:AT.1.0.0,2022-3-4 11:48:13,38.00,0.00,0.00,17.845,-0.407,-5.773,12.073,17.438,0.00,0.00,0.00,0.00,0.00,0.00,0.00,0.00,0.00,0.00,0.00,0.00,0.00,0.00,0.00,0.00,0.00
20650,DL:0.1.0:AT.1.0.0,2022-3-4 11:48:22,38.25,0.00,0.00,17.838,-0.397,-5.765,12.073,17.442,0.00,0.00,0.00,0.00,0.00,0.00,0.00,0.00,0.00,0.00,0.00,0.00,0.00,0.00,0.00,0.00,0.00
20650,DL:0.1.0:AT.1.0.0,2022-3-4 11:48:29,38.25,0.00,0.00,17.838,-0.398,-5.765,12.073,17.441,0.00,0.00,0.00,0.00,0.00,0.00,0.00,0.00,0.00,0.00,0.00,0.00,0.00,0.00,0.00,0.00,0.00
20650,DL:0.1.0:AT.1.0.0,2022-3-4 11:48:34,38.25,0.00,0.00,17.862,-0.422,-5.789,12.073,17.441,0.00,0.00,0.00,0.00,0.00,0.00,0.00,0.00,0.00,0.00,0.00,0.00,0.00,0.00,0.00,0.00,0.00
20650,DL:0.1.0:AT.1.0.0,2022-3-4 11:48:43,38.25,0.00,0.00,17.866,-0.428,-5.793,12.073,17.438,0.00,0.00,0.00,0.00,0.00,0.00,0.00,0.00,0.00,0.00,0.00,0.00,0.00,0.00,0.00,0.00,0.00
20650,DL:0.1.0:AT.1.0.0,2022-3-4 11:48:50,38.25,0.00,0.00,17.860,-0.422,-5.787,12.073,17.438,0.00,0.00,0.00,0.00,0.00,0.00,0.00,0.00,0.00,0.00,0.00,0.00,0.00,0.00,0.00,0.00,0.00
20650,DL:0.1.0:AT.1.0.0,2022-3-4 11:48:55,38.25,0.00,0.00,17.837,-0.399,-5.764,12.073,17.438,0.00,0.00,0.00,0.00,0.00,0.00,0.00,0.00,0.00,0.00,0.00,0.00,0.00,0.00,0.00,0.00,0.00
20650,DL:0.1.0:AT.1.0.0,2022-3-4 11:49:0,38.25,0.00,0.00,17.860,-0.423,-5.787,12.073,17.437,0.00,0.00,0.00,0.00,0.00,0.00,0.00,0.00,0.00,0.00,0.00,0.00,0.00,0.00,0.00,0.00,0.00
20650,DL:0.1.0:AT.1.0.0,2022-3-4 11:49:5,38.25,0.00,0.00,17.863,-0.427,-5.791,12.073,17.437,0.00,0.00,0.00,0.00,0.00,0.00,0.00,0.00,0.00,0.00,0.00,0.00,0.00,0.00,0.00,0.00,0.00
20650,DL:0.1.0:AT.1.0.0,2022-3-4 11:49:11,38.25,0.00,0.00,17.855,-0.419,-5.782,12.073,17.436,0.00,0.00,0.00,0.00,0.00,0.00,0.00,0.00,0.00,0.00,0.00,0.00,0.00,0.00,0.00,0.00,0.00
20650,DL:0.1.0:AT.1.0.0,2022-3-4 11:49:17,38.25,0.00,0.00,17.874,-0.440,-5.801,12.073,17.435,0.00,0.00,0.00,0.00,0.00,0.00,0.00,0.00,0.00,0.00,0.00,0.00,0.00,0.00,0.00,0.00,0.00
20650,DL:0.1.0:AT.1.0.0,2022-3-4 11:49:24,38.25,0.00,0.00,17.861,-0.427,-5.787,12.074,17.435,0.00,0.00,0.00,0.00,0.00,0.00,0.00,0.00,0.00,0.00,0.00,0.00,0.00,0.00,0.00,0.00,0.00
20650,DL:0.1.0:AT.1.0.0,2022-3-4 11:49:31,38.25,0.00,0.00,17.863,-0.430,-5.789,12.074,17.433,0.00,0.00,0.00,0.00,0.00,0.00,0.00,0.00,0.00,0.00,0.00,0.00,0.00,0.00,0.00,0.00,0.00
20650,DL:0.1.0:AT.1.0.0,2022-3-4 11:49:36,38.25,0.00,0.00,17.862,-0.430,-5.788,12.074,17.432,0.00,0.00,0.00,0.00,0.00,0.00,0.00,0.00,0.00,0.00,0.00,0.00,0.00,0.00,0.00,0.00,0.00
20650,DL:0.1.0:AT.1.0.0,2022-3-4 11:49:42,38.25,0.00,0.00,17.891,-0.459,-5.816,12.075,17.432,0.00,0.00,0.00,0.00,0.00,0.00,0.00,0.00,0.00,0.00,0.00,0.00,0.00,0.00,0.00,0.00,0.00
20650,DL:0.1.0:AT.1.0.0,2022-3-4 11:49:48,38.25,0.00,0.00,17.863,-0.433,-5.788,12.075,17.431,0.00,0.00,0.00,0.00,0.00,0.00,0.00,0.00,0.00,0.00,0.00,0.00,0.00,0.00,0.00,0.00,0.00
20650,DL:0.1.0:AT.1.0.0,2022-3-4 11:49:55,38.25,0.00,0.00,17.894,-0.464,-5.818,12.075,17.430,0.00,0.00,0.00,0.00,0.00,0.00,0.00,0.00,0.00,0.00,0.00,0.00,0.00,0.00,0.00,0.00,0.00
20650,DL:0.1.0:AT.1.0.0,2022-3-4 11:50:2,38.25,0.00,0.00,17.902,-0.472,-5.827,12.075,17.430,0.00,0.00,0.00,0.00,0.00,0.00,0.00,0.00,0.00,0.00,0.00,0.00,0.00,0.00,0.00,0.00,0.00
20650,DL:0.1.0:AT.1.0.0,2022-3-4 11:50:8,38.25,0.00,0.00,17.873,-0.445,-5.797,12.076,17.429,0.00,0.00,0.00,0.00,0.00,0.00,0.00,0.00,0.00,0.00,0.00,0.00,0.00,0.00,0.00,0.00,0.00
20650,DL:0.1.0:AT.1.0.0,2022-3-4 11:50:15,38.25,0.00,0.00,17.882,-0.454,-5.806,12.075,17.427,0.00,0.00,0.00,0.00,0.00,0.00,0.00,0.00,0.00,0.00,0.00,0.00,0.00,0.00,0.00,0.00,0.00
20650,DL:0.1.0:AT.1.0.0,2022-3-4 11:50:22,38.25,0.00,0.00,17.912,-0.484,-5.835,12.076,17.427,0.00,0.00,0.00,0.00,0.00,0.00,0.00,0.00,0.00,0.00,0.00,0.00,0.00,0.00,0.00,0.00,0.00
20650,DL:0.1.0:AT.1.0.0,2022-3-4 11:50:29,38.25,0.00,0.00,17.896,-0.471,-5.821,12.075,17.425,0.00,0.00,0.00,0.00,0.00,0.00,0.00,0.00,0.00,0.00,0.00,0.00,0.00,0.00,0.00,0.00,0.00
20650,DL:0.1.0:AT.1.0.0,2022-3-4 11:50:35,38.25,0.00,0.00,17.886,-0.461,-5.810,12.076,17.425,0.00,0.00,0.00,0.00,0.00,0.00,0.00,0.00,0.00,0.00,0.00,0.00,0.00,0.00,0.00,0.00,0.00
20650,DL:0.1.0:AT.1.0.0,2022-3-4 11:50:45,38.25,0.00,0.00,17.883,-0.459,-5.806,12.076,17.424,0.00,0.00,0.00,0.00,0.00,0.00,0.00,0.00,0.00,0.00,0.00,0.00,0.00,0.00,0.00,0.00,0.00
20650,DL:0.1.0:AT.1.0.0,2022-3-4 11:50:50,38.25,0.00,0.00,17.889,-0.466,-5.812,12.076,17.422,0.00,0.00,0.00,0.00,0.00,0.00,0.00,0.00,0.00,0.00,0.00,0.00,0.00,0.00,0.00,0.00,0.00
20650,DL:0.1.0:AT.1.0.0,2022-3-4 11:50:59,38.25,0.00,0.00,17.886,-0.465,-5.810,12.076,17.421,0.00,0.00,0.00,0.00,0.00,0.00,0.00,0.00,0.00,0.00,0.00,0.00,0.00,0.00,0.00,0.00,0.00
20650,DL:0.1.0:AT.1.0.0,2022-3-4 11:51:7,38.25,0.00,0.00,17.880,-0.454,-5.803,12.078,17.426,0.00,0.00,0.00,0.00,0.00,0.00,0.00,0.00,0.00,0.00,0.00,0.00,0.00,0.00,0.00,0.00,0.00
20650,DL:0.1.0:AT.1.0.0,2022-3-4 11:51:14,38.25,0.00,0.00,17.873,-0.448,-5.795,12.078,17.425,0.00,0.00,0.00,0.00,0.00,0.00,0.00,0.00,0.00,0.00,0.00,0.00,0.00,0.00,0.00,0.00,0.00
20650,DL:0.1.0:AT.1.0.0,2022-3-4 11:51:20,38.25,0.00,0.00,17.892,-0.467,-5.814,12.079,17.425,0.00,0.00,0.00,0.00,0.00,0.00,0.00,0.00,0.00,0.00,0.00,0.00,0.00,0.00,0.00,0.00,0.00
20650,DL:0.1.0:AT.1.0.0,2022-3-4 11:51:27,38.25,0.00,0.00,17.863,-0.441,-5.785,12.079,17.422,0.00,0.00,0.00,0.00,0.00,0.00,0.00,0.00,0.00,0.00,0.00,0.00,0.00,0.00,0.00,0.00,0.00
20650,DL:0.1.0:AT.1.0.0,2022-3-4 11:51:34,38.25,0.00,0.00,17.880,-0.459,-5.801,12.079,17.421,0.00,0.00,0.00,0.00,0.00,0.00,0.00,0.00,0.00,0.00,0.00,0.00,0.00,0.00,0.00,0.00,0.00
20650,DL:0.1.0:AT.1.0.0,2022-3-4 11:51:41,38.25,0.00,0.00,17.901,-0.481,-5.822,12.079,17.420,0.00,0.00,0.00,0.00,0.00,0.00,0.00,0.00,0.00,0.00,0.00,0.00,0.00,0.00,0.00,0.00,0.00
20650,DL:0.1.0:AT.1.0.0,2022-3-4 11:51:46,38.25,0.00,0.00,17.877,-0.458,-5.798,12.079,17.419,0.00,0.00,0.00,0.00,0.00,0.00,0.00,0.00,0.00,0.00,0.00,0.00,0.00,0.00,0.00,0.00,0.00
20650,DL:0.1.0:AT.1.0.0,2022-3-4 11:51:51,38.25,0.00,0.00,17.870,-0.451,-5.792,12.078,17.419,0.00,0.00,0.00,0.00,0.00,0.00,0.00,0.00,0.00,0.00,0.00,0.00,0.00,0.00,0.00,0.00,0.00
20650,DL:0.1.0:AT.1.0.0,2022-3-4 11:51:58,38.25,0.00,0.00,17.859,-0.443,-5.781,12.078,17.415,0.00,0.00,0.00,0.00,0.00,0.00,0.00,0.00,0.00,0.00,0.00,0.00,0.00,0.00,0.00,0.00,0.00
20650,DL:0.1.0:AT.1.0.0,2022-3-4 11:52:5,38.25,0.00,0.00,17.895,-0.479,-5.817,12.078,17.415,0.00,0.00,0.00,0.00,0.00,0.00,0.00,0.00,0.00,0.00,0.00,0.00,0.00,0.00,0.00,0.00,0.00
20650,DL:0.1.0:AT.1.0.0,2022-3-4 11:52:11,38.25,0.00,0.00,17.898,-0.484,-5.820,12.079,17.414,0.00,0.00,0.00,0.00,0.00,0.00,0.00,0.00,0.00,0.00,0.00,0.00,0.00,0.00,0.00,0.00,0.00
20650,DL:0.1.0:AT.1.0.0,2022-3-4 11:52:18,38.25,0.00,0.00,17.886,-0.473,-5.807,12.079,17.413,0.00,0.00,0.00,0.00,0.00,0.00,0.00,0.00,0.00,0.00,0.00,0.00,0.00,0.00,0.00,0.00,0.00
20650,DL:0.1.0:AT.1.0.0,2022-3-4 11:52:23,38.25,0.00,0.00,17.872,-0.459,-5.794,12.078,17.413,0.00,0.00,0.00,0.00,0.00,0.00,0.00,0.00,0.00,0.00,0.00,0.00,0.00,0.00,0.00,0.00,0.00
20650,DL:0.1.0:AT.1.0.0,2022-3-4 11:52:29,38.25,0.00,0.00,17.919,-0.508,-5.840,12.079,17.410,0.00,0.00,0.00,0.00,0.00,0.00,0.00,0.00,0.00,0.00,0.00,0.00,0.00,0.00,0.00,0.00,0.00
20650,DL:0.1.0:AT.1.0.0,2022-3-4 11:52:36,38.25,0.00,0.00,17.880,-0.470,-5.801,12.079,17.410,0.00,0.00,0.00,0.00,0.00,0.00,0.00,0.00,0.00,0.00,0.00,0.00,0.00,0.00,0.00,0.00,0.00
20650,DL:0.1.0:AT.1.0.0,2022-3-4 11:52:42,38.25,0.00,0.00,17.872,-0.463,-5.793,12.079,17.409,0.00,0.00,0.00,0.00,0.00,0.00,0.00,0.00,0.00,0.00,0.00,0.00,0.00,0.00,0.00,0.00,0.00
20650,DL:0.1.0:AT.1.0.0,2022-3-4 11:52:49,38.25,0.00,0.00,17.880,-0.471,-5.801,12.079,17.409,0.00,0.00,0.00,0.00,0.00,0.00,0.00,0.00,0.00,0.00,0.00,0.00,0.00,0.00,0.00,0.00,0.00
20650,DL:0.1.0:AT.1.0.0,2022-3-4 11:52:56,38.25,0.00,0.00,17.895,-0.487,-5.816,12.079,17.408,0.00,0.00,0.00,0.00,0.00,0.00,0.00,0.00,0.00,0.00,0.00,0.00,0.00,0.00,0.00,0.00,0.00
20650,DL:0.1.0:AT.1.0.0,2022-3-4 11:53:3,38.25,0.00,0.00,17.870,-0.461,-5.791,12.079,17.408,0.00,0.00,0.00,0.00,0.00,0.00,0.00,0.00,0.00,0.00,0.00,0.00,0.00,0.00,0.00,0.00,0.00
20650,DL:0.1.0:AT.1.0.0,2022-3-4 11:53:13,38.25,0.00,0.00,17.873,-0.467,-5.793,12.080,17.406,0.00,0.00,0.00,0.00,0.00,0.00,0.00,0.00,0.00,0.00,0.00,0.00,0.00,0.00,0.00,0.00,0.00
20650,DL:0.1.0:AT.1.0.0,2022-3-4 11:53:18,38.25,0.00,0.00,17.837,-0.430,-5.758,12.079,17.407,0.00,0.00,0.00,0.00,0.00,0.00,0.00,0.00,0.00,0.00,0.00,0.00,0.00,0.00,0.00,0.00,0.00
20650,DL:0.1.0:AT.1.0.0,2022-3-4 11:53:23,38.25,0.00,0.00,17.859,-0.449,-5.779,12.080,17.409,0.00,0.00,0.00,0.00,0.00,0.00,0.00,0.00,0.00,0.00,0.00,0.00,0.00,0.00,0.00,0.00,0.00
20650,DL:0.1.0:AT.1.0.0,2022-3-4 11:53:30,38.25,0.00,0.00,17.870,-0.461,-5.791,12.079,17.408,0.00,0.00,0.00,0.00,0.00,0.00,0.00,0.00,0.00,0.00,0.00,0.00,0.00,0.00,0.00,0.00,0.00
20650,DL:0.1.0:AT.1.0.0,2022-3-4 11:53:35,38.25,0.00,0.00,17.879,-0.471,-5.799,12.080,17.408,0.00,0.00,0.00,0.00,0.00,0.00,0.00,0.00,0.00,0.00,0.00,0.00,0.00,0.00,0.00,0.00,0.00
20650,DL:0.1.0:AT.1.0.0,2022-3-4 11:53:40,38.25,0.00,0.00,17.886,-0.479,-5.807,12.079,17.407,0.00,0.00,0.00,0.00,0.00,0.00,0.00,0.00,0.00,0.00,0.00,0.00,0.00,0.00,0.00,0.00,0.00
20650,DL:0.1.0:AT.1.0.0,2022-3-4 11:53:51,38.25,0.00,0.00,17.882,-0.477,-5.801,12.080,17.404,0.00,0.00,0.00,0.00,0.00,0.00,0.00,0.00,0.00,0.00,0.00,0.00,0.00,0.00,0.00,0.00,0.00
20650,DL:0.1.0:AT.1.0.0,2022-3-4 11:53:58,38.25,0.00,0.00,17.888,-0.483,-5.807,12.080,17.404,0.00,0.00,0.00,0.00,0.00,0.00,0.00,0.00,0.00,0.00,0.00,0.00,0.00,0.00,0.00,0.00,0.00
20650,DL:0.1.0:AT.1.0.0,2022-3-4 11:54:4,38.25,0.00,0.00,17.890,-0.488,-5.810,12.080,17.402,0.00,0.00,0.00,0.00,0.00,0.00,0.00,0.00,0.00,0.00,0.00,0.00,0.00,0.00,0.00,0.00,0.00
20650,DL:0.1.0:AT.1.0.0,2022-3-4 11:54:11,38.25,0.00,0.00,17.871,-0.469,-5.791,12.080,17.402,0.00,0.00,0.00,0.00,0.00,0.00,0.00,0.00,0.00,0.00,0.00,0.00,0.00,0.00,0.00,0.00,0.00
20650,DL:0.1.0:AT.1.0.0,2022-3-4 11:54:19,38.25,0.00,0.00,17.889,-0.487,-5.809,12.080,17.402,0.00,0.00,0.00,0.00,0.00,0.00,0.00,0.00,0.00,0.00,0.00,0.00,0.00,0.00,0.00,0.00,0.00
20650,DL:0.1.0:AT.1.0.0,2022-3-4 11:54:25,38.25,0.00,0.00,17.874,-0.475,-5.793,12.081,17.400,0.00,0.00,0.00,0.00,0.00,0.00,0.00,0.00,0.00,0.00,0.00,0.00,0.00,0.00,0.00,0.00,0.00
20650,DL:0.1.0:AT.1.0.0,2022-3-4 11:54:30,38.25,0.00,0.00,17.878,-0.479,-5.797,12.081,17.398,0.00,0.00,0.00,0.00,0.00,0.00,0.00,0.00,0.00,0.00,0.00,0.00,0.00,0.00,0.00,0.00,0.00
20650,DL:0.1.0:AT.1.0.0,2022-3-4 11:54:35,38.25,0.00,0.00,17.872,-0.475,-5.791,12.081,17.397,0.00,0.00,0.00,0.00,0.00,0.00,0.00,0.00,0.00,0.00,0.00,0.00,0.00,0.00,0.00,0.00,0.00
20650,DL:0.1.0:AT.1.0.0,2022-3-4 11:54:42,38.25,0.00,0.00,17.879,-0.482,-5.798,12.081,17.397,0.00,0.00,0.00,0.00,0.00,0.00,0.00,0.00,0.00,0.00,0.00,0.00,0.00,0.00,0.00,0.00,0.00
20650,DL:0.1.0:AT.1.0.0,2022-3-4 11:54:54,38.25,0.00,0.00,17.853,-0.458,-5.771,12.081,17.395,0.00,0.00,0.00,0.00,0.00,0.00,0.00,0.00,0.00,0.00,0.00,0.00,0.00,0.00,0.00,0.00,0.00
20650,DL:0.1.0:AT.1.0.0,2022-3-4 11:55:2,38.25,0.00,0.00,17.845,-0.451,-5.764,12.081,17.395,0.00,0.00,0.00,0.00,0.00,0.00,0.00,0.00,0.00,0.00,0.00,0.00,0.00,0.00,0.00,0.00,0.00
20650,DL:0.1.0:AT.1.0.0,2022-3-4 11:55:7,38.25,0.00,0.00,17.843,-0.449,-5.762,12.081,17.394,0.00,0.00,0.00,0.00,0.00,0.00,0.00,0.00,0.00,0.00,0.00,0.00,0.00,0.00,0.00,0.00,0.00
20650,DL:0.1.0:AT.1.0.0,2022-3-4 11:55:12,38.25,0.00,0.00,17.856,-0.464,-5.775,12.081,17.392,0.00,0.00,0.00,0.00,0.00,0.00,0.00,0.00,0.00,0.00,0.00,0.00,0.00,0.00,0.00,0.00,0.00
20650,DL:0.1.0:AT.1.0.0,2022-3-4 11:55:24,38.25,0.00,0.00,17.841,-0.448,-5.759,12.081,17.392,0.00,0.00,0.00,0.00,0.00,0.00,0.00,0.00,0.00,0.00,0.00,0.00,0.00,0.00,0.00,0.00,0.00
20650,DL:0.1.0:AT.1.0.0,2022-3-4 11:55:30,38.25,0.00,0.00,17.850,-0.460,-5.768,12.082,17.390,0.00,0.00,0.00,0.00,0.00,0.00,0.00,0.00,0.00,0.00,0.00,0.00,0.00,0.00,0.00,0.00,0.00
20650,DL:0.1.0:AT.1.0.0,2022-3-4 11:55:35,38.25,0.00,0.00,17.861,-0.470,-5.779,12.082,17.391,0.00,0.00,0.00,0.00,0.00,0.00,0.00,0.00,0.00,0.00,0.00,0.00,0.00,0.00,0.00,0.00,0.00
20650,DL:0.1.0:AT.1.0.0,2022-3-4 11:55:40,38.25,0.00,0.00,17.851,-0.457,-5.769,12.082,17.395,0.00,0.00,0.00,0.00,0.00,0.00,0.00,0.00,0.00,0.00,0.00,0.00,0.00,0.00,0.00,0.00,0.00
20650,DL:0.1.0:AT.1.0.0,2022-3-4 11:55:46,38.50,0.00,0.00,17.863,-0.470,-5.781,12.082,17.394,0.00,0.00,0.00,0.00,0.00,0.00,0.00,0.00,0.00,0.00,0.00,0.00,0.00,0.00,0.00,0.00,0.00
20650,DL:0.1.0:AT.1.0.0,2022-3-4 11:55:53,38.50,0.00,0.00,17.878,-0.485,-5.795,12.082,17.392,0.00,0.00,0.00,0.00,0.00,0.00,0.00,0.00,0.00,0.00,0.00,0.00,0.00,0.00,0.00,0.00,0.00
20650,DL:0.1.0:AT.1.0.0,2022-3-4 11:56:0,38.50,0.00,0.00,17.866,-0.473,-5.783,12.082,17.392,0.00,0.00,0.00,0.00,0.00,0.00,0.00,0.00,0.00,0.00,0.00,0.00,0.00,0.00,0.00,0.00,0.00
20650,DL:0.1.0:AT.1.0.0,2022-3-4 11:56:7,38.50,0.00,0.00,17.831,-0.440,-5.747,12.084,17.391,0.00,0.00,0.00,0.00,0.00,0.00,0.00,0.00,0.00,0.00,0.00,0.00,0.00,0.00,0.00,0.00,0.00
20650,DL:0.1.0:AT.1.0.0,2022-3-4 11:56:14,38.50,0.00,0.00,17.847,-0.455,-5.763,12.084,17.391,0.00,0.00,0.00,0.00,0.00,0.00,0.00,0.00,0.00,0.00,0.00,0.00,0.00,0.00,0.00,0.00,0.00
20650,DL:0.1.0:AT.1.0.0,2022-3-4 11:56:25,38.50,0.00,0.00,17.847,-0.457,-5.763,12.084,17.390,0.00,0.00,0.00,0.00,0.00,0.00,0.00,0.00,0.00,0.00,0.00,0.00,0.00,0.00,0.00,0.00,0.00
20650,DL:0.1.0:AT.1.0.0,2022-3-4 11:56:31,38.50,0.00,0.00,17.833,-0.446,-5.750,12.084,17.388,0.00,0.00,0.00,0.00,0.00,0.00,0.00,0.00,0.00,0.00,0.00,0.00,0.00,0.00,0.00,0.00,0.00
20650,DL:0.1.0:AT.1.0.0,2022-3-4 11:56:38,38.50,0.00,0.00,17.838,-0.452,-5.753,12.085,17.386,0.00,0.00,0.00,0.00,0.00,0.00,0.00,0.00,0.00,0.00,0.00,0.00,0.00,0.00,0.00,0.00,0.00
20650,DL:0.1.0:AT.1.0.0,2022-3-4 11:56:45,38.50,0.00,0.00,17.841,-0.454,-5.755,12.086,17.386,0.00,0.00,0.00,0.00,0.00,0.00,0.00,0.00,0.00,0.00,0.00,0.00,0.00,0.00,0.00,0.00,0.00
20650,DL:0.1.0:AT.1.0.0,2022-3-4 11:56:55,38.50,0.00,0.00,17.860,-0.475,-5.773,12.087,17.385,0.00,0.00,0.00,0.00,0.00,0.00,0.00,0.00,0.00,0.00,0.00,0.00,0.00,0.00,0.00,0.00,0.00
20650,DL:0.1.0:AT.1.0.0,2022-3-4 11:57:2,38.50,0.00,0.00,17.882,-0.497,-5.794,12.087,17.384,0.00,0.00,0.00,0.00,0.00,0.00,0.00,0.00,0.00,0.00,0.00,0.00,0.00,0.00,0.00,0.00,0.00
20650,DL:0.1.0:AT.1.0.0,2022-3-4 11:57:8,38.50,0.00,0.00,17.844,-0.460,-5.757,12.087,17.384,0.00,0.00,0.00,0.00,0.00,0.00,0.00,0.00,0.00,0.00,0.00,0.00,0.00,0.00,0.00,0.00,0.00
20650,DL:0.1.0:AT.1.0.0,2022-3-4 11:57:14,38.50,0.00,0.00,17.872,-0.489,-5.783,12.088,17.383,0.00,0.00,0.00,0.00,0.00,0.00,0.00,0.00,0.00,0.00,0.00,0.00,0.00,0.00,0.00,0.00,0.00
20650,DL:0.1.0:AT.1.0.0,2022-3-4 11:57:19,38.50,0.00,0.00,17.878,-0.495,-5.789,12.088,17.383,0.00,0.00,0.00,0.00,0.00,0.00,0.00,0.00,0.00,0.00,0.00,0.00,0.00,0.00,0.00,0.00,0.00
20650,DL:0.1.0:AT.1.0.0,2022-3-4 11:57:24,38.50,0.00,0.00,17.877,-0.494,-5.788,12.088,17.383,0.00,0.00,0.00,0.00,0.00,0.00,0.00,0.00,0.00,0.00,0.00,0.00,0.00,0.00,0.00,0.00,0.00
20650,DL:0.1.0:AT.1.0.0,2022-3-4 11:57:29,38.50,0.00,0.00,17.827,-0.446,-5.739,12.088,17.382,0.00,0.00,0.00,0.00,0.00,0.00,0.00,0.00,0.00,0.00,0.00,0.00,0.00,0.00,0.00,0.00,0.00
20650,DL:0.1.0:AT.1.0.0,2022-3-4 11:57:36,38.50,0.00,0.00,17.830,-0.451,-5.740,12.090,17.379,0.00,0.00,0.00,0.00,0.00,0.00,0.00,0.00,0.00,0.00,0.00,0.00,0.00,0.00,0.00,0.00,0.00
20650,DL:0.1.0:AT.1.0.0,2022-3-4 11:57:43,38.50,0.00,0.00,17.850,-0.472,-5.762,12.088,17.378,0.00,0.00,0.00,0.00,0.00,0.00,0.00,0.00,0.00,0.00,0.00,0.00,0.00,0.00,0.00,0.00,0.00
20650,DL:0.1.0:AT.1.0.0,2022-3-4 11:57:50,38.50,0.00,0.00,17.888,-0.507,-5.798,12.090,17.380,0.00,0.00,0.00,0.00,0.00,0.00,0.00,0.00,0.00,0.00,0.00,0.00,0.00,0.00,0.00,0.00,0.00
20650,DL:0.1.0:AT.1.0.0,2022-3-4 11:57:58,38.50,0.00,0.00,17.847,-0.467,-5.758,12.088,17.379,0.00,0.00,0.00,0.00,0.00,0.00,0.00,0.00,0.00,0.00,0.00,0.00,0.00,0.00,0.00,0.00,0.00
20650,DL:0.1.0:AT.1.0.0,2022-3-4 11:58:3,38.50,0.00,0.00,17.868,-0.490,-5.779,12.090,17.378,0.00,0.00,0.00,0.00,0.00,0.00,0.00,0.00,0.00,0.00,0.00,0.00,0.00,0.00,0.00,0.00,0.00
20650,DL:0.1.0:AT.1.0.0,2022-3-4 11:58:10,38.50,0.00,0.00,17.863,-0.488,-5.775,12.088,17.376,0.00,0.00,0.00,0.00,0.00,0.00,0.00,0.00,0.00,0.00,0.00,0.00,0.00,0.00,0.00,0.00,0.00
20650,DL:0.1.0:AT.1.0.0,2022-3-4 11:58:17,38.50,0.00,0.00,17.865,-0.490,-5.775,12.090,17.374,0.00,0.00,0.00,0.00,0.00,0.00,0.00,0.00,0.00,0.00,0.00,0.00,0.00,0.00,0.00,0.00,0.00
20650,DL:0.1.0:AT.1.0.0,2022-3-4 11:58:25,38.50,0.00,0.00,17.854,-0.481,-5.764,12.090,17.373,0.00,0.00,0.00,0.00,0.00,0.00,0.00,0.00,0.00,0.00,0.00,0.00,0.00,0.00,0.00,0.00,0.00
20650,DL:0.1.0:AT.1.0.0,2022-3-4 11:58:31,38.50,0.00,0.00,17.835,-0.463,-5.745,12.090,17.372,0.00,0.00,0.00,0.00,0.00,0.00,0.00,0.00,0.00,0.00,0.00,0.00,0.00,0.00,0.00,0.00,0.00
20650,DL:0.1.0:AT.1.0.0,2022-3-4 11:58:36,38.50,0.00,0.00,17.818,-0.446,-5.727,12.091,17.372,0.00,0.00,0.00,0.00,0.00,0.00,0.00,0.00,0.00,0.00,0.00,0.00,0.00,0.00,0.00,0.00,0.00
20650,DL:0.1.0:AT.1.0.0,2022-3-4 11:58:41,38.50,0.00,0.00,17.856,-0.485,-5.767,12.090,17.371,0.00,0.00,0.00,0.00,0.00,0.00,0.00,0.00,0.00,0.00,0.00,0.00,0.00,0.00,0.00,0.00,0.00
20650,DL:0.1.0:AT.1.0.0,2022-3-4 11:58:48,38.50,0.00,0.00,17.861,-0.491,-5.771,12.090,17.370,0.00,0.00,0.00,0.00,0.00,0.00,0.00,0.00,0.00,0.00,0.00,0.00,0.00,0.00,0.00,0.00,0.00
20650,DL:0.1.0:AT.1.0.0,2022-3-4 11:58:53,38.50,0.00,0.00,17.823,-0.454,-5.733,12.090,17.368,0.00,0.00,0.00,0.00,0.00,0.00,0.00,0.00,0.00,0.00,0.00,0.00,0.00,0.00,0.00,0.00,0.00
20650,DL:0.1.0:AT.1.0.0,2022-3-4 11:58:58,38.50,0.00,0.00,17.842,-0.475,-5.752,12.090,17.367,0.00,0.00,0.00,0.00,0.00,0.00,0.00,0.00,0.00,0.00,0.00,0.00,0.00,0.00,0.00,0.00,0.00
20650,DL:0.1.0:AT.1.0.0,2022-3-4 11:59:3,38.50,0.00,0.00,17.862,-0.495,-5.771,12.091,17.367,0.00,0.00,0.00,0.00,0.00,0.00,0.00,0.00,0.00,0.00,0.00,0.00,0.00,0.00,0.00,0.00,0.00
20650,DL:0.1.0:AT.1.0.0,2022-3-4 11:59:9,38.50,0.00,0.00,17.865,-0.500,-5.775,12.090,17.365,0.00,0.00,0.00,0.00,0.00,0.00,0.00,0.00,0.00,0.00,0.00,0.00,0.00,0.00,0.00,0.00,0.00
20650,DL:0.1.0:AT.1.0.0,2022-3-4 11:59:14,38.50,0.00,0.00,17.863,-0.499,-5.773,12.091,17.365,0.00,0.00,0.00,0.00,0.00,0.00,0.00,0.00,0.00,0.00,0.00,0.00,0.00,0.00,0.00,0.00,0.00
20650,DL:0.1.0:AT.1.0.0,2022-3-4 11:59:19,38.50,0.00,0.00,17.865,-0.502,-5.774,12.091,17.362,0.00,0.00,0.00,0.00,0.00,0.00,0.00,0.00,0.00,0.00,0.00,0.00,0.00,0.00,0.00,0.00,0.00
20650,DL:0.1.0:AT.1.0.0,2022-3-4 11:59:30,38.50,0.00,0.00,17.837,-0.475,-5.746,12.091,17.362,0.00,0.00,0.00,0.00,0.00,0.00,0.00,0.00,0.00,0.00,0.00,0.00,0.00,0.00,0.00,0.00,0.00
20650,DL:0.1.0:AT.1.0.0,2022-3-4 11:59:35,38.50,0.00,0.00,17.845,-0.484,-5.755,12.091,17.361,0.00,0.00,0.00,0.00,0.00,0.00,0.00,0.00,0.00,0.00,0.00,0.00,0.00,0.00,0.00,0.00,0.00
20650,DL:0.1.0:AT.1.0.0,2022-3-4 11:59:43,38.50,0.00,0.00,17.848,-0.488,-5.757,12.091,17.360,0.00,0.00,0.00,0.00,0.00,0.00,0.00,0.00,0.00,0.00,0.00,0.00,0.00,0.00,0.00,0.00,0.00
20650,DL:0.1.0:AT.1.0.0,2022-3-4 11:59:50,38.50,0.00,0.00,17.862,-0.505,-5.770,12.092,17.358,0.00,0.00,0.00,0.00,0.00,0.00,0.00,0.00,0.00,0.00,0.00,0.00,0.00,0.00,0.00,0.00,0.00
20650,DL:0.1.0:AT.1.0.0,2022-3-4 12:0:0,38.50,0.00,0.00,17.867,-0.511,-5.776,12.091,17.356,0.00,0.00,0.00,0.00,0.00,0.00,0.00,0.00,0.00,0.00,0.00,0.00,0.00,0.00,0.00,0.00,0.00
20650,DL:0.1.0:AT.1.0.0,2022-3-4 12:0:7,38.50,0.00,0.00,17.862,-0.502,-5.771,12.091,17.360,0.00,0.00,0.00,0.00,0.00,0.00,0.00,0.00,0.00,0.00,0.00,0.00,0.00,0.00,0.00,0.00,0.00
20650,DL:0.1.0:AT.1.0.0,2022-3-4 12:0:13,38.50,0.00,0.00,17.859,-0.500,-5.768,12.091,17.359,0.00,0.00,0.00,0.00,0.00,0.00,0.00,0.00,0.00,0.00,0.00,0.00,0.00,0.00,0.00,0.00,0.00
20650,DL:0.1.0:AT.1.0.0,2022-3-4 12:0:20,38.50,0.00,0.00,17.863,-0.506,-5.771,12.092,17.358,0.00,0.00,0.00,0.00,0.00,0.00,0.00,0.00,0.00,0.00,0.00,0.00,0.00,0.00,0.00,0.00,0.00
20650,DL:0.1.0:AT.1.0.0,2022-3-4 12:0:25,38.50,0.00,0.00,17.855,-0.499,-5.763,12.092,17.356,0.00,0.00,0.00,0.00,0.00,0.00,0.00,0.00,0.00,0.00,0.00,0.00,0.00,0.00,0.00,0.00,0.00
20650,DL:0.1.0:AT.1.0.0,2022-3-4 12:0:30,38.50,0.00,0.00,17.853,-0.496,-5.761,12.092,17.356,0.00,0.00,0.00,0.00,0.00,0.00,0.00,0.00,0.00,0.00,0.00,0.00,0.00,0.00,0.00,0.00,0.00
20650,DL:0.1.0:AT.1.0.0,2022-3-4 12:0:37,38.50,0.00,0.00,17.861,-0.505,-5.769,12.092,17.356,0.00,0.00,0.00,0.00,0.00,0.00,0.00,0.00,0.00,0.00,0.00,0.00,0.00,0.00,0.00,0.00,0.00
20650,DL:0.1.0:AT.1.0.0,2022-3-4 12:0:44,38.50,0.00,0.00,17.860,-0.503,-5.768,12.092,17.356,0.00,0.00,0.00,0.00,0.00,0.00,0.00,0.00,0.00,0.00,0.00,0.00,0.00,0.00,0.00,0.00,0.00
20650,DL:0.1.0:AT.1.0.0,2022-3-4 12:0:51,38.50,0.00,0.00,17.856,-0.501,-5.764,12.092,17.355,0.00,0.00,0.00,0.00,0.00,0.00,0.00,0.00,0.00,0.00,0.00,0.00,0.00,0.00,0.00,0.00,0.00
20650,DL:0.1.0:AT.1.0.0,2022-3-4 12:1:2,38.50,0.00,0.00,17.882,-0.528,-5.788,12.093,17.354,0.00,0.00,0.00,0.00,0.00,0.00,0.00,0.00,0.00,0.00,0.00,0.00,0.00,0.00,0.00,0.00,0.00
20650,DL:0.1.0:AT.1.0.0,2022-3-4 12:1:8,38.50,0.00,0.00,17.874,-0.522,-5.781,12.093,17.353,0.00,0.00,0.00,0.00,0.00,0.00,0.00,0.00,0.00,0.00,0.00,0.00,0.00,0.00,0.00,0.00,0.00
20650,DL:0.1.0:AT.1.0.0,2022-3-4 12:1:15,38.50,0.00,0.00,17.870,-0.517,-5.776,12.093,17.353,0.00,0.00,0.00,0.00,0.00,0.00,0.00,0.00,0.00,0.00,0.00,0.00,0.00,0.00,0.00,0.00,0.00
20650,DL:0.1.0:AT.1.0.0,2022-3-4 12:1:22,38.50,0.00,0.00,17.855,-0.505,-5.763,12.092,17.350,0.00,0.00,0.00,0.00,0.00,0.00,0.00,0.00,0.00,0.00,0.00,0.00,0.00,0.00,0.00,0.00,0.00
20650,DL:0.1.0:AT.1.0.0,2022-3-4 12:1:33,38.50,0.00,0.00,17.874,-0.524,-5.781,12.093,17.350,0.00,0.00,0.00,0.00,0.00,0.00,0.00,0.00,0.00,0.00,0.00,0.00,0.00,0.00,0.00,0.00,0.00
20650,DL:0.1.0:AT.1.0.0,2022-3-4 12:1:39,38.50,0.00,0.00,17.835,-0.487,-5.743,12.092,17.348,0.00,0.00,0.00,0.00,0.00,0.00,0.00,0.00,0.00,0.00,0.00,0.00,0.00,0.00,0.00,0.00,0.00
20650,DL:0.1.0:AT.1.0.0,2022-3-4 12:1:44,38.50,0.00,0.00,17.880,-0.534,-5.788,12.092,17.347,0.00,0.00,0.00,0.00,0.00,0.00,0.00,0.00,0.00,0.00,0.00,0.00,0.00,0.00,0.00,0.00,0.00
20650,DL:0.1.0:AT.1.0.0,2022-3-4 12:1:52,38.50,0.00,0.00,17.855,-0.508,-5.762,12.093,17.347,0.00,0.00,0.00,0.00,0.00,0.00,0.00,0.00,0.00,0.00,0.00,0.00,0.00,0.00,0.00,0.00,0.00
20650,DL:0.1.0:AT.1.0.0,2022-3-4 12:2:0,38.50,0.00,0.00,17.890,-0.544,-5.797,12.093,17.346,0.00,0.00,0.00,0.00,0.00,0.00,0.00,0.00,0.00,0.00,0.00,0.00,0.00,0.00,0.00,0.00,0.00
20650,DL:0.1.0:AT.1.0.0,2022-3-4 12:2:6,38.50,0.00,0.00,17.865,-0.519,-5.771,12.093,17.346,0.00,0.00,0.00,0.00,0.00,0.00,0.00,0.00,0.00,0.00,0.00,0.00,0.00,0.00,0.00,0.00,0.00
20650,DL:0.1.0:AT.1.0.0,2022-3-4 12:2:11,38.50,0.00,0.00,17.859,-0.516,-5.765,12.093,17.343,0.00,0.00,0.00,0.00,0.00,0.00,0.00,0.00,0.00,0.00,0.00,0.00,0.00,0.00,0.00,0.00,0.00
20650,DL:0.1.0:AT.1.0.0,2022-3-4 12:2:16,38.50,0.00,0.00,17.868,-0.524,-5.776,12.092,17.344,0.00,0.00,0.00,0.00,0.00,0.00,0.00,0.00,0.00,0.00,0.00,0.00,0.00,0.00,0.00,0.00,0.00
20650,DL:0.1.0:AT.1.0.0,2022-3-4 12:2:21,38.50,0.00,0.00,17.879,-0.532,-5.786,12.093,17.347,0.00,0.00,0.00,0.00,0.00,0.00,0.00,0.00,0.00,0.00,0.00,0.00,0.00,0.00,0.00,0.00,0.00
20650,DL:0.1.0:AT.1.0.0,2022-3-4 12:2:27,38.50,0.00,0.00,17.856,-0.511,-5.763,12.093,17.346,0.00,0.00,0.00,0.00,0.00,0.00,0.00,0.00,0.00,0.00,0.00,0.00,0.00,0.00,0.00,0.00,0.00
20650,DL:0.1.0:AT.1.0.0,2022-3-4 12:2:33,38.50,0.00,0.00,17.894,-0.549,-5.800,12.093,17.344,0.00,0.00,0.00,0.00,0.00,0.00,0.00,0.00,0.00,0.00,0.00,0.00,0.00,0.00,0.00,0.00,0.00
20650,DL:0.1.0:AT.1.0.0,2022-3-4 12:2:40,38.50,0.00,0.00,17.872,-0.529,-5.779,12.093,17.343,0.00,0.00,0.00,0.00,0.00,0.00,0.00,0.00,0.00,0.00,0.00,0.00,0.00,0.00,0.00,0.00,0.00
20650,DL:0.1.0:AT.1.0.0,2022-3-4 12:2:45,38.50,0.00,0.00,17.892,-0.550,-5.799,12.093,17.342,0.00,0.00,0.00,0.00,0.00,0.00,0.00,0.00,0.00,0.00,0.00,0.00,0.00,0.00,0.00,0.00,0.00
20650,DL:0.1.0:AT.1.0.0,2022-3-4 12:2:51,38.50,0.00,0.00,17.873,-0.532,-5.780,12.093,17.341,0.00,0.00,0.00,0.00,0.00,0.00,0.00,0.00,0.00,0.00,0.00,0.00,0.00,0.00,0.00,0.00,0.00
20650,DL:0.1.0:AT.1.0.0,2022-3-4 12:2:58,38.50,0.00,0.00,17.876,-0.535,-5.782,12.093,17.341,0.00,0.00,0.00,0.00,0.00,0.00,0.00,0.00,0.00,0.00,0.00,0.00,0.00,0.00,0.00,0.00,0.00
20650,DL:0.1.0:AT.1.0.0,2022-3-4 12:3:4,38.50,0.00,0.00,17.868,-0.528,-5.774,12.094,17.341,0.00,0.00,0.00,0.00,0.00,0.00,0.00,0.00,0.00,0.00,0.00,0.00,0.00,0.00,0.00,0.00,0.00
20650,DL:0.1.0:AT.1.0.0,2022-3-4 12:3:11,38.50,0.00,0.00,17.883,-0.543,-5.788,12.094,17.340,0.00,0.00,0.00,0.00,0.00,0.00,0.00,0.00,0.00,0.00,0.00,0.00,0.00,0.00,0.00,0.00,0.00
20650,DL:0.1.0:AT.1.0.0,2022-3-4 12:3:18,38.50,0.00,0.00,17.870,-0.531,-5.770,12.099,17.338,0.00,0.00,0.00,0.00,0.00,0.00,0.00,0.00,0.00,0.00,0.00,0.00,0.00,0.00,0.00,0.00,0.00
20650,DL:0.1.0:AT.1.0.0,2022-3-4 12:3:25,38.50,0.00,0.00,17.876,-0.537,-5.776,12.099,17.338,0.00,0.00,0.00,0.00,0.00,0.00,0.00,0.00,0.00,0.00,0.00,0.00,0.00,0.00,0.00,0.00,0.00
20650,DL:0.1.0:AT.1.0.0,2022-3-4 12:3:30,38.50,0.00,0.00,17.900,-0.562,-5.800,12.099,17.337,0.00,0.00,0.00,0.00,0.00,0.00,0.00,0.00,0.00,0.00,0.00,0.00,0.00,0.00,0.00,0.00,0.00
20650,DL:0.1.0:AT.1.0.0,2022-3-4 12:3:36,38.50,0.00,0.00,17.876,-0.540,-5.776,12.099,17.336,0.00,0.00,0.00,0.00,0.00,0.00,0.00,0.00,0.00,0.00,0.00,0.00,0.00,0.00,0.00,0.00,0.00
20650,DL:0.1.0:AT.1.0.0,2022-3-4 12:3:45,38.50,0.00,0.00,17.885,-0.549,-5.787,12.098,17.336,0.00,0.00,0.00,0.00,0.00,0.00,0.00,0.00,0.00,0.00,0.00,0.00,0.00,0.00,0.00,0.00,0.00
20650,DL:0.1.0:AT.1.0.0,2022-3-4 12:3:52,38.50,0.00,0.00,17.876,-0.541,-5.776,12.099,17.335,0.00,0.00,0.00,0.00,0.00,0.00,0.00,0.00,0.00,0.00,0.00,0.00,0.00,0.00,0.00,0.00,0.00
20650,DL:0.1.0:AT.1.0.0,2022-3-4 12:3:59,38.50,0.00,0.00,17.863,-0.530,-5.765,12.098,17.334,0.00,0.00,0.00,0.00,0.00,0.00,0.00,0.00,0.00,0.00,0.00,0.00,0.00,0.00,0.00,0.00,0.00
20650,DL:0.1.0:AT.1.0.0,2022-3-4 12:4:4,38.50,0.00,0.00,17.879,-0.546,-5.781,12.098,17.334,0.00,0.00,0.00,0.00,0.00,0.00,0.00,0.00,0.00,0.00,0.00,0.00,0.00,0.00,0.00,0.00,0.00
20650,DL:0.1.0:AT.1.0.0,2022-3-4 12:4:10,38.50,0.00,0.00,17.868,-0.536,-5.770,12.098,17.332,0.00,0.00,0.00,0.00,0.00,0.00,0.00,0.00,0.00,0.00,0.00,0.00,0.00,0.00,0.00,0.00,0.00
20650,DL:0.1.0:AT.1.0.0,2022-3-4 12:4:14,38.50,0.00,0.00,17.868,-0.536,-5.770,12.098,17.332,0.00,0.00,0.00,0.00,0.00,0.00,0.00,0.00,0.00,0.00,0.00,0.00,0.00,0.00,0.00,0.00,0.00
20650,DL:0.1.0:AT.1.0.0,2022-3-4 12:4:20,38.75,0.00,0.00,17.868,-0.537,-5.770,12.098,17.331,0.00,0.00,0.00,0.00,0.00,0.00,0.00,0.00,0.00,0.00,0.00,0.00,0.00,0.00,0.00,0.00,0.00
20650,DL:0.1.0:AT.1.0.0,2022-3-4 12:4:25,38.75,0.00,0.00,17.878,-0.549,-5.781,12.097,17.329,0.00,0.00,0.00,0.00,0.00,0.00,0.00,0.00,0.00,0.00,0.00,0.00,0.00,0.00,0.00,0.00,0.00
20650,DL:0.1.0:AT.1.0.0,2022-3-4 12:4:30,38.75,0.00,0.00,17.868,-0.540,-5.770,12.098,17.329,0.00,0.00,0.00,0.00,0.00,0.00,0.00,0.00,0.00,0.00,0.00,0.00,0.00,0.00,0.00,0.00,0.00
20650,DL:0.1.0:AT.1.0.0,2022-3-4 12:4:35,38.75,0.00,0.00,17.872,-0.544,-5.775,12.097,17.328,0.00,0.00,0.00,0.00,0.00,0.00,0.00,0.00,0.00,0.00,0.00,0.00,0.00,0.00,0.00,0.00,0.00
20650,DL:0.1.0:AT.1.0.0,2022-3-4 12:4:40,38.75,0.00,0.00,17.891,-0.564,-5.794,12.097,17.328,0.00,0.00,0.00,0.00,0.00,0.00,0.00,0.00,0.00,0.00,0.00,0.00,0.00,0.00,0.00,0.00,0.00
20650,DL:0.1.0:AT.1.0.0,2022-3-4 12:4:45,38.75,0.00,0.00,17.873,-0.547,-5.776,12.097,17.326,0.00,0.00,0.00,0.00,0.00,0.00,0.00,0.00,0.00,0.00,0.00,0.00,0.00,0.00,0.00,0.00,0.00
20650,DL:0.1.0:AT.1.0.0,2022-3-4 12:4:50,38.75,0.00,0.00,17.855,-0.530,-5.758,12.097,17.325,0.00,0.00,0.00,0.00,0.00,0.00,0.00,0.00,0.00,0.00,0.00,0.00,0.00,0.00,0.00,0.00,0.00
20650,DL:0.1.0:AT.1.0.0,2022-3-4 12:4:55,38.75,0.00,0.00,17.904,-0.580,-5.807,12.097,17.324,0.00,0.00,0.00,0.00,0.00,0.00,0.00,0.00,0.00,0.00,0.00,0.00,0.00,0.00,0.00,0.00,0.00
20650,DL:0.1.0:AT.1.0.0,2022-3-4 12:5:1,38.75,0.00,0.00,17.871,-0.547,-5.774,12.097,17.324,0.00,0.00,0.00,0.00,0.00,0.00,0.00,0.00,0.00,0.00,0.00,0.00,0.00,0.00,0.00,0.00,0.00
20650,DL:0.1.0:AT.1.0.0,2022-3-4 12:5:8,38.75,0.00,0.00,17.897,-0.574,-5.801,12.096,17.323,0.00,0.00,0.00,0.00,0.00,0.00,0.00,0.00,0.00,0.00,0.00,0.00,0.00,0.00,0.00,0.00,0.00
20650,DL:0.1.0:AT.1.0.0,2022-3-4 12:5:13,38.75,0.00,0.00,17.877,-0.554,-5.780,12.097,17.323,0.00,0.00,0.00,0.00,0.00,0.00,0.00,0.00,0.00,0.00,0.00,0.00,0.00,0.00,0.00,0.00,0.00
20650,DL:0.1.0:AT.1.0.0,2022-3-4 12:5:18,38.75,0.00,0.00,17.888,-0.560,-5.791,12.097,17.328,0.00,0.00,0.00,0.00,0.00,0.00,0.00,0.00,0.00,0.00,0.00,0.00,0.00,0.00,0.00,0.00,0.00
20650,DL:0.1.0:AT.1.0.0,2022-3-4 12:5:23,38.75,0.00,0.00,17.897,-0.571,-5.801,12.096,17.326,0.00,0.00,0.00,0.00,0.00,0.00,0.00,0.00,0.00,0.00,0.00,0.00,0.00,0.00,0.00,0.00,0.00
20650,DL:0.1.0:AT.1.0.0,2022-3-4 12:5:28,38.75,0.00,0.00,17.896,-0.571,-5.800,12.096,17.325,0.00,0.00,0.00,0.00,0.00,0.00,0.00,0.00,0.00,0.00,0.00,0.00,0.00,0.00,0.00,0.00,0.00
20650,DL:0.1.0:AT.1.0.0,2022-3-4 12:5:39,38.75,0.00,0.00,17.920,-0.595,-5.824,12.096,17.325,0.00,0.00,0.00,0.00,0.00,0.00,0.00,0.00,0.00,0.00,0.00,0.00,0.00,0.00,0.00,0.00,0.00
20650,DL:0.1.0:AT.1.0.0,2022-3-4 12:5:45,38.75,0.00,0.00,17.900,-0.576,-5.804,12.096,17.324,0.00,0.00,0.00,0.00,0.00,0.00,0.00,0.00,0.00,0.00,0.00,0.00,0.00,0.00,0.00,0.00,0.00
20650,DL:0.1.0:AT.1.0.0,2022-3-4 12:5:52,38.75,0.00,0.00,17.886,-0.562,-5.791,12.096,17.324,0.00,0.00,0.00,0.00,0.00,0.00,0.00,0.00,0.00,0.00,0.00,0.00,0.00,0.00,0.00,0.00,0.00
20650,DL:0.1.0:AT.1.0.0,2022-3-4 12:5:57,38.75,0.00,0.00,17.892,-0.570,-5.797,12.096,17.323,0.00,0.00,0.00,0.00,0.00,0.00,0.00,0.00,0.00,0.00,0.00,0.00,0.00,0.00,0.00,0.00,0.00
20650,DL:0.1.0:AT.1.0.0,2022-3-4 12:6:2,38.75,0.00,0.00,17.903,-0.580,-5.807,12.096,17.323,0.00,0.00,0.00,0.00,0.00,0.00,0.00,0.00,0.00,0.00,0.00,0.00,0.00,0.00,0.00,0.00,0.00
20650,DL:0.1.0:AT.1.0.0,2022-3-4 12:6:10,38.75,0.00,0.00,17.944,-0.622,-5.847,12.097,17.322,0.00,0.00,0.00,0.00,0.00,0.00,0.00,0.00,0.00,0.00,0.00,0.00,0.00,0.00,0.00,0.00,0.00
20650,DL:0.1.0:AT.1.0.0,2022-3-4 12:6:16,38.75,0.00,0.00,17.888,-0.566,-5.789,12.098,17.322,0.00,0.00,0.00,0.00,0.00,0.00,0.00,0.00,0.00,0.00,0.00,0.00,0.00,0.00,0.00,0.00,0.00
20650,DL:0.1.0:AT.1.0.0,2022-3-4 12:6:21,38.75,0.00,0.00,17.922,-0.602,-5.824,12.098,17.320,0.00,0.00,0.00,0.00,0.00,0.00,0.00,0.00,0.00,0.00,0.00,0.00,0.00,0.00,0.00,0.00,0.00
20650,DL:0.1.0:AT.1.0.0,2022-3-4 12:6:26,38.75,0.00,0.00,17.932,-0.612,-5.835,12.097,17.320,0.00,0.00,0.00,0.00,0.00,0.00,0.00,0.00,0.00,0.00,0.00,0.00,0.00,0.00,0.00,0.00,0.00
20650,DL:0.1.0:AT.1.0.0,2022-3-4 12:6:31,38.75,0.00,0.00,17.901,-0.582,-5.804,12.097,17.319,0.00,0.00,0.00,0.00,0.00,0.00,0.00,0.00,0.00,0.00,0.00,0.00,0.00,0.00,0.00,0.00,0.00
20650,DL:0.1.0:AT.1.0.0,2022-3-4 12:6:38,38.75,0.00,0.00,17.922,-0.604,-5.826,12.097,17.318,0.00,0.00,0.00,0.00,0.00,0.00,0.00,0.00,0.00,0.00,0.00,0.00,0.00,0.00,0.00,0.00,0.00
20650,DL:0.1.0:AT.1.0.0,2022-3-4 12:6:43,38.75,0.00,0.00,17.904,-0.586,-5.806,12.098,17.318,0.00,0.00,0.00,0.00,0.00,0.00,0.00,0.00,0.00,0.00,0.00,0.00,0.00,0.00,0.00,0.00,0.00
20650,DL:0.1.0:AT.1.0.0,2022-3-4 12:6:50,38.75,0.00,0.00,17.916,-0.600,-5.820,12.097,17.317,0.00,0.00,0.00,0.00,0.00,0.00,0.00,0.00,0.00,0.00,0.00,0.00,0.00,0.00,0.00,0.00,0.00
20650,DL:0.1.0:AT.1.0.0,2022-3-4 12:6:57,38.75,0.00,0.00,17.897,-0.582,-5.800,12.097,17.316,0.00,0.00,0.00,0.00,0.00,0.00,0.00,0.00,0.00,0.00,0.00,0.00,0.00,0.00,0.00,0.00,0.00
20650,DL:0.1.0:AT.1.0.0,2022-3-4 12:7:4,38.75,0.00,0.00,17.915,-0.600,-5.817,12.098,17.316,0.00,0.00,0.00,0.00,0.00,0.00,0.00,0.00,0.00,0.00,0.00,0.00,0.00,0.00,0.00,0.00,0.00
20650,DL:0.1.0:AT.1.0.0,2022-3-4 12:7:11,38.75,0.00,0.00,17.914,-0.598,-5.816,12.098,17.316,0.00,0.00,0.00,0.00,0.00,0.00,0.00,0.00,0.00,0.00,0.00,0.00,0.00,0.00,0.00,0.00,0.00
20650,DL:0.1.0:AT.1.0.0,2022-3-4 12:7:17,38.75,0.00,0.00,17.925,-0.609,-5.827,12.098,17.316,0.00,0.00,0.00,0.00,0.00,0.00,0.00,0.00,0.00,0.00,0.00,0.00,0.00,0.00,0.00,0.00,0.00
20650,DL:0.1.0:AT.1.0.0,2022-3-4 12:7:22,38.75,0.00,0.00,17.945,-0.630,-5.848,12.097,17.316,0.00,0.00,0.00,0.00,0.00,0.00,0.00,0.00,0.00,0.00,0.00,0.00,0.00,0.00,0.00,0.00,0.00
20650,DL:0.1.0:AT.1.0.0,2022-3-4 12:7:28,38.75,0.00,0.00,17.920,-0.606,-5.822,12.098,17.314,0.00,0.00,0.00,0.00,0.00,0.00,0.00,0.00,0.00,0.00,0.00,0.00,0.00,0.00,0.00,0.00,0.00
20650,DL:0.1.0:AT.1.0.0,2022-3-4 12:7:34,38.75,0.00,0.00,17.924,-0.609,-5.826,12.098,17.314,0.00,0.00,0.00,0.00,0.00,0.00,0.00,0.00,0.00,0.00,0.00,0.00,0.00,0.00,0.00,0.00,0.00
20650,DL:0.1.0:AT.1.0.0,2022-3-4 12:7:43,38.75,0.00,0.00,17.909,-0.595,-5.811,12.098,17.314,0.00,0.00,0.00,0.00,0.00,0.00,0.00,0.00,0.00,0.00,0.00,0.00,0.00,0.00,0.00,0.00,0.00
20650,DL:0.1.0:AT.1.0.0,2022-3-4 12:7:48,38.75,0.00,0.00,17.924,-0.610,-5.826,12.098,17.313,0.00,0.00,0.00,0.00,0.00,0.00,0.00,0.00,0.00,0.00,0.00,0.00,0.00,0.00,0.00,0.00,0.00
20650,DL:0.1.0:AT.1.0.0,2022-3-4 12:7:53,38.75,0.00,0.00,17.909,-0.596,-5.811,12.098,17.313,0.00,0.00,0.00,0.00,0.00,0.00,0.00,0.00,0.00,0.00,0.00,0.00,0.00,0.00,0.00,0.00,0.00
20650,DL:0.1.0:AT.1.0.0,2022-3-4 12:7:58,38.75,0.00,0.00,17.921,-0.608,-5.823,12.098,17.313,0.00,0.00,0.00,0.00,0.00,0.00,0.00,0.00,0.00,0.00,0.00,0.00,0.00,0.00,0.00,0.00,0.00
20650,DL:0.1.0:AT.1.0.0,2022-3-4 12:8:10,38.75,0.00,0.00,17.918,-0.604,-5.820,12.098,17.313,0.00,0.00,0.00,0.00,0.00,0.00,0.00,0.00,0.00,0.00,0.00,0.00,0.00,0.00,0.00,0.00,0.00
20650,DL:0.1.0:AT.1.0.0,2022-3-4 12:8:15,38.75,0.00,0.00,17.921,-0.609,-5.822,12.099,17.312,0.00,0.00,0.00,0.00,0.00,0.00,0.00,0.00,0.00,0.00,0.00,0.00,0.00,0.00,0.00,0.00,0.00
20650,DL:0.1.0:AT.1.0.0,2022-3-4 12:8:20,38.75,0.00,0.00,17.906,-0.592,-5.806,12.099,17.313,0.00,0.00,0.00,0.00,0.00,0.00,0.00,0.00,0.00,0.00,0.00,0.00,0.00,0.00,0.00,0.00,0.00
20650,DL:0.1.0:AT.1.0.0,2022-3-4 12:8:26,38.75,0.00,0.00,17.945,-0.633,-5.847,12.098,17.312,0.00,0.00,0.00,0.00,0.00,0.00,0.00,0.00,0.00,0.00,0.00,0.00,0.00,0.00,0.00,0.00,0.00
20650,DL:0.1.0:AT.1.0.0,2022-3-4 12:8:32,38.75,0.00,0.00,17.907,-0.595,-5.807,12.099,17.312,0.00,0.00,0.00,0.00,0.00,0.00,0.00,0.00,0.00,0.00,0.00,0.00,0.00,0.00,0.00,0.00,0.00
20650,DL:0.1.0:AT.1.0.0,2022-3-4 12:8:41,38.75,0.00,0.00,17.920,-0.608,-5.821,12.099,17.312,0.00,0.00,0.00,0.00,0.00,0.00,0.00,0.00,0.00,0.00,0.00,0.00,0.00,0.00,0.00,0.00,0.00
20650,DL:0.1.0:AT.1.0.0,2022-3-4 12:8:46,38.75,0.00,0.00,17.930,-0.618,-5.830,12.099,17.312,0.00,0.00,0.00,0.00,0.00,0.00,0.00,0.00,0.00,0.00,0.00,0.00,0.00,0.00,0.00,0.00,0.00
20650,DL:0.1.0:AT.1.0.0,2022-3-4 12:8:51,38.75,0.00,0.00,17.904,-0.594,-5.805,12.099,17.311,0.00,0.00,0.00,0.00,0.00,0.00,0.00,0.00,0.00,0.00,0.00,0.00,0.00,0.00,0.00,0.00,0.00
20650,DL:0.1.0:AT.1.0.0,2022-3-4 12:8:57,38.75,0.00,0.00,17.909,-0.596,-5.809,12.100,17.313,0.00,0.00,0.00,0.00,0.00,0.00,0.00,0.00,0.00,0.00,0.00,0.00,0.00,0.00,0.00,0.00,0.00
20650,DL:0.1.0:AT.1.0.0,2022-3-4 12:9:3,38.75,0.00,0.00,17.902,-0.585,-5.801,12.100,17.317,0.00,0.00,0.00,0.00,0.00,0.00,0.00,0.00,0.00,0.00,0.00,0.00,0.00,0.00,0.00,0.00,0.00
20650,DL:0.1.0:AT.1.0.0,2022-3-4 12:9:15,38.75,0.00,0.00,17.894,-0.577,-5.794,12.099,17.317,0.00,0.00,0.00,0.00,0.00,0.00,0.00,0.00,0.00,0.00,0.00,0.00,0.00,0.00,0.00,0.00,0.00
20650,DL:0.1.0:AT.1.0.0,2022-3-4 12:9:21,38.75,0.00,0.00,17.900,-0.584,-5.800,12.099,17.316,0.00,0.00,0.00,0.00,0.00,0.00,0.00,0.00,0.00,0.00,0.00,0.00,0.00,0.00,0.00,0.00,0.00
20650,DL:0.1.0:AT.1.0.0,2022-3-4 12:9:28,38.75,0.00,0.00,17.886,-0.572,-5.786,12.100,17.314,0.00,0.00,0.00,0.00,0.00,0.00,0.00,0.00,0.00,0.00,0.00,0.00,0.00,0.00,0.00,0.00,0.00
20650,DL:0.1.0:AT.1.0.0,2022-3-4 12:9:34,38.75,0.00,0.00,17.882,-0.567,-5.781,12.100,17.314,0.00,0.00,0.00,0.00,0.00,0.00,0.00,0.00,0.00,0.00,0.00,0.00,0.00,0.00,0.00,0.00,0.00
20650,DL:0.1.0:AT.1.0.0,2022-3-4 12:9:45,38.75,0.00,0.00,17.877,-0.565,-5.777,12.099,17.312,0.00,0.00,0.00,0.00,0.00,0.00,0.00,0.00,0.00,0.00,0.00,0.00,0.00,0.00,0.00,0.00,0.00
20650,DL:0.1.0:AT.1.0.0,2022-3-4 12:9:50,38.75,0.00,0.00,17.895,-0.583,-5.795,12.099,17.312,0.00,0.00,0.00,0.00,0.00,0.00,0.00,0.00,0.00,0.00,0.00,0.00,0.00,0.00,0.00,0.00,0.00
20650,DL:0.1.0:AT.1.0.0,2022-3-4 12:9:56,38.75,0.00,0.00,17.877,-0.564,-5.777,12.099,17.313,0.00,0.00,0.00,0.00,0.00,0.00,0.00,0.00,0.00,0.00,0.00,0.00,0.00,0.00,0.00,0.00,0.00
20650,DL:0.1.0:AT.1.0.0,2022-3-4 12:10:1,38.75,0.00,0.00,17.883,-0.571,-5.782,12.100,17.312,0.00,0.00,0.00,0.00,0.00,0.00,0.00,0.00,0.00,0.00,0.00,0.00,0.00,0.00,0.00,0.00,0.00
20650,DL:0.1.0:AT.1.0.0,2022-3-4 12:10:6,38.75,0.00,0.00,17.890,-0.578,-5.789,12.100,17.312,0.00,0.00,0.00,0.00,0.00,0.00,0.00,0.00,0.00,0.00,0.00,0.00,0.00,0.00,0.00,0.00,0.00
20650,DL:0.1.0:AT.1.0.0,2022-3-4 12:10:12,38.75,0.00,0.00,17.876,-0.564,-5.774,12.102,17.312,0.00,0.00,0.00,0.00,0.00,0.00,0.00,0.00,0.00,0.00,0.00,0.00,0.00,0.00,0.00,0.00,0.00
20650,DL:0.1.0:AT.1.0.0,2022-3-4 12:10:17,38.75,0.00,0.00,17.883,-0.572,-5.781,12.102,17.311,0.00,0.00,0.00,0.00,0.00,0.00,0.00,0.00,0.00,0.00,0.00,0.00,0.00,0.00,0.00,0.00,0.00
20650,DL:0.1.0:AT.1.0.0,2022-3-4 12:10:22,38.75,0.00,0.00,17.877,-0.566,-5.775,12.102,17.311,0.00,0.00,0.00,0.00,0.00,0.00,0.00,0.00,0.00,0.00,0.00,0.00,0.00,0.00,0.00,0.00,0.00
20650,DL:0.1.0:AT.1.0.0,2022-3-4 12:10:27,38.75,0.00,0.00,17.882,-0.571,-5.781,12.100,17.311,0.00,0.00,0.00,0.00,0.00,0.00,0.00,0.00,0.00,0.00,0.00,0.00,0.00,0.00,0.00,0.00,0.00
20650,DL:0.1.0:AT.1.0.0,2022-3-4 12:10:32,38.75,0.00,0.00,17.889,-0.578,-5.788,12.100,17.311,0.00,0.00,0.00,0.00,0.00,0.00,0.00,0.00,0.00,0.00,0.00,0.00,0.00,0.00,0.00,0.00,0.00
20650,DL:0.1.0:AT.1.0.0,2022-3-4 12:10:39,38.75,0.00,0.00,17.892,-0.582,-5.791,12.102,17.311,0.00,0.00,0.00,0.00,0.00,0.00,0.00,0.00,0.00,0.00,0.00,0.00,0.00,0.00,0.00,0.00,0.00
20650,DL:0.1.0:AT.1.0.0,2022-3-4 12:10:47,38.75,0.00,0.00,17.883,-0.573,-5.781,12.102,17.310,0.00,0.00,0.00,0.00,0.00,0.00,0.00,0.00,0.00,0.00,0.00,0.00,0.00,0.00,0.00,0.00,0.00
20650,DL:0.1.0:AT.1.0.0,2022-3-4 12:10:52,38.75,0.00,0.00,17.882,-0.573,-5.780,12.102,17.308,0.00,0.00,0.00,0.00,0.00,0.00,0.00,0.00,0.00,0.00,0.00,0.00,0.00,0.00,0.00,0.00,0.00
20650,DL:0.1.0:AT.1.0.0,2022-3-4 12:10:57,38.75,0.00,0.00,17.868,-0.560,-5.767,12.102,17.308,0.00,0.00,0.00,0.00,0.00,0.00,0.00,0.00,0.00,0.00,0.00,0.00,0.00,0.00,0.00,0.00,0.00
20650,DL:0.1.0:AT.1.0.0,2022-3-4 12:11:3,38.75,0.00,0.00,17.906,-0.597,-5.804,12.102,17.308,0.00,0.00,0.00,0.00,0.00,0.00,0.00,0.00,0.00,0.00,0.00,0.00,0.00,0.00,0.00,0.00,0.00
20650,DL:0.1.0:AT.1.0.0,2022-3-4 12:11:10,38.75,0.00,0.00,17.880,-0.573,-5.779,12.102,17.307,0.00,0.00,0.00,0.00,0.00,0.00,0.00,0.00,0.00,0.00,0.00,0.00,0.00,0.00,0.00,0.00,0.00
20650,DL:0.1.0:AT.1.0.0,2022-3-4 12:11:18,38.75,0.00,0.00,17.884,-0.577,-5.782,12.102,17.307,0.00,0.00,0.00,0.00,0.00,0.00,0.00,0.00,0.00,0.00,0.00,0.00,0.00,0.00,0.00,0.00,0.00
20650,DL:0.1.0:AT.1.0.0,2022-3-4 12:11:23,38.75,0.00,0.00,17.897,-0.590,-5.795,12.102,17.307,0.00,0.00,0.00,0.00,0.00,0.00,0.00,0.00,0.00,0.00,0.00,0.00,0.00,0.00,0.00,0.00,0.00
20650,DL:0.1.0:AT.1.0.0,2022-3-4 12:11:28,38.75,0.00,0.00,17.874,-0.568,-5.771,12.103,17.306,0.00,0.00,0.00,0.00,0.00,0.00,0.00,0.00,0.00,0.00,0.00,0.00,0.00,0.00,0.00,0.00,0.00
20650,DL:0.1.0:AT.1.0.0,2022-3-4 12:11:34,38.75,0.00,0.00,17.912,-0.607,-5.810,12.102,17.305,0.00,0.00,0.00,0.00,0.00,0.00,0.00,0.00,0.00,0.00,0.00,0.00,0.00,0.00,0.00,0.00,0.00
20650,DL:0.1.0:AT.1.0.0,2022-3-4 12:11:41,38.75,0.00,0.00,17.910,-0.606,-5.807,12.103,17.305,0.00,0.00,0.00,0.00,0.00,0.00,0.00,0.00,0.00,0.00,0.00,0.00,0.00,0.00,0.00,0.00,0.00
20650,DL:0.1.0:AT.1.0.0,2022-3-4 12:11:51,39.00,0.00,0.00,17.898,-0.591,-5.797,12.102,17.307,0.00,0.00,0.00,0.00,0.00,0.00,0.00,0.00,0.00,0.00,0.00,0.00,0.00,0.00,0.00,0.00,0.00
20650,DL:0.1.0:AT.1.0.0,2022-3-4 12:11:58,39.00,0.00,0.00,17.904,-0.598,-5.801,12.103,17.306,0.00,0.00,0.00,0.00,0.00,0.00,0.00,0.00,0.00,0.00,0.00,0.00,0.00,0.00,0.00,0.00,0.00
20650,DL:0.1.0:AT.1.0.0,2022-3-4 12:12:5,39.00,0.00,0.00,17.910,-0.606,-5.807,12.103,17.305,0.00,0.00,0.00,0.00,0.00,0.00,0.00,0.00,0.00,0.00,0.00,0.00,0.00,0.00,0.00,0.00,0.00
20650,DL:0.1.0:AT.1.0.0,2022-3-4 12:12:10,39.00,0.00,0.00,17.873,-0.567,-5.771,12.102,17.306,0.00,0.00,0.00,0.00,0.00,0.00,0.00,0.00,0.00,0.00,0.00,0.00,0.00,0.00,0.00,0.00,0.00
20650,DL:0.1.0:AT.1.0.0,2022-3-4 12:12:15,39.00,0.00,0.00,17.882,-0.578,-5.779,12.103,17.304,0.00,0.00,0.00,0.00,0.00,0.00,0.00,0.00,0.00,0.00,0.00,0.00,0.00,0.00,0.00,0.00,0.00
20650,DL:0.1.0:AT.1.0.0,2022-3-4 12:12:20,39.00,0.00,0.00,17.882,-0.578,-5.780,12.102,17.304,0.00,0.00,0.00,0.00,0.00,0.00,0.00,0.00,0.00,0.00,0.00,0.00,0.00,0.00,0.00,0.00,0.00
20650,DL:0.1.0:AT.1.0.0,2022-3-4 12:12:25,39.00,0.00,0.00,17.876,-0.572,-5.773,12.103,17.304,0.00,0.00,0.00,0.00,0.00,0.00,0.00,0.00,0.00,0.00,0.00,0.00,0.00,0.00,0.00,0.00,0.00
20650,DL:0.1.0:AT.1.0.0,2022-3-4 12:12:30,39.00,0.00,0.00,17.892,-0.590,-5.789,12.103,17.302,0.00,0.00,0.00,0.00,0.00,0.00,0.00,0.00,0.00,0.00,0.00,0.00,0.00,0.00,0.00,0.00,0.00
20650,DL:0.1.0:AT.1.0.0,2022-3-4 12:12:35,39.00,0.00,0.00,17.901,-0.600,-5.797,12.104,17.301,0.00,0.00,0.00,0.00,0.00,0.00,0.00,0.00,0.00,0.00,0.00,0.00,0.00,0.00,0.00,0.00,0.00
20650,DL:0.1.0:AT.1.0.0,2022-3-4 12:12:40,39.00,0.00,0.00,17.898,-0.597,-5.795,12.103,17.301,0.00,0.00,0.00,0.00,0.00,0.00,0.00,0.00,0.00,0.00,0.00,0.00,0.00,0.00,0.00,0.00,0.00
20650,DL:0.1.0:AT.1.0.0,2022-3-4 12:12:46,39.00,0.00,0.00,17.879,-0.579,-5.776,12.103,17.300,0.00,0.00,0.00,0.00,0.00,0.00,0.00,0.00,0.00,0.00,0.00,0.00,0.00,0.00,0.00,0.00,0.00
20650,DL:0.1.0:AT.1.0.0,2022-3-4 12:12:51,39.00,0.00,0.00,17.892,-0.592,-5.789,12.103,17.300,0.00,0.00,0.00,0.00,0.00,0.00,0.00,0.00,0.00,0.00,0.00,0.00,0.00,0.00,0.00,0.00,0.00
20650,DL:0.1.0:AT.1.0.0,2022-3-4 12:12:56,39.00,0.00,0.00,17.892,-0.592,-5.788,12.104,17.300,0.00,0.00,0.00,0.00,0.00,0.00,0.00,0.00,0.00,0.00,0.00,0.00,0.00,0.00,0.00,0.00,0.00
20650,DL:0.1.0:AT.1.0.0,2022-3-4 12:13:3,39.00,0.00,0.00,17.885,-0.585,-5.781,12.104,17.300,0.00,0.00,0.00,0.00,0.00,0.00,0.00,0.00,0.00,0.00,0.00,0.00,0.00,0.00,0.00,0.00,0.00
20650,DL:0.1.0:AT.1.0.0,2022-3-4 12:13:9,39.00,0.00,0.00,17.909,-0.610,-5.805,12.104,17.299,0.00,0.00,0.00,0.00,0.00,0.00,0.00,0.00,0.00,0.00,0.00,0.00,0.00,0.00,0.00,0.00,0.00
20650,DL:0.1.0:AT.1.0.0,2022-3-4 12:13:14,39.00,0.00,0.00,17.892,-0.595,-5.788,12.104,17.298,0.00,0.00,0.00,0.00,0.00,0.00,0.00,0.00,0.00,0.00,0.00,0.00,0.00,0.00,0.00,0.00,0.00
20650,DL:0.1.0:AT.1.0.0,2022-3-4 12:13:21,39.00,0.00,0.00,17.914,-0.618,-5.810,12.104,17.296,0.00,0.00,0.00,0.00,0.00,0.00,0.00,0.00,0.00,0.00,0.00,0.00,0.00,0.00,0.00,0.00,0.00
20650,DL:0.1.0:AT.1.0.0,2022-3-4 12:13:26,39.00,0.00,0.00,17.898,-0.602,-5.794,12.104,17.296,0.00,0.00,0.00,0.00,0.00,0.00,0.00,0.00,0.00,0.00,0.00,0.00,0.00,0.00,0.00,0.00,0.00
20650,DL:0.1.0:AT.1.0.0,2022-3-4 12:13:33,39.00,0.00,0.00,17.890,-0.595,-5.786,12.104,17.295,0.00,0.00,0.00,0.00,0.00,0.00,0.00,0.00,0.00,0.00,0.00,0.00,0.00,0.00,0.00,0.00,0.00
20650,DL:0.1.0:AT.1.0.0,2022-3-4 12:13:40,39.00,0.00,0.00,17.884,-0.590,-5.779,12.105,17.294,0.00,0.00,0.00,0.00,0.00,0.00,0.00,0.00,0.00,0.00,0.00,0.00,0.00,0.00,0.00,0.00,0.00
20650,DL:0.1.0:AT.1.0.0,2022-3-4 12:13:47,39.00,0.00,0.00,17.878,-0.585,-5.774,12.104,17.293,0.00,0.00,0.00,0.00,0.00,0.00,0.00,0.00,0.00,0.00,0.00,0.00,0.00,0.00,0.00,0.00,0.00
20650,DL:0.1.0:AT.1.0.0,2022-3-4 12:13:56,39.00,0.00,0.00,17.930,-0.637,-5.824,12.105,17.293,0.00,0.00,0.00,0.00,0.00,0.00,0.00,0.00,0.00,0.00,0.00,0.00,0.00,0.00,0.00,0.00,0.00
20650,DL:0.1.0:AT.1.0.0,2022-3-4 12:14:1,39.00,0.00,0.00,17.884,-0.592,-5.779,12.105,17.292,0.00,0.00,0.00,0.00,0.00,0.00,0.00,0.00,0.00,0.00,0.00,0.00,0.00,0.00,0.00,0.00,0.00
20650,DL:0.1.0:AT.1.0.0,2022-3-4 12:14:6,39.00,0.00,0.00,17.902,-0.610,-5.795,12.106,17.292,0.00,0.00,0.00,0.00,0.00,0.00,0.00,0.00,0.00,0.00,0.00,0.00,0.00,0.00,0.00,0.00,0.00
20650,DL:0.1.0:AT.1.0.0,2022-3-4 12:14:11,39.00,0.00,0.00,17.895,-0.600,-5.788,12.106,17.295,0.00,0.00,0.00,0.00,0.00,0.00,0.00,0.00,0.00,0.00,0.00,0.00,0.00,0.00,0.00,0.00,0.00
20650,DL:0.1.0:AT.1.0.0,2022-3-4 12:14:18,39.00,0.00,0.00,17.904,-0.610,-5.798,12.106,17.294,0.00,0.00,0.00,0.00,0.00,0.00,0.00,0.00,0.00,0.00,0.00,0.00,0.00,0.00,0.00,0.00,0.00
20650,DL:0.1.0:AT.1.0.0,2022-3-4 12:14:27,39.00,0.00,0.00,17.903,-0.610,-5.797,12.106,17.293,0.00,0.00,0.00,0.00,0.00,0.00,0.00,0.00,0.00,0.00,0.00,0.00,0.00,0.00,0.00,0.00,0.00
20650,DL:0.1.0:AT.1.0.0,2022-3-4 12:14:32,39.00,0.00,0.00,17.912,-0.621,-5.805,12.106,17.290,0.00,0.00,0.00,0.00,0.00,0.00,0.00,0.00,0.00,0.00,0.00,0.00,0.00,0.00,0.00,0.00,0.00
20650,DL:0.1.0:AT.1.0.0,2022-3-4 12:14:39,39.00,0.00,0.00,17.891,-0.602,-5.783,12.108,17.289,0.00,0.00,0.00,0.00,0.00,0.00,0.00,0.00,0.00,0.00,0.00,0.00,0.00,0.00,0.00,0.00,0.00
20650,DL:0.1.0:AT.1.0.0,2022-3-4 12:14:44,39.00,0.00,0.00,17.889,-0.598,-5.781,12.108,17.290,0.00,0.00,0.00,0.00,0.00,0.00,0.00,0.00,0.00,0.00,0.00,0.00,0.00,0.00,0.00,0.00,0.00
20650,DL:0.1.0:AT.1.0.0,2022-3-4 12:14:49,39.00,0.00,0.00,17.898,-0.609,-5.791,12.108,17.289,0.00,0.00,0.00,0.00,0.00,0.00,0.00,0.00,0.00,0.00,0.00,0.00,0.00,0.00,0.00,0.00,0.00
20650,DL:0.1.0:AT.1.0.0,2022-3-4 12:14:57,39.00,0.00,0.00,17.897,-0.609,-5.789,12.108,17.288,0.00,0.00,0.00,0.00,0.00,0.00,0.00,0.00,0.00,0.00,0.00,0.00,0.00,0.00,0.00,0.00,0.00
20650,DL:0.1.0:AT.1.0.0,2022-3-4 12:15:2,39.00,0.00,0.00,17.894,-0.606,-5.786,12.108,17.288,0.00,0.00,0.00,0.00,0.00,0.00,0.00,0.00,0.00,0.00,0.00,0.00,0.00,0.00,0.00,0.00,0.00
20650,DL:0.1.0:AT.1.0.0,2022-3-4 12:15:7,39.00,0.00,0.00,17.913,-0.626,-5.805,12.108,17.287,0.00,0.00,0.00,0.00,0.00,0.00,0.00,0.00,0.00,0.00,0.00,0.00,0.00,0.00,0.00,0.00,0.00
20650,DL:0.1.0:AT.1.0.0,2022-3-4 12:15:13,39.00,0.00,0.00,17.892,-0.607,-5.785,12.108,17.286,0.00,0.00,0.00,0.00,0.00,0.00,0.00,0.00,0.00,0.00,0.00,0.00,0.00,0.00,0.00,0.00,0.00
20650,DL:0.1.0:AT.1.0.0,2022-3-4 12:15:20,39.00,0.00,0.00,17.872,-0.588,-5.765,12.106,17.284,0.00,0.00,0.00,0.00,0.00,0.00,0.00,0.00,0.00,0.00,0.00,0.00,0.00,0.00,0.00,0.00,0.00
20650,DL:0.1.0:AT.1.0.0,2022-3-4 12:15:28,39.00,0.00,0.00,17.897,-0.613,-5.789,12.108,17.284,0.00,0.00,0.00,0.00,0.00,0.00,0.00,0.00,0.00,0.00,0.00,0.00,0.00,0.00,0.00,0.00,0.00
20650,DL:0.1.0:AT.1.0.0,2022-3-4 12:15:33,39.00,0.00,0.00,17.897,-0.615,-5.789,12.108,17.282,0.00,0.00,0.00,0.00,0.00,0.00,0.00,0.00,0.00,0.00,0.00,0.00,0.00,0.00,0.00,0.00,0.00
20650,DL:0.1.0:AT.1.0.0,2022-3-4 12:15:40,39.00,0.00,0.00,17.896,-0.613,-5.788,12.108,17.283,0.00,0.00,0.00,0.00,0.00,0.00,0.00,0.00,0.00,0.00,0.00,0.00,0.00,0.00,0.00,0.00,0.00
20650,DL:0.1.0:AT.1.0.0,2022-3-4 12:15:45,39.00,0.00,0.00,17.924,-0.642,-5.816,12.108,17.282,0.00,0.00,0.00,0.00,0.00,0.00,0.00,0.00,0.00,0.00,0.00,0.00,0.00,0.00,0.00,0.00,0.00
20650,DL:0.1.0:AT.1.0.0,2022-3-4 12:15:50,39.00,0.00,0.00,17.913,-0.632,-5.805,12.108,17.281,0.00,0.00,0.00,0.00,0.00,0.00,0.00,0.00,0.00,0.00,0.00,0.00,0.00,0.00,0.00,0.00,0.00
20650,DL:0.1.0:AT.1.0.0,2022-3-4 12:16:0,39.00,0.00,0.00,17.873,-0.592,-5.767,12.106,17.281,0.00,0.00,0.00,0.00,0.00,0.00,0.00,0.00,0.00,0.00,0.00,0.00,0.00,0.00,0.00,0.00,0.00
20650,DL:0.1.0:AT.1.0.0,2022-3-4 12:16:7,39.25,0.00,0.00,17.876,-0.596,-5.768,12.108,17.279,0.00,0.00,0.00,0.00,0.00,0.00,0.00,0.00,0.00,0.00,0.00,0.00,0.00,0.00,0.00,0.00,0.00
20650,DL:0.1.0:AT.1.0.0,2022-3-4 12:16:14,39.25,0.00,0.00,17.912,-0.633,-5.805,12.106,17.278,0.00,0.00,0.00,0.00,0.00,0.00,0.00,0.00,0.00,0.00,0.00,0.00,0.00,0.00,0.00,0.00,0.00
20650,DL:0.1.0:AT.1.0.0,2022-3-4 12:16:21,39.25,0.00,0.00,17.886,-0.609,-5.779,12.108,17.277,0.00,0.00,0.00,0.00,0.00,0.00,0.00,0.00,0.00,0.00,0.00,0.00,0.00,0.00,0.00,0.00,0.00
20650,DL:0.1.0:AT.1.0.0,2022-3-4 12:16:29,39.25,0.00,0.00,17.913,-0.636,-5.806,12.106,17.277,0.00,0.00,0.00,0.00,0.00,0.00,0.00,0.00,0.00,0.00,0.00,0.00,0.00,0.00,0.00,0.00,0.00
20650,DL:0.1.0:AT.1.0.0,2022-3-4 12:16:34,39.25,0.00,0.00,17.880,-0.604,-5.773,12.108,17.276,0.00,0.00,0.00,0.00,0.00,0.00,0.00,0.00,0.00,0.00,0.00,0.00,0.00,0.00,0.00,0.00,0.00
20650,DL:0.1.0:AT.1.0.0,2022-3-4 12:16:39,39.25,0.00,0.00,17.906,-0.631,-5.798,12.108,17.275,0.00,0.00,0.00,0.00,0.00,0.00,0.00,0.00,0.00,0.00,0.00,0.00,0.00,0.00,0.00,0.00,0.00
20650,DL:0.1.0:AT.1.0.0,2022-3-4 12:16:44,39.25,0.00,0.00,17.910,-0.636,-5.803,12.108,17.275,0.00,0.00,0.00,0.00,0.00,0.00,0.00,0.00,0.00,0.00,0.00,0.00,0.00,0.00,0.00,0.00,0.00
20650,DL:0.1.0:AT.1.0.0,2022-3-4 12:16:52,39.25,0.00,0.00,17.914,-0.640,-5.806,12.108,17.273,0.00,0.00,0.00,0.00,0.00,0.00,0.00,0.00,0.00,0.00,0.00,0.00,0.00,0.00,0.00,0.00,0.00
20650,DL:0.1.0:AT.1.0.0,2022-3-4 12:16:59,39.25,0.00,0.00,17.889,-0.616,-5.782,12.106,17.272,0.00,0.00,0.00,0.00,0.00,0.00,0.00,0.00,0.00,0.00,0.00,0.00,0.00,0.00,0.00,0.00,0.00
20650,DL:0.1.0:AT.1.0.0,2022-3-4 12:17:5,39.25,0.00,0.00,17.896,-0.619,-5.788,12.108,17.277,0.00,0.00,0.00,0.00,0.00,0.00,0.00,0.00,0.00,0.00,0.00,0.00,0.00,0.00,0.00,0.00,0.00
20650,DL:0.1.0:AT.1.0.0,2022-3-4 12:17:12,39.25,0.00,0.00,17.908,-0.633,-5.800,12.108,17.275,0.00,0.00,0.00,0.00,0.00,0.00,0.00,0.00,0.00,0.00,0.00,0.00,0.00,0.00,0.00,0.00,0.00
20650,DL:0.1.0:AT.1.0.0,2022-3-4 12:17:17,39.25,0.00,0.00,17.910,-0.634,-5.803,12.108,17.276,0.00,0.00,0.00,0.00,0.00,0.00,0.00,0.00,0.00,0.00,0.00,0.00,0.00,0.00,0.00,0.00,0.00
20650,DL:0.1.0:AT.1.0.0,2022-3-4 12:17:22,39.25,0.00,0.00,17.904,-0.631,-5.797,12.108,17.273,0.00,0.00,0.00,0.00,0.00,0.00,0.00,0.00,0.00,0.00,0.00,0.00,0.00,0.00,0.00,0.00,0.00
20650,DL:0.1.0:AT.1.0.0,2022-3-4 12:17:27,39.25,0.00,0.00,17.934,-0.660,-5.827,12.108,17.275,0.00,0.00,0.00,0.00,0.00,0.00,0.00,0.00,0.00,0.00,0.00,0.00,0.00,0.00,0.00,0.00,0.00
20650,DL:0.1.0:AT.1.0.0,2022-3-4 12:17:33,39.25,0.00,0.00,17.884,-0.610,-5.775,12.109,17.273,0.00,0.00,0.00,0.00,0.00,0.00,0.00,0.00,0.00,0.00,0.00,0.00,0.00,0.00,0.00,0.00,0.00
20650,DL:0.1.0:AT.1.0.0,2022-3-4 12:17:39,39.25,0.00,0.00,17.938,-0.666,-5.830,12.108,17.272,0.00,0.00,0.00,0.00,0.00,0.00,0.00,0.00,0.00,0.00,0.00,0.00,0.00,0.00,0.00,0.00,0.00
20650,DL:0.1.0:AT.1.0.0,2022-3-4 12:17:45,39.25,0.00,0.00,17.937,-0.663,-5.828,12.109,17.273,0.00,0.00,0.00,0.00,0.00,0.00,0.00,0.00,0.00,0.00,0.00,0.00,0.00,0.00,0.00,0.00,0.00
20650,DL:0.1.0:AT.1.0.0,2022-3-4 12:17:50,39.25,0.00,0.00,17.958,-0.686,-5.850,12.109,17.272,0.00,0.00,0.00,0.00,0.00,0.00,0.00,0.00,0.00,0.00,0.00,0.00,0.00,0.00,0.00,0.00,0.00
20650,DL:0.1.0:AT.1.0.0,2022-3-4 12:17:59,39.25,0.00,0.00,17.919,-0.646,-5.810,12.109,17.272,0.00,0.00,0.00,0.00,0.00,0.00,0.00,0.00,0.00,0.00,0.00,0.00,0.00,0.00,0.00,0.00,0.00
20650,DL:0.1.0:AT.1.0.0,2022-3-4 12:18:4,39.25,0.00,0.00,17.939,-0.667,-5.830,12.109,17.272,0.00,0.00,0.00,0.00,0.00,0.00,0.00,0.00,0.00,0.00,0.00,0.00,0.00,0.00,0.00,0.00,0.00
20650,DL:0.1.0:AT.1.0.0,2022-3-4 12:18:9,39.25,0.00,0.00,17.909,-0.637,-5.800,12.109,17.272,0.00,0.00,0.00,0.00,0.00,0.00,0.00,0.00,0.00,0.00,0.00,0.00,0.00,0.00,0.00,0.00,0.00
20650,DL:0.1.0:AT.1.0.0,2022-3-4 12:18:14,39.25,0.00,0.00,17.924,-0.652,-5.814,12.110,17.271,0.00,0.00,0.00,0.00,0.00,0.00,0.00,0.00,0.00,0.00,0.00,0.00,0.00,0.00,0.00,0.00,0.00
20650,DL:0.1.0:AT.1.0.0,2022-3-4 12:18:21,39.25,0.00,0.00,17.907,-0.636,-5.797,12.110,17.271,0.00,0.00,0.00,0.00,0.00,0.00,0.00,0.00,0.00,0.00,0.00,0.00,0.00,0.00,0.00,0.00,0.00
20650,DL:0.1.0:AT.1.0.0,2022-3-4 12:18:26,39.25,0.00,0.00,17.928,-0.658,-5.818,12.110,17.270,0.00,0.00,0.00,0.00,0.00,0.00,0.00,0.00,0.00,0.00,0.00,0.00,0.00,0.00,0.00,0.00,0.00
20650,DL:0.1.0:AT.1.0.0,2022-3-4 12:18:34,39.25,0.00,0.00,17.894,-0.622,-5.783,12.110,17.271,0.00,0.00,0.00,0.00,0.00,0.00,0.00,0.00,0.00,0.00,0.00,0.00,0.00,0.00,0.00,0.00,0.00
20650,DL:0.1.0:AT.1.0.0,2022-3-4 12:18:44,39.25,0.00,0.00,17.919,-0.649,-5.807,12.111,17.270,0.00,0.00,0.00,0.00,0.00,0.00,0.00,0.00,0.00,0.00,0.00,0.00,0.00,0.00,0.00,0.00,0.00
20650,DL:0.1.0:AT.1.0.0,2022-3-4 12:18:51,39.25,0.00,0.00,17.908,-0.639,-5.797,12.111,17.269,0.00,0.00,0.00,0.00,0.00,0.00,0.00,0.00,0.00,0.00,0.00,0.00,0.00,0.00,0.00,0.00,0.00
20650,DL:0.1.0:AT.1.0.0,2022-3-4 12:19:2,39.25,0.00,0.00,17.940,-0.672,-5.828,12.112,17.269,0.00,0.00,0.00,0.00,0.00,0.00,0.00,0.00,0.00,0.00,0.00,0.00,0.00,0.00,0.00,0.00,0.00
20650,DL:0.1.0:AT.1.0.0,2022-3-4 12:19:8,39.25,0.00,0.00,17.920,-0.651,-5.807,12.112,17.269,0.00,0.00,0.00,0.00,0.00,0.00,0.00,0.00,0.00,0.00,0.00,0.00,0.00,0.00,0.00,0.00,0.00
20650,DL:0.1.0:AT.1.0.0,2022-3-4 12:19:15,39.25,0.00,0.00,17.901,-0.633,-5.788,12.112,17.267,0.00,0.00,0.00,0.00,0.00,0.00,0.00,0.00,0.00,0.00,0.00,0.00,0.00,0.00,0.00,0.00,0.00
20650,DL:0.1.0:AT.1.0.0,2022-3-4 12:19:20,39.25,0.00,0.00,17.890,-0.622,-5.777,12.112,17.267,0.00,0.00,0.00,0.00,0.00,0.00,0.00,0.00,0.00,0.00,0.00,0.00,0.00,0.00,0.00,0.00,0.00
20650,DL:0.1.0:AT.1.0.0,2022-3-4 12:19:26,39.25,0.00,0.00,17.870,-0.603,-5.758,12.111,17.266,0.00,0.00,0.00,0.00,0.00,0.00,0.00,0.00,0.00,0.00,0.00,0.00,0.00,0.00,0.00,0.00,0.00
20650,DL:0.1.0:AT.1.0.0,2022-3-4 12:19:33,39.25,0.00,0.00,17.884,-0.619,-5.771,12.112,17.265,0.00,0.00,0.00,0.00,0.00,0.00,0.00,0.00,0.00,0.00,0.00,0.00,0.00,0.00,0.00,0.00,0.00
20650,DL:0.1.0:AT.1.0.0,2022-3-4 12:19:39,39.25,0.00,0.00,17.921,-0.652,-5.809,12.112,17.269,0.00,0.00,0.00,0.00,0.00,0.00,0.00,0.00,0.00,0.00,0.00,0.00,0.00,0.00,0.00,0.00,0.00
20650,DL:0.1.0:AT.1.0.0,2022-3-4 12:19:46,39.25,0.00,0.00,17.878,-0.608,-5.765,12.112,17.270,0.00,0.00,0.00,0.00,0.00,0.00,0.00,0.00,0.00,0.00,0.00,0.00,0.00,0.00,0.00,0.00,0.00
20650,DL:0.1.0:AT.1.0.0,2022-3-4 12:19:51,39.25,0.00,0.00,17.898,-0.631,-5.786,12.112,17.267,0.00,0.00,0.00,0.00,0.00,0.00,0.00,0.00,0.00,0.00,0.00,0.00,0.00,0.00,0.00,0.00,0.00
20650,DL:0.1.0:AT.1.0.0,2022-3-4 12:19:56,39.25,0.00,0.00,17.888,-0.620,-5.774,12.114,17.267,0.00,0.00,0.00,0.00,0.00,0.00,0.00,0.00,0.00,0.00,0.00,0.00,0.00,0.00,0.00,0.00,0.00
20650,DL:0.1.0:AT.1.0.0,2022-3-4 12:20:4,39.25,0.00,0.00,17.885,-0.619,-5.771,12.114,17.266,0.00,0.00,0.00,0.00,0.00,0.00,0.00,0.00,0.00,0.00,0.00,0.00,0.00,0.00,0.00,0.00,0.00
20650,DL:0.1.0:AT.1.0.0,2022-3-4 12:20:10,39.25,0.00,0.00,17.885,-0.619,-5.770,12.115,17.266,0.00,0.00,0.00,0.00,0.00,0.00,0.00,0.00,0.00,0.00,0.00,0.00,0.00,0.00,0.00,0.00,0.00
20650,DL:0.1.0:AT.1.0.0,2022-3-4 12:20:17,39.25,0.00,0.00,17.884,-0.619,-5.769,12.115,17.265,0.00,0.00,0.00,0.00,0.00,0.00,0.00,0.00,0.00,0.00,0.00,0.00,0.00,0.00,0.00,0.00,0.00
20650,DL:0.1.0:AT.1.0.0,2022-3-4 12:20:23,39.25,0.00,0.00,17.906,-0.642,-5.791,12.115,17.264,0.00,0.00,0.00,0.00,0.00,0.00,0.00,0.00,0.00,0.00,0.00,0.00,0.00,0.00,0.00,0.00,0.00
20650,DL:0.1.0:AT.1.0.0,2022-3-4 12:20:32,39.25,0.00,0.00,17.908,-0.643,-5.793,12.115,17.265,0.00,0.00,0.00,0.00,0.00,0.00,0.00,0.00,0.00,0.00,0.00,0.00,0.00,0.00,0.00,0.00,0.00
20650,DL:0.1.0:AT.1.0.0,2022-3-4 12:20:37,39.25,0.00,0.00,17.872,-0.608,-5.756,12.116,17.264,0.00,0.00,0.00,0.00,0.00,0.00,0.00,0.00,0.00,0.00,0.00,0.00,0.00,0.00,0.00,0.00,0.00
20650,DL:0.1.0:AT.1.0.0,2022-3-4 12:20:44,39.25,0.00,0.00,17.889,-0.625,-5.773,12.116,17.264,0.00,0.00,0.00,0.00,0.00,0.00,0.00,0.00,0.00,0.00,0.00,0.00,0.00,0.00,0.00,0.00,0.00
20650,DL:0.1.0:AT.1.0.0,2022-3-4 12:20:51,39.25,0.00,0.00,17.913,-0.650,-5.794,12.118,17.263,0.00,0.00,0.00,0.00,0.00,0.00,0.00,0.00,0.00,0.00,0.00,0.00,0.00,0.00,0.00,0.00,0.00
20650,DL:0.1.0:AT.1.0.0,2022-3-4 12:20:58,39.25,0.00,0.00,17.908,-0.645,-5.789,12.118,17.263,0.00,0.00,0.00,0.00,0.00,0.00,0.00,0.00,0.00,0.00,0.00,0.00,0.00,0.00,0.00,0.00,0.00
20650,DL:0.1.0:AT.1.0.0,2022-3-4 12:21:5,39.25,0.00,0.00,17.892,-0.631,-5.774,12.118,17.261,0.00,0.00,0.00,0.00,0.00,0.00,0.00,0.00,0.00,0.00,0.00,0.00,0.00,0.00,0.00,0.00,0.00
20650,DL:0.1.0:AT.1.0.0,2022-3-4 12:21:10,39.25,0.00,0.00,17.871,-0.610,-5.751,12.120,17.260,0.00,0.00,0.00,0.00,0.00,0.00,0.00,0.00,0.00,0.00,0.00,0.00,0.00,0.00,0.00,0.00,0.00
20650,DL:0.1.0:AT.1.0.0,2022-3-4 12:21:15,39.25,0.00,0.00,17.910,-0.650,-5.791,12.120,17.260,0.00,0.00,0.00,0.00,0.00,0.00,0.00,0.00,0.00,0.00,0.00,0.00,0.00,0.00,0.00,0.00,0.00
20650,DL:0.1.0:AT.1.0.0,2022-3-4 12:21:20,39.25,0.00,0.00,17.907,-0.646,-5.787,12.120,17.260,0.00,0.00,0.00,0.00,0.00,0.00,0.00,0.00,0.00,0.00,0.00,0.00,0.00,0.00,0.00,0.00,0.00
20650,DL:0.1.0:AT.1.0.0,2022-3-4 12:21:25,39.25,0.00,0.00,17.883,-0.625,-5.763,12.120,17.258,0.00,0.00,0.00,0.00,0.00,0.00,0.00,0.00,0.00,0.00,0.00,0.00,0.00,0.00,0.00,0.00,0.00
20650,DL:0.1.0:AT.1.0.0,2022-3-4 12:21:30,39.25,0.00,0.00,17.876,-0.618,-5.756,12.120,17.258,0.00,0.00,0.00,0.00,0.00,0.00,0.00,0.00,0.00,0.00,0.00,0.00,0.00,0.00,0.00,0.00,0.00
20650,DL:0.1.0:AT.1.0.0,2022-3-4 12:21:35,39.25,0.00,0.00,17.909,-0.651,-5.788,12.121,17.258,0.00,0.00,0.00,0.00,0.00,0.00,0.00,0.00,0.00,0.00,0.00,0.00,0.00,0.00,0.00,0.00,0.00
20650,DL:0.1.0:AT.1.0.0,2022-3-4 12:21:40,39.25,0.00,0.00,17.915,-0.657,-5.794,12.121,17.258,0.00,0.00,0.00,0.00,0.00,0.00,0.00,0.00,0.00,0.00,0.00,0.00,0.00,0.00,0.00,0.00,0.00
20650,DL:0.1.0:AT.1.0.0,2022-3-4 12:21:46,39.25,0.00,0.00,17.878,-0.622,-5.757,12.121,17.255,0.00,0.00,0.00,0.00,0.00,0.00,0.00,0.00,0.00,0.00,0.00,0.00,0.00,0.00,0.00,0.00,0.00
20650,DL:0.1.0:AT.1.0.0,2022-3-4 12:21:53,39.25,0.00,0.00,17.876,-0.620,-5.755,12.121,17.255,0.00,0.00,0.00,0.00,0.00,0.00,0.00,0.00,0.00,0.00,0.00,0.00,0.00,0.00,0.00,0.00,0.00
20650,DL:0.1.0:AT.1.0.0,2022-3-4 12:21:58,39.25,0.00,0.00,17.863,-0.604,-5.743,12.121,17.259,0.00,0.00,0.00,0.00,0.00,0.00,0.00,0.00,0.00,0.00,0.00,0.00,0.00,0.00,0.00,0.00,0.00
20650,DL:0.1.0:AT.1.0.0,2022-3-4 12:22:3,39.25,0.00,0.00,17.873,-0.615,-5.752,12.121,17.258,0.00,0.00,0.00,0.00,0.00,0.00,0.00,0.00,0.00,0.00,0.00,0.00,0.00,0.00,0.00,0.00,0.00
20650,DL:0.1.0:AT.1.0.0,2022-3-4 12:22:10,39.25,0.00,0.00,17.874,-0.618,-5.753,12.121,17.257,0.00,0.00,0.00,0.00,0.00,0.00,0.00,0.00,0.00,0.00,0.00,0.00,0.00,0.00,0.00,0.00,0.00
20650,DL:0.1.0:AT.1.0.0,2022-3-4 12:22:17,39.25,0.00,0.00,17.889,-0.634,-5.769,12.120,17.254,0.00,0.00,0.00,0.00,0.00,0.00,0.00,0.00,0.00,0.00,0.00,0.00,0.00,0.00,0.00,0.00,0.00
20650,DL:0.1.0:AT.1.0.0,2022-3-4 12:22:22,39.25,0.00,0.00,17.892,-0.638,-5.771,12.121,17.254,0.00,0.00,0.00,0.00,0.00,0.00,0.00,0.00,0.00,0.00,0.00,0.00,0.00,0.00,0.00,0.00,0.00
20650,DL:0.1.0:AT.1.0.0,2022-3-4 12:22:27,39.25,0.00,0.00,17.878,-0.624,-5.758,12.120,17.254,0.00,0.00,0.00,0.00,0.00,0.00,0.00,0.00,0.00,0.00,0.00,0.00,0.00,0.00,0.00,0.00,0.00
20650,DL:0.1.0:AT.1.0.0,2022-3-4 12:22:35,39.25,0.00,0.00,17.891,-0.637,-5.771,12.120,17.254,0.00,0.00,0.00,0.00,0.00,0.00,0.00,0.00,0.00,0.00,0.00,0.00,0.00,0.00,0.00,0.00,0.00
20650,DL:0.1.0:AT.1.0.0,2022-3-4 12:22:41,39.25,0.00,0.00,17.883,-0.630,-5.762,12.121,17.253,0.00,0.00,0.00,0.00,0.00,0.00,0.00,0.00,0.00,0.00,0.00,0.00,0.00,0.00,0.00,0.00,0.00
20650,DL:0.1.0:AT.1.0.0,2022-3-4 12:22:50,39.25,0.00,0.00,17.936,-0.684,-5.815,12.121,17.252,0.00,0.00,0.00,0.00,0.00,0.00,0.00,0.00,0.00,0.00,0.00,0.00,0.00,0.00,0.00,0.00,0.00
20650,DL:0.1.0:AT.1.0.0,2022-3-4 12:22:57,39.25,0.00,0.00,17.888,-0.637,-5.767,12.121,17.251,0.00,0.00,0.00,0.00,0.00,0.00,0.00,0.00,0.00,0.00,0.00,0.00,0.00,0.00,0.00,0.00,0.00
20650,DL:0.1.0:AT.1.0.0,2022-3-4 12:23:7,39.25,0.00,0.00,17.919,-0.669,-5.798,12.121,17.249,0.00,0.00,0.00,0.00,0.00,0.00,0.00,0.00,0.00,0.00,0.00,0.00,0.00,0.00,0.00,0.00,0.00
20650,DL:0.1.0:AT.1.0.0,2022-3-4 12:23:12,39.25,0.00,0.00,17.882,-0.633,-5.759,12.122,17.248,0.00,0.00,0.00,0.00,0.00,0.00,0.00,0.00,0.00,0.00,0.00,0.00,0.00,0.00,0.00,0.00,0.00
20650,DL:0.1.0:AT.1.0.0,2022-3-4 12:23:21,39.25,0.00,0.00,17.891,-0.644,-5.769,12.122,17.247,0.00,0.00,0.00,0.00,0.00,0.00,0.00,0.00,0.00,0.00,0.00,0.00,0.00,0.00,0.00,0.00,0.00
20650,DL:0.1.0:AT.1.0.0,2022-3-4 12:23:26,39.25,0.00,0.00,17.901,-0.654,-5.780,12.121,17.247,0.00,0.00,0.00,0.00,0.00,0.00,0.00,0.00,0.00,0.00,0.00,0.00,0.00,0.00,0.00,0.00,0.00
20650,DL:0.1.0:AT.1.0.0,2022-3-4 12:23:32,39.25,0.00,0.00,17.873,-0.627,-5.752,12.121,17.246,0.00,0.00,0.00,0.00,0.00,0.00,0.00,0.00,0.00,0.00,0.00,0.00,0.00,0.00,0.00,0.00,0.00
20650,DL:0.1.0:AT.1.0.0,2022-3-4 12:23:39,39.25,0.00,0.00,17.878,-0.634,-5.757,12.121,17.243,0.00,0.00,0.00,0.00,0.00,0.00,0.00,0.00,0.00,0.00,0.00,0.00,0.00,0.00,0.00,0.00,0.00
20650,DL:0.1.0:AT.1.0.0,2022-3-4 12:23:46,39.25,0.00,0.00,17.872,-0.628,-5.750,12.122,17.243,0.00,0.00,0.00,0.00,0.00,0.00,0.00,0.00,0.00,0.00,0.00,0.00,0.00,0.00,0.00,0.00,0.00
20650,DL:0.1.0:AT.1.0.0,2022-3-4 12:23:51,39.25,0.00,0.00,17.898,-0.656,-5.777,12.121,17.242,0.00,0.00,0.00,0.00,0.00,0.00,0.00,0.00,0.00,0.00,0.00,0.00,0.00,0.00,0.00,0.00,0.00
20650,DL:0.1.0:AT.1.0.0,2022-3-4 12:23:56,39.25,0.00,0.00,17.900,-0.658,-5.777,12.122,17.241,0.00,0.00,0.00,0.00,0.00,0.00,0.00,0.00,0.00,0.00,0.00,0.00,0.00,0.00,0.00,0.00,0.00
20650,DL:0.1.0:AT.1.0.0,2022-3-4 12:24:1,39.25,0.00,0.00,17.882,-0.640,-5.761,12.121,17.241,0.00,0.00,0.00,0.00,0.00,0.00,0.00,0.00,0.00,0.00,0.00,0.00,0.00,0.00,0.00,0.00,0.00
20650,DL:0.1.0:AT.1.0.0,2022-3-4 12:24:7,39.25,0.00,0.00,17.930,-0.690,-5.807,12.122,17.240,0.00,0.00,0.00,0.00,0.00,0.00,0.00,0.00,0.00,0.00,0.00,0.00,0.00,0.00,0.00,0.00,0.00
20650,DL:0.1.0:AT.1.0.0,2022-3-4 12:24:12,39.25,0.00,0.00,17.886,-0.646,-5.764,12.122,17.240,0.00,0.00,0.00,0.00,0.00,0.00,0.00,0.00,0.00,0.00,0.00,0.00,0.00,0.00,0.00,0.00,0.00
20650,DL:0.1.0:AT.1.0.0,2022-3-4 12:24:17,39.25,0.00,0.00,17.906,-0.665,-5.783,12.122,17.241,0.00,0.00,0.00,0.00,0.00,0.00,0.00,0.00,0.00,0.00,0.00,0.00,0.00,0.00,0.00,0.00,0.00
20650,DL:0.1.0:AT.1.0.0,2022-3-4 12:24:22,39.25,0.00,0.00,17.876,-0.633,-5.753,12.122,17.242,0.00,0.00,0.00,0.00,0.00,0.00,0.00,0.00,0.00,0.00,0.00,0.00,0.00,0.00,0.00,0.00,0.00
20650,DL:0.1.0:AT.1.0.0,2022-3-4 12:24:27,39.25,0.00,0.00,17.933,-0.691,-5.811,12.122,17.242,0.00,0.00,0.00,0.00,0.00,0.00,0.00,0.00,0.00,0.00,0.00,0.00,0.00,0.00,0.00,0.00,0.00
20650,DL:0.1.0:AT.1.0.0,2022-3-4 12:24:34,39.50,0.00,0.00,17.873,-0.633,-5.746,12.127,17.240,0.00,0.00,0.00,0.00,0.00,0.00,0.00,0.00,0.00,0.00,0.00,0.00,0.00,0.00,0.00,0.00,0.00
20650,DL:0.1.0:AT.1.0.0,2022-3-4 12:24:41,39.50,0.00,0.00,17.890,-0.650,-5.762,12.128,17.240,0.00,0.00,0.00,0.00,0.00,0.00,0.00,0.00,0.00,0.00,0.00,0.00,0.00,0.00,0.00,0.00,0.00
20650,DL:0.1.0:AT.1.0.0,2022-3-4 12:24:48,39.50,0.00,0.00,17.891,-0.651,-5.763,12.128,17.240,0.00,0.00,0.00,0.00,0.00,0.00,0.00,0.00,0.00,0.00,0.00,0.00,0.00,0.00,0.00,0.00,0.00
20650,DL:0.1.0:AT.1.0.0,2022-3-4 12:24:54,39.50,0.00,0.00,17.897,-0.657,-5.769,12.128,17.240,0.00,0.00,0.00,0.00,0.00,0.00,0.00,0.00,0.00,0.00,0.00,0.00,0.00,0.00,0.00,0.00,0.00
20650,DL:0.1.0:AT.1.0.0,2022-3-4 12:24:59,39.50,0.00,0.00,17.904,-0.667,-5.775,12.129,17.237,0.00,0.00,0.00,0.00,0.00,0.00,0.00,0.00,0.00,0.00,0.00,0.00,0.00,0.00,0.00,0.00,0.00
20650,DL:0.1.0:AT.1.0.0,2022-3-4 12:25:5,39.50,0.00,0.00,17.915,-0.678,-5.787,12.128,17.237,0.00,0.00,0.00,0.00,0.00,0.00,0.00,0.00,0.00,0.00,0.00,0.00,0.00,0.00,0.00,0.00,0.00
20650,DL:0.1.0:AT.1.0.0,2022-3-4 12:25:12,39.50,0.00,0.00,17.898,-0.663,-5.770,12.128,17.235,0.00,0.00,0.00,0.00,0.00,0.00,0.00,0.00,0.00,0.00,0.00,0.00,0.00,0.00,0.00,0.00,0.00
20650,DL:0.1.0:AT.1.0.0,2022-3-4 12:25:18,39.50,0.00,0.00,17.898,-0.665,-5.770,12.128,17.234,0.00,0.00,0.00,0.00,0.00,0.00,0.00,0.00,0.00,0.00,0.00,0.00,0.00,0.00,0.00,0.00,0.00
20650,DL:0.1.0:AT.1.0.0,2022-3-4 12:25:25,39.50,0.00,0.00,17.894,-0.660,-5.765,12.128,17.234,0.00,0.00,0.00,0.00,0.00,0.00,0.00,0.00,0.00,0.00,0.00,0.00,0.00,0.00,0.00,0.00,0.00
20650,DL:0.1.0:AT.1.0.0,2022-3-4 12:25:30,39.50,0.00,0.00,17.921,-0.687,-5.792,12.129,17.234,0.00,0.00,0.00,0.00,0.00,0.00,0.00,0.00,0.00,0.00,0.00,0.00,0.00,0.00,0.00,0.00,0.00
20650,DL:0.1.0:AT.1.0.0,2022-3-4 12:25:36,39.50,0.00,0.00,17.909,-0.677,-5.780,12.129,17.233,0.00,0.00,0.00,0.00,0.00,0.00,0.00,0.00,0.00,0.00,0.00,0.00,0.00,0.00,0.00,0.00,0.00
20650,DL:0.1.0:AT.1.0.0,2022-3-4 12:25:43,39.50,0.00,0.00,17.921,-0.691,-5.792,12.129,17.230,0.00,0.00,0.00,0.00,0.00,0.00,0.00,0.00,0.00,0.00,0.00,0.00,0.00,0.00,0.00,0.00,0.00
20650,DL:0.1.0:AT.1.0.0,2022-3-4 12:25:49,39.50,0.00,0.00,17.921,-0.692,-5.792,12.129,17.229,0.00,0.00,0.00,0.00,0.00,0.00,0.00,0.00,0.00,0.00,0.00,0.00,0.00,0.00,0.00,0.00,0.00
20650,DL:0.1.0:AT.1.0.0,2022-3-4 12:25:56,39.50,0.00,0.00,17.913,-0.684,-5.783,12.129,17.229,0.00,0.00,0.00,0.00,0.00,0.00,0.00,0.00,0.00,0.00,0.00,0.00,0.00,0.00,0.00,0.00,0.00
20650,DL:0.1.0:AT.1.0.0,2022-3-4 12:26:3,39.50,0.00,0.00,17.910,-0.683,-5.780,12.130,17.228,0.00,0.00,0.00,0.00,0.00,0.00,0.00,0.00,0.00,0.00,0.00,0.00,0.00,0.00,0.00,0.00,0.00
20650,DL:0.1.0:AT.1.0.0,2022-3-4 12:26:8,39.50,0.00,0.00,17.931,-0.703,-5.800,12.130,17.228,0.00,0.00,0.00,0.00,0.00,0.00,0.00,0.00,0.00,0.00,0.00,0.00,0.00,0.00,0.00,0.00,0.00
20650,DL:0.1.0:AT.1.0.0,2022-3-4 12:26:13,39.50,0.00,0.00,17.922,-0.695,-5.792,12.130,17.228,0.00,0.00,0.00,0.00,0.00,0.00,0.00,0.00,0.00,0.00,0.00,0.00,0.00,0.00,0.00,0.00,0.00
20650,DL:0.1.0:AT.1.0.0,2022-3-4 12:26:18,39.50,0.00,0.00,17.913,-0.681,-5.782,12.130,17.231,0.00,0.00,0.00,0.00,0.00,0.00,0.00,0.00,0.00,0.00,0.00,0.00,0.00,0.00,0.00,0.00,0.00
20650,DL:0.1.0:AT.1.0.0,2022-3-4 12:26:23,39.50,0.00,0.00,17.908,-0.678,-5.776,12.132,17.230,0.00,0.00,0.00,0.00,0.00,0.00,0.00,0.00,0.00,0.00,0.00,0.00,0.00,0.00,0.00,0.00,0.00
20650,DL:0.1.0:AT.1.0.0,2022-3-4 12:26:29,39.50,0.00,0.00,17.937,-0.708,-5.805,12.132,17.229,0.00,0.00,0.00,0.00,0.00,0.00,0.00,0.00,0.00,0.00,0.00,0.00,0.00,0.00,0.00,0.00,0.00
20650,DL:0.1.0:AT.1.0.0,2022-3-4 12:26:34,39.50,0.00,0.00,17.926,-0.698,-5.795,12.130,17.228,0.00,0.00,0.00,0.00,0.00,0.00,0.00,0.00,0.00,0.00,0.00,0.00,0.00,0.00,0.00,0.00,0.00
20650,DL:0.1.0:AT.1.0.0,2022-3-4 12:26:39,39.50,0.00,0.00,17.939,-0.710,-5.807,12.132,17.229,0.00,0.00,0.00,0.00,0.00,0.00,0.00,0.00,0.00,0.00,0.00,0.00,0.00,0.00,0.00,0.00,0.00
20650,DL:0.1.0:AT.1.0.0,2022-3-4 12:26:44,39.50,0.00,0.00,17.928,-0.701,-5.797,12.132,17.228,0.00,0.00,0.00,0.00,0.00,0.00,0.00,0.00,0.00,0.00,0.00,0.00,0.00,0.00,0.00,0.00,0.00
20650,DL:0.1.0:AT.1.0.0,2022-3-4 12:26:49,39.50,0.00,0.00,17.924,-0.696,-5.792,12.132,17.228,0.00,0.00,0.00,0.00,0.00,0.00,0.00,0.00,0.00,0.00,0.00,0.00,0.00,0.00,0.00,0.00,0.00
20650,DL:0.1.0:AT.1.0.0,2022-3-4 12:26:54,39.50,0.00,0.00,17.924,-0.696,-5.791,12.133,17.228,0.00,0.00,0.00,0.00,0.00,0.00,0.00,0.00,0.00,0.00,0.00,0.00,0.00,0.00,0.00,0.00,0.00
20650,DL:0.1.0:AT.1.0.0,2022-3-4 12:27:1,39.50,0.00,0.00,17.924,-0.696,-5.792,12.132,17.228,0.00,0.00,0.00,0.00,0.00,0.00,0.00,0.00,0.00,0.00,0.00,0.00,0.00,0.00,0.00,0.00,0.00
20650,DL:0.1.0:AT.1.0.0,2022-3-4 12:27:8,39.50,0.00,0.00,17.922,-0.696,-5.789,12.133,17.227,0.00,0.00,0.00,0.00,0.00,0.00,0.00,0.00,0.00,0.00,0.00,0.00,0.00,0.00,0.00,0.00,0.00
20650,DL:0.1.0:AT.1.0.0,2022-3-4 12:27:13,39.50,0.00,0.00,17.912,-0.685,-5.779,12.133,17.227,0.00,0.00,0.00,0.00,0.00,0.00,0.00,0.00,0.00,0.00,0.00,0.00,0.00,0.00,0.00,0.00,0.00
20650,DL:0.1.0:AT.1.0.0,2022-3-4 12:27:18,39.50,0.00,0.00,17.940,-0.715,-5.807,12.133,17.225,0.00,0.00,0.00,0.00,0.00,0.00,0.00,0.00,0.00,0.00,0.00,0.00,0.00,0.00,0.00,0.00,0.00
20650,DL:0.1.0:AT.1.0.0,2022-3-4 12:27:25,39.50,0.00,0.00,17.936,-0.711,-5.801,12.134,17.224,0.00,0.00,0.00,0.00,0.00,0.00,0.00,0.00,0.00,0.00,0.00,0.00,0.00,0.00,0.00,0.00,0.00
20650,DL:0.1.0:AT.1.0.0,2022-3-4 12:27:32,39.50,0.00,0.00,17.933,-0.709,-5.798,12.135,17.224,0.00,0.00,0.00,0.00,0.00,0.00,0.00,0.00,0.00,0.00,0.00,0.00,0.00,0.00,0.00,0.00,0.00
20650,DL:0.1.0:AT.1.0.0,2022-3-4 12:27:39,39.50,0.00,0.00,17.926,-0.702,-5.792,12.134,17.224,0.00,0.00,0.00,0.00,0.00,0.00,0.00,0.00,0.00,0.00,0.00,0.00,0.00,0.00,0.00,0.00,0.00
20650,DL:0.1.0:AT.1.0.0,2022-3-4 12:27:46,39.50,0.00,0.00,17.945,-0.723,-5.811,12.134,17.222,0.00,0.00,0.00,0.00,0.00,0.00,0.00,0.00,0.00,0.00,0.00,0.00,0.00,0.00,0.00,0.00,0.00
20650,DL:0.1.0:AT.1.0.0,2022-3-4 12:27:52,39.50,0.00,0.00,17.934,-0.713,-5.800,12.134,17.222,0.00,0.00,0.00,0.00,0.00,0.00,0.00,0.00,0.00,0.00,0.00,0.00,0.00,0.00,0.00,0.00,0.00
20650,DL:0.1.0:AT.1.0.0,2022-3-4 12:27:59,39.50,0.00,0.00,17.912,-0.691,-5.776,12.135,17.221,0.00,0.00,0.00,0.00,0.00,0.00,0.00,0.00,0.00,0.00,0.00,0.00,0.00,0.00,0.00,0.00,0.00
20650,DL:0.1.0:AT.1.0.0,2022-3-4 12:28:4,39.50,0.00,0.00,17.914,-0.695,-5.780,12.134,17.219,0.00,0.00,0.00,0.00,0.00,0.00,0.00,0.00,0.00,0.00,0.00,0.00,0.00,0.00,0.00,0.00,0.00
20650,DL:0.1.0:AT.1.0.0,2022-3-4 12:28:9,39.50,0.00,0.00,17.918,-0.698,-5.783,12.134,17.219,0.00,0.00,0.00,0.00,0.00,0.00,0.00,0.00,0.00,0.00,0.00,0.00,0.00,0.00,0.00,0.00,0.00
20650,DL:0.1.0:AT.1.0.0,2022-3-4 12:28:14,39.50,0.00,0.00,17.913,-0.696,-5.777,12.135,17.217,0.00,0.00,0.00,0.00,0.00,0.00,0.00,0.00,0.00,0.00,0.00,0.00,0.00,0.00,0.00,0.00,0.00
20650,DL:0.1.0:AT.1.0.0,2022-3-4 12:28:22,39.50,0.00,0.00,17.913,-0.696,-5.776,12.137,17.217,0.00,0.00,0.00,0.00,0.00,0.00,0.00,0.00,0.00,0.00,0.00,0.00,0.00,0.00,0.00,0.00,0.00
20650,DL:0.1.0:AT.1.0.0,2022-3-4 12:28:27,39.50,0.00,0.00,17.933,-0.717,-5.797,12.137,17.216,0.00,0.00,0.00,0.00,0.00,0.00,0.00,0.00,0.00,0.00,0.00,0.00,0.00,0.00,0.00,0.00,0.00
20650,DL:0.1.0:AT.1.0.0,2022-3-4 12:28:33,39.50,0.00,0.00,17.938,-0.720,-5.800,12.138,17.218,0.00,0.00,0.00,0.00,0.00,0.00,0.00,0.00,0.00,0.00,0.00,0.00,0.00,0.00,0.00,0.00,0.00
20650,DL:0.1.0:AT.1.0.0,2022-3-4 12:28:38,39.50,0.00,0.00,17.890,-0.673,-5.752,12.138,17.217,0.00,0.00,0.00,0.00,0.00,0.00,0.00,0.00,0.00,0.00,0.00,0.00,0.00,0.00,0.00,0.00,0.00
20650,DL:0.1.0:AT.1.0.0,2022-3-4 12:28:48,39.50,0.00,0.00,17.925,-0.711,-5.786,12.139,17.213,0.00,0.00,0.00,0.00,0.00,0.00,0.00,0.00,0.00,0.00,0.00,0.00,0.00,0.00,0.00,0.00,0.00
20650,DL:0.1.0:AT.1.0.0,2022-3-4 12:28:53,39.50,0.00,0.00,17.937,-0.723,-5.798,12.139,17.213,0.00,0.00,0.00,0.00,0.00,0.00,0.00,0.00,0.00,0.00,0.00,0.00,0.00,0.00,0.00,0.00,0.00
20650,DL:0.1.0:AT.1.0.0,2022-3-4 12:29:1,39.50,0.00,0.00,17.924,-0.713,-5.783,12.140,17.211,0.00,0.00,0.00,0.00,0.00,0.00,0.00,0.00,0.00,0.00,0.00,0.00,0.00,0.00,0.00,0.00,0.00
20650,DL:0.1.0:AT.1.0.0,2022-3-4 12:29:8,39.50,0.00,0.00,17.934,-0.726,-5.794,12.140,17.209,0.00,0.00,0.00,0.00,0.00,0.00,0.00,0.00,0.00,0.00,0.00,0.00,0.00,0.00,0.00,0.00,0.00
20650,DL:0.1.0:AT.1.0.0,2022-3-4 12:29:15,39.50,0.00,0.00,17.921,-0.714,-5.781,12.140,17.207,0.00,0.00,0.00,0.00,0.00,0.00,0.00,0.00,0.00,0.00,0.00,0.00,0.00,0.00,0.00,0.00,0.00
20650,DL:0.1.0:AT.1.0.0,2022-3-4 12:29:23,39.50,0.00,0.00,17.903,-0.697,-5.762,12.141,17.206,0.00,0.00,0.00,0.00,0.00,0.00,0.00,0.00,0.00,0.00,0.00,0.00,0.00,0.00,0.00,0.00,0.00
20650,DL:0.1.0:AT.1.0.0,2022-3-4 12:29:31,39.50,0.00,0.00,17.927,-0.722,-5.787,12.140,17.205,0.00,0.00,0.00,0.00,0.00,0.00,0.00,0.00,0.00,0.00,0.00,0.00,0.00,0.00,0.00,0.00,0.00
20650,DL:0.1.0:AT.1.0.0,2022-3-4 12:29:36,39.50,0.00,0.00,17.909,-0.704,-5.769,12.140,17.205,0.00,0.00,0.00,0.00,0.00,0.00,0.00,0.00,0.00,0.00,0.00,0.00,0.00,0.00,0.00,0.00,0.00
20650,DL:0.1.0:AT.1.0.0,2022-3-4 12:29:42,39.50,0.00,0.00,17.927,-0.722,-5.786,12.141,17.205,0.00,0.00,0.00,0.00,0.00,0.00,0.00,0.00,0.00,0.00,0.00,0.00,0.00,0.00,0.00,0.00,0.00
20650,DL:0.1.0:AT.1.0.0,2022-3-4 12:29:50,39.50,0.00,0.00,17.891,-0.687,-5.750,12.141,17.204,0.00,0.00,0.00,0.00,0.00,0.00,0.00,0.00,0.00,0.00,0.00,0.00,0.00,0.00,0.00,0.00,0.00
20650,DL:0.1.0:AT.1.0.0,2022-3-4 12:29:55,39.50,0.00,0.00,17.932,-0.728,-5.792,12.140,17.204,0.00,0.00,0.00,0.00,0.00,0.00,0.00,0.00,0.00,0.00,0.00,0.00,0.00,0.00,0.00,0.00,0.00
20650,DL:0.1.0:AT.1.0.0,2022-3-4 12:30:2,39.50,0.00,0.00,17.927,-0.726,-5.787,12.140,17.201,0.00,0.00,0.00,0.00,0.00,0.00,0.00,0.00,0.00,0.00,0.00,0.00,0.00,0.00,0.00,0.00,0.00
20650,DL:0.1.0:AT.1.0.0,2022-3-4 12:30:7,39.50,0.00,0.00,17.938,-0.737,-5.797,12.141,17.201,0.00,0.00,0.00,0.00,0.00,0.00,0.00,0.00,0.00,0.00,0.00,0.00,0.00,0.00,0.00,0.00,0.00
20650,DL:0.1.0:AT.1.0.0,2022-3-4 12:30:12,39.50,0.00,0.00,17.931,-0.731,-5.791,12.140,17.200,0.00,0.00,0.00,0.00,0.00,0.00,0.00,0.00,0.00,0.00,0.00,0.00,0.00,0.00,0.00,0.00,0.00
20650,DL:0.1.0:AT.1.0.0,2022-3-4 12:30:25,39.50,0.00,0.00,17.928,-0.729,-5.787,12.141,17.199,0.00,0.00,0.00,0.00,0.00,0.00,0.00,0.00,0.00,0.00,0.00,0.00,0.00,0.00,0.00,0.00,0.00
20650,DL:0.1.0:AT.1.0.0,2022-3-4 12:30:30,39.50,0.00,0.00,17.938,-0.735,-5.797,12.141,17.203,0.00,0.00,0.00,0.00,0.00,0.00,0.00,0.00,0.00,0.00,0.00,0.00,0.00,0.00,0.00,0.00,0.00
20650,DL:0.1.0:AT.1.0.0,2022-3-4 12:30:37,39.50,0.00,0.00,17.918,-0.715,-5.775,12.143,17.203,0.00,0.00,0.00,0.00,0.00,0.00,0.00,0.00,0.00,0.00,0.00,0.00,0.00,0.00,0.00,0.00,0.00
20650,DL:0.1.0:AT.1.0.0,2022-3-4 12:30:43,39.50,0.00,0.00,17.945,-0.745,-5.803,12.143,17.200,0.00,0.00,0.00,0.00,0.00,0.00,0.00,0.00,0.00,0.00,0.00,0.00,0.00,0.00,0.00,0.00,0.00
20650,DL:0.1.0:AT.1.0.0,2022-3-4 12:30:55,39.50,0.00,0.00,17.972,-0.773,-5.828,12.144,17.199,0.00,0.00,0.00,0.00,0.00,0.00,0.00,0.00,0.00,0.00,0.00,0.00,0.00,0.00,0.00,0.00,0.00
20650,DL:0.1.0:AT.1.0.0,2022-3-4 12:31:0,39.50,0.00,0.00,17.963,-0.767,-5.820,12.144,17.197,0.00,0.00,0.00,0.00,0.00,0.00,0.00,0.00,0.00,0.00,0.00,0.00,0.00,0.00,0.00,0.00,0.00
20650,DL:0.1.0:AT.1.0.0,2022-3-4 12:31:5,39.50,0.00,0.00,17.974,-0.777,-5.830,12.144,17.197,0.00,0.00,0.00,0.00,0.00,0.00,0.00,0.00,0.00,0.00,0.00,0.00,0.00,0.00,0.00,0.00,0.00
20650,DL:0.1.0:AT.1.0.0,2022-3-4 12:31:11,39.50,0.00,0.00,17.933,-0.738,-5.789,12.144,17.195,0.00,0.00,0.00,0.00,0.00,0.00,0.00,0.00,0.00,0.00,0.00,0.00,0.00,0.00,0.00,0.00,0.00
20650,DL:0.1.0:AT.1.0.0,2022-3-4 12:31:18,39.50,0.00,0.00,17.946,-0.751,-5.803,12.144,17.195,0.00,0.00,0.00,0.00,0.00,0.00,0.00,0.00,0.00,0.00,0.00,0.00,0.00,0.00,0.00,0.00,0.00
20650,DL:0.1.0:AT.1.0.0,2022-3-4 12:31:23,39.50,0.00,0.00,17.912,-0.719,-5.768,12.144,17.193,0.00,0.00,0.00,0.00,0.00,0.00,0.00,0.00,0.00,0.00,0.00,0.00,0.00,0.00,0.00,0.00,0.00
20650,DL:0.1.0:AT.1.0.0,2022-3-4 12:31:28,39.50,0.00,0.00,17.945,-0.752,-5.801,12.144,17.193,0.00,0.00,0.00,0.00,0.00,0.00,0.00,0.00,0.00,0.00,0.00,0.00,0.00,0.00,0.00,0.00,0.00
20650,DL:0.1.0:AT.1.0.0,2022-3-4 12:31:35,39.50,0.00,0.00,17.920,-0.729,-5.776,12.144,17.191,0.00,0.00,0.00,0.00,0.00,0.00,0.00,0.00,0.00,0.00,0.00,0.00,0.00,0.00,0.00,0.00,0.00
20650,DL:0.1.0:AT.1.0.0,2022-3-4 12:31:40,39.50,0.00,0.00,17.931,-0.740,-5.787,12.144,17.191,0.00,0.00,0.00,0.00,0.00,0.00,0.00,0.00,0.00,0.00,0.00,0.00,0.00,0.00,0.00,0.00,0.00
20650,DL:0.1.0:AT.1.0.0,2022-3-4 12:31:45,39.50,0.00,0.00,17.928,-0.739,-5.783,12.145,17.189,0.00,0.00,0.00,0.00,0.00,0.00,0.00,0.00,0.00,0.00,0.00,0.00,0.00,0.00,0.00,0.00,0.00
20650,DL:0.1.0:AT.1.0.0,2022-3-4 12:31:50,39.50,0.00,0.00,17.933,-0.745,-5.789,12.144,17.188,0.00,0.00,0.00,0.00,0.00,0.00,0.00,0.00,0.00,0.00,0.00,0.00,0.00,0.00,0.00,0.00,0.00
20650,DL:0.1.0:AT.1.0.0,2022-3-4 12:31:57,39.50,0.00,0.00,17.948,-0.759,-5.803,12.145,17.188,0.00,0.00,0.00,0.00,0.00,0.00,0.00,0.00,0.00,0.00,0.00,0.00,0.00,0.00,0.00,0.00,0.00
20650,DL:0.1.0:AT.1.0.0,2022-3-4 12:32:2,39.75,0.00,0.00,17.952,-0.765,-5.807,12.145,17.187,0.00,0.00,0.00,0.00,0.00,0.00,0.00,0.00,0.00,0.00,0.00,0.00,0.00,0.00,0.00,0.00,0.00
20650,DL:0.1.0:AT.1.0.0,2022-3-4 12:32:9,39.75,0.00,0.00,17.943,-0.758,-5.798,12.145,17.185,0.00,0.00,0.00,0.00,0.00,0.00,0.00,0.00,0.00,0.00,0.00,0.00,0.00,0.00,0.00,0.00,0.00
20650,DL:0.1.0:AT.1.0.0,2022-3-4 12:32:16,39.75,0.00,0.00,17.945,-0.758,-5.801,12.144,17.187,0.00,0.00,0.00,0.00,0.00,0.00,0.00,0.00,0.00,0.00,0.00,0.00,0.00,0.00,0.00,0.00,0.00
20650,DL:0.1.0:AT.1.0.0,2022-3-4 12:32:24,39.75,0.00,0.00,17.936,-0.750,-5.792,12.144,17.186,0.00,0.00,0.00,0.00,0.00,0.00,0.00,0.00,0.00,0.00,0.00,0.00,0.00,0.00,0.00,0.00,0.00
20650,DL:0.1.0:AT.1.0.0,2022-3-4 12:32:30,39.75,0.00,0.00,17.932,-0.747,-5.787,12.145,17.185,0.00,0.00,0.00,0.00,0.00,0.00,0.00,0.00,0.00,0.00,0.00,0.00,0.00,0.00,0.00,0.00,0.00
20650,DL:0.1.0:AT.1.0.0,2022-3-4 12:32:35,39.75,0.00,0.00,17.949,-0.765,-5.804,12.145,17.183,0.00,0.00,0.00,0.00,0.00,0.00,0.00,0.00,0.00,0.00,0.00,0.00,0.00,0.00,0.00,0.00,0.00
20650,DL:0.1.0:AT.1.0.0,2022-3-4 12:32:40,39.75,0.00,0.00,17.926,-0.743,-5.780,12.146,17.183,0.00,0.00,0.00,0.00,0.00,0.00,0.00,0.00,0.00,0.00,0.00,0.00,0.00,0.00,0.00,0.00,0.00
20650,DL:0.1.0:AT.1.0.0,2022-3-4 12:32:47,39.75,0.00,0.00,17.928,-0.747,-5.782,12.146,17.181,0.00,0.00,0.00,0.00,0.00,0.00,0.00,0.00,0.00,0.00,0.00,0.00,0.00,0.00,0.00,0.00,0.00
20650,DL:0.1.0:AT.1.0.0,2022-3-4 12:32:54,39.75,0.00,0.00,17.939,-0.758,-5.793,12.146,17.181,0.00,0.00,0.00,0.00,0.00,0.00,0.00,0.00,0.00,0.00,0.00,0.00,0.00,0.00,0.00,0.00,0.00
20650,DL:0.1.0:AT.1.0.0,2022-3-4 12:32:59,39.75,0.00,0.00,17.948,-0.768,-5.800,12.147,17.180,0.00,0.00,0.00,0.00,0.00,0.00,0.00,0.00,0.00,0.00,0.00,0.00,0.00,0.00,0.00,0.00,0.00
20650,DL:0.1.0:AT.1.0.0,2022-3-4 12:33:4,39.75,0.00,0.00,17.942,-0.763,-5.795,12.146,17.179,0.00,0.00,0.00,0.00,0.00,0.00,0.00,0.00,0.00,0.00,0.00,0.00,0.00,0.00,0.00,0.00,0.00
20650,DL:0.1.0:AT.1.0.0,2022-3-4 12:33:9,39.75,0.00,0.00,17.936,-0.757,-5.789,12.146,17.179,0.00,0.00,0.00,0.00,0.00,0.00,0.00,0.00,0.00,0.00,0.00,0.00,0.00,0.00,0.00,0.00,0.00
20650,DL:0.1.0:AT.1.0.0,2022-3-4 12:33:14,39.75,0.00,0.00,17.963,-0.786,-5.816,12.147,17.177,0.00,0.00,0.00,0.00,0.00,0.00,0.00,0.00,0.00,0.00,0.00,0.00,0.00,0.00,0.00,0.00,0.00
20650,DL:0.1.0:AT.1.0.0,2022-3-4 12:33:19,39.75,0.00,0.00,17.910,-0.734,-5.763,12.147,17.176,0.00,0.00,0.00,0.00,0.00,0.00,0.00,0.00,0.00,0.00,0.00,0.00,0.00,0.00,0.00,0.00,0.00
20650,DL:0.1.0:AT.1.0.0,2022-3-4 12:33:24,39.75,0.00,0.00,17.975,-0.799,-5.828,12.147,17.176,0.00,0.00,0.00,0.00,0.00,0.00,0.00,0.00,0.00,0.00,0.00,0.00,0.00,0.00,0.00,0.00,0.00
20650,DL:0.1.0:AT.1.0.0,2022-3-4 12:33:31,39.75,0.00,0.00,17.970,-0.795,-5.823,12.147,17.175,0.00,0.00,0.00,0.00,0.00,0.00,0.00,0.00,0.00,0.00,0.00,0.00,0.00,0.00,0.00,0.00,0.00
20650,DL:0.1.0:AT.1.0.0,2022-3-4 12:33:38,39.75,0.00,0.00,17.958,-0.785,-5.811,12.147,17.174,0.00,0.00,0.00,0.00,0.00,0.00,0.00,0.00,0.00,0.00,0.00,0.00,0.00,0.00,0.00,0.00,0.00
20650,DL:0.1.0:AT.1.0.0,2022-3-4 12:33:45,39.75,0.00,0.00,17.964,-0.791,-5.816,12.149,17.174,0.00,0.00,0.00,0.00,0.00,0.00,0.00,0.00,0.00,0.00,0.00,0.00,0.00,0.00,0.00,0.00,0.00
20650,DL:0.1.0:AT.1.0.0,2022-3-4 12:33:55,39.75,0.00,0.00,17.950,-0.777,-5.801,12.149,17.173,0.00,0.00,0.00,0.00,0.00,0.00,0.00,0.00,0.00,0.00,0.00,0.00,0.00,0.00,0.00,0.00,0.00
20650,DL:0.1.0:AT.1.0.0,2022-3-4 12:34:0,39.75,0.00,0.00,17.934,-0.763,-5.786,12.149,17.171,0.00,0.00,0.00,0.00,0.00,0.00,0.00,0.00,0.00,0.00,0.00,0.00,0.00,0.00,0.00,0.00,0.00
20650,DL:0.1.0:AT.1.0.0,2022-3-4 12:34:7,39.75,0.00,0.00,17.942,-0.771,-5.792,12.150,17.170,0.00,0.00,0.00,0.00,0.00,0.00,0.00,0.00,0.00,0.00,0.00,0.00,0.00,0.00,0.00,0.00,0.00
20650,DL:0.1.0:AT.1.0.0,2022-3-4 12:34:12,39.75,0.00,0.00,17.938,-0.768,-5.788,12.150,17.170,0.00,0.00,0.00,0.00,0.00,0.00,0.00,0.00,0.00,0.00,0.00,0.00,0.00,0.00,0.00,0.00,0.00
20650,DL:0.1.0:AT.1.0.0,2022-3-4 12:34:18,39.75,0.00,0.00,17.940,-0.769,-5.791,12.150,17.171,0.00,0.00,0.00,0.00,0.00,0.00,0.00,0.00,0.00,0.00,0.00,0.00,0.00,0.00,0.00,0.00,0.00
20650,DL:0.1.0:AT.1.0.0,2022-3-4 12:34:24,39.75,0.00,0.00,17.916,-0.746,-5.765,12.151,17.170,0.00,0.00,0.00,0.00,0.00,0.00,0.00,0.00,0.00,0.00,0.00,0.00,0.00,0.00,0.00,0.00,0.00
20650,DL:0.1.0:AT.1.0.0,2022-3-4 12:34:29,39.75,0.00,0.00,17.925,-0.751,-5.774,12.151,17.174,0.00,0.00,0.00,0.00,0.00,0.00,0.00,0.00,0.00,0.00,0.00,0.00,0.00,0.00,0.00,0.00,0.00
20650,DL:0.1.0:AT.1.0.0,2022-3-4 12:34:34,39.75,0.00,0.00,17.927,-0.753,-5.776,12.151,17.174,0.00,0.00,0.00,0.00,0.00,0.00,0.00,0.00,0.00,0.00,0.00,0.00,0.00,0.00,0.00,0.00,0.00
20650,DL:0.1.0:AT.1.0.0,2022-3-4 12:34:40,39.75,0.00,0.00,17.918,-0.745,-5.767,12.151,17.173,0.00,0.00,0.00,0.00,0.00,0.00,0.00,0.00,0.00,0.00,0.00,0.00,0.00,0.00,0.00,0.00,0.00
20650,DL:0.1.0:AT.1.0.0,2022-3-4 12:34:46,39.75,0.00,0.00,17.938,-0.765,-5.785,12.153,17.173,0.00,0.00,0.00,0.00,0.00,0.00,0.00,0.00,0.00,0.00,0.00,0.00,0.00,0.00,0.00,0.00,0.00
20650,DL:0.1.0:AT.1.0.0,2022-3-4 12:34:54,39.75,0.00,0.00,17.954,-0.781,-5.799,12.155,17.173,0.00,0.00,0.00,0.00,0.00,0.00,0.00,0.00,0.00,0.00,0.00,0.00,0.00,0.00,0.00,0.00,0.00
20650,DL:0.1.0:AT.1.0.0,2022-3-4 12:34:59,39.75,0.00,0.00,17.927,-0.756,-5.773,12.155,17.171,0.00,0.00,0.00,0.00,0.00,0.00,0.00,0.00,0.00,0.00,0.00,0.00,0.00,0.00,0.00,0.00,0.00
20650,DL:0.1.0:AT.1.0.0,2022-3-4 12:35:4,39.75,0.00,0.00,17.927,-0.756,-5.773,12.155,17.171,0.00,0.00,0.00,0.00,0.00,0.00,0.00,0.00,0.00,0.00,0.00,0.00,0.00,0.00,0.00,0.00,0.00
20650,DL:0.1.0:AT.1.0.0,2022-3-4 12:35:10,39.75,0.00,0.00,17.960,-0.788,-5.804,12.156,17.171,0.00,0.00,0.00,0.00,0.00,0.00,0.00,0.00,0.00,0.00,0.00,0.00,0.00,0.00,0.00,0.00,0.00
20650,DL:0.1.0:AT.1.0.0,2022-3-4 12:35:17,39.75,0.00,0.00,17.921,-0.752,-5.765,12.156,17.169,0.00,0.00,0.00,0.00,0.00,0.00,0.00,0.00,0.00,0.00,0.00,0.00,0.00,0.00,0.00,0.00,0.00
20650,DL:0.1.0:AT.1.0.0,2022-3-4 12:35:30,39.75,0.00,0.00,17.908,-0.739,-5.751,12.157,17.169,0.00,0.00,0.00,0.00,0.00,0.00,0.00,0.00,0.00,0.00,0.00,0.00,0.00,0.00,0.00,0.00,0.00
20650,DL:0.1.0:AT.1.0.0,2022-3-4 12:35:35,39.75,0.00,0.00,17.920,-0.752,-5.763,12.157,17.168,0.00,0.00,0.00,0.00,0.00,0.00,0.00,0.00,0.00,0.00,0.00,0.00,0.00,0.00,0.00,0.00,0.00
20650,DL:0.1.0:AT.1.0.0,2022-3-4 12:35:41,39.75,0.00,0.00,17.942,-0.775,-5.785,12.157,17.167,0.00,0.00,0.00,0.00,0.00,0.00,0.00,0.00,0.00,0.00,0.00,0.00,0.00,0.00,0.00,0.00,0.00
20650,DL:0.1.0:AT.1.0.0,2022-3-4 12:35:48,39.75,0.00,0.00,17.949,-0.785,-5.792,12.157,17.164,0.00,0.00,0.00,0.00,0.00,0.00,0.00,0.00,0.00,0.00,0.00,0.00,0.00,0.00,0.00,0.00,0.00
20650,DL:0.1.0:AT.1.0.0,2022-3-4 12:35:53,39.75,0.00,0.00,17.954,-0.789,-5.795,12.158,17.164,0.00,0.00,0.00,0.00,0.00,0.00,0.00,0.00,0.00,0.00,0.00,0.00,0.00,0.00,0.00,0.00,0.00
20650,DL:0.1.0:AT.1.0.0,2022-3-4 12:35:59,39.75,0.00,0.00,17.919,-0.756,-5.759,12.159,17.163,0.00,0.00,0.00,0.00,0.00,0.00,0.00,0.00,0.00,0.00,0.00,0.00,0.00,0.00,0.00,0.00,0.00
20650,DL:0.1.0:AT.1.0.0,2022-3-4 12:36:5,39.75,0.00,0.00,17.930,-0.768,-5.771,12.158,17.162,0.00,0.00,0.00,0.00,0.00,0.00,0.00,0.00,0.00,0.00,0.00,0.00,0.00,0.00,0.00,0.00,0.00
20650,DL:0.1.0:AT.1.0.0,2022-3-4 12:36:11,39.75,0.00,0.00,17.942,-0.776,-5.783,12.158,17.165,0.00,0.00,0.00,0.00,0.00,0.00,0.00,0.00,0.00,0.00,0.00,0.00,0.00,0.00,0.00,0.00,0.00
20650,DL:0.1.0:AT.1.0.0,2022-3-4 12:36:19,39.75,0.00,0.00,17.912,-0.749,-5.752,12.159,17.163,0.00,0.00,0.00,0.00,0.00,0.00,0.00,0.00,0.00,0.00,0.00,0.00,0.00,0.00,0.00,0.00,0.00
20650,DL:0.1.0:AT.1.0.0,2022-3-4 12:36:30,39.75,0.00,0.00,17.924,-0.762,-5.763,12.161,17.162,0.00,0.00,0.00,0.00,0.00,0.00,0.00,0.00,0.00,0.00,0.00,0.00,0.00,0.00,0.00,0.00,0.00
20650,DL:0.1.0:AT.1.0.0,2022-3-4 12:36:36,39.75,0.00,0.00,17.919,-0.759,-5.759,12.159,17.159,0.00,0.00,0.00,0.00,0.00,0.00,0.00,0.00,0.00,0.00,0.00,0.00,0.00,0.00,0.00,0.00,0.00
20650,DL:0.1.0:AT.1.0.0,2022-3-4 12:36:41,39.75,0.00,0.00,17.950,-0.789,-5.789,12.161,17.161,0.00,0.00,0.00,0.00,0.00,0.00,0.00,0.00,0.00,0.00,0.00,0.00,0.00,0.00,0.00,0.00,0.00
20650,DL:0.1.0:AT.1.0.0,2022-3-4 12:36:46,39.75,0.00,0.00,17.902,-0.744,-5.741,12.161,17.158,0.00,0.00,0.00,0.00,0.00,0.00,0.00,0.00,0.00,0.00,0.00,0.00,0.00,0.00,0.00,0.00,0.00
20650,DL:0.1.0:AT.1.0.0,2022-3-4 12:36:51,39.75,0.00,0.00,17.943,-0.783,-5.782,12.161,17.159,0.00,0.00,0.00,0.00,0.00,0.00,0.00,0.00,0.00,0.00,0.00,0.00,0.00,0.00,0.00,0.00,0.00
20650,DL:0.1.0:AT.1.0.0,2022-3-4 12:36:58,39.75,0.00,0.00,17.954,-0.795,-5.792,12.162,17.158,0.00,0.00,0.00,0.00,0.00,0.00,0.00,0.00,0.00,0.00,0.00,0.00,0.00,0.00,0.00,0.00,0.00
20650,DL:0.1.0:AT.1.0.0,2022-3-4 12:37:3,39.75,0.00,0.00,17.954,-0.797,-5.792,12.162,17.157,0.00,0.00,0.00,0.00,0.00,0.00,0.00,0.00,0.00,0.00,0.00,0.00,0.00,0.00,0.00,0.00,0.00
20650,DL:0.1.0:AT.1.0.0,2022-3-4 12:37:8,39.75,0.00,0.00,17.964,-0.809,-5.803,12.162,17.156,0.00,0.00,0.00,0.00,0.00,0.00,0.00,0.00,0.00,0.00,0.00,0.00,0.00,0.00,0.00,0.00,0.00
20650,DL:0.1.0:AT.1.0.0,2022-3-4 12:37:13,39.75,0.00,0.00,17.948,-0.793,-5.786,12.162,17.155,0.00,0.00,0.00,0.00,0.00,0.00,0.00,0.00,0.00,0.00,0.00,0.00,0.00,0.00,0.00,0.00,0.00
20650,DL:0.1.0:AT.1.0.0,2022-3-4 12:37:19,39.75,0.00,0.00,17.957,-0.803,-5.794,12.163,17.155,0.00,0.00,0.00,0.00,0.00,0.00,0.00,0.00,0.00,0.00,0.00,0.00,0.00,0.00,0.00,0.00,0.00
20650,DL:0.1.0:AT.1.0.0,2022-3-4 12:37:24,39.75,0.00,0.00,17.927,-0.774,-5.764,12.163,17.153,0.00,0.00,0.00,0.00,0.00,0.00,0.00,0.00,0.00,0.00,0.00,0.00,0.00,0.00,0.00,0.00,0.00
20650,DL:0.1.0:AT.1.0.0,2022-3-4 12:37:30,39.75,0.00,0.00,17.949,-0.797,-5.786,12.163,17.152,0.00,0.00,0.00,0.00,0.00,0.00,0.00,0.00,0.00,0.00,0.00,0.00,0.00,0.00,0.00,0.00,0.00
20650,DL:0.1.0:AT.1.0.0,2022-3-4 12:37:37,39.75,0.00,0.00,17.962,-0.811,-5.799,12.163,17.151,0.00,0.00,0.00,0.00,0.00,0.00,0.00,0.00,0.00,0.00,0.00,0.00,0.00,0.00,0.00,0.00,0.00
20650,DL:0.1.0:AT.1.0.0,2022-3-4 12:37:44,39.75,0.00,0.00,17.946,-0.798,-5.783,12.163,17.149,0.00,0.00,0.00,0.00,0.00,0.00,0.00,0.00,0.00,0.00,0.00,0.00,0.00,0.00,0.00,0.00,0.00
20650,DL:0.1.0:AT.1.0.0,2022-3-4 12:37:50,39.75,0.00,0.00,17.954,-0.805,-5.791,12.163,17.149,0.00,0.00,0.00,0.00,0.00,0.00,0.00,0.00,0.00,0.00,0.00,0.00,0.00,0.00,0.00,0.00,0.00
20650,DL:0.1.0:AT.1.0.0,2022-3-4 12:37:59,39.75,0.00,0.00,17.958,-0.811,-5.795,12.163,17.147,0.00,0.00,0.00,0.00,0.00,0.00,0.00,0.00,0.00,0.00,0.00,0.00,0.00,0.00,0.00,0.00,0.00
20650,DL:0.1.0:AT.1.0.0,2022-3-4 12:38:5,39.75,0.00,0.00,17.942,-0.795,-5.779,12.163,17.146,0.00,0.00,0.00,0.00,0.00,0.00,0.00,0.00,0.00,0.00,0.00,0.00,0.00,0.00,0.00,0.00,0.00
20650,DL:0.1.0:AT.1.0.0,2022-3-4 12:38:11,39.75,0.00,0.00,17.951,-0.806,-5.787,12.164,17.145,0.00,0.00,0.00,0.00,0.00,0.00,0.00,0.00,0.00,0.00,0.00,0.00,0.00,0.00,0.00,0.00,0.00
20650,DL:0.1.0:AT.1.0.0,2022-3-4 12:38:16,39.75,0.00,0.00,17.984,-0.839,-5.820,12.164,17.145,0.00,0.00,0.00,0.00,0.00,0.00,0.00,0.00,0.00,0.00,0.00,0.00,0.00,0.00,0.00,0.00,0.00
20650,DL:0.1.0:AT.1.0.0,2022-3-4 12:38:22,39.75,0.00,0.00,17.939,-0.792,-5.775,12.164,17.147,0.00,0.00,0.00,0.00,0.00,0.00,0.00,0.00,0.00,0.00,0.00,0.00,0.00,0.00,0.00,0.00,0.00
20650,DL:0.1.0:AT.1.0.0,2022-3-4 12:38:31,40.00,0.00,0.00,17.922,-0.775,-5.757,12.165,17.147,0.00,0.00,0.00,0.00,0.00,0.00,0.00,0.00,0.00,0.00,0.00,0.00,0.00,0.00,0.00,0.00,0.00
20650,DL:0.1.0:AT.1.0.0,2022-3-4 12:38:36,40.00,0.00,0.00,17.930,-0.783,-5.759,12.170,17.146,0.00,0.00,0.00,0.00,0.00,0.00,0.00,0.00,0.00,0.00,0.00,0.00,0.00,0.00,0.00,0.00,0.00
20650,DL:0.1.0:AT.1.0.0,2022-3-4 12:38:41,40.00,0.00,0.00,17.949,-0.803,-5.779,12.170,17.146,0.00,0.00,0.00,0.00,0.00,0.00,0.00,0.00,0.00,0.00,0.00,0.00,0.00,0.00,0.00,0.00,0.00
20650,DL:0.1.0:AT.1.0.0,2022-3-4 12:38:46,40.00,0.00,0.00,17.936,-0.791,-5.765,12.170,17.145,0.00,0.00,0.00,0.00,0.00,0.00,0.00,0.00,0.00,0.00,0.00,0.00,0.00,0.00,0.00,0.00,0.00
20650,DL:0.1.0:AT.1.0.0,2022-3-4 12:38:53,40.00,0.00,0.00,17.950,-0.806,-5.780,12.170,17.144,0.00,0.00,0.00,0.00,0.00,0.00,0.00,0.00,0.00,0.00,0.00,0.00,0.00,0.00,0.00,0.00,0.00
20650,DL:0.1.0:AT.1.0.0,2022-3-4 12:39:3,40.00,0.00,0.00,17.930,-0.788,-5.759,12.170,17.141,0.00,0.00,0.00,0.00,0.00,0.00,0.00,0.00,0.00,0.00,0.00,0.00,0.00,0.00,0.00,0.00,0.00
20650,DL:0.1.0:AT.1.0.0,2022-3-4 12:39:8,40.00,0.00,0.00,17.966,-0.824,-5.795,12.170,17.141,0.00,0.00,0.00,0.00,0.00,0.00,0.00,0.00,0.00,0.00,0.00,0.00,0.00,0.00,0.00,0.00,0.00
20650,DL:0.1.0:AT.1.0.0,2022-3-4 12:39:13,40.00,0.00,0.00,17.922,-0.782,-5.752,12.170,17.140,0.00,0.00,0.00,0.00,0.00,0.00,0.00,0.00,0.00,0.00,0.00,0.00,0.00,0.00,0.00,0.00,0.00
20650,DL:0.1.0:AT.1.0.0,2022-3-4 12:39:20,40.00,0.00,0.00,17.925,-0.786,-5.755,12.170,17.139,0.00,0.00,0.00,0.00,0.00,0.00,0.00,0.00,0.00,0.00,0.00,0.00,0.00,0.00,0.00,0.00,0.00
20650,DL:0.1.0:AT.1.0.0,2022-3-4 12:40:10,40.00,0.00,0.00,17.952,-0.822,-5.782,12.170,17.130,0.00,0.00,0.00,0.00,0.00,0.00,0.00,0.00,0.00,0.00,0.00,0.00,0.00,0.00,0.00,0.00,0.00
20650,DL:0.1.0:AT.1.0.0,2022-3-4 12:40:15,40.00,0.00,0.00,17.926,-0.795,-5.756,12.170,17.130,0.00,0.00,0.00,0.00,0.00,0.00,0.00,0.00,0.00,0.00,0.00,0.00,0.00,0.00,0.00,0.00,0.00
20650,DL:0.1.0:AT.1.0.0,2022-3-4 12:40:21,40.00,0.00,0.00,17.938,-0.807,-5.768,12.170,17.130,0.00,0.00,0.00,0.00,0.00,0.00,0.00,0.00,0.00,0.00,0.00,0.00,0.00,0.00,0.00,0.00,0.00
20650,DL:0.1.0:AT.1.0.0,2022-3-4 12:40:28,40.00,0.00,0.00,17.932,-0.803,-5.762,12.170,17.129,0.00,0.00,0.00,0.00,0.00,0.00,0.00,0.00,0.00,0.00,0.00,0.00,0.00,0.00,0.00,0.00,0.00
20650,DL:0.1.0:AT.1.0.0,2022-3-4 12:40:35,40.00,0.00,0.00,17.951,-0.822,-5.781,12.170,17.129,0.00,0.00,0.00,0.00,0.00,0.00,0.00,0.00,0.00,0.00,0.00,0.00,0.00,0.00,0.00,0.00,0.00
20650,DL:0.1.0:AT.1.0.0,2022-3-4 12:40:43,40.00,0.00,0.00,17.927,-0.799,-5.757,12.170,17.128,0.00,0.00,0.00,0.00,0.00,0.00,0.00,0.00,0.00,0.00,0.00,0.00,0.00,0.00,0.00,0.00,0.00
20650,DL:0.1.0:AT.1.0.0,2022-3-4 12:40:49,40.00,0.00,0.00,17.955,-0.822,-5.783,12.171,17.133,0.00,0.00,0.00,0.00,0.00,0.00,0.00,0.00,0.00,0.00,0.00,0.00,0.00,0.00,0.00,0.00,0.00
20650,DL:0.1.0:AT.1.0.0,2022-3-4 12:40:54,40.00,0.00,0.00,17.940,-0.809,-5.769,12.171,17.132,0.00,0.00,0.00,0.00,0.00,0.00,0.00,0.00,0.00,0.00,0.00,0.00,0.00,0.00,0.00,0.00,0.00
20650,DL:0.1.0:AT.1.0.0,2022-3-4 12:40:59,40.00,0.00,0.00,17.920,-0.788,-5.747,12.173,17.132,0.00,0.00,0.00,0.00,0.00,0.00,0.00,0.00,0.00,0.00,0.00,0.00,0.00,0.00,0.00,0.00,0.00
20650,DL:0.1.0:AT.1.0.0,2022-3-4 12:41:6,40.00,0.00,0.00,17.966,-0.835,-5.793,12.173,17.130,0.00,0.00,0.00,0.00,0.00,0.00,0.00,0.00,0.00,0.00,0.00,0.00,0.00,0.00,0.00,0.00,0.00
20650,DL:0.1.0:AT.1.0.0,2022-3-4 12:41:11,40.00,0.00,0.00,17.985,-0.856,-5.814,12.171,17.129,0.00,0.00,0.00,0.00,0.00,0.00,0.00,0.00,0.00,0.00,0.00,0.00,0.00,0.00,0.00,0.00,0.00
20650,DL:0.1.0:AT.1.0.0,2022-3-4 12:41:17,40.00,0.00,0.00,17.949,-0.820,-5.777,12.171,17.129,0.00,0.00,0.00,0.00,0.00,0.00,0.00,0.00,0.00,0.00,0.00,0.00,0.00,0.00,0.00,0.00,0.00
20650,DL:0.1.0:AT.1.0.0,2022-3-4 12:41:22,40.00,0.00,0.00,17.964,-0.835,-5.793,12.171,17.129,0.00,0.00,0.00,0.00,0.00,0.00,0.00,0.00,0.00,0.00,0.00,0.00,0.00,0.00,0.00,0.00,0.00
20650,DL:0.1.0:AT.1.0.0,2022-3-4 12:41:27,40.00,0.00,0.00,17.925,-0.797,-5.753,12.171,17.128,0.00,0.00,0.00,0.00,0.00,0.00,0.00,0.00,0.00,0.00,0.00,0.00,0.00,0.00,0.00,0.00,0.00
20650,DL:0.1.0:AT.1.0.0,2022-3-4 12:41:32,40.00,0.00,0.00,17.936,-0.806,-5.764,12.171,17.129,0.00,0.00,0.00,0.00,0.00,0.00,0.00,0.00,0.00,0.00,0.00,0.00,0.00,0.00,0.00,0.00,0.00
20650,DL:0.1.0:AT.1.0.0,2022-3-4 12:41:40,40.00,0.00,0.00,17.960,-0.832,-5.787,12.173,17.128,0.00,0.00,0.00,0.00,0.00,0.00,0.00,0.00,0.00,0.00,0.00,0.00,0.00,0.00,0.00,0.00,0.00
20650,DL:0.1.0:AT.1.0.0,2022-3-4 12:41:45,40.00,0.00,0.00,17.967,-0.839,-5.794,12.173,17.128,0.00,0.00,0.00,0.00,0.00,0.00,0.00,0.00,0.00,0.00,0.00,0.00,0.00,0.00,0.00,0.00,0.00
20650,DL:0.1.0:AT.1.0.0,2022-3-4 12:41:50,40.00,0.00,0.00,17.984,-0.857,-5.812,12.171,17.127,0.00,0.00,0.00,0.00,0.00,0.00,0.00,0.00,0.00,0.00,0.00,0.00,0.00,0.00,0.00,0.00,0.00
20650,DL:0.1.0:AT.1.0.0,2022-3-4 12:41:57,40.00,0.00,0.00,17.918,-0.792,-5.745,12.173,17.126,0.00,0.00,0.00,0.00,0.00,0.00,0.00,0.00,0.00,0.00,0.00,0.00,0.00,0.00,0.00,0.00,0.00
20650,DL:0.1.0:AT.1.0.0,2022-3-4 12:42:4,40.00,0.00,0.00,17.956,-0.832,-5.783,12.173,17.124,0.00,0.00,0.00,0.00,0.00,0.00,0.00,0.00,0.00,0.00,0.00,0.00,0.00,0.00,0.00,0.00,0.00
20650,DL:0.1.0:AT.1.0.0,2022-3-4 12:42:10,40.00,0.00,0.00,17.914,-0.789,-5.740,12.174,17.124,0.00,0.00,0.00,0.00,0.00,0.00,0.00,0.00,0.00,0.00,0.00,0.00,0.00,0.00,0.00,0.00,0.00
20650,DL:0.1.0:AT.1.0.0,2022-3-4 12:42:15,40.00,0.00,0.00,17.939,-0.815,-5.765,12.174,17.124,0.00,0.00,0.00,0.00,0.00,0.00,0.00,0.00,0.00,0.00,0.00,0.00,0.00,0.00,0.00,0.00,0.00
20650,DL:0.1.0:AT.1.0.0,2022-3-4 12:42:24,40.00,0.00,0.00,17.939,-0.816,-5.765,12.174,17.123,0.00,0.00,0.00,0.00,0.00,0.00,0.00,0.00,0.00,0.00,0.00,0.00,0.00,0.00,0.00,0.00,0.00
20650,DL:0.1.0:AT.1.0.0,2022-3-4 12:42:30,40.00,0.00,0.00,17.944,-0.821,-5.770,12.174,17.123,0.00,0.00,0.00,0.00,0.00,0.00,0.00,0.00,0.00,0.00,0.00,0.00,0.00,0.00,0.00,0.00,0.00
20650,DL:0.1.0:AT.1.0.0,2022-3-4 12:42:35,40.00,0.00,0.00,17.927,-0.804,-5.753,12.174,17.123,0.00,0.00,0.00,0.00,0.00,0.00,0.00,0.00,0.00,0.00,0.00,0.00,0.00,0.00,0.00,0.00,0.00
20650,DL:0.1.0:AT.1.0.0,2022-3-4 12:42:42,40.00,0.00,0.00,17.926,-0.804,-5.751,12.175,17.122,0.00,0.00,0.00,0.00,0.00,0.00,0.00,0.00,0.00,0.00,0.00,0.00,0.00,0.00,0.00,0.00,0.00
20650,DL:0.1.0:AT.1.0.0,2022-3-4 12:42:47,40.00,0.00,0.00,17.913,-0.791,-5.738,12.175,17.122,0.00,0.00,0.00,0.00,0.00,0.00,0.00,0.00,0.00,0.00,0.00,0.00,0.00,0.00,0.00,0.00,0.00
20650,DL:0.1.0:AT.1.0.0,2022-3-4 12:42:52,40.00,0.00,0.00,17.960,-0.839,-5.785,12.175,17.121,0.00,0.00,0.00,0.00,0.00,0.00,0.00,0.00,0.00,0.00,0.00,0.00,0.00,0.00,0.00,0.00,0.00
20650,DL:0.1.0:AT.1.0.0,2022-3-4 12:42:57,40.00,0.00,0.00,17.981,-0.862,-5.806,12.175,17.120,0.00,0.00,0.00,0.00,0.00,0.00,0.00,0.00,0.00,0.00,0.00,0.00,0.00,0.00,0.00,0.00,0.00
20650,DL:0.1.0:AT.1.0.0,2022-3-4 12:43:2,40.00,0.00,0.00,17.954,-0.834,-5.779,12.175,17.120,0.00,0.00,0.00,0.00,0.00,0.00,0.00,0.00,0.00,0.00,0.00,0.00,0.00,0.00,0.00,0.00,0.00
20650,DL:0.1.0:AT.1.0.0,2022-3-4 12:43:7,40.00,0.00,0.00,17.973,-0.853,-5.798,12.175,17.120,0.00,0.00,0.00,0.00,0.00,0.00,0.00,0.00,0.00,0.00,0.00,0.00,0.00,0.00,0.00,0.00,0.00
20650,DL:0.1.0:AT.1.0.0,2022-3-4 12:43:13,40.00,0.00,0.00,17.943,-0.824,-5.768,12.175,17.118,0.00,0.00,0.00,0.00,0.00,0.00,0.00,0.00,0.00,0.00,0.00,0.00,0.00,0.00,0.00,0.00,0.00
20650,DL:0.1.0:AT.1.0.0,2022-3-4 12:43:18,40.00,0.00,0.00,17.918,-0.795,-5.743,12.175,17.122,0.00,0.00,0.00,0.00,0.00,0.00,0.00,0.00,0.00,0.00,0.00,0.00,0.00,0.00,0.00,0.00,0.00
20650,DL:0.1.0:AT.1.0.0,2022-3-4 12:43:23,40.00,0.00,0.00,17.936,-0.815,-5.761,12.175,17.121,0.00,0.00,0.00,0.00,0.00,0.00,0.00,0.00,0.00,0.00,0.00,0.00,0.00,0.00,0.00,0.00,0.00
20650,DL:0.1.0:AT.1.0.0,2022-3-4 12:43:28,40.00,0.00,0.00,17.951,-0.832,-5.776,12.175,17.120,0.00,0.00,0.00,0.00,0.00,0.00,0.00,0.00,0.00,0.00,0.00,0.00,0.00,0.00,0.00,0.00,0.00
20650,DL:0.1.0:AT.1.0.0,2022-3-4 12:43:33,40.00,0.00,0.00,17.951,-0.832,-5.776,12.175,17.120,0.00,0.00,0.00,0.00,0.00,0.00,0.00,0.00,0.00,0.00,0.00,0.00,0.00,0.00,0.00,0.00,0.00
20650,DL:0.1.0:AT.1.0.0,2022-3-4 12:43:40,40.00,0.00,0.00,17.969,-0.852,-5.793,12.176,17.117,0.00,0.00,0.00,0.00,0.00,0.00,0.00,0.00,0.00,0.00,0.00,0.00,0.00,0.00,0.00,0.00,0.00
20650,DL:0.1.0:AT.1.0.0,2022-3-4 12:43:47,40.00,0.00,0.00,17.954,-0.836,-5.776,12.177,17.117,0.00,0.00,0.00,0.00,0.00,0.00,0.00,0.00,0.00,0.00,0.00,0.00,0.00,0.00,0.00,0.00,0.00
20650,DL:0.1.0:AT.1.0.0,2022-3-4 12:43:52,40.00,0.00,0.00,17.960,-0.845,-5.782,12.177,17.115,0.00,0.00,0.00,0.00,0.00,0.00,0.00,0.00,0.00,0.00,0.00,0.00,0.00,0.00,0.00,0.00,0.00
20650,DL:0.1.0:AT.1.0.0,2022-3-4 12:43:57,40.00,0.00,0.00,17.957,-0.842,-5.780,12.177,17.115,0.00,0.00,0.00,0.00,0.00,0.00,0.00,0.00,0.00,0.00,0.00,0.00,0.00,0.00,0.00,0.00,0.00
20650,DL:0.1.0:AT.1.0.0,2022-3-4 12:44:2,40.00,0.00,0.00,17.936,-0.822,-5.758,12.177,17.114,0.00,0.00,0.00,0.00,0.00,0.00,0.00,0.00,0.00,0.00,0.00,0.00,0.00,0.00,0.00,0.00,0.00
20650,DL:0.1.0:AT.1.0.0,2022-3-4 12:44:7,40.00,0.00,0.00,17.945,-0.833,-5.768,12.177,17.112,0.00,0.00,0.00,0.00,0.00,0.00,0.00,0.00,0.00,0.00,0.00,0.00,0.00,0.00,0.00,0.00,0.00
20650,DL:0.1.0:AT.1.0.0,2022-3-4 12:44:13,40.00,0.00,0.00,17.963,-0.851,-5.786,12.177,17.112,0.00,0.00,0.00,0.00,0.00,0.00,0.00,0.00,0.00,0.00,0.00,0.00,0.00,0.00,0.00,0.00,0.00
20650,DL:0.1.0:AT.1.0.0,2022-3-4 12:44:22,40.00,0.00,0.00,17.952,-0.841,-5.774,12.179,17.111,0.00,0.00,0.00,0.00,0.00,0.00,0.00,0.00,0.00,0.00,0.00,0.00,0.00,0.00,0.00,0.00,0.00
20650,DL:0.1.0:AT.1.0.0,2022-3-4 12:44:28,40.00,0.00,0.00,17.979,-0.869,-5.800,12.179,17.110,0.00,0.00,0.00,0.00,0.00,0.00,0.00,0.00,0.00,0.00,0.00,0.00,0.00,0.00,0.00,0.00,0.00
20650,DL:0.1.0:AT.1.0.0,2022-3-4 12:44:33,40.00,0.00,0.00,17.978,-0.868,-5.799,12.179,17.110,0.00,0.00,0.00,0.00,0.00,0.00,0.00,0.00,0.00,0.00,0.00,0.00,0.00,0.00,0.00,0.00,0.00
20650,DL:0.1.0:AT.1.0.0,2022-3-4 12:44:38,40.00,0.00,0.00,17.967,-0.858,-5.788,12.179,17.109,0.00,0.00,0.00,0.00,0.00,0.00,0.00,0.00,0.00,0.00,0.00,0.00,0.00,0.00,0.00,0.00,0.00
20650,DL:0.1.0:AT.1.0.0,2022-3-4 12:44:43,40.00,0.00,0.00,17.957,-0.847,-5.779,12.179,17.110,0.00,0.00,0.00,0.00,0.00,0.00,0.00,0.00,0.00,0.00,0.00,0.00,0.00,0.00,0.00,0.00,0.00
20650,DL:0.1.0:AT.1.0.0,2022-3-4 12:44:53,40.00,0.00,0.00,17.956,-0.848,-5.777,12.179,17.108,0.00,0.00,0.00,0.00,0.00,0.00,0.00,0.00,0.00,0.00,0.00,0.00,0.00,0.00,0.00,0.00,0.00
20650,DL:0.1.0:AT.1.0.0,2022-3-4 12:44:58,40.00,0.00,0.00,17.969,-0.862,-5.792,12.177,17.108,0.00,0.00,0.00,0.00,0.00,0.00,0.00,0.00,0.00,0.00,0.00,0.00,0.00,0.00,0.00,0.00,0.00
20650,DL:0.1.0:AT.1.0.0,2022-3-4 12:45:8,40.00,0.00,0.00,17.944,-0.838,-5.765,12.179,17.106,0.00,0.00,0.00,0.00,0.00,0.00,0.00,0.00,0.00,0.00,0.00,0.00,0.00,0.00,0.00,0.00,0.00
20650,DL:0.1.0:AT.1.0.0,2022-3-4 12:45:16,40.00,0.00,0.00,17.970,-0.864,-5.791,12.180,17.106,0.00,0.00,0.00,0.00,0.00,0.00,0.00,0.00,0.00,0.00,0.00,0.00,0.00,0.00,0.00,0.00,0.00
20650,DL:0.1.0:AT.1.0.0,2022-3-4 12:45:21,40.00,0.00,0.00,17.978,-0.871,-5.798,12.180,17.106,0.00,0.00,0.00,0.00,0.00,0.00,0.00,0.00,0.00,0.00,0.00,0.00,0.00,0.00,0.00,0.00,0.00
20650,DL:0.1.0:AT.1.0.0,2022-3-4 12:45:26,40.00,0.00,0.00,17.961,-0.856,-5.781,12.180,17.105,0.00,0.00,0.00,0.00,0.00,0.00,0.00,0.00,0.00,0.00,0.00,0.00,0.00,0.00,0.00,0.00,0.00
20650,DL:0.1.0:AT.1.0.0,2022-3-4 12:45:32,40.00,0.00,0.00,17.945,-0.840,-5.765,12.180,17.105,0.00,0.00,0.00,0.00,0.00,0.00,0.00,0.00,0.00,0.00,0.00,0.00,0.00,0.00,0.00,0.00,0.00
20650,DL:0.1.0:AT.1.0.0,2022-3-4 12:45:38,40.00,0.00,0.00,17.970,-0.866,-5.791,12.180,17.104,0.00,0.00,0.00,0.00,0.00,0.00,0.00,0.00,0.00,0.00,0.00,0.00,0.00,0.00,0.00,0.00,0.00
20650,DL:0.1.0:AT.1.0.0,2022-3-4 12:45:43,40.00,0.00,0.00,17.975,-0.871,-5.795,12.180,17.104,0.00,0.00,0.00,0.00,0.00,0.00,0.00,0.00,0.00,0.00,0.00,0.00,0.00,0.00,0.00,0.00,0.00
20650,DL:0.1.0:AT.1.0.0,2022-3-4 12:45:51,40.00,0.00,0.00,17.951,-0.847,-5.770,12.181,17.104,0.00,0.00,0.00,0.00,0.00,0.00,0.00,0.00,0.00,0.00,0.00,0.00,0.00,0.00,0.00,0.00,0.00
20650,DL:0.1.0:AT.1.0.0,2022-3-4 12:45:56,40.25,0.00,0.00,17.944,-0.841,-5.763,12.181,17.103,0.00,0.00,0.00,0.00,0.00,0.00,0.00,0.00,0.00,0.00,0.00,0.00,0.00,0.00,0.00,0.00,0.00
20650,DL:0.1.0:AT.1.0.0,2022-3-4 12:46:1,40.25,0.00,0.00,17.968,-0.860,-5.788,12.180,17.108,0.00,0.00,0.00,0.00,0.00,0.00,0.00,0.00,0.00,0.00,0.00,0.00,0.00,0.00,0.00,0.00,0.00
20650,DL:0.1.0:AT.1.0.0,2022-3-4 12:46:7,40.25,0.00,0.00,17.975,-0.870,-5.794,12.181,17.105,0.00,0.00,0.00,0.00,0.00,0.00,0.00,0.00,0.00,0.00,0.00,0.00,0.00,0.00,0.00,0.00,0.00
20650,DL:0.1.0:AT.1.0.0,2022-3-4 12:46:12,40.25,0.00,0.00,17.986,-0.881,-5.805,12.181,17.105,0.00,0.00,0.00,0.00,0.00,0.00,0.00,0.00,0.00,0.00,0.00,0.00,0.00,0.00,0.00,0.00,0.00
20650,DL:0.1.0:AT.1.0.0,2022-3-4 12:46:17,40.25,0.00,0.00,17.970,-0.866,-5.789,12.181,17.104,0.00,0.00,0.00,0.00,0.00,0.00,0.00,0.00,0.00,0.00,0.00,0.00,0.00,0.00,0.00,0.00,0.00
20650,DL:0.1.0:AT.1.0.0,2022-3-4 12:46:24,40.25,0.00,0.00,17.957,-0.853,-5.776,12.181,17.104,0.00,0.00,0.00,0.00,0.00,0.00,0.00,0.00,0.00,0.00,0.00,0.00,0.00,0.00,0.00,0.00,0.00
20650,DL:0.1.0:AT.1.0.0,2022-3-4 12:46:31,40.25,0.00,0.00,17.951,-0.848,-5.770,12.181,17.103,0.00,0.00,0.00,0.00,0.00,0.00,0.00,0.00,0.00,0.00,0.00,0.00,0.00,0.00,0.00,0.00,0.00
20650,DL:0.1.0:AT.1.0.0,2022-3-4 12:46:36,40.25,0.00,0.00,17.968,-0.865,-5.788,12.180,17.103,0.00,0.00,0.00,0.00,0.00,0.00,0.00,0.00,0.00,0.00,0.00,0.00,0.00,0.00,0.00,0.00,0.00
20650,DL:0.1.0:AT.1.0.0,2022-3-4 12:46:42,40.25,0.00,0.00,17.991,-0.889,-5.811,12.180,17.102,0.00,0.00,0.00,0.00,0.00,0.00,0.00,0.00,0.00,0.00,0.00,0.00,0.00,0.00,0.00,0.00,0.00
20650,DL:0.1.0:AT.1.0.0,2022-3-4 12:46:48,40.25,0.00,0.00,17.986,-0.887,-5.806,12.180,17.099,0.00,0.00,0.00,0.00,0.00,0.00,0.00,0.00,0.00,0.00,0.00,0.00,0.00,0.00,0.00,0.00,0.00
20650,DL:0.1.0:AT.1.0.0,2022-3-4 12:46:54,40.25,0.00,0.00,17.970,-0.871,-5.791,12.180,17.099,0.00,0.00,0.00,0.00,0.00,0.00,0.00,0.00,0.00,0.00,0.00,0.00,0.00,0.00,0.00,0.00,0.00
20650,DL:0.1.0:AT.1.0.0,2022-3-4 12:46:59,40.25,0.00,0.00,17.974,-0.875,-5.794,12.180,17.099,0.00,0.00,0.00,0.00,0.00,0.00,0.00,0.00,0.00,0.00,0.00,0.00,0.00,0.00,0.00,0.00,0.00
20650,DL:0.1.0:AT.1.0.0,2022-3-4 12:47:4,40.25,0.00,0.00,17.972,-0.874,-5.792,12.180,17.098,0.00,0.00,0.00,0.00,0.00,0.00,0.00,0.00,0.00,0.00,0.00,0.00,0.00,0.00,0.00,0.00,0.00
20650,DL:0.1.0:AT.1.0.0,2022-3-4 12:47:9,40.25,0.00,0.00,18.002,-0.904,-5.822,12.180,17.098,0.00,0.00,0.00,0.00,0.00,0.00,0.00,0.00,0.00,0.00,0.00,0.00,0.00,0.00,0.00,0.00,0.00
20650,DL:0.1.0:AT.1.0.0,2022-3-4 12:47:16,40.25,0.00,0.00,17.968,-0.871,-5.789,12.179,17.097,0.00,0.00,0.00,0.00,0.00,0.00,0.00,0.00,0.00,0.00,0.00,0.00,0.00,0.00,0.00,0.00,0.00
20650,DL:0.1.0:AT.1.0.0,2022-3-4 12:47:27,40.25,0.00,0.00,17.936,-0.840,-5.756,12.180,17.096,0.00,0.00,0.00,0.00,0.00,0.00,0.00,0.00,0.00,0.00,0.00,0.00,0.00,0.00,0.00,0.00,0.00
20650,DL:0.1.0:AT.1.0.0,2022-3-4 12:47:33,40.25,0.00,0.00,17.962,-0.868,-5.783,12.179,17.094,0.00,0.00,0.00,0.00,0.00,0.00,0.00,0.00,0.00,0.00,0.00,0.00,0.00,0.00,0.00,0.00,0.00
20650,DL:0.1.0:AT.1.0.0,2022-3-4 12:47:38,40.25,0.00,0.00,17.961,-0.866,-5.781,12.180,17.094,0.00,0.00,0.00,0.00,0.00,0.00,0.00,0.00,0.00,0.00,0.00,0.00,0.00,0.00,0.00,0.00,0.00
20650,DL:0.1.0:AT.1.0.0,2022-3-4 12:47:43,40.25,0.00,0.00,17.969,-0.875,-5.789,12.180,17.094,0.00,0.00,0.00,0.00,0.00,0.00,0.00,0.00,0.00,0.00,0.00,0.00,0.00,0.00,0.00,0.00,0.00
20650,DL:0.1.0:AT.1.0.0,2022-3-4 12:47:50,40.25,0.00,0.00,17.956,-0.863,-5.776,12.180,17.093,0.00,0.00,0.00,0.00,0.00,0.00,0.00,0.00,0.00,0.00,0.00,0.00,0.00,0.00,0.00,0.00,0.00
20650,DL:0.1.0:AT.1.0.0,2022-3-4 12:47:57,40.25,0.00,0.00,17.982,-0.889,-5.804,12.179,17.093,0.00,0.00,0.00,0.00,0.00,0.00,0.00,0.00,0.00,0.00,0.00,0.00,0.00,0.00,0.00,0.00,0.00
20650,DL:0.1.0:AT.1.0.0,2022-3-4 12:48:4,40.25,0.00,0.00,17.968,-0.876,-5.789,12.179,17.092,0.00,0.00,0.00,0.00,0.00,0.00,0.00,0.00,0.00,0.00,0.00,0.00,0.00,0.00,0.00,0.00,0.00
20650,DL:0.1.0:AT.1.0.0,2022-3-4 12:48:10,40.25,0.00,0.00,17.955,-0.864,-5.776,12.179,17.091,0.00,0.00,0.00,0.00,0.00,0.00,0.00,0.00,0.00,0.00,0.00,0.00,0.00,0.00,0.00,0.00,0.00
20650,DL:0.1.0:AT.1.0.0,2022-3-4 12:48:17,40.25,0.00,0.00,17.966,-0.875,-5.787,12.179,17.091,0.00,0.00,0.00,0.00,0.00,0.00,0.00,0.00,0.00,0.00,0.00,0.00,0.00,0.00,0.00,0.00,0.00
20650,DL:0.1.0:AT.1.0.0,2022-3-4 12:48:22,40.25,0.00,0.00,17.974,-0.883,-5.794,12.180,17.091,0.00,0.00,0.00,0.00,0.00,0.00,0.00,0.00,0.00,0.00,0.00,0.00,0.00,0.00,0.00,0.00,0.00
20650,DL:0.1.0:AT.1.0.0,2022-3-4 12:48:27,40.25,0.00,0.00,17.990,-0.900,-5.810,12.180,17.090,0.00,0.00,0.00,0.00,0.00,0.00,0.00,0.00,0.00,0.00,0.00,0.00,0.00,0.00,0.00,0.00,0.00
20650,DL:0.1.0:AT.1.0.0,2022-3-4 12:48:34,40.25,0.00,0.00,17.997,-0.907,-5.818,12.179,17.090,0.00,0.00,0.00,0.00,0.00,0.00,0.00,0.00,0.00,0.00,0.00,0.00,0.00,0.00,0.00,0.00,0.00
20650,DL:0.1.0:AT.1.0.0,2022-3-4 12:48:41,40.25,0.00,0.00,17.987,-0.899,-5.809,12.179,17.088,0.00,0.00,0.00,0.00,0.00,0.00,0.00,0.00,0.00,0.00,0.00,0.00,0.00,0.00,0.00,0.00,0.00
20650,DL:0.1.0:AT.1.0.0,2022-3-4 12:48:46,40.25,0.00,0.00,17.996,-0.907,-5.817,12.179,17.088,0.00,0.00,0.00,0.00,0.00,0.00,0.00,0.00,0.00,0.00,0.00,0.00,0.00,0.00,0.00,0.00,0.00
20650,DL:0.1.0:AT.1.0.0,2022-3-4 12:48:52,40.25,0.00,0.00,17.986,-0.898,-5.807,12.179,17.088,0.00,0.00,0.00,0.00,0.00,0.00,0.00,0.00,0.00,0.00,0.00,0.00,0.00,0.00,0.00,0.00,0.00
20650,DL:0.1.0:AT.1.0.0,2022-3-4 12:48:57,40.25,0.00,0.00,17.962,-0.870,-5.783,12.179,17.092,0.00,0.00,0.00,0.00,0.00,0.00,0.00,0.00,0.00,0.00,0.00,0.00,0.00,0.00,0.00,0.00,0.00
20650,DL:0.1.0:AT.1.0.0,2022-3-4 12:49:2,40.25,0.00,0.00,17.969,-0.878,-5.791,12.179,17.091,0.00,0.00,0.00,0.00,0.00,0.00,0.00,0.00,0.00,0.00,0.00,0.00,0.00,0.00,0.00,0.00,0.00
20650,DL:0.1.0:AT.1.0.0,2022-3-4 12:49:8,40.25,0.00,0.00,17.970,-0.880,-5.792,12.179,17.091,0.00,0.00,0.00,0.00,0.00,0.00,0.00,0.00,0.00,0.00,0.00,0.00,0.00,0.00,0.00,0.00,0.00
20650,DL:0.1.0:AT.1.0.0,2022-3-4 12:49:15,40.25,0.00,0.00,17.981,-0.893,-5.804,12.177,17.088,0.00,0.00,0.00,0.00,0.00,0.00,0.00,0.00,0.00,0.00,0.00,0.00,0.00,0.00,0.00,0.00,0.00
20650,DL:0.1.0:AT.1.0.0,2022-3-4 12:49:22,40.25,0.00,0.00,17.999,-0.911,-5.821,12.179,17.088,0.00,0.00,0.00,0.00,0.00,0.00,0.00,0.00,0.00,0.00,0.00,0.00,0.00,0.00,0.00,0.00,0.00
20650,DL:0.1.0:AT.1.0.0,2022-3-4 12:49:27,40.25,0.00,0.00,17.996,-0.908,-5.818,12.177,17.087,0.00,0.00,0.00,0.00,0.00,0.00,0.00,0.00,0.00,0.00,0.00,0.00,0.00,0.00,0.00,0.00,0.00
20650,DL:0.1.0:AT.1.0.0,2022-3-4 12:49:32,40.25,0.00,0.00,17.986,-0.899,-5.807,12.179,17.087,0.00,0.00,0.00,0.00,0.00,0.00,0.00,0.00,0.00,0.00,0.00,0.00,0.00,0.00,0.00,0.00,0.00
20650,DL:0.1.0:AT.1.0.0,2022-3-4 12:49:37,40.25,0.00,0.00,17.997,-0.910,-5.820,12.177,17.087,0.00,0.00,0.00,0.00,0.00,0.00,0.00,0.00,0.00,0.00,0.00,0.00,0.00,0.00,0.00,0.00,0.00
20650,DL:0.1.0:AT.1.0.0,2022-3-4 12:49:43,40.25,0.00,0.00,17.969,-0.883,-5.792,12.177,17.086,0.00,0.00,0.00,0.00,0.00,0.00,0.00,0.00,0.00,0.00,0.00,0.00,0.00,0.00,0.00,0.00,0.00
20650,DL:0.1.0:AT.1.0.0,2022-3-4 12:49:49,40.25,0.00,0.00,17.945,-0.859,-5.768,12.177,17.086,0.00,0.00,0.00,0.00,0.00,0.00,0.00,0.00,0.00,0.00,0.00,0.00,0.00,0.00,0.00,0.00,0.00
20650,DL:0.1.0:AT.1.0.0,2022-3-4 12:49:58,40.25,0.00,0.00,17.962,-0.877,-5.783,12.179,17.085,0.00,0.00,0.00,0.00,0.00,0.00,0.00,0.00,0.00,0.00,0.00,0.00,0.00,0.00,0.00,0.00,0.00
20650,DL:0.1.0:AT.1.0.0,2022-3-4 12:50:3,40.25,0.00,0.00,17.967,-0.882,-5.787,12.180,17.085,0.00,0.00,0.00,0.00,0.00,0.00,0.00,0.00,0.00,0.00,0.00,0.00,0.00,0.00,0.00,0.00,0.00
20650,DL:0.1.0:AT.1.0.0,2022-3-4 12:50:10,40.25,0.00,0.00,17.950,-0.866,-5.771,12.179,17.084,0.00,0.00,0.00,0.00,0.00,0.00,0.00,0.00,0.00,0.00,0.00,0.00,0.00,0.00,0.00,0.00,0.00
20650,DL:0.1.0:AT.1.0.0,2022-3-4 12:50:16,40.25,0.00,0.00,17.956,-0.872,-5.776,12.180,17.084,0.00,0.00,0.00,0.00,0.00,0.00,0.00,0.00,0.00,0.00,0.00,0.00,0.00,0.00,0.00,0.00,0.00
20650,DL:0.1.0:AT.1.0.0,2022-3-4 12:50:24,40.25,0.00,0.00,17.962,-0.880,-5.782,12.180,17.082,0.00,0.00,0.00,0.00,0.00,0.00,0.00,0.00,0.00,0.00,0.00,0.00,0.00,0.00,0.00,0.00,0.00
20650,DL:0.1.0:AT.1.0.0,2022-3-4 12:50:29,40.25,0.00,0.00,17.955,-0.872,-5.776,12.179,17.082,0.00,0.00,0.00,0.00,0.00,0.00,0.00,0.00,0.00,0.00,0.00,0.00,0.00,0.00,0.00,0.00,0.00
20650,DL:0.1.0:AT.1.0.0,2022-3-4 12:50:34,40.25,0.00,0.00,17.957,-0.876,-5.777,12.180,17.081,0.00,0.00,0.00,0.00,0.00,0.00,0.00,0.00,0.00,0.00,0.00,0.00,0.00,0.00,0.00,0.00,0.00
20650,DL:0.1.0:AT.1.0.0,2022-3-4 12:50:41,40.25,0.00,0.00,17.981,-0.900,-5.801,12.180,17.081,0.00,0.00,0.00,0.00,0.00,0.00,0.00,0.00,0.00,0.00,0.00,0.00,0.00,0.00,0.00,0.00,0.00
20650,DL:0.1.0:AT.1.0.0,2022-3-4 12:50:48,40.25,0.00,0.00,17.937,-0.856,-5.757,12.180,17.081,0.00,0.00,0.00,0.00,0.00,0.00,0.00,0.00,0.00,0.00,0.00,0.00,0.00,0.00,0.00,0.00,0.00
20650,DL:0.1.0:AT.1.0.0,2022-3-4 12:50:54,40.25,0.00,0.00,17.972,-0.893,-5.792,12.180,17.079,0.00,0.00,0.00,0.00,0.00,0.00,0.00,0.00,0.00,0.00,0.00,0.00,0.00,0.00,0.00,0.00,0.00
20650,DL:0.1.0:AT.1.0.0,2022-3-4 12:50:59,40.25,0.00,0.00,17.961,-0.881,-5.781,12.180,17.080,0.00,0.00,0.00,0.00,0.00,0.00,0.00,0.00,0.00,0.00,0.00,0.00,0.00,0.00,0.00,0.00,0.00
20650,DL:0.1.0:AT.1.0.0,2022-3-4 12:51:5,40.25,0.00,0.00,17.968,-0.889,-5.788,12.180,17.079,0.00,0.00,0.00,0.00,0.00,0.00,0.00,0.00,0.00,0.00,0.00,0.00,0.00,0.00,0.00,0.00,0.00
20650,DL:0.1.0:AT.1.0.0,2022-3-4 12:51:12,40.25,0.00,0.00,17.944,-0.865,-5.763,12.181,17.079,0.00,0.00,0.00,0.00,0.00,0.00,0.00,0.00,0.00,0.00,0.00,0.00,0.00,0.00,0.00,0.00,0.00
20650,DL:0.1.0:AT.1.0.0,2022-3-4 12:51:17,40.50,0.00,0.00,17.975,-0.896,-5.794,12.181,17.079,0.00,0.00,0.00,0.00,0.00,0.00,0.00,0.00,0.00,0.00,0.00,0.00,0.00,0.00,0.00,0.00,0.00
20650,DL:0.1.0:AT.1.0.0,2022-3-4 12:51:22,40.50,0.00,0.00,17.978,-0.900,-5.797,12.181,17.078,0.00,0.00,0.00,0.00,0.00,0.00,0.00,0.00,0.00,0.00,0.00,0.00,0.00,0.00,0.00,0.00,0.00
20650,DL:0.1.0:AT.1.0.0,2022-3-4 12:51:31,40.50,0.00,0.00,17.972,-0.894,-5.791,12.181,17.078,0.00,0.00,0.00,0.00,0.00,0.00,0.00,0.00,0.00,0.00,0.00,0.00,0.00,0.00,0.00,0.00,0.00
20650,DL:0.1.0:AT.1.0.0,2022-3-4 12:51:36,40.50,0.00,0.00,17.986,-0.908,-5.805,12.181,17.078,0.00,0.00,0.00,0.00,0.00,0.00,0.00,0.00,0.00,0.00,0.00,0.00,0.00,0.00,0.00,0.00,0.00
20650,DL:0.1.0:AT.1.0.0,2022-3-4 12:51:42,40.50,0.00,0.00,17.975,-0.899,-5.794,12.181,17.076,0.00,0.00,0.00,0.00,0.00,0.00,0.00,0.00,0.00,0.00,0.00,0.00,0.00,0.00,0.00,0.00,0.00
20650,DL:0.1.0:AT.1.0.0,2022-3-4 12:51:48,40.50,0.00,0.00,17.981,-0.900,-5.800,12.181,17.081,0.00,0.00,0.00,0.00,0.00,0.00,0.00,0.00,0.00,0.00,0.00,0.00,0.00,0.00,0.00,0.00,0.00
20650,DL:0.1.0:AT.1.0.0,2022-3-4 12:51:53,40.50,0.00,0.00,17.974,-0.893,-5.792,12.182,17.081,0.00,0.00,0.00,0.00,0.00,0.00,0.00,0.00,0.00,0.00,0.00,0.00,0.00,0.00,0.00,0.00,0.00
20650,DL:0.1.0:AT.1.0.0,2022-3-4 12:51:58,40.50,0.00,0.00,17.973,-0.893,-5.791,12.182,17.080,0.00,0.00,0.00,0.00,0.00,0.00,0.00,0.00,0.00,0.00,0.00,0.00,0.00,0.00,0.00,0.00,0.00
20650,DL:0.1.0:AT.1.0.0,2022-3-4 12:52:3,40.50,0.00,0.00,17.943,-0.864,-5.761,12.182,17.079,0.00,0.00,0.00,0.00,0.00,0.00,0.00,0.00,0.00,0.00,0.00,0.00,0.00,0.00,0.00,0.00,0.00
20650,DL:0.1.0:AT.1.0.0,2022-3-4 12:52:10,40.50,0.00,0.00,17.954,-0.875,-5.771,12.182,17.079,0.00,0.00,0.00,0.00,0.00,0.00,0.00,0.00,0.00,0.00,0.00,0.00,0.00,0.00,0.00,0.00,0.00
20650,DL:0.1.0:AT.1.0.0,2022-3-4 12:52:20,40.50,0.00,0.00,17.952,-0.874,-5.769,12.183,17.079,0.00,0.00,0.00,0.00,0.00,0.00,0.00,0.00,0.00,0.00,0.00,0.00,0.00,0.00,0.00,0.00,0.00
20650,DL:0.1.0:AT.1.0.0,2022-3-4 12:52:27,40.50,0.00,0.00,17.980,-0.902,-5.797,12.183,17.078,0.00,0.00,0.00,0.00,0.00,0.00,0.00,0.00,0.00,0.00,0.00,0.00,0.00,0.00,0.00,0.00,0.00
20650,DL:0.1.0:AT.1.0.0,2022-3-4 12:52:34,40.50,0.00,0.00,17.963,-0.887,-5.780,12.183,17.076,0.00,0.00,0.00,0.00,0.00,0.00,0.00,0.00,0.00,0.00,0.00,0.00,0.00,0.00,0.00,0.00,0.00
20650,DL:0.1.0:AT.1.0.0,2022-3-4 12:52:40,40.50,0.00,0.00,17.937,-0.862,-5.753,12.183,17.075,0.00,0.00,0.00,0.00,0.00,0.00,0.00,0.00,0.00,0.00,0.00,0.00,0.00,0.00,0.00,0.00,0.00
20650,DL:0.1.0:AT.1.0.0,2022-3-4 12:52:47,40.50,0.00,0.00,17.975,-0.900,-5.791,12.185,17.075,0.00,0.00,0.00,0.00,0.00,0.00,0.00,0.00,0.00,0.00,0.00,0.00,0.00,0.00,0.00,0.00,0.00
20650,DL:0.1.0:AT.1.0.0,2022-3-4 12:52:52,40.50,0.00,0.00,17.938,-0.865,-5.753,12.185,17.073,0.00,0.00,0.00,0.00,0.00,0.00,0.00,0.00,0.00,0.00,0.00,0.00,0.00,0.00,0.00,0.00,0.00
20650,DL:0.1.0:AT.1.0.0,2022-3-4 12:52:58,40.50,0.00,0.00,17.976,-0.904,-5.792,12.185,17.073,0.00,0.00,0.00,0.00,0.00,0.00,0.00,0.00,0.00,0.00,0.00,0.00,0.00,0.00,0.00,0.00,0.00
20650,DL:0.1.0:AT.1.0.0,2022-3-4 12:53:5,40.50,0.00,0.00,17.956,-0.883,-5.771,12.185,17.073,0.00,0.00,0.00,0.00,0.00,0.00,0.00,0.00,0.00,0.00,0.00,0.00,0.00,0.00,0.00,0.00,0.00
20650,DL:0.1.0:AT.1.0.0,2022-3-4 12:53:11,40.50,0.00,0.00,17.961,-0.890,-5.776,12.185,17.070,0.00,0.00,0.00,0.00,0.00,0.00,0.00,0.00,0.00,0.00,0.00,0.00,0.00,0.00,0.00,0.00,0.00
20650,DL:0.1.0:AT.1.0.0,2022-3-4 12:53:18,40.50,0.00,0.00,17.966,-0.896,-5.781,12.185,17.069,0.00,0.00,0.00,0.00,0.00,0.00,0.00,0.00,0.00,0.00,0.00,0.00,0.00,0.00,0.00,0.00,0.00
20650,DL:0.1.0:AT.1.0.0,2022-3-4 12:53:25,40.50,0.00,0.00,17.958,-0.889,-5.775,12.183,17.069,0.00,0.00,0.00,0.00,0.00,0.00,0.00,0.00,0.00,0.00,0.00,0.00,0.00,0.00,0.00,0.00,0.00
20650,DL:0.1.0:AT.1.0.0,2022-3-4 12:53:36,40.50,0.00,0.00,17.952,-0.886,-5.768,12.185,17.067,0.00,0.00,0.00,0.00,0.00,0.00,0.00,0.00,0.00,0.00,0.00,0.00,0.00,0.00,0.00,0.00,0.00
20650,DL:0.1.0:AT.1.0.0,2022-3-4 12:53:42,40.50,0.00,0.00,17.940,-0.874,-5.756,12.185,17.067,0.00,0.00,0.00,0.00,0.00,0.00,0.00,0.00,0.00,0.00,0.00,0.00,0.00,0.00,0.00,0.00,0.00
20650,DL:0.1.0:AT.1.0.0,2022-3-4 12:53:47,40.50,0.00,0.00,17.949,-0.882,-5.764,12.185,17.067,0.00,0.00,0.00,0.00,0.00,0.00,0.00,0.00,0.00,0.00,0.00,0.00,0.00,0.00,0.00,0.00,0.00
20650,DL:0.1.0:AT.1.0.0,2022-3-4 12:53:52,40.50,0.00,0.00,17.938,-0.871,-5.752,12.186,17.067,0.00,0.00,0.00,0.00,0.00,0.00,0.00,0.00,0.00,0.00,0.00,0.00,0.00,0.00,0.00,0.00,0.00
20650,DL:0.1.0:AT.1.0.0,2022-3-4 12:53:57,40.50,0.00,0.00,17.966,-0.900,-5.780,12.186,17.066,0.00,0.00,0.00,0.00,0.00,0.00,0.00,0.00,0.00,0.00,0.00,0.00,0.00,0.00,0.00,0.00,0.00
20650,DL:0.1.0:AT.1.0.0,2022-3-4 12:54:4,40.50,0.00,0.00,17.933,-0.869,-5.747,12.186,17.064,0.00,0.00,0.00,0.00,0.00,0.00,0.00,0.00,0.00,0.00,0.00,0.00,0.00,0.00,0.00,0.00,0.00
20650,DL:0.1.0:AT.1.0.0,2022-3-4 12:54:10,40.50,0.00,0.00,17.950,-0.887,-5.764,12.186,17.063,0.00,0.00,0.00,0.00,0.00,0.00,0.00,0.00,0.00,0.00,0.00,0.00,0.00,0.00,0.00,0.00,0.00
20650,DL:0.1.0:AT.1.0.0,2022-3-4 12:54:16,40.50,0.00,0.00,17.939,-0.876,-5.753,12.186,17.063,0.00,0.00,0.00,0.00,0.00,0.00,0.00,0.00,0.00,0.00,0.00,0.00,0.00,0.00,0.00,0.00,0.00
20650,DL:0.1.0:AT.1.0.0,2022-3-4 12:54:22,40.50,0.00,0.00,17.979,-0.912,-5.794,12.185,17.067,0.00,0.00,0.00,0.00,0.00,0.00,0.00,0.00,0.00,0.00,0.00,0.00,0.00,0.00,0.00,0.00,0.00
20650,DL:0.1.0:AT.1.0.0,2022-3-4 12:54:27,40.50,0.00,0.00,17.960,-0.894,-5.774,12.186,17.066,0.00,0.00,0.00,0.00,0.00,0.00,0.00,0.00,0.00,0.00,0.00,0.00,0.00,0.00,0.00,0.00,0.00
20650,DL:0.1.0:AT.1.0.0,2022-3-4 12:54:34,40.50,0.00,0.00,17.922,-0.858,-5.738,12.185,17.064,0.00,0.00,0.00,0.00,0.00,0.00,0.00,0.00,0.00,0.00,0.00,0.00,0.00,0.00,0.00,0.00,0.00
20650,DL:0.1.0:AT.1.0.0,2022-3-4 12:54:40,40.50,0.00,0.00,17.976,-0.913,-5.792,12.185,17.063,0.00,0.00,0.00,0.00,0.00,0.00,0.00,0.00,0.00,0.00,0.00,0.00,0.00,0.00,0.00,0.00,0.00
20650,DL:0.1.0:AT.1.0.0,2022-3-4 12:54:47,40.50,0.00,0.00,17.991,-0.929,-5.806,12.185,17.062,0.00,0.00,0.00,0.00,0.00,0.00,0.00,0.00,0.00,0.00,0.00,0.00,0.00,0.00,0.00,0.00,0.00
20650,DL:0.1.0:AT.1.0.0,2022-3-4 12:54:54,40.50,0.00,0.00,17.944,-0.882,-5.759,12.185,17.062,0.00,0.00,0.00,0.00,0.00,0.00,0.00,0.00,0.00,0.00,0.00,0.00,0.00,0.00,0.00,0.00,0.00
20650,DL:0.1.0:AT.1.0.0,2022-3-4 12:55:1,40.50,0.00,0.00,17.950,-0.888,-5.764,12.186,17.062,0.00,0.00,0.00,0.00,0.00,0.00,0.00,0.00,0.00,0.00,0.00,0.00,0.00,0.00,0.00,0.00,0.00
20650,DL:0.1.0:AT.1.0.0,2022-3-4 12:55:7,40.50,0.00,0.00,17.958,-0.899,-5.774,12.185,17.060,0.00,0.00,0.00,0.00,0.00,0.00,0.00,0.00,0.00,0.00,0.00,0.00,0.00,0.00,0.00,0.00,0.00
20650,DL:0.1.0:AT.1.0.0,2022-3-4 12:55:12,40.50,0.00,0.00,17.973,-0.913,-5.787,12.186,17.060,0.00,0.00,0.00,0.00,0.00,0.00,0.00,0.00,0.00,0.00,0.00,0.00,0.00,0.00,0.00,0.00,0.00
20650,DL:0.1.0:AT.1.0.0,2022-3-4 12:55:17,40.50,0.00,0.00,17.973,-0.913,-5.787,12.186,17.060,0.00,0.00,0.00,0.00,0.00,0.00,0.00,0.00,0.00,0.00,0.00,0.00,0.00,0.00,0.00,0.00,0.00
20650,DL:0.1.0:AT.1.0.0,2022-3-4 12:55:22,40.50,0.00,0.00,17.982,-0.924,-5.797,12.186,17.058,0.00,0.00,0.00,0.00,0.00,0.00,0.00,0.00,0.00,0.00,0.00,0.00,0.00,0.00,0.00,0.00,0.00
20650,DL:0.1.0:AT.1.0.0,2022-3-4 12:55:29,40.50,0.00,0.00,18.014,-0.955,-5.829,12.185,17.058,0.00,0.00,0.00,0.00,0.00,0.00,0.00,0.00,0.00,0.00,0.00,0.00,0.00,0.00,0.00,0.00,0.00
20650,DL:0.1.0:AT.1.0.0,2022-3-4 12:55:34,40.50,0.00,0.00,17.975,-0.918,-5.789,12.186,17.057,0.00,0.00,0.00,0.00,0.00,0.00,0.00,0.00,0.00,0.00,0.00,0.00,0.00,0.00,0.00,0.00,0.00
20650,DL:0.1.0:AT.1.0.0,2022-3-4 12:55:39,40.50,0.00,0.00,17.967,-0.910,-5.781,12.186,17.057,0.00,0.00,0.00,0.00,0.00,0.00,0.00,0.00,0.00,0.00,0.00,0.00,0.00,0.00,0.00,0.00,0.00
20650,DL:0.1.0:AT.1.0.0,2022-3-4 12:55:45,40.50,0.00,0.00,17.968,-0.912,-5.782,12.186,17.056,0.00,0.00,0.00,0.00,0.00,0.00,0.00,0.00,0.00,0.00,0.00,0.00,0.00,0.00,0.00,0.00,0.00
20650,DL:0.1.0:AT.1.0.0,2022-3-4 12:55:50,40.50,0.00,0.00,17.958,-0.904,-5.774,12.185,17.055,0.00,0.00,0.00,0.00,0.00,0.00,0.00,0.00,0.00,0.00,0.00,0.00,0.00,0.00,0.00,0.00,0.00
20650,DL:0.1.0:AT.1.0.0,2022-3-4 12:55:56,40.50,0.00,0.00,17.976,-0.922,-5.791,12.186,17.055,0.00,0.00,0.00,0.00,0.00,0.00,0.00,0.00,0.00,0.00,0.00,0.00,0.00,0.00,0.00,0.00,0.00
20650,DL:0.1.0:AT.1.0.0,2022-3-4 12:56:8,40.50,0.00,0.00,17.984,-0.930,-5.797,12.187,17.054,0.00,0.00,0.00,0.00,0.00,0.00,0.00,0.00,0.00,0.00,0.00,0.00,0.00,0.00,0.00,0.00,0.00
20650,DL:0.1.0:AT.1.0.0,2022-3-4 12:56:13,40.50,0.00,0.00,17.979,-0.924,-5.792,12.187,17.055,0.00,0.00,0.00,0.00,0.00,0.00,0.00,0.00,0.00,0.00,0.00,0.00,0.00,0.00,0.00,0.00,0.00
20650,DL:0.1.0:AT.1.0.0,2022-3-4 12:56:18,40.50,0.00,0.00,17.998,-0.944,-5.811,12.187,17.054,0.00,0.00,0.00,0.00,0.00,0.00,0.00,0.00,0.00,0.00,0.00,0.00,0.00,0.00,0.00,0.00,0.00
20650,DL:0.1.0:AT.1.0.0,2022-3-4 12:56:23,40.50,0.00,0.00,17.980,-0.926,-5.792,12.188,17.054,0.00,0.00,0.00,0.00,0.00,0.00,0.00,0.00,0.00,0.00,0.00,0.00,0.00,0.00,0.00,0.00,0.00
20650,DL:0.1.0:AT.1.0.0,2022-3-4 12:56:30,40.50,0.00,0.00,17.994,-0.941,-5.807,12.187,17.054,0.00,0.00,0.00,0.00,0.00,0.00,0.00,0.00,0.00,0.00,0.00,0.00,0.00,0.00,0.00,0.00,0.00
20650,DL:0.1.0:AT.1.0.0,2022-3-4 12:57:21,40.75,0.00,0.00,17.976,-0.922,-5.787,12.189,17.055,0.00,0.00,0.00,0.00,0.00,0.00,0.00,0.00,0.00,0.00,0.00,0.00,0.00,0.00,0.00,0.00,0.00
20650,DL:0.1.0:AT.1.0.0,2022-3-4 12:57:27,40.75,0.00,0.00,17.964,-0.910,-5.776,12.188,17.055,0.00,0.00,0.00,0.00,0.00,0.00,0.00,0.00,0.00,0.00,0.00,0.00,0.00,0.00,0.00,0.00,0.00
20650,DL:0.1.0:AT.1.0.0,2022-3-4 12:57:32,40.75,0.00,0.00,17.944,-0.890,-5.755,12.189,17.054,0.00,0.00,0.00,0.00,0.00,0.00,0.00,0.00,0.00,0.00,0.00,0.00,0.00,0.00,0.00,0.00,0.00
20650,DL:0.1.0:AT.1.0.0,2022-3-4 12:57:37,40.50,0.00,0.00,17.933,-0.880,-5.744,12.189,17.054,0.00,0.00,0.00,0.00,0.00,0.00,0.00,0.00,0.00,0.00,0.00,0.00,0.00,0.00,0.00,0.00,0.00
20650,DL:0.1.0:AT.1.0.0,2022-3-4 12:57:42,40.50,0.00,0.00,17.928,-0.875,-5.740,12.188,17.054,0.00,0.00,0.00,0.00,0.00,0.00,0.00,0.00,0.00,0.00,0.00,0.00,0.00,0.00,0.00,0.00,0.00
20650,DL:0.1.0:AT.1.0.0,2022-3-4 12:57:48,40.50,0.00,0.00,17.927,-0.875,-5.737,12.191,17.052,0.00,0.00,0.00,0.00,0.00,0.00,0.00,0.00,0.00,0.00,0.00,0.00,0.00,0.00,0.00,0.00,0.00
20650,DL:0.1.0:AT.1.0.0,2022-3-4 12:57:55,40.50,0.00,0.00,17.961,-0.908,-5.770,12.191,17.052,0.00,0.00,0.00,0.00,0.00,0.00,0.00,0.00,0.00,0.00,0.00,0.00,0.00,0.00,0.00,0.00,0.00
20650,DL:0.1.0:AT.1.0.0,2022-3-4 12:58:3,40.50,0.00,0.00,17.968,-0.916,-5.779,12.189,17.052,0.00,0.00,0.00,0.00,0.00,0.00,0.00,0.00,0.00,0.00,0.00,0.00,0.00,0.00,0.00,0.00,0.00
20650,DL:0.1.0:AT.1.0.0,2022-3-4 12:58:8,40.50,0.00,0.00,17.956,-0.905,-5.765,12.191,17.051,0.00,0.00,0.00,0.00,0.00,0.00,0.00,0.00,0.00,0.00,0.00,0.00,0.00,0.00,0.00,0.00,0.00
20650,DL:0.1.0:AT.1.0.0,2022-3-4 12:58:13,40.50,0.00,0.00,17.984,-0.932,-5.793,12.191,17.051,0.00,0.00,0.00,0.00,0.00,0.00,0.00,0.00,0.00,0.00,0.00,0.00,0.00,0.00,0.00,0.00,0.00
20650,DL:0.1.0:AT.1.0.0,2022-3-4 12:58:18,40.50,0.00,0.00,17.978,-0.926,-5.775,12.203,17.051,0.00,0.00,0.00,0.00,0.00,0.00,0.00,0.00,0.00,0.00,0.00,0.00,0.00,0.00,0.00,0.00,0.00
20650,DL:0.1.0:AT.1.0.0,2022-3-4 12:58:24,40.50,0.00,0.00,18.000,-0.949,-5.794,12.206,17.051,0.00,0.00,0.00,0.00,0.00,0.00,0.00,0.00,0.00,0.00,0.00,0.00,0.00,0.00,0.00,0.00,0.00
20650,DL:0.1.0:AT.1.0.0,2022-3-4 12:58:30,40.50,0.00,0.00,17.954,-0.905,-5.746,12.207,17.049,0.00,0.00,0.00,0.00,0.00,0.00,0.00,0.00,0.00,0.00,0.00,0.00,0.00,0.00,0.00,0.00,0.00
20650,DL:0.1.0:AT.1.0.0,2022-3-4 12:58:37,40.50,0.00,0.00,17.998,-0.949,-5.788,12.210,17.049,0.00,0.00,0.00,0.00,0.00,0.00,0.00,0.00,0.00,0.00,0.00,0.00,0.00,0.00,0.00,0.00,0.00
20650,DL:0.1.0:AT.1.0.0,2022-3-4 12:58:42,40.75,0.00,0.00,17.966,-0.917,-5.756,12.210,17.049,0.00,0.00,0.00,0.00,0.00,0.00,0.00,0.00,0.00,0.00,0.00,0.00,0.00,0.00,0.00,0.00,0.00
20650,DL:0.1.0:AT.1.0.0,2022-3-4 12:58:47,40.75,0.00,0.00,17.982,-0.935,-5.774,12.209,17.048,0.00,0.00,0.00,0.00,0.00,0.00,0.00,0.00,0.00,0.00,0.00,0.00,0.00,0.00,0.00,0.00,0.00
20650,DL:0.1.0:AT.1.0.0,2022-3-4 12:58:55,40.75,0.00,0.00,17.958,-0.911,-5.750,12.209,17.048,0.00,0.00,0.00,0.00,0.00,0.00,0.00,0.00,0.00,0.00,0.00,0.00,0.00,0.00,0.00,0.00,0.00
20650,DL:0.1.0:AT.1.0.0,2022-3-4 12:59:1,40.75,0.00,0.00,17.962,-0.914,-5.752,12.210,17.048,0.00,0.00,0.00,0.00,0.00,0.00,0.00,0.00,0.00,0.00,0.00,0.00,0.00,0.00,0.00,0.00,0.00
20650,DL:0.1.0:AT.1.0.0,2022-3-4 12:59:8,40.75,0.00,0.00,17.967,-0.920,-5.758,12.209,17.046,0.00,0.00,0.00,0.00,0.00,0.00,0.00,0.00,0.00,0.00,0.00,0.00,0.00,0.00,0.00,0.00,0.00
20650,DL:0.1.0:AT.1.0.0,2022-3-4 12:59:14,40.75,0.00,0.00,17.973,-0.926,-5.764,12.209,17.046,0.00,0.00,0.00,0.00,0.00,0.00,0.00,0.00,0.00,0.00,0.00,0.00,0.00,0.00,0.00,0.00,0.00
20650,DL:0.1.0:AT.1.0.0,2022-3-4 12:59:21,40.75,0.00,0.00,17.975,-0.931,-5.767,12.209,17.044,0.00,0.00,0.00,0.00,0.00,0.00,0.00,0.00,0.00,0.00,0.00,0.00,0.00,0.00,0.00,0.00,0.00
20650,DL:0.1.0:AT.1.0.0,2022-3-4 12:59:28,40.75,0.00,0.00,17.912,-0.866,-5.703,12.209,17.045,0.00,0.00,0.00,0.00,0.00,0.00,0.00,0.00,0.00,0.00,0.00,0.00,0.00,0.00,0.00,0.00,0.00
20650,DL:0.1.0:AT.1.0.0,2022-3-4 12:59:35,40.75,0.00,0.00,17.958,-0.910,-5.749,12.210,17.049,0.00,0.00,0.00,0.00,0.00,0.00,0.00,0.00,0.00,0.00,0.00,0.00,0.00,0.00,0.00,0.00,0.00
20650,DL:0.1.0:AT.1.0.0,2022-3-4 12:59:40,40.75,0.00,0.00,17.927,-0.880,-5.717,12.210,17.048,0.00,0.00,0.00,0.00,0.00,0.00,0.00,0.00,0.00,0.00,0.00,0.00,0.00,0.00,0.00,0.00,0.00
20650,DL:0.1.0:AT.1.0.0,2022-3-4 12:59:45,40.75,0.00,0.00,17.924,-0.877,-5.714,12.210,17.046,0.00,0.00,0.00,0.00,0.00,0.00,0.00,0.00,0.00,0.00,0.00,0.00,0.00,0.00,0.00,0.00,0.00
20650,DL:0.1.0:AT.1.0.0,2022-3-4 12:59:52,40.75,0.00,0.00,17.972,-0.926,-5.762,12.210,17.045,0.00,0.00,0.00,0.00,0.00,0.00,0.00,0.00,0.00,0.00,0.00,0.00,0.00,0.00,0.00,0.00,0.00
20650,DL:0.1.0:AT.1.0.0,2022-3-4 12:59:59,40.75,0.00,0.00,17.985,-0.940,-5.775,12.210,17.045,0.00,0.00,0.00,0.00,0.00,0.00,0.00,0.00,0.00,0.00,0.00,0.00,0.00,0.00,0.00,0.00,0.00
20650,DL:0.1.0:AT.1.0.0,2022-3-4 13:0:6,40.75,0.00,0.00,17.942,-0.898,-5.732,12.210,17.044,0.00,0.00,0.00,0.00,0.00,0.00,0.00,0.00,0.00,0.00,0.00,0.00,0.00,0.00,0.00,0.00,0.00
20650,DL:0.1.0:AT.1.0.0,2022-3-4 13:0:11,40.75,0.00,0.00,17.949,-0.906,-5.739,12.210,17.043,0.00,0.00,0.00,0.00,0.00,0.00,0.00,0.00,0.00,0.00,0.00,0.00,0.00,0.00,0.00,0.00,0.00
20650,DL:0.1.0:AT.1.0.0,2022-3-4 13:0:16,40.75,0.00,0.00,17.963,-0.920,-5.753,12.210,17.043,0.00,0.00,0.00,0.00,0.00,0.00,0.00,0.00,0.00,0.00,0.00,0.00,0.00,0.00,0.00,0.00,0.00
20650,DL:0.1.0:AT.1.0.0,2022-3-4 13:0:27,40.75,0.00,0.00,17.950,-0.907,-5.739,12.211,17.043,0.00,0.00,0.00,0.00,0.00,0.00,0.00,0.00,0.00,0.00,0.00,0.00,0.00,0.00,0.00,0.00,0.00
20650,DL:0.1.0:AT.1.0.0,2022-3-4 13:0:33,40.75,0.00,0.00,17.960,-0.918,-5.749,12.211,17.042,0.00,0.00,0.00,0.00,0.00,0.00,0.00,0.00,0.00,0.00,0.00,0.00,0.00,0.00,0.00,0.00,0.00
20650,DL:0.1.0:AT.1.0.0,2022-3-4 13:0:38,40.75,0.00,0.00,17.964,-0.923,-5.755,12.210,17.042,0.00,0.00,0.00,0.00,0.00,0.00,0.00,0.00,0.00,0.00,0.00,0.00,0.00,0.00,0.00,0.00,0.00
20650,DL:0.1.0:AT.1.0.0,2022-3-4 13:0:44,40.75,0.00,0.00,17.963,-0.923,-5.753,12.210,17.040,0.00,0.00,0.00,0.00,0.00,0.00,0.00,0.00,0.00,0.00,0.00,0.00,0.00,0.00,0.00,0.00,0.00
20650,DL:0.1.0:AT.1.0.0,2022-3-4 13:0:49,40.75,0.00,0.00,17.973,-0.932,-5.763,12.210,17.040,0.00,0.00,0.00,0.00,0.00,0.00,0.00,0.00,0.00,0.00,0.00,0.00,0.00,0.00,0.00,0.00,0.00
20650,DL:0.1.0:AT.1.0.0,2022-3-4 13:0:54,40.75,0.00,0.00,17.930,-0.889,-5.719,12.211,17.040,0.00,0.00,0.00,0.00,0.00,0.00,0.00,0.00,0.00,0.00,0.00,0.00,0.00,0.00,0.00,0.00,0.00
20650,DL:0.1.0:AT.1.0.0,2022-3-4 13:1:2,40.75,0.00,0.00,17.948,-0.908,-5.737,12.211,17.039,0.00,0.00,0.00,0.00,0.00,0.00,0.00,0.00,0.00,0.00,0.00,0.00,0.00,0.00,0.00,0.00,0.00
20650,DL:0.1.0:AT.1.0.0,2022-3-4 13:1:8,40.75,0.00,0.00,17.936,-0.898,-5.725,12.211,17.038,0.00,0.00,0.00,0.00,0.00,0.00,0.00,0.00,0.00,0.00,0.00,0.00,0.00,0.00,0.00,0.00,0.00
20650,DL:0.1.0:AT.1.0.0,2022-3-4 13:1:14,40.75,0.00,0.00,17.936,-0.898,-5.725,12.211,17.038,0.00,0.00,0.00,0.00,0.00,0.00,0.00,0.00,0.00,0.00,0.00,0.00,0.00,0.00,0.00,0.00,0.00
20650,DL:0.1.0:AT.1.0.0,2022-3-4 13:1:21,40.75,0.00,0.00,17.962,-0.924,-5.751,12.211,17.038,0.00,0.00,0.00,0.00,0.00,0.00,0.00,0.00,0.00,0.00,0.00,0.00,0.00,0.00,0.00,0.00,0.00
20650,DL:0.1.0:AT.1.0.0,2022-3-4 13:1:26,40.75,0.00,0.00,17.951,-0.914,-5.740,12.211,17.037,0.00,0.00,0.00,0.00,0.00,0.00,0.00,0.00,0.00,0.00,0.00,0.00,0.00,0.00,0.00,0.00,0.00
20650,DL:0.1.0:AT.1.0.0,2022-3-4 13:1:31,40.75,0.00,0.00,17.944,-0.908,-5.733,12.211,17.036,0.00,0.00,0.00,0.00,0.00,0.00,0.00,0.00,0.00,0.00,0.00,0.00,0.00,0.00,0.00,0.00,0.00
20650,DL:0.1.0:AT.1.0.0,2022-3-4 13:1:38,40.75,0.00,0.00,17.934,-0.900,-5.723,12.211,17.034,0.00,0.00,0.00,0.00,0.00,0.00,0.00,0.00,0.00,0.00,0.00,0.00,0.00,0.00,0.00,0.00,0.00
20650,DL:0.1.0:AT.1.0.0,2022-3-4 13:1:43,40.75,0.00,0.00,17.967,-0.932,-5.757,12.210,17.034,0.00,0.00,0.00,0.00,0.00,0.00,0.00,0.00,0.00,0.00,0.00,0.00,0.00,0.00,0.00,0.00,0.00
20650,DL:0.1.0:AT.1.0.0,2022-3-4 13:1:49,40.75,0.00,0.00,17.980,-0.946,-5.770,12.210,17.034,0.00,0.00,0.00,0.00,0.00,0.00,0.00,0.00,0.00,0.00,0.00,0.00,0.00,0.00,0.00,0.00,0.00
20650,DL:0.1.0:AT.1.0.0,2022-3-4 13:1:56,40.75,0.00,0.00,17.944,-0.910,-5.733,12.211,17.034,0.00,0.00,0.00,0.00,0.00,0.00,0.00,0.00,0.00,0.00,0.00,0.00,0.00,0.00,0.00,0.00,0.00
20650,DL:0.1.0:AT.1.0.0,2022-3-4 13:2:8,40.75,0.00,0.00,17.958,-0.925,-5.747,12.211,17.033,0.00,0.00,0.00,0.00,0.00,0.00,0.00,0.00,0.00,0.00,0.00,0.00,0.00,0.00,0.00,0.00,0.00
20650,DL:0.1.0:AT.1.0.0,2022-3-4 13:2:13,40.75,0.00,0.00,17.969,-0.932,-5.757,12.212,17.037,0.00,0.00,0.00,0.00,0.00,0.00,0.00,0.00,0.00,0.00,0.00,0.00,0.00,0.00,0.00,0.00,0.00
20650,DL:0.1.0:AT.1.0.0,2022-3-4 13:2:20,40.75,0.00,0.00,17.954,-0.916,-5.741,12.212,17.038,0.00,0.00,0.00,0.00,0.00,0.00,0.00,0.00,0.00,0.00,0.00,0.00,0.00,0.00,0.00,0.00,0.00
20650,DL:0.1.0:AT.1.0.0,2022-3-4 13:2:26,40.75,0.00,0.00,17.949,-0.912,-5.737,12.212,17.037,0.00,0.00,0.00,0.00,0.00,0.00,0.00,0.00,0.00,0.00,0.00,0.00,0.00,0.00,0.00,0.00,0.00
20650,DL:0.1.0:AT.1.0.0,2022-3-4 13:2:32,40.75,0.00,0.00,17.990,-0.953,-5.777,12.212,17.037,0.00,0.00,0.00,0.00,0.00,0.00,0.00,0.00,0.00,0.00,0.00,0.00,0.00,0.00,0.00,0.00,0.00
20650,DL:0.1.0:AT.1.0.0,2022-3-4 13:2:37,40.75,0.00,0.00,17.962,-0.926,-5.750,12.212,17.036,0.00,0.00,0.00,0.00,0.00,0.00,0.00,0.00,0.00,0.00,0.00,0.00,0.00,0.00,0.00,0.00,0.00
20650,DL:0.1.0:AT.1.0.0,2022-3-4 13:2:45,40.75,0.00,0.00,17.950,-0.914,-5.738,12.212,17.036,0.00,0.00,0.00,0.00,0.00,0.00,0.00,0.00,0.00,0.00,0.00,0.00,0.00,0.00,0.00,0.00,0.00
20650,DL:0.1.0:AT.1.0.0,2022-3-4 13:2:50,40.75,0.00,0.00,17.927,-0.892,-5.715,12.212,17.036,0.00,0.00,0.00,0.00,0.00,0.00,0.00,0.00,0.00,0.00,0.00,0.00,0.00,0.00,0.00,0.00,0.00
20650,DL:0.1.0:AT.1.0.0,2022-3-4 13:2:57,40.75,0.00,0.00,17.955,-0.919,-5.741,12.213,17.036,0.00,0.00,0.00,0.00,0.00,0.00,0.00,0.00,0.00,0.00,0.00,0.00,0.00,0.00,0.00,0.00,0.00
20650,DL:0.1.0:AT.1.0.0,2022-3-4 13:3:4,40.75,0.00,0.00,17.975,-0.940,-5.761,12.215,17.036,0.00,0.00,0.00,0.00,0.00,0.00,0.00,0.00,0.00,0.00,0.00,0.00,0.00,0.00,0.00,0.00,0.00
20650,DL:0.1.0:AT.1.0.0,2022-3-4 13:3:9,40.75,0.00,0.00,17.972,-0.937,-5.757,12.215,17.034,0.00,0.00,0.00,0.00,0.00,0.00,0.00,0.00,0.00,0.00,0.00,0.00,0.00,0.00,0.00,0.00,0.00
20650,DL:0.1.0:AT.1.0.0,2022-3-4 13:3:14,40.75,0.00,0.00,17.998,-0.964,-5.785,12.213,17.034,0.00,0.00,0.00,0.00,0.00,0.00,0.00,0.00,0.00,0.00,0.00,0.00,0.00,0.00,0.00,0.00,0.00
20650,DL:0.1.0:AT.1.0.0,2022-3-4 13:3:21,40.75,0.00,0.00,17.968,-0.935,-5.753,12.215,17.033,0.00,0.00,0.00,0.00,0.00,0.00,0.00,0.00,0.00,0.00,0.00,0.00,0.00,0.00,0.00,0.00,0.00
20650,DL:0.1.0:AT.1.0.0,2022-3-4 13:3:26,40.75,0.00,0.00,17.980,-0.947,-5.765,12.215,17.033,0.00,0.00,0.00,0.00,0.00,0.00,0.00,0.00,0.00,0.00,0.00,0.00,0.00,0.00,0.00,0.00,0.00
20650,DL:0.1.0:AT.1.0.0,2022-3-4 13:3:35,40.75,0.00,0.00,17.963,-0.930,-5.749,12.215,17.033,0.00,0.00,0.00,0.00,0.00,0.00,0.00,0.00,0.00,0.00,0.00,0.00,0.00,0.00,0.00,0.00,0.00
20650,DL:0.1.0:AT.1.0.0,2022-3-4 13:3:41,40.75,0.00,0.00,17.931,-0.899,-5.715,12.216,17.032,0.00,0.00,0.00,0.00,0.00,0.00,0.00,0.00,0.00,0.00,0.00,0.00,0.00,0.00,0.00,0.00,0.00
20650,DL:0.1.0:AT.1.0.0,2022-3-4 13:3:48,40.75,0.00,0.00,17.954,-0.922,-5.738,12.216,17.032,0.00,0.00,0.00,0.00,0.00,0.00,0.00,0.00,0.00,0.00,0.00,0.00,0.00,0.00,0.00,0.00,0.00
20650,DL:0.1.0:AT.1.0.0,2022-3-4 13:3:53,40.75,0.00,0.00,17.987,-0.955,-5.770,12.217,17.032,0.00,0.00,0.00,0.00,0.00,0.00,0.00,0.00,0.00,0.00,0.00,0.00,0.00,0.00,0.00,0.00,0.00
20650,DL:0.1.0:AT.1.0.0,2022-3-4 13:3:59,40.75,0.00,0.00,17.957,-0.926,-5.740,12.217,17.031,0.00,0.00,0.00,0.00,0.00,0.00,0.00,0.00,0.00,0.00,0.00,0.00,0.00,0.00,0.00,0.00,0.00
20650,DL:0.1.0:AT.1.0.0,2022-3-4 13:4:4,41.00,0.00,0.00,17.951,-0.920,-5.733,12.218,17.031,0.00,0.00,0.00,0.00,0.00,0.00,0.00,0.00,0.00,0.00,0.00,0.00,0.00,0.00,0.00,0.00,0.00
20650,DL:0.1.0:AT.1.0.0,2022-3-4 13:4:9,41.00,0.00,0.00,17.962,-0.930,-5.744,12.218,17.032,0.00,0.00,0.00,0.00,0.00,0.00,0.00,0.00,0.00,0.00,0.00,0.00,0.00,0.00,0.00,0.00,0.00
20650,DL:0.1.0:AT.1.0.0,2022-3-4 13:4:16,41.00,0.00,0.00,17.968,-0.937,-5.749,12.219,17.031,0.00,0.00,0.00,0.00,0.00,0.00,0.00,0.00,0.00,0.00,0.00,0.00,0.00,0.00,0.00,0.00,0.00
20650,DL:0.1.0:AT.1.0.0,2022-3-4 13:4:23,41.00,0.00,0.00,17.976,-0.946,-5.756,12.221,17.031,0.00,0.00,0.00,0.00,0.00,0.00,0.00,0.00,0.00,0.00,0.00,0.00,0.00,0.00,0.00,0.00,0.00
20650,DL:0.1.0:AT.1.0.0,2022-3-4 13:4:29,41.00,0.00,0.00,17.946,-0.916,-5.727,12.219,17.031,0.00,0.00,0.00,0.00,0.00,0.00,0.00,0.00,0.00,0.00,0.00,0.00,0.00,0.00,0.00,0.00,0.00
20650,DL:0.1.0:AT.1.0.0,2022-3-4 13:4:37,41.00,0.00,0.00,17.994,-0.961,-5.774,12.221,17.033,0.00,0.00,0.00,0.00,0.00,0.00,0.00,0.00,0.00,0.00,0.00,0.00,0.00,0.00,0.00,0.00,0.00
20650,DL:0.1.0:AT.1.0.0,2022-3-4 13:4:42,41.00,0.00,0.00,17.991,-0.959,-5.770,12.221,17.032,0.00,0.00,0.00,0.00,0.00,0.00,0.00,0.00,0.00,0.00,0.00,0.00,0.00,0.00,0.00,0.00,0.00
20650,DL:0.1.0:AT.1.0.0,2022-3-4 13:4:48,41.00,0.00,0.00,17.979,-0.948,-5.758,12.221,17.031,0.00,0.00,0.00,0.00,0.00,0.00,0.00,0.00,0.00,0.00,0.00,0.00,0.00,0.00,0.00,0.00,0.00
20650,DL:0.1.0:AT.1.0.0,2022-3-4 13:4:53,41.00,0.00,0.00,17.975,-0.944,-5.755,12.221,17.031,0.00,0.00,0.00,0.00,0.00,0.00,0.00,0.00,0.00,0.00,0.00,0.00,0.00,0.00,0.00,0.00,0.00
20650,DL:0.1.0:AT.1.0.0,2022-3-4 13:4:58,41.00,0.00,0.00,17.967,-0.937,-5.746,12.221,17.030,0.00,0.00,0.00,0.00,0.00,0.00,0.00,0.00,0.00,0.00,0.00,0.00,0.00,0.00,0.00,0.00,0.00
20650,DL:0.1.0:AT.1.0.0,2022-3-4 13:5:4,41.00,0.00,0.00,17.957,-0.928,-5.735,12.222,17.030,0.00,0.00,0.00,0.00,0.00,0.00,0.00,0.00,0.00,0.00,0.00,0.00,0.00,0.00,0.00,0.00,0.00
20650,DL:0.1.0:AT.1.0.0,2022-3-4 13:5:12,41.00,0.00,0.00,17.985,-0.957,-5.763,12.222,17.028,0.00,0.00,0.00,0.00,0.00,0.00,0.00,0.00,0.00,0.00,0.00,0.00,0.00,0.00,0.00,0.00,0.00
20650,DL:0.1.0:AT.1.0.0,2022-3-4 13:5:17,41.00,0.00,0.00,17.974,-0.947,-5.752,12.222,17.027,0.00,0.00,0.00,0.00,0.00,0.00,0.00,0.00,0.00,0.00,0.00,0.00,0.00,0.00,0.00,0.00,0.00
20650,DL:0.1.0:AT.1.0.0,2022-3-4 13:5:24,41.00,0.00,0.00,17.992,-0.965,-5.770,12.222,17.027,0.00,0.00,0.00,0.00,0.00,0.00,0.00,0.00,0.00,0.00,0.00,0.00,0.00,0.00,0.00,0.00,0.00
20650,DL:0.1.0:AT.1.0.0,2022-3-4 13:5:29,41.00,0.00,0.00,18.005,-0.979,-5.783,12.222,17.026,0.00,0.00,0.00,0.00,0.00,0.00,0.00,0.00,0.00,0.00,0.00,0.00,0.00,0.00,0.00,0.00,0.00
20650,DL:0.1.0:AT.1.0.0,2022-3-4 13:5:35,41.00,0.00,0.00,17.978,-0.953,-5.756,12.222,17.025,0.00,0.00,0.00,0.00,0.00,0.00,0.00,0.00,0.00,0.00,0.00,0.00,0.00,0.00,0.00,0.00,0.00
20650,DL:0.1.0:AT.1.0.0,2022-3-4 13:5:40,41.00,0.00,0.00,17.974,-0.949,-5.752,12.222,17.025,0.00,0.00,0.00,0.00,0.00,0.00,0.00,0.00,0.00,0.00,0.00,0.00,0.00,0.00,0.00,0.00,0.00
20650,DL:0.1.0:AT.1.0.0,2022-3-4 13:5:45,41.00,0.00,0.00,18.003,-0.978,-5.780,12.223,17.025,0.00,0.00,0.00,0.00,0.00,0.00,0.00,0.00,0.00,0.00,0.00,0.00,0.00,0.00,0.00,0.00,0.00
20650,DL:0.1.0:AT.1.0.0,2022-3-4 13:5:50,41.00,0.00,0.00,17.967,-0.944,-5.745,12.222,17.022,0.00,0.00,0.00,0.00,0.00,0.00,0.00,0.00,0.00,0.00,0.00,0.00,0.00,0.00,0.00,0.00,0.00
20650,DL:0.1.0:AT.1.0.0,2022-3-4 13:5:55,41.00,0.00,0.00,18.005,-0.983,-5.782,12.223,17.022,0.00,0.00,0.00,0.00,0.00,0.00,0.00,0.00,0.00,0.00,0.00,0.00,0.00,0.00,0.00,0.00,0.00
20650,DL:0.1.0:AT.1.0.0,2022-3-4 13:6:2,41.00,0.00,0.00,17.996,-0.975,-5.773,12.223,17.021,0.00,0.00,0.00,0.00,0.00,0.00,0.00,0.00,0.00,0.00,0.00,0.00,0.00,0.00,0.00,0.00,0.00
20650,DL:0.1.0:AT.1.0.0,2022-3-4 13:6:7,41.00,0.00,0.00,17.985,-0.965,-5.762,12.223,17.020,0.00,0.00,0.00,0.00,0.00,0.00,0.00,0.00,0.00,0.00,0.00,0.00,0.00,0.00,0.00,0.00,0.00
20650,DL:0.1.0:AT.1.0.0,2022-3-4 13:6:12,41.00,0.00,0.00,17.978,-0.959,-5.755,12.223,17.019,0.00,0.00,0.00,0.00,0.00,0.00,0.00,0.00,0.00,0.00,0.00,0.00,0.00,0.00,0.00,0.00,0.00
20650,DL:0.1.0:AT.1.0.0,2022-3-4 13:6:19,41.00,0.00,0.00,17.986,-0.967,-5.763,12.223,17.019,0.00,0.00,0.00,0.00,0.00,0.00,0.00,0.00,0.00,0.00,0.00,0.00,0.00,0.00,0.00,0.00,0.00
20650,DL:0.1.0:AT.1.0.0,2022-3-4 13:6:24,41.00,0.00,0.00,17.976,-0.960,-5.755,12.222,17.016,0.00,0.00,0.00,0.00,0.00,0.00,0.00,0.00,0.00,0.00,0.00,0.00,0.00,0.00,0.00,0.00,0.00
20650,DL:0.1.0:AT.1.0.0,2022-3-4 13:6:29,41.00,0.00,0.00,17.994,-0.979,-5.771,12.223,17.015,0.00,0.00,0.00,0.00,0.00,0.00,0.00,0.00,0.00,0.00,0.00,0.00,0.00,0.00,0.00,0.00,0.00
20650,DL:0.1.0:AT.1.0.0,2022-3-4 13:6:36,41.00,0.00,0.00,17.975,-0.958,-5.753,12.222,17.018,0.00,0.00,0.00,0.00,0.00,0.00,0.00,0.00,0.00,0.00,0.00,0.00,0.00,0.00,0.00,0.00,0.00
20650,DL:0.1.0:AT.1.0.0,2022-3-4 13:6:41,41.00,0.00,0.00,17.985,-0.967,-5.763,12.222,17.018,0.00,0.00,0.00,0.00,0.00,0.00,0.00,0.00,0.00,0.00,0.00,0.00,0.00,0.00,0.00,0.00,0.00
20650,DL:0.1.0:AT.1.0.0,2022-3-4 13:6:47,41.00,0.00,0.00,18.021,-1.005,-5.799,12.222,17.016,0.00,0.00,0.00,0.00,0.00,0.00,0.00,0.00,0.00,0.00,0.00,0.00,0.00,0.00,0.00,0.00,0.00
20650,DL:0.1.0:AT.1.0.0,2022-3-4 13:6:53,41.00,0.00,0.00,18.014,-0.999,-5.792,12.222,17.015,0.00,0.00,0.00,0.00,0.00,0.00,0.00,0.00,0.00,0.00,0.00,0.00,0.00,0.00,0.00,0.00,0.00
20650,DL:0.1.0:AT.1.0.0,2022-3-4 13:7:0,41.00,0.00,0.00,17.999,-0.985,-5.777,12.222,17.014,0.00,0.00,0.00,0.00,0.00,0.00,0.00,0.00,0.00,0.00,0.00,0.00,0.00,0.00,0.00,0.00,0.00
20650,DL:0.1.0:AT.1.0.0,2022-3-4 13:7:7,41.00,0.00,0.00,18.015,-1.003,-5.793,12.222,17.012,0.00,0.00,0.00,0.00,0.00,0.00,0.00,0.00,0.00,0.00,0.00,0.00,0.00,0.00,0.00,0.00,0.00
20650,DL:0.1.0:AT.1.0.0,2022-3-4 13:7:14,41.00,0.00,0.00,17.997,-0.987,-5.775,12.222,17.010,0.00,0.00,0.00,0.00,0.00,0.00,0.00,0.00,0.00,0.00,0.00,0.00,0.00,0.00,0.00,0.00,0.00
20650,DL:0.1.0:AT.1.0.0,2022-3-4 13:7:19,41.00,0.00,0.00,17.976,-0.967,-5.755,12.222,17.009,0.00,0.00,0.00,0.00,0.00,0.00,0.00,0.00,0.00,0.00,0.00,0.00,0.00,0.00,0.00,0.00,0.00
20650,DL:0.1.0:AT.1.0.0,2022-3-4 13:7:24,41.00,0.00,0.00,17.994,-0.984,-5.773,12.222,17.010,0.00,0.00,0.00,0.00,0.00,0.00,0.00,0.00,0.00,0.00,0.00,0.00,0.00,0.00,0.00,0.00,0.00
20650,DL:0.1.0:AT.1.0.0,2022-3-4 13:7:29,41.00,0.00,0.00,17.996,-0.988,-5.774,12.222,17.008,0.00,0.00,0.00,0.00,0.00,0.00,0.00,0.00,0.00,0.00,0.00,0.00,0.00,0.00,0.00,0.00,0.00
20650,DL:0.1.0:AT.1.0.0,2022-3-4 13:7:35,41.00,0.00,0.00,18.004,-0.997,-5.782,12.222,17.007,0.00,0.00,0.00,0.00,0.00,0.00,0.00,0.00,0.00,0.00,0.00,0.00,0.00,0.00,0.00,0.00,0.00
20650,DL:0.1.0:AT.1.0.0,2022-3-4 13:7:41,41.00,0.00,0.00,17.992,-0.984,-5.770,12.222,17.008,0.00,0.00,0.00,0.00,0.00,0.00,0.00,0.00,0.00,0.00,0.00,0.00,0.00,0.00,0.00,0.00,0.00
20650,DL:0.1.0:AT.1.0.0,2022-3-4 13:7:46,41.00,0.00,0.00,17.998,-0.991,-5.776,12.222,17.007,0.00,0.00,0.00,0.00,0.00,0.00,0.00,0.00,0.00,0.00,0.00,0.00,0.00,0.00,0.00,0.00,0.00
20650,DL:0.1.0:AT.1.0.0,2022-3-4 13:7:52,41.00,0.00,0.00,17.994,-0.989,-5.773,12.222,17.006,0.00,0.00,0.00,0.00,0.00,0.00,0.00,0.00,0.00,0.00,0.00,0.00,0.00,0.00,0.00,0.00,0.00
20650,DL:0.1.0:AT.1.0.0,2022-3-4 13:7:57,41.00,0.00,0.00,17.984,-0.978,-5.762,12.222,17.006,0.00,0.00,0.00,0.00,0.00,0.00,0.00,0.00,0.00,0.00,0.00,0.00,0.00,0.00,0.00,0.00,0.00
20650,DL:0.1.0:AT.1.0.0,2022-3-4 13:8:2,41.00,0.00,0.00,17.963,-0.958,-5.741,12.222,17.006,0.00,0.00,0.00,0.00,0.00,0.00,0.00,0.00,0.00,0.00,0.00,0.00,0.00,0.00,0.00,0.00,0.00
20650,DL:0.1.0:AT.1.0.0,2022-3-4 13:8:7,41.00,0.00,0.00,17.985,-0.981,-5.763,12.222,17.004,0.00,0.00,0.00,0.00,0.00,0.00,0.00,0.00,0.00,0.00,0.00,0.00,0.00,0.00,0.00,0.00,0.00
20650,DL:0.1.0:AT.1.0.0,2022-3-4 13:8:12,41.00,0.00,0.00,17.969,-0.964,-5.747,12.222,17.006,0.00,0.00,0.00,0.00,0.00,0.00,0.00,0.00,0.00,0.00,0.00,0.00,0.00,0.00,0.00,0.00,0.00
20650,DL:0.1.0:AT.1.0.0,2022-3-4 13:8:17,41.00,0.00,0.00,17.990,-0.984,-5.768,12.222,17.006,0.00,0.00,0.00,0.00,0.00,0.00,0.00,0.00,0.00,0.00,0.00,0.00,0.00,0.00,0.00,0.00,0.00
20650,DL:0.1.0:AT.1.0.0,2022-3-4 13:8:23,41.00,0.00,0.00,17.996,-0.990,-5.774,12.222,17.006,0.00,0.00,0.00,0.00,0.00,0.00,0.00,0.00,0.00,0.00,0.00,0.00,0.00,0.00,0.00,0.00,0.00
20650,DL:0.1.0:AT.1.0.0,2022-3-4 13:8:28,41.00,0.00,0.00,17.994,-0.989,-5.773,12.222,17.006,0.00,0.00,0.00,0.00,0.00,0.00,0.00,0.00,0.00,0.00,0.00,0.00,0.00,0.00,0.00,0.00,0.00
20650,DL:0.1.0:AT.1.0.0,2022-3-4 13:8:33,41.00,0.00,0.00,17.974,-0.969,-5.753,12.221,17.006,0.00,0.00,0.00,0.00,0.00,0.00,0.00,0.00,0.00,0.00,0.00,0.00,0.00,0.00,0.00,0.00,0.00
20650,DL:0.1.0:AT.1.0.0,2022-3-4 13:8:38,41.00,0.00,0.00,17.981,-0.977,-5.759,12.222,17.004,0.00,0.00,0.00,0.00,0.00,0.00,0.00,0.00,0.00,0.00,0.00,0.00,0.00,0.00,0.00,0.00,0.00
20650,DL:0.1.0:AT.1.0.0,2022-3-4 13:8:43,41.00,0.00,0.00,17.991,-0.987,-5.769,12.222,17.004,0.00,0.00,0.00,0.00,0.00,0.00,0.00,0.00,0.00,0.00,0.00,0.00,0.00,0.00,0.00,0.00,0.00
20650,DL:0.1.0:AT.1.0.0,2022-3-4 13:8:50,41.00,0.00,0.00,17.988,-0.984,-5.767,12.222,17.004,0.00,0.00,0.00,0.00,0.00,0.00,0.00,0.00,0.00,0.00,0.00,0.00,0.00,0.00,0.00,0.00,0.00
20650,DL:0.1.0:AT.1.0.0,2022-3-4 13:8:56,41.00,0.00,0.00,17.998,-0.993,-5.776,12.222,17.006,0.00,0.00,0.00,0.00,0.00,0.00,0.00,0.00,0.00,0.00,0.00,0.00,0.00,0.00,0.00,0.00,0.00
20650,DL:0.1.0:AT.1.0.0,2022-3-4 13:9:1,41.00,0.00,0.00,18.011,-1.007,-5.788,12.223,17.004,0.00,0.00,0.00,0.00,0.00,0.00,0.00,0.00,0.00,0.00,0.00,0.00,0.00,0.00,0.00,0.00,0.00
20650,DL:0.1.0:AT.1.0.0,2022-3-4 13:9:6,41.00,0.00,0.00,17.999,-0.995,-5.775,12.224,17.004,0.00,0.00,0.00,0.00,0.00,0.00,0.00,0.00,0.00,0.00,0.00,0.00,0.00,0.00,0.00,0.00,0.00
20650,DL:0.1.0:AT.1.0.0,2022-3-4 13:9:13,41.00,0.00,0.00,17.994,-0.990,-5.767,12.228,17.004,0.00,0.00,0.00,0.00,0.00,0.00,0.00,0.00,0.00,0.00,0.00,0.00,0.00,0.00,0.00,0.00,0.00
20650,DL:0.1.0:AT.1.0.0,2022-3-4 13:9:18,41.00,0.00,0.00,18.008,-1.003,-5.780,12.228,17.004,0.00,0.00,0.00,0.00,0.00,0.00,0.00,0.00,0.00,0.00,0.00,0.00,0.00,0.00,0.00,0.00,0.00
20650,DL:0.1.0:AT.1.0.0,2022-3-4 13:9:23,41.00,0.00,0.00,17.985,-0.981,-5.757,12.228,17.004,0.00,0.00,0.00,0.00,0.00,0.00,0.00,0.00,0.00,0.00,0.00,0.00,0.00,0.00,0.00,0.00,0.00
20650,DL:0.1.0:AT.1.0.0,2022-3-4 13:9:28,41.00,0.00,0.00,18.006,-1.002,-5.780,12.227,17.004,0.00,0.00,0.00,0.00,0.00,0.00,0.00,0.00,0.00,0.00,0.00,0.00,0.00,0.00,0.00,0.00,0.00
20650,DL:0.1.0:AT.1.0.0,2022-3-4 13:9:33,41.00,0.00,0.00,18.012,-1.005,-5.786,12.227,17.008,0.00,0.00,0.00,0.00,0.00,0.00,0.00,0.00,0.00,0.00,0.00,0.00,0.00,0.00,0.00,0.00,0.00
20650,DL:0.1.0:AT.1.0.0,2022-3-4 13:9:38,41.00,0.00,0.00,17.993,-0.985,-5.765,12.228,17.008,0.00,0.00,0.00,0.00,0.00,0.00,0.00,0.00,0.00,0.00,0.00,0.00,0.00,0.00,0.00,0.00,0.00
20650,DL:0.1.0:AT.1.0.0,2022-3-4 13:9:44,41.00,0.00,0.00,18.022,-1.014,-5.794,12.228,17.008,0.00,0.00,0.00,0.00,0.00,0.00,0.00,0.00,0.00,0.00,0.00,0.00,0.00,0.00,0.00,0.00,0.00
20650,DL:0.1.0:AT.1.0.0,2022-3-4 13:9:49,41.00,0.00,0.00,18.000,-0.994,-5.773,12.228,17.007,0.00,0.00,0.00,0.00,0.00,0.00,0.00,0.00,0.00,0.00,0.00,0.00,0.00,0.00,0.00,0.00,0.00
20650,DL:0.1.0:AT.1.0.0,2022-3-4 13:9:54,41.00,0.00,0.00,18.011,-1.005,-5.783,12.228,17.007,0.00,0.00,0.00,0.00,0.00,0.00,0.00,0.00,0.00,0.00,0.00,0.00,0.00,0.00,0.00,0.00,0.00
20650,DL:0.1.0:AT.1.0.0,2022-3-4 13:9:59,41.00,0.00,0.00,18.003,-0.996,-5.775,12.228,17.007,0.00,0.00,0.00,0.00,0.00,0.00,0.00,0.00,0.00,0.00,0.00,0.00,0.00,0.00,0.00,0.00,0.00
20650,DL:0.1.0:AT.1.0.0,2022-3-4 13:10:6,41.00,0.00,0.00,18.038,-1.033,-5.810,12.228,17.004,0.00,0.00,0.00,0.00,0.00,0.00,0.00,0.00,0.00,0.00,0.00,0.00,0.00,0.00,0.00,0.00,0.00
20650,DL:0.1.0:AT.1.0.0,2022-3-4 13:10:14,41.00,0.00,0.00,18.020,-1.014,-5.792,12.228,17.006,0.00,0.00,0.00,0.00,0.00,0.00,0.00,0.00,0.00,0.00,0.00,0.00,0.00,0.00,0.00,0.00,0.00
20650,DL:0.1.0:AT.1.0.0,2022-3-4 13:10:20,41.00,0.00,0.00,18.027,-1.023,-5.799,12.228,17.004,0.00,0.00,0.00,0.00,0.00,0.00,0.00,0.00,0.00,0.00,0.00,0.00,0.00,0.00,0.00,0.00,0.00
20650,DL:0.1.0:AT.1.0.0,2022-3-4 13:10:25,41.00,0.00,0.00,18.021,-1.018,-5.793,12.228,17.003,0.00,0.00,0.00,0.00,0.00,0.00,0.00,0.00,0.00,0.00,0.00,0.00,0.00,0.00,0.00,0.00,0.00
20650,DL:0.1.0:AT.1.0.0,2022-3-4 13:10:30,41.00,0.00,0.00,18.014,-1.012,-5.786,12.228,17.002,0.00,0.00,0.00,0.00,0.00,0.00,0.00,0.00,0.00,0.00,0.00,0.00,0.00,0.00,0.00,0.00,0.00
20650,DL:0.1.0:AT.1.0.0,2022-3-4 13:10:35,41.00,0.00,0.00,17.999,-0.999,-5.771,12.228,17.001,0.00,0.00,0.00,0.00,0.00,0.00,0.00,0.00,0.00,0.00,0.00,0.00,0.00,0.00,0.00,0.00,0.00
20650,DL:0.1.0:AT.1.0.0,2022-3-4 13:10:40,41.00,0.00,0.00,18.010,-1.012,-5.782,12.228,16.998,0.00,0.00,0.00,0.00,0.00,0.00,0.00,0.00,0.00,0.00,0.00,0.00,0.00,0.00,0.00,0.00,0.00
20650,DL:0.1.0:AT.1.0.0,2022-3-4 13:10:45,41.00,0.00,0.00,18.004,-1.005,-5.777,12.227,17.000,0.00,0.00,0.00,0.00,0.00,0.00,0.00,0.00,0.00,0.00,0.00,0.00,0.00,0.00,0.00,0.00,0.00
20650,DL:0.1.0:AT.1.0.0,2022-3-4 13:10:51,41.00,0.00,0.00,18.003,-1.005,-5.776,12.227,16.998,0.00,0.00,0.00,0.00,0.00,0.00,0.00,0.00,0.00,0.00,0.00,0.00,0.00,0.00,0.00,0.00,0.00
20650,DL:0.1.0:AT.1.0.0,2022-3-4 13:10:58,41.00,0.00,0.00,18.028,-1.031,-5.801,12.227,16.997,0.00,0.00,0.00,0.00,0.00,0.00,0.00,0.00,0.00,0.00,0.00,0.00,0.00,0.00,0.00,0.00,0.00
20650,DL:0.1.0:AT.1.0.0,2022-3-4 13:11:3,41.00,0.00,0.00,18.026,-1.029,-5.799,12.227,16.997,0.00,0.00,0.00,0.00,0.00,0.00,0.00,0.00,0.00,0.00,0.00,0.00,0.00,0.00,0.00,0.00,0.00
20650,DL:0.1.0:AT.1.0.0,2022-3-4 13:11:8,41.00,0.00,0.00,17.998,-1.003,-5.773,12.225,16.995,0.00,0.00,0.00,0.00,0.00,0.00,0.00,0.00,0.00,0.00,0.00,0.00,0.00,0.00,0.00,0.00,0.00
20650,DL:0.1.0:AT.1.0.0,2022-3-4 13:11:17,41.00,0.00,0.00,18.003,-1.008,-5.777,12.225,16.995,0.00,0.00,0.00,0.00,0.00,0.00,0.00,0.00,0.00,0.00,0.00,0.00,0.00,0.00,0.00,0.00,0.00
20650,DL:0.1.0:AT.1.0.0,2022-3-4 13:11:22,41.00,0.00,0.00,17.972,-0.976,-5.746,12.225,16.996,0.00,0.00,0.00,0.00,0.00,0.00,0.00,0.00,0.00,0.00,0.00,0.00,0.00,0.00,0.00,0.00,0.00
20650,DL:0.1.0:AT.1.0.0,2022-3-4 13:11:29,41.00,0.00,0.00,18.008,-1.013,-5.781,12.227,16.995,0.00,0.00,0.00,0.00,0.00,0.00,0.00,0.00,0.00,0.00,0.00,0.00,0.00,0.00,0.00,0.00,0.00
20650,DL:0.1.0:AT.1.0.0,2022-3-4 13:11:36,41.00,0.00,0.00,17.973,-0.978,-5.746,12.227,16.995,0.00,0.00,0.00,0.00,0.00,0.00,0.00,0.00,0.00,0.00,0.00,0.00,0.00,0.00,0.00,0.00,0.00
20650,DL:0.1.0:AT.1.0.0,2022-3-4 13:11:41,41.00,0.00,0.00,18.019,-1.024,-5.793,12.225,16.995,0.00,0.00,0.00,0.00,0.00,0.00,0.00,0.00,0.00,0.00,0.00,0.00,0.00,0.00,0.00,0.00,0.00
20650,DL:0.1.0:AT.1.0.0,2022-3-4 13:11:46,41.00,0.00,0.00,17.986,-0.993,-5.761,12.225,16.994,0.00,0.00,0.00,0.00,0.00,0.00,0.00,0.00,0.00,0.00,0.00,0.00,0.00,0.00,0.00,0.00,0.00
20650,DL:0.1.0:AT.1.0.0,2022-3-4 13:11:53,41.00,0.00,0.00,17.998,-1.005,-5.773,12.225,16.994,0.00,0.00,0.00,0.00,0.00,0.00,0.00,0.00,0.00,0.00,0.00,0.00,0.00,0.00,0.00,0.00,0.00
20650,DL:0.1.0:AT.1.0.0,2022-3-4 13:11:58,41.00,0.00,0.00,18.014,-1.020,-5.787,12.227,16.994,0.00,0.00,0.00,0.00,0.00,0.00,0.00,0.00,0.00,0.00,0.00,0.00,0.00,0.00,0.00,0.00,0.00
20650,DL:0.1.0:AT.1.0.0,2022-3-4 13:12:3,41.00,0.00,0.00,17.988,-0.995,-5.761,12.228,16.994,0.00,0.00,0.00,0.00,0.00,0.00,0.00,0.00,0.00,0.00,0.00,0.00,0.00,0.00,0.00,0.00,0.00
20650,DL:0.1.0:AT.1.0.0,2022-3-4 13:12:8,41.00,0.00,0.00,17.986,-0.993,-5.759,12.227,16.994,0.00,0.00,0.00,0.00,0.00,0.00,0.00,0.00,0.00,0.00,0.00,0.00,0.00,0.00,0.00,0.00,0.00
20650,DL:0.1.0:AT.1.0.0,2022-3-4 13:12:13,41.00,0.00,0.00,17.999,-1.007,-5.774,12.225,16.992,0.00,0.00,0.00,0.00,0.00,0.00,0.00,0.00,0.00,0.00,0.00,0.00,0.00,0.00,0.00,0.00,0.00
20650,DL:0.1.0:AT.1.0.0,2022-3-4 13:12:18,41.00,0.00,0.00,17.968,-0.976,-5.741,12.227,16.992,0.00,0.00,0.00,0.00,0.00,0.00,0.00,0.00,0.00,0.00,0.00,0.00,0.00,0.00,0.00,0.00,0.00
20650,DL:0.1.0:AT.1.0.0,2022-3-4 13:12:24,41.00,0.00,0.00,17.993,-1.001,-5.767,12.227,16.992,0.00,0.00,0.00,0.00,0.00,0.00,0.00,0.00,0.00,0.00,0.00,0.00,0.00,0.00,0.00,0.00,0.00
20650,DL:0.1.0:AT.1.0.0,2022-3-4 13:12:29,41.00,0.00,0.00,17.982,-0.990,-5.756,12.227,16.992,0.00,0.00,0.00,0.00,0.00,0.00,0.00,0.00,0.00,0.00,0.00,0.00,0.00,0.00,0.00,0.00,0.00
20650,DL:0.1.0:AT.1.0.0,2022-3-4 13:12:34,41.00,0.00,0.00,17.987,-0.995,-5.761,12.227,16.992,0.00,0.00,0.00,0.00,0.00,0.00,0.00,0.00,0.00,0.00,0.00,0.00,0.00,0.00,0.00,0.00,0.00
20650,DL:0.1.0:AT.1.0.0,2022-3-4 13:12:41,41.00,0.00,0.00,18.009,-1.018,-5.781,12.228,16.991,0.00,0.00,0.00,0.00,0.00,0.00,0.00,0.00,0.00,0.00,0.00,0.00,0.00,0.00,0.00,0.00,0.00
20650,DL:0.1.0:AT.1.0.0,2022-3-4 13:12:46,41.00,0.00,0.00,17.979,-0.987,-5.751,12.228,16.992,0.00,0.00,0.00,0.00,0.00,0.00,0.00,0.00,0.00,0.00,0.00,0.00,0.00,0.00,0.00,0.00,0.00
20650,DL:0.1.0:AT.1.0.0,2022-3-4 13:12:51,41.00,0.00,0.00,17.980,-0.985,-5.752,12.228,16.995,0.00,0.00,0.00,0.00,0.00,0.00,0.00,0.00,0.00,0.00,0.00,0.00,0.00,0.00,0.00,0.00,0.00
20650,DL:0.1.0:AT.1.0.0,2022-3-4 13:12:58,41.00,0.00,0.00,17.987,-0.994,-5.761,12.227,16.994,0.00,0.00,0.00,0.00,0.00,0.00,0.00,0.00,0.00,0.00,0.00,0.00,0.00,0.00,0.00,0.00,0.00
20650,DL:0.1.0:AT.1.0.0,2022-3-4 13:13:5,41.00,0.00,0.00,17.990,-0.997,-5.762,12.228,16.992,0.00,0.00,0.00,0.00,0.00,0.00,0.00,0.00,0.00,0.00,0.00,0.00,0.00,0.00,0.00,0.00,0.00
20650,DL:0.1.0:AT.1.0.0,2022-3-4 13:13:12,41.00,0.00,0.00,17.986,-0.995,-5.759,12.227,16.991,0.00,0.00,0.00,0.00,0.00,0.00,0.00,0.00,0.00,0.00,0.00,0.00,0.00,0.00,0.00,0.00,0.00
20650,DL:0.1.0:AT.1.0.0,2022-3-4 13:13:17,41.00,0.00,0.00,17.974,-0.983,-5.747,12.227,16.991,0.00,0.00,0.00,0.00,0.00,0.00,0.00,0.00,0.00,0.00,0.00,0.00,0.00,0.00,0.00,0.00,0.00
20650,DL:0.1.0:AT.1.0.0,2022-3-4 13:13:22,41.00,0.00,0.00,18.011,-1.020,-5.783,12.228,16.991,0.00,0.00,0.00,0.00,0.00,0.00,0.00,0.00,0.00,0.00,0.00,0.00,0.00,0.00,0.00,0.00,0.00
20650,DL:0.1.0:AT.1.0.0,2022-3-4 13:13:27,41.00,0.00,0.00,18.010,-1.019,-5.782,12.228,16.991,0.00,0.00,0.00,0.00,0.00,0.00,0.00,0.00,0.00,0.00,0.00,0.00,0.00,0.00,0.00,0.00,0.00
20650,DL:0.1.0:AT.1.0.0,2022-3-4 13:13:32,41.00,0.00,0.00,17.996,-1.007,-5.769,12.227,16.989,0.00,0.00,0.00,0.00,0.00,0.00,0.00,0.00,0.00,0.00,0.00,0.00,0.00,0.00,0.00,0.00,0.00
20650,DL:0.1.0:AT.1.0.0,2022-3-4 13:13:37,41.25,0.00,0.00,17.993,-1.005,-5.767,12.227,16.989,0.00,0.00,0.00,0.00,0.00,0.00,0.00,0.00,0.00,0.00,0.00,0.00,0.00,0.00,0.00,0.00,0.00
20650,DL:0.1.0:AT.1.0.0,2022-3-4 13:13:43,41.25,0.00,0.00,18.010,-1.021,-5.783,12.227,16.989,0.00,0.00,0.00,0.00,0.00,0.00,0.00,0.00,0.00,0.00,0.00,0.00,0.00,0.00,0.00,0.00,0.00
20650,DL:0.1.0:AT.1.0.0,2022-3-4 13:13:49,41.25,0.00,0.00,18.005,-1.017,-5.777,12.228,16.989,0.00,0.00,0.00,0.00,0.00,0.00,0.00,0.00,0.00,0.00,0.00,0.00,0.00,0.00,0.00,0.00,0.00
20650,DL:0.1.0:AT.1.0.0,2022-3-4 13:13:54,41.25,0.00,0.00,17.999,-1.012,-5.771,12.228,16.988,0.00,0.00,0.00,0.00,0.00,0.00,0.00,0.00,0.00,0.00,0.00,0.00,0.00,0.00,0.00,0.00,0.00
20650,DL:0.1.0:AT.1.0.0,2022-3-4 13:14:0,41.25,0.00,0.00,17.998,-1.012,-5.769,12.229,16.986,0.00,0.00,0.00,0.00,0.00,0.00,0.00,0.00,0.00,0.00,0.00,0.00,0.00,0.00,0.00,0.00,0.00
20650,DL:0.1.0:AT.1.0.0,2022-3-4 13:14:6,41.25,0.00,0.00,17.984,-0.997,-5.755,12.229,16.986,0.00,0.00,0.00,0.00,0.00,0.00,0.00,0.00,0.00,0.00,0.00,0.00,0.00,0.00,0.00,0.00,0.00
20650,DL:0.1.0:AT.1.0.0,2022-3-4 13:14:13,41.25,0.00,0.00,17.988,-1.002,-5.759,12.229,16.986,0.00,0.00,0.00,0.00,0.00,0.00,0.00,0.00,0.00,0.00,0.00,0.00,0.00,0.00,0.00,0.00,0.00
20650,DL:0.1.0:AT.1.0.0,2022-3-4 13:14:18,41.25,0.00,0.00,18.006,-1.020,-5.777,12.229,16.986,0.00,0.00,0.00,0.00,0.00,0.00,0.00,0.00,0.00,0.00,0.00,0.00,0.00,0.00,0.00,0.00,0.00
20650,DL:0.1.0:AT.1.0.0,2022-3-4 13:14:24,41.25,0.00,0.00,18.010,-1.025,-5.781,12.229,16.985,0.00,0.00,0.00,0.00,0.00,0.00,0.00,0.00,0.00,0.00,0.00,0.00,0.00,0.00,0.00,0.00,0.00
20650,DL:0.1.0:AT.1.0.0,2022-3-4 13:14:30,41.25,0.00,0.00,17.984,-1.000,-5.753,12.230,16.984,0.00,0.00,0.00,0.00,0.00,0.00,0.00,0.00,0.00,0.00,0.00,0.00,0.00,0.00,0.00,0.00,0.00
20650,DL:0.1.0:AT.1.0.0,2022-3-4 13:14:39,41.25,0.00,0.00,18.002,-1.019,-5.771,12.230,16.983,0.00,0.00,0.00,0.00,0.00,0.00,0.00,0.00,0.00,0.00,0.00,0.00,0.00,0.00,0.00,0.00,0.00
20650,DL:0.1.0:AT.1.0.0,2022-3-4 13:14:44,41.25,0.00,0.00,18.016,-1.033,-5.785,12.231,16.983,0.00,0.00,0.00,0.00,0.00,0.00,0.00,0.00,0.00,0.00,0.00,0.00,0.00,0.00,0.00,0.00,0.00
20650,DL:0.1.0:AT.1.0.0,2022-3-4 13:14:52,41.25,0.00,0.00,18.011,-1.027,-5.781,12.230,16.984,0.00,0.00,0.00,0.00,0.00,0.00,0.00,0.00,0.00,0.00,0.00,0.00,0.00,0.00,0.00,0.00,0.00
20650,DL:0.1.0:AT.1.0.0,2022-3-4 13:14:58,41.25,0.00,0.00,18.005,-1.024,-5.775,12.230,16.981,0.00,0.00,0.00,0.00,0.00,0.00,0.00,0.00,0.00,0.00,0.00,0.00,0.00,0.00,0.00,0.00,0.00
20650,DL:0.1.0:AT.1.0.0,2022-3-4 13:15:3,41.25,0.00,0.00,17.982,-1.001,-5.752,12.230,16.981,0.00,0.00,0.00,0.00,0.00,0.00,0.00,0.00,0.00,0.00,0.00,0.00,0.00,0.00,0.00,0.00,0.00
20650,DL:0.1.0:AT.1.0.0,2022-3-4 13:15:8,41.25,0.00,0.00,18.011,-1.029,-5.781,12.230,16.983,0.00,0.00,0.00,0.00,0.00,0.00,0.00,0.00,0.00,0.00,0.00,0.00,0.00,0.00,0.00,0.00,0.00
20650,DL:0.1.0:AT.1.0.0,2022-3-4 13:15:13,41.25,0.00,0.00,18.009,-1.027,-5.779,12.230,16.981,0.00,0.00,0.00,0.00,0.00,0.00,0.00,0.00,0.00,0.00,0.00,0.00,0.00,0.00,0.00,0.00,0.00
20650,DL:0.1.0:AT.1.0.0,2022-3-4 13:15:19,41.25,0.00,0.00,18.023,-1.042,-5.793,12.230,16.981,0.00,0.00,0.00,0.00,0.00,0.00,0.00,0.00,0.00,0.00,0.00,0.00,0.00,0.00,0.00,0.00,0.00
20650,DL:0.1.0:AT.1.0.0,2022-3-4 13:15:25,41.25,0.00,0.00,18.008,-1.027,-5.777,12.230,16.980,0.00,0.00,0.00,0.00,0.00,0.00,0.00,0.00,0.00,0.00,0.00,0.00,0.00,0.00,0.00,0.00,0.00
20650,DL:0.1.0:AT.1.0.0,2022-3-4 13:15:32,41.25,0.00,0.00,18.021,-1.041,-5.792,12.229,16.980,0.00,0.00,0.00,0.00,0.00,0.00,0.00,0.00,0.00,0.00,0.00,0.00,0.00,0.00,0.00,0.00,0.00
20650,DL:0.1.0:AT.1.0.0,2022-3-4 13:15:39,41.25,0.00,0.00,18.004,-1.025,-5.774,12.230,16.979,0.00,0.00,0.00,0.00,0.00,0.00,0.00,0.00,0.00,0.00,0.00,0.00,0.00,0.00,0.00,0.00,0.00
20650,DL:0.1.0:AT.1.0.0,2022-3-4 13:15:46,41.25,0.00,0.00,18.009,-1.030,-5.780,12.229,16.979,0.00,0.00,0.00,0.00,0.00,0.00,0.00,0.00,0.00,0.00,0.00,0.00,0.00,0.00,0.00,0.00,0.00
20650,DL:0.1.0:AT.1.0.0,2022-3-4 13:15:51,41.25,0.00,0.00,17.986,-1.008,-5.757,12.229,16.978,0.00,0.00,0.00,0.00,0.00,0.00,0.00,0.00,0.00,0.00,0.00,0.00,0.00,0.00,0.00,0.00,0.00
20650,DL:0.1.0:AT.1.0.0,2022-3-4 13:15:56,41.25,0.00,0.00,17.978,-1.000,-5.746,12.231,16.978,0.00,0.00,0.00,0.00,0.00,0.00,0.00,0.00,0.00,0.00,0.00,0.00,0.00,0.00,0.00,0.00,0.00
20650,DL:0.1.0:AT.1.0.0,2022-3-4 13:16:3,41.25,0.00,0.00,18.009,-1.031,-5.779,12.230,16.978,0.00,0.00,0.00,0.00,0.00,0.00,0.00,0.00,0.00,0.00,0.00,0.00,0.00,0.00,0.00,0.00,0.00
20650,DL:0.1.0:AT.1.0.0,2022-3-4 13:16:8,41.25,0.00,0.00,18.038,-1.056,-5.807,12.230,16.981,0.00,0.00,0.00,0.00,0.00,0.00,0.00,0.00,0.00,0.00,0.00,0.00,0.00,0.00,0.00,0.00,0.00
20650,DL:0.1.0:AT.1.0.0,2022-3-4 13:16:13,41.25,0.00,0.00,18.020,-1.038,-5.789,12.230,16.981,0.00,0.00,0.00,0.00,0.00,0.00,0.00,0.00,0.00,0.00,0.00,0.00,0.00,0.00,0.00,0.00,0.00
20650,DL:0.1.0:AT.1.0.0,2022-3-4 13:16:21,41.25,0.00,0.00,18.021,-1.041,-5.791,12.230,16.980,0.00,0.00,0.00,0.00,0.00,0.00,0.00,0.00,0.00,0.00,0.00,0.00,0.00,0.00,0.00,0.00,0.00
20650,DL:0.1.0:AT.1.0.0,2022-3-4 13:16:27,41.25,0.00,0.00,18.006,-1.026,-5.777,12.229,16.980,0.00,0.00,0.00,0.00,0.00,0.00,0.00,0.00,0.00,0.00,0.00,0.00,0.00,0.00,0.00,0.00,0.00
20650,DL:0.1.0:AT.1.0.0,2022-3-4 13:16:34,41.25,0.00,0.00,17.991,-1.012,-5.761,12.230,16.979,0.00,0.00,0.00,0.00,0.00,0.00,0.00,0.00,0.00,0.00,0.00,0.00,0.00,0.00,0.00,0.00,0.00
20650,DL:0.1.0:AT.1.0.0,2022-3-4 13:16:41,41.25,0.00,0.00,18.004,-1.026,-5.775,12.229,16.978,0.00,0.00,0.00,0.00,0.00,0.00,0.00,0.00,0.00,0.00,0.00,0.00,0.00,0.00,0.00,0.00,0.00
20650,DL:0.1.0:AT.1.0.0,2022-3-4 13:16:48,41.25,0.00,0.00,18.008,-1.031,-5.779,12.229,16.977,0.00,0.00,0.00,0.00,0.00,0.00,0.00,0.00,0.00,0.00,0.00,0.00,0.00,0.00,0.00,0.00,0.00
20650,DL:0.1.0:AT.1.0.0,2022-3-4 13:16:55,41.25,0.00,0.00,17.991,-1.014,-5.762,12.229,16.977,0.00,0.00,0.00,0.00,0.00,0.00,0.00,0.00,0.00,0.00,0.00,0.00,0.00,0.00,0.00,0.00,0.00
20650,DL:0.1.0:AT.1.0.0,2022-3-4 13:17:1,41.25,0.00,0.00,18.028,-1.051,-5.800,12.228,16.977,0.00,0.00,0.00,0.00,0.00,0.00,0.00,0.00,0.00,0.00,0.00,0.00,0.00,0.00,0.00,0.00,0.00
20650,DL:0.1.0:AT.1.0.0,2022-3-4 13:17:7,41.25,0.00,0.00,17.981,-1.006,-5.752,12.229,16.975,0.00,0.00,0.00,0.00,0.00,0.00,0.00,0.00,0.00,0.00,0.00,0.00,0.00,0.00,0.00,0.00,0.00
20650,DL:0.1.0:AT.1.0.0,2022-3-4 13:17:12,41.25,0.00,0.00,18.009,-1.033,-5.780,12.229,16.975,0.00,0.00,0.00,0.00,0.00,0.00,0.00,0.00,0.00,0.00,0.00,0.00,0.00,0.00,0.00,0.00,0.00
20650,DL:0.1.0:AT.1.0.0,2022-3-4 13:17:17,41.25,0.00,0.00,17.998,-1.021,-5.771,12.227,16.977,0.00,0.00,0.00,0.00,0.00,0.00,0.00,0.00,0.00,0.00,0.00,0.00,0.00,0.00,0.00,0.00,0.00
20650,DL:0.1.0:AT.1.0.0,2022-3-4 13:17:22,41.25,0.00,0.00,17.998,-1.021,-5.769,12.229,16.977,0.00,0.00,0.00,0.00,0.00,0.00,0.00,0.00,0.00,0.00,0.00,0.00,0.00,0.00,0.00,0.00,0.00
20650,DL:0.1.0:AT.1.0.0,2022-3-4 13:17:27,41.25,0.00,0.00,18.004,-1.030,-5.776,12.228,16.974,0.00,0.00,0.00,0.00,0.00,0.00,0.00,0.00,0.00,0.00,0.00,0.00,0.00,0.00,0.00,0.00,0.00
20650,DL:0.1.0:AT.1.0.0,2022-3-4 13:17:33,41.25,0.00,0.00,18.015,-1.039,-5.787,12.228,16.975,0.00,0.00,0.00,0.00,0.00,0.00,0.00,0.00,0.00,0.00,0.00,0.00,0.00,0.00,0.00,0.00,0.00
20650,DL:0.1.0:AT.1.0.0,2022-3-4 13:17:38,41.25,0.00,0.00,18.014,-1.039,-5.782,12.231,16.974,0.00,0.00,0.00,0.00,0.00,0.00,0.00,0.00,0.00,0.00,0.00,0.00,0.00,0.00,0.00,0.00,0.00
20650,DL:0.1.0:AT.1.0.0,2022-3-4 13:17:43,41.25,0.00,0.00,17.996,-1.023,-5.761,12.235,16.973,0.00,0.00,0.00,0.00,0.00,0.00,0.00,0.00,0.00,0.00,0.00,0.00,0.00,0.00,0.00,0.00,0.00
20650,DL:0.1.0:AT.1.0.0,2022-3-4 13:17:48,41.25,0.00,0.00,17.988,-1.011,-5.759,12.229,16.978,0.00,0.00,0.00,0.00,0.00,0.00,0.00,0.00,0.00,0.00,0.00,0.00,0.00,0.00,0.00,0.00,0.00
20650,DL:0.1.0:AT.1.0.0,2022-3-4 13:17:54,41.25,0.00,0.00,17.997,-1.020,-5.770,12.227,16.977,0.00,0.00,0.00,0.00,0.00,0.00,0.00,0.00,0.00,0.00,0.00,0.00,0.00,0.00,0.00,0.00,0.00
20650,DL:0.1.0:AT.1.0.0,2022-3-4 13:18:1,41.25,0.00,0.00,18.016,-1.041,-5.787,12.229,16.975,0.00,0.00,0.00,0.00,0.00,0.00,0.00,0.00,0.00,0.00,0.00,0.00,0.00,0.00,0.00,0.00,0.00
20650,DL:0.1.0:AT.1.0.0,2022-3-4 13:18:7,41.25,0.00,0.00,18.019,-1.043,-5.792,12.227,16.975,0.00,0.00,0.00,0.00,0.00,0.00,0.00,0.00,0.00,0.00,0.00,0.00,0.00,0.00,0.00,0.00,0.00
20650,DL:0.1.0:AT.1.0.0,2022-3-4 13:18:14,41.25,0.00,0.00,18.023,-1.055,-5.793,12.230,16.968,0.00,0.00,0.00,0.00,0.00,0.00,0.00,0.00,0.00,0.00,0.00,0.00,0.00,0.00,0.00,0.00,0.00
20650,DL:0.1.0:AT.1.0.0,2022-3-4 13:18:19,41.25,0.00,0.00,18.002,-1.033,-5.773,12.229,16.968,0.00,0.00,0.00,0.00,0.00,0.00,0.00,0.00,0.00,0.00,0.00,0.00,0.00,0.00,0.00,0.00,0.00
20650,DL:0.1.0:AT.1.0.0,2022-3-4 13:18:26,41.25,0.00,0.00,18.008,-1.041,-5.789,12.218,16.967,0.00,0.00,0.00,0.00,0.00,0.00,0.00,0.00,0.00,0.00,0.00,0.00,0.00,0.00,0.00,0.00,0.00
20650,DL:0.1.0:AT.1.0.0,2022-3-4 13:18:32,41.25,0.00,0.00,17.998,-1.018,-5.769,12.229,16.980,0.00,0.00,0.00,0.00,0.00,0.00,0.00,0.00,0.00,0.00,0.00,0.00,0.00,0.00,0.00,0.00,0.00
20650,DL:0.1.0:AT.1.0.0,2022-3-4 13:18:37,41.25,0.00,0.00,18.020,-1.050,-5.783,12.236,16.969,0.00,0.00,0.00,0.00,0.00,0.00,0.00,0.00,0.00,0.00,0.00,0.00,0.00,0.00,0.00,0.00,0.00
20650,DL:0.1.0:AT.1.0.0,2022-3-4 13:18:42,41.25,0.00,0.00,18.009,-1.042,-5.779,12.230,16.967,0.00,0.00,0.00,0.00,0.00,0.00,0.00,0.00,0.00,0.00,0.00,0.00,0.00,0.00,0.00,0.00,0.00
20650,DL:0.1.0:AT.1.0.0,2022-3-4 13:18:47,41.25,0.00,0.00,17.976,-1.008,-5.746,12.230,16.968,0.00,0.00,0.00,0.00,0.00,0.00,0.00,0.00,0.00,0.00,0.00,0.00,0.00,0.00,0.00,0.00,0.00
20650,DL:0.1.0:AT.1.0.0,2022-3-4 13:18:52,41.25,0.00,0.00,17.992,-1.011,-5.765,12.227,16.981,0.00,0.00,0.00,0.00,0.00,0.00,0.00,0.00,0.00,0.00,0.00,0.00,0.00,0.00,0.00,0.00,0.00
20650,DL:0.1.0:AT.1.0.0,2022-3-4 13:18:57,41.25,0.00,0.00,18.016,-1.036,-5.777,12.239,16.980,0.00,0.00,0.00,0.00,0.00,0.00,0.00,0.00,0.00,0.00,0.00,0.00,0.00,0.00,0.00,0.00,0.00
20650,DL:0.1.0:AT.1.0.0,2022-3-4 13:19:3,41.25,0.00,0.00,17.985,-1.000,-5.759,12.225,16.985,0.00,0.00,0.00,0.00,0.00,0.00,0.00,0.00,0.00,0.00,0.00,0.00,0.00,0.00,0.00,0.00,0.00
20650,DL:0.1.0:AT.1.0.0,2022-3-4 13:19:10,41.25,0.00,0.00,18.008,-1.031,-5.768,12.240,16.977,0.00,0.00,0.00,0.00,0.00,0.00,0.00,0.00,0.00,0.00,0.00,0.00,0.00,0.00,0.00,0.00,0.00
20650,DL:0.1.0:AT.1.0.0,2022-3-4 13:19:17,41.25,0.00,0.00,18.012,-1.031,-5.781,12.231,16.981,0.00,0.00,0.00,0.00,0.00,0.00,0.00,0.00,0.00,0.00,0.00,0.00,0.00,0.00,0.00,0.00,0.00
20650,DL:0.1.0:AT.1.0.0,2022-3-4 13:19:24,41.25,0.00,0.00,17.993,-1.008,-5.777,12.216,16.985,0.00,0.00,0.00,0.00,0.00,0.00,0.00,0.00,0.00,0.00,0.00,0.00,0.00,0.00,0.00,0.00,0.00
20650,DL:0.1.0:AT.1.0.0,2022-3-4 13:19:30,41.25,0.00,0.00,18.012,-1.045,-5.774,12.239,16.967,0.00,0.00,0.00,0.00,0.00,0.00,0.00,0.00,0.00,0.00,0.00,0.00,0.00,0.00,0.00,0.00,0.00
20650,DL:0.1.0:AT.1.0.0,2022-3-4 13:19:38,41.25,0.00,0.00,18.040,-1.077,-5.809,12.231,16.963,0.00,0.00,0.00,0.00,0.00,0.00,0.00,0.00,0.00,0.00,0.00,0.00,0.00,0.00,0.00,0.00,0.00
20650,DL:0.1.0:AT.1.0.0,2022-3-4 13:19:44,41.25,0.00,0.00,18.037,-1.066,-5.800,12.236,16.971,0.00,0.00,0.00,0.00,0.00,0.00,0.00,0.00,0.00,0.00,0.00,0.00,0.00,0.00,0.00,0.00,0.00
20650,DL:0.1.0:AT.1.0.0,2022-3-4 13:19:52,41.25,0.00,0.00,18.029,-1.063,-5.793,12.236,16.966,0.00,0.00,0.00,0.00,0.00,0.00,0.00,0.00,0.00,0.00,0.00,0.00,0.00,0.00,0.00,0.00,0.00
20650,DL:0.1.0:AT.1.0.0,2022-3-4 13:20:0,41.25,0.00,0.00,18.028,-1.056,-5.795,12.233,16.972,0.00,0.00,0.00,0.00,0.00,0.00,0.00,0.00,0.00,0.00,0.00,0.00,0.00,0.00,0.00,0.00,0.00
20650,DL:0.1.0:AT.1.0.0,2022-3-4 13:20:6,41.25,0.00,0.00,18.011,-1.038,-5.773,12.239,16.973,0.00,0.00,0.00,0.00,0.00,0.00,0.00,0.00,0.00,0.00,0.00,0.00,0.00,0.00,0.00,0.00,0.00
20650,DL:0.1.0:AT.1.0.0,2022-3-4 13:20:12,41.25,0.00,0.00,18.017,-1.045,-5.785,12.233,16.972,0.00,0.00,0.00,0.00,0.00,0.00,0.00,0.00,0.00,0.00,0.00,0.00,0.00,0.00,0.00,0.00,0.00
20650,DL:0.1.0:AT.1.0.0,2022-3-4 13:20:19,41.25,0.00,0.00,18.037,-1.067,-5.800,12.236,16.969,0.00,0.00,0.00,0.00,0.00,0.00,0.00,0.00,0.00,0.00,0.00,0.00,0.00,0.00,0.00,0.00,0.00
20650,DL:0.1.0:AT.1.0.0,2022-3-4 13:20:27,41.25,0.00,0.00,18.011,-1.038,-5.788,12.223,16.973,0.00,0.00,0.00,0.00,0.00,0.00,0.00,0.00,0.00,0.00,0.00,0.00,0.00,0.00,0.00,0.00,0.00
20650,DL:0.1.0:AT.1.0.0,2022-3-4 13:20:32,41.25,0.00,0.00,18.034,-1.060,-5.801,12.233,16.974,0.00,0.00,0.00,0.00,0.00,0.00,0.00,0.00,0.00,0.00,0.00,0.00,0.00,0.00,0.00,0.00,0.00
20650,DL:0.1.0:AT.1.0.0,2022-3-4 13:20:40,41.25,0.00,0.00,18.027,-1.055,-5.794,12.233,16.972,0.00,0.00,0.00,0.00,0.00,0.00,0.00,0.00,0.00,0.00,0.00,0.00,0.00,0.00,0.00,0.00,0.00
20650,DL:0.1.0:AT.1.0.0,2022-3-4 13:20:47,41.25,0.00,0.00,18.012,-1.045,-5.781,12.231,16.967,0.00,0.00,0.00,0.00,0.00,0.00,0.00,0.00,0.00,0.00,0.00,0.00,0.00,0.00,0.00,0.00,0.00
20650,DL:0.1.0:AT.1.0.0,2022-3-4 13:20:54,41.25,0.00,0.00,18.025,-1.054,-5.788,12.236,16.971,0.00,0.00,0.00,0.00,0.00,0.00,0.00,0.00,0.00,0.00,0.00,0.00,0.00,0.00,0.00,0.00,0.00
20650,DL:0.1.0:AT.1.0.0,2022-3-4 13:20:59,41.25,0.00,0.00,18.034,-1.065,-5.801,12.233,16.969,0.00,0.00,0.00,0.00,0.00,0.00,0.00,0.00,0.00,0.00,0.00,0.00,0.00,0.00,0.00,0.00,0.00
20650,DL:0.1.0:AT.1.0.0,2022-3-4 13:21:4,41.25,0.00,0.00,18.041,-1.072,-5.806,12.235,16.969,0.00,0.00,0.00,0.00,0.00,0.00,0.00,0.00,0.00,0.00,0.00,0.00,0.00,0.00,0.00,0.00,0.00
20650,DL:0.1.0:AT.1.0.0,2022-3-4 13:21:11,41.25,0.00,0.00,18.062,-1.091,-5.828,12.234,16.971,0.00,0.00,0.00,0.00,0.00,0.00,0.00,0.00,0.00,0.00,0.00,0.00,0.00,0.00,0.00,0.00,0.00
20650,DL:0.1.0:AT.1.0.0,2022-3-4 13:21:18,41.25,0.00,0.00,18.028,-1.060,-5.792,12.236,16.968,0.00,0.00,0.00,0.00,0.00,0.00,0.00,0.00,0.00,0.00,0.00,0.00,0.00,0.00,0.00,0.00,0.00
20650,DL:0.1.0:AT.1.0.0,2022-3-4 13:21:25,41.25,0.00,0.00,18.026,-1.056,-5.791,12.235,16.969,0.00,0.00,0.00,0.00,0.00,0.00,0.00,0.00,0.00,0.00,0.00,0.00,0.00,0.00,0.00,0.00,0.00
20650,DL:0.1.0:AT.1.0.0,2022-3-4 13:21:32,41.25,0.00,0.00,18.010,-1.043,-5.773,12.237,16.967,0.00,0.00,0.00,0.00,0.00,0.00,0.00,0.00,0.00,0.00,0.00,0.00,0.00,0.00,0.00,0.00,0.00
20650,DL:0.1.0:AT.1.0.0,2022-3-4 13:21:37,41.25,0.00,0.00,18.050,-1.081,-5.814,12.236,16.968,0.00,0.00,0.00,0.00,0.00,0.00,0.00,0.00,0.00,0.00,0.00,0.00,0.00,0.00,0.00,0.00,0.00
20650,DL:0.1.0:AT.1.0.0,2022-3-4 13:21:42,41.25,0.00,0.00,18.033,-1.066,-5.797,12.236,16.967,0.00,0.00,0.00,0.00,0.00,0.00,0.00,0.00,0.00,0.00,0.00,0.00,0.00,0.00,0.00,0.00,0.00
20650,DL:0.1.0:AT.1.0.0,2022-3-4 13:21:49,41.25,0.00,0.00,18.044,-1.074,-5.804,12.240,16.969,0.00,0.00,0.00,0.00,0.00,0.00,0.00,0.00,0.00,0.00,0.00,0.00,0.00,0.00,0.00,0.00,0.00
20650,DL:0.1.0:AT.1.0.0,2022-3-4 13:21:56,41.25,0.00,0.00,18.031,-1.060,-5.793,12.237,16.971,0.00,0.00,0.00,0.00,0.00,0.00,0.00,0.00,0.00,0.00,0.00,0.00,0.00,0.00,0.00,0.00,0.00
20650,DL:0.1.0:AT.1.0.0,2022-3-4 13:22:1,41.25,0.00,0.00,18.043,-1.073,-5.804,12.239,16.969,0.00,0.00,0.00,0.00,0.00,0.00,0.00,0.00,0.00,0.00,0.00,0.00,0.00,0.00,0.00,0.00,0.00
20650,DL:0.1.0:AT.1.0.0,2022-3-4 13:22:6,41.25,0.00,0.00,18.029,-1.061,-5.791,12.239,16.968,0.00,0.00,0.00,0.00,0.00,0.00,0.00,0.00,0.00,0.00,0.00,0.00,0.00,0.00,0.00,0.00,0.00
20650,DL:0.1.0:AT.1.0.0,2022-3-4 13:22:13,41.25,0.00,0.00,18.058,-1.091,-5.821,12.237,16.967,0.00,0.00,0.00,0.00,0.00,0.00,0.00,0.00,0.00,0.00,0.00,0.00,0.00,0.00,0.00,0.00,0.00
20650,DL:0.1.0:AT.1.0.0,2022-3-4 13:22:20,41.25,0.00,0.00,18.045,-1.077,-5.804,12.241,16.968,0.00,0.00,0.00,0.00,0.00,0.00,0.00,0.00,0.00,0.00,0.00,0.00,0.00,0.00,0.00,0.00,0.00
20650,DL:0.1.0:AT.1.0.0,2022-3-4 13:22:25,41.25,0.00,0.00,18.050,-1.085,-5.811,12.239,16.965,0.00,0.00,0.00,0.00,0.00,0.00,0.00,0.00,0.00,0.00,0.00,0.00,0.00,0.00,0.00,0.00,0.00
20650,DL:0.1.0:AT.1.0.0,2022-3-4 13:22:31,41.25,0.00,0.00,18.026,-1.061,-5.785,12.241,16.965,0.00,0.00,0.00,0.00,0.00,0.00,0.00,0.00,0.00,0.00,0.00,0.00,0.00,0.00,0.00,0.00,0.00
20650,DL:0.1.0:AT.1.0.0,2022-3-4 13:22:37,41.25,0.00,0.00,18.038,-1.073,-5.799,12.239,16.965,0.00,0.00,0.00,0.00,0.00,0.00,0.00,0.00,0.00,0.00,0.00,0.00,0.00,0.00,0.00,0.00,0.00
20650,DL:0.1.0:AT.1.0.0,2022-3-4 13:22:44,41.25,0.00,0.00,18.021,-1.057,-5.781,12.240,16.963,0.00,0.00,0.00,0.00,0.00,0.00,0.00,0.00,0.00,0.00,0.00,0.00,0.00,0.00,0.00,0.00,0.00
20650,DL:0.1.0:AT.1.0.0,2022-3-4 13:22:49,41.25,0.00,0.00,18.033,-1.071,-5.792,12.241,16.962,0.00,0.00,0.00,0.00,0.00,0.00,0.00,0.00,0.00,0.00,0.00,0.00,0.00,0.00,0.00,0.00,0.00
20650,DL:0.1.0:AT.1.0.0,2022-3-4 13:22:55,41.25,0.00,0.00,18.040,-1.078,-5.798,12.242,16.962,0.00,0.00,0.00,0.00,0.00,0.00,0.00,0.00,0.00,0.00,0.00,0.00,0.00,0.00,0.00,0.00,0.00
20650,DL:0.1.0:AT.1.0.0,2022-3-4 13:23:0,41.25,0.00,0.00,18.046,-1.085,-5.804,12.242,16.961,0.00,0.00,0.00,0.00,0.00,0.00,0.00,0.00,0.00,0.00,0.00,0.00,0.00,0.00,0.00,0.00,0.00
20650,DL:0.1.0:AT.1.0.0,2022-3-4 13:23:5,41.25,0.00,0.00,18.053,-1.091,-5.812,12.241,16.962,0.00,0.00,0.00,0.00,0.00,0.00,0.00,0.00,0.00,0.00,0.00,0.00,0.00,0.00,0.00,0.00,0.00
20650,DL:0.1.0:AT.1.0.0,2022-3-4 13:23:11,41.25,0.00,0.00,18.041,-1.083,-5.799,12.242,16.959,0.00,0.00,0.00,0.00,0.00,0.00,0.00,0.00,0.00,0.00,0.00,0.00,0.00,0.00,0.00,0.00,0.00
20650,DL:0.1.0:AT.1.0.0,2022-3-4 13:23:18,41.50,0.00,0.00,18.050,-1.091,-5.807,12.242,16.959,0.00,0.00,0.00,0.00,0.00,0.00,0.00,0.00,0.00,0.00,0.00,0.00,0.00,0.00,0.00,0.00,0.00
20650,DL:0.1.0:AT.1.0.0,2022-3-4 13:23:23,41.50,0.00,0.00,18.038,-1.080,-5.795,12.242,16.957,0.00,0.00,0.00,0.00,0.00,0.00,0.00,0.00,0.00,0.00,0.00,0.00,0.00,0.00,0.00,0.00,0.00
20650,DL:0.1.0:AT.1.0.0,2022-3-4 13:23:29,41.50,0.00,0.00,18.051,-1.095,-5.809,12.242,16.956,0.00,0.00,0.00,0.00,0.00,0.00,0.00,0.00,0.00,0.00,0.00,0.00,0.00,0.00,0.00,0.00,0.00
20650,DL:0.1.0:AT.1.0.0,2022-3-4 13:23:36,41.50,0.00,0.00,18.069,-1.109,-5.824,12.245,16.960,0.00,0.00,0.00,0.00,0.00,0.00,0.00,0.00,0.00,0.00,0.00,0.00,0.00,0.00,0.00,0.00,0.00
20650,DL:0.1.0:AT.1.0.0,2022-3-4 13:23:42,41.50,0.00,0.00,18.045,-1.086,-5.801,12.243,16.959,0.00,0.00,0.00,0.00,0.00,0.00,0.00,0.00,0.00,0.00,0.00,0.00,0.00,0.00,0.00,0.00,0.00
20650,DL:0.1.0:AT.1.0.0,2022-3-4 13:23:49,41.50,0.00,0.00,18.037,-1.079,-5.793,12.243,16.957,0.00,0.00,0.00,0.00,0.00,0.00,0.00,0.00,0.00,0.00,0.00,0.00,0.00,0.00,0.00,0.00,0.00
20650,DL:0.1.0:AT.1.0.0,2022-3-4 13:23:56,41.50,0.00,0.00,18.045,-1.089,-5.800,12.245,16.956,0.00,0.00,0.00,0.00,0.00,0.00,0.00,0.00,0.00,0.00,0.00,0.00,0.00,0.00,0.00,0.00,0.00
20650,DL:0.1.0:AT.1.0.0,2022-3-4 13:24:7,41.50,0.00,0.00,18.076,-1.121,-5.832,12.245,16.955,0.00,0.00,0.00,0.00,0.00,0.00,0.00,0.00,0.00,0.00,0.00,0.00,0.00,0.00,0.00,0.00,0.00
20650,DL:0.1.0:AT.1.0.0,2022-3-4 13:24:12,41.50,0.00,0.00,18.070,-1.116,-5.826,12.245,16.954,0.00,0.00,0.00,0.00,0.00,0.00,0.00,0.00,0.00,0.00,0.00,0.00,0.00,0.00,0.00,0.00,0.00
20650,DL:0.1.0:AT.1.0.0,2022-3-4 13:24:17,41.50,0.00,0.00,18.049,-1.096,-5.804,12.245,16.953,0.00,0.00,0.00,0.00,0.00,0.00,0.00,0.00,0.00,0.00,0.00,0.00,0.00,0.00,0.00,0.00,0.00
20650,DL:0.1.0:AT.1.0.0,2022-3-4 13:24:22,41.50,0.00,0.00,18.037,-1.085,-5.792,12.245,16.951,0.00,0.00,0.00,0.00,0.00,0.00,0.00,0.00,0.00,0.00,0.00,0.00,0.00,0.00,0.00,0.00,0.00
20650,DL:0.1.0:AT.1.0.0,2022-3-4 13:24:27,41.50,0.00,0.00,18.049,-1.097,-5.803,12.246,16.951,0.00,0.00,0.00,0.00,0.00,0.00,0.00,0.00,0.00,0.00,0.00,0.00,0.00,0.00,0.00,0.00,0.00
20650,DL:0.1.0:AT.1.0.0,2022-3-4 13:24:34,41.50,0.00,0.00,18.053,-1.106,-5.807,12.246,16.948,0.00,0.00,0.00,0.00,0.00,0.00,0.00,0.00,0.00,0.00,0.00,0.00,0.00,0.00,0.00,0.00,0.00
20650,DL:0.1.0:AT.1.0.0,2022-3-4 13:24:40,41.50,0.00,0.00,18.061,-1.113,-5.815,12.246,16.948,0.00,0.00,0.00,0.00,0.00,0.00,0.00,0.00,0.00,0.00,0.00,0.00,0.00,0.00,0.00,0.00,0.00
20650,DL:0.1.0:AT.1.0.0,2022-3-4 13:24:48,41.50,0.00,0.00,18.041,-1.095,-5.794,12.247,16.947,0.00,0.00,0.00,0.00,0.00,0.00,0.00,0.00,0.00,0.00,0.00,0.00,0.00,0.00,0.00,0.00,0.00
20650,DL:0.1.0:AT.1.0.0,2022-3-4 13:24:54,41.50,0.00,0.00,18.033,-1.089,-5.786,12.247,16.944,0.00,0.00,0.00,0.00,0.00,0.00,0.00,0.00,0.00,0.00,0.00,0.00,0.00,0.00,0.00,0.00,0.00
20650,DL:0.1.0:AT.1.0.0,2022-3-4 13:25:1,41.50,0.00,0.00,18.053,-1.110,-5.806,12.247,16.943,0.00,0.00,0.00,0.00,0.00,0.00,0.00,0.00,0.00,0.00,0.00,0.00,0.00,0.00,0.00,0.00,0.00
20650,DL:0.1.0:AT.1.0.0,2022-3-4 13:25:8,41.50,0.00,0.00,18.045,-1.103,-5.798,12.247,16.942,0.00,0.00,0.00,0.00,0.00,0.00,0.00,0.00,0.00,0.00,0.00,0.00,0.00,0.00,0.00,0.00,0.00
20650,DL:0.1.0:AT.1.0.0,2022-3-4 13:25:15,41.50,0.00,0.00,18.070,-1.130,-5.822,12.248,16.941,0.00,0.00,0.00,0.00,0.00,0.00,0.00,0.00,0.00,0.00,0.00,0.00,0.00,0.00,0.00,0.00,0.00
20650,DL:0.1.0:AT.1.0.0,2022-3-4 13:25:22,41.50,0.00,0.00,18.043,-1.104,-5.797,12.246,16.938,0.00,0.00,0.00,0.00,0.00,0.00,0.00,0.00,0.00,0.00,0.00,0.00,0.00,0.00,0.00,0.00,0.00
20650,DL:0.1.0:AT.1.0.0,2022-3-4 13:25:27,41.50,0.00,0.00,18.027,-1.085,-5.780,12.247,16.942,0.00,0.00,0.00,0.00,0.00,0.00,0.00,0.00,0.00,0.00,0.00,0.00,0.00,0.00,0.00,0.00,0.00
20650,DL:0.1.0:AT.1.0.0,2022-3-4 13:25:32,41.50,0.00,0.00,18.074,-1.132,-5.827,12.247,16.942,0.00,0.00,0.00,0.00,0.00,0.00,0.00,0.00,0.00,0.00,0.00,0.00,0.00,0.00,0.00,0.00,0.00
20650,DL:0.1.0:AT.1.0.0,2022-3-4 13:25:37,41.50,0.00,0.00,18.045,-1.106,-5.798,12.247,16.939,0.00,0.00,0.00,0.00,0.00,0.00,0.00,0.00,0.00,0.00,0.00,0.00,0.00,0.00,0.00,0.00,0.00
20650,DL:0.1.0:AT.1.0.0,2022-3-4 13:25:42,41.50,0.00,0.00,18.047,-1.109,-5.801,12.246,16.938,0.00,0.00,0.00,0.00,0.00,0.00,0.00,0.00,0.00,0.00,0.00,0.00,0.00,0.00,0.00,0.00,0.00
20650,DL:0.1.0:AT.1.0.0,2022-3-4 13:25:50,41.50,0.00,0.00,18.034,-1.098,-5.787,12.247,16.936,0.00,0.00,0.00,0.00,0.00,0.00,0.00,0.00,0.00,0.00,0.00,0.00,0.00,0.00,0.00,0.00,0.00
20650,DL:0.1.0:AT.1.0.0,2022-3-4 13:25:55,41.50,0.00,0.00,18.022,-1.085,-5.775,12.247,16.937,0.00,0.00,0.00,0.00,0.00,0.00,0.00,0.00,0.00,0.00,0.00,0.00,0.00,0.00,0.00,0.00,0.00
20650,DL:0.1.0:AT.1.0.0,2022-3-4 13:26:0,41.50,0.00,0.00,18.017,-1.080,-5.770,12.247,16.937,0.00,0.00,0.00,0.00,0.00,0.00,0.00,0.00,0.00,0.00,0.00,0.00,0.00,0.00,0.00,0.00,0.00
20650,DL:0.1.0:AT.1.0.0,2022-3-4 13:26:5,41.50,0.00,0.00,18.004,-1.068,-5.758,12.246,16.936,0.00,0.00,0.00,0.00,0.00,0.00,0.00,0.00,0.00,0.00,0.00,0.00,0.00,0.00,0.00,0.00,0.00
20650,DL:0.1.0:AT.1.0.0,2022-3-4 13:26:10,41.50,0.00,0.00,18.040,-1.106,-5.794,12.246,16.935,0.00,0.00,0.00,0.00,0.00,0.00,0.00,0.00,0.00,0.00,0.00,0.00,0.00,0.00,0.00,0.00,0.00
20650,DL:0.1.0:AT.1.0.0,2022-3-4 13:26:15,41.50,0.00,0.00,18.019,-1.084,-5.771,12.247,16.935,0.00,0.00,0.00,0.00,0.00,0.00,0.00,0.00,0.00,0.00,0.00,0.00,0.00,0.00,0.00,0.00,0.00
20650,DL:0.1.0:AT.1.0.0,2022-3-4 13:26:20,41.50,0.00,0.00,18.020,-1.085,-5.773,12.247,16.935,0.00,0.00,0.00,0.00,0.00,0.00,0.00,0.00,0.00,0.00,0.00,0.00,0.00,0.00,0.00,0.00,0.00
20650,DL:0.1.0:AT.1.0.0,2022-3-4 13:26:27,41.50,0.00,0.00,18.041,-1.107,-5.794,12.247,16.935,0.00,0.00,0.00,0.00,0.00,0.00,0.00,0.00,0.00,0.00,0.00,0.00,0.00,0.00,0.00,0.00,0.00
20650,DL:0.1.0:AT.1.0.0,2022-3-4 13:26:32,41.50,0.00,0.00,18.037,-1.103,-5.791,12.246,16.933,0.00,0.00,0.00,0.00,0.00,0.00,0.00,0.00,0.00,0.00,0.00,0.00,0.00,0.00,0.00,0.00,0.00
20650,DL:0.1.0:AT.1.0.0,2022-3-4 13:26:37,41.50,0.00,0.00,18.038,-1.104,-5.791,12.247,16.933,0.00,0.00,0.00,0.00,0.00,0.00,0.00,0.00,0.00,0.00,0.00,0.00,0.00,0.00,0.00,0.00,0.00
20650,DL:0.1.0:AT.1.0.0,2022-3-4 13:26:42,41.50,0.00,0.00,18.031,-1.098,-5.783,12.247,16.932,0.00,0.00,0.00,0.00,0.00,0.00,0.00,0.00,0.00,0.00,0.00,0.00,0.00,0.00,0.00,0.00,0.00
20650,DL:0.1.0:AT.1.0.0,2022-3-4 13:26:48,41.50,0.00,0.00,18.043,-1.110,-5.795,12.247,16.932,0.00,0.00,0.00,0.00,0.00,0.00,0.00,0.00,0.00,0.00,0.00,0.00,0.00,0.00,0.00,0.00,0.00
20650,DL:0.1.0:AT.1.0.0,2022-3-4 13:26:53,41.50,0.00,0.00,18.006,-1.075,-5.761,12.246,16.931,0.00,0.00,0.00,0.00,0.00,0.00,0.00,0.00,0.00,0.00,0.00,0.00,0.00,0.00,0.00,0.00,0.00
20650,DL:0.1.0:AT.1.0.0,2022-3-4 13:27:1,41.50,0.00,0.00,18.035,-1.104,-5.787,12.248,16.931,0.00,0.00,0.00,0.00,0.00,0.00,0.00,0.00,0.00,0.00,0.00,0.00,0.00,0.00,0.00,0.00,0.00
20650,DL:0.1.0:AT.1.0.0,2022-3-4 13:27:7,41.50,0.00,0.00,18.065,-1.134,-5.817,12.248,16.931,0.00,0.00,0.00,0.00,0.00,0.00,0.00,0.00,0.00,0.00,0.00,0.00,0.00,0.00,0.00,0.00,0.00
20650,DL:0.1.0:AT.1.0.0,2022-3-4 13:27:12,41.50,0.00,0.00,18.067,-1.137,-5.818,12.248,16.930,0.00,0.00,0.00,0.00,0.00,0.00,0.00,0.00,0.00,0.00,0.00,0.00,0.00,0.00,0.00,0.00,0.00
20650,DL:0.1.0:AT.1.0.0,2022-3-4 13:27:17,41.50,0.00,0.00,18.028,-1.099,-5.780,12.248,16.929,0.00,0.00,0.00,0.00,0.00,0.00,0.00,0.00,0.00,0.00,0.00,0.00,0.00,0.00,0.00,0.00,0.00
20650,DL:0.1.0:AT.1.0.0,2022-3-4 13:27:22,41.50,0.00,0.00,18.031,-1.102,-5.782,12.248,16.929,0.00,0.00,0.00,0.00,0.00,0.00,0.00,0.00,0.00,0.00,0.00,0.00,0.00,0.00,0.00,0.00,0.00
20650,DL:0.1.0:AT.1.0.0,2022-3-4 13:27:28,41.50,0.00,0.00,17.994,-1.067,-5.747,12.247,16.927,0.00,0.00,0.00,0.00,0.00,0.00,0.00,0.00,0.00,0.00,0.00,0.00,0.00,0.00,0.00,0.00,0.00
20650,DL:0.1.0:AT.1.0.0,2022-3-4 13:27:33,41.50,0.00,0.00,17.986,-1.061,-5.738,12.248,16.925,0.00,0.00,0.00,0.00,0.00,0.00,0.00,0.00,0.00,0.00,0.00,0.00,0.00,0.00,0.00,0.00,0.00
20650,DL:0.1.0:AT.1.0.0,2022-3-4 13:27:40,41.50,0.00,0.00,18.014,-1.087,-5.765,12.248,16.926,0.00,0.00,0.00,0.00,0.00,0.00,0.00,0.00,0.00,0.00,0.00,0.00,0.00,0.00,0.00,0.00,0.00
20650,DL:0.1.0:AT.1.0.0,2022-3-4 13:27:46,41.50,0.00,0.00,18.016,-1.092,-5.768,12.248,16.924,0.00,0.00,0.00,0.00,0.00,0.00,0.00,0.00,0.00,0.00,0.00,0.00,0.00,0.00,0.00,0.00,0.00
20650,DL:0.1.0:AT.1.0.0,2022-3-4 13:27:53,41.50,0.00,0.00,18.022,-1.099,-5.774,12.248,16.923,0.00,0.00,0.00,0.00,0.00,0.00,0.00,0.00,0.00,0.00,0.00,0.00,0.00,0.00,0.00,0.00,0.00
20650,DL:0.1.0:AT.1.0.0,2022-3-4 13:28:0,41.50,0.00,0.00,18.029,-1.108,-5.781,12.248,16.921,0.00,0.00,0.00,0.00,0.00,0.00,0.00,0.00,0.00,0.00,0.00,0.00,0.00,0.00,0.00,0.00,0.00
20650,DL:0.1.0:AT.1.0.0,2022-3-4 13:28:11,41.50,0.00,0.00,18.035,-1.112,-5.787,12.248,16.924,0.00,0.00,0.00,0.00,0.00,0.00,0.00,0.00,0.00,0.00,0.00,0.00,0.00,0.00,0.00,0.00,0.00
20650,DL:0.1.0:AT.1.0.0,2022-3-4 13:28:17,41.50,0.00,0.00,18.003,-1.079,-5.755,12.248,16.924,0.00,0.00,0.00,0.00,0.00,0.00,0.00,0.00,0.00,0.00,0.00,0.00,0.00,0.00,0.00,0.00,0.00
20650,DL:0.1.0:AT.1.0.0,2022-3-4 13:28:22,41.50,0.00,0.00,18.017,-1.095,-5.768,12.249,16.923,0.00,0.00,0.00,0.00,0.00,0.00,0.00,0.00,0.00,0.00,0.00,0.00,0.00,0.00,0.00,0.00,0.00
20650,DL:0.1.0:AT.1.0.0,2022-3-4 13:28:27,41.50,0.00,0.00,18.014,-1.092,-5.762,12.252,16.921,0.00,0.00,0.00,0.00,0.00,0.00,0.00,0.00,0.00,0.00,0.00,0.00,0.00,0.00,0.00,0.00,0.00
20650,DL:0.1.0:AT.1.0.0,2022-3-4 13:28:34,41.50,0.00,0.00,17.996,-1.075,-5.743,12.253,16.920,0.00,0.00,0.00,0.00,0.00,0.00,0.00,0.00,0.00,0.00,0.00,0.00,0.00,0.00,0.00,0.00,0.00
20650,DL:0.1.0:AT.1.0.0,2022-3-4 13:28:42,41.50,0.00,0.00,17.975,-1.057,-5.722,12.253,16.918,0.00,0.00,0.00,0.00,0.00,0.00,0.00,0.00,0.00,0.00,0.00,0.00,0.00,0.00,0.00,0.00,0.00
20650,DL:0.1.0:AT.1.0.0,2022-3-4 13:28:47,41.50,0.00,0.00,17.986,-1.068,-5.733,12.253,16.918,0.00,0.00,0.00,0.00,0.00,0.00,0.00,0.00,0.00,0.00,0.00,0.00,0.00,0.00,0.00,0.00,0.00
20650,DL:0.1.0:AT.1.0.0,2022-3-4 13:28:52,41.50,0.00,0.00,18.027,-1.109,-5.775,12.252,16.918,0.00,0.00,0.00,0.00,0.00,0.00,0.00,0.00,0.00,0.00,0.00,0.00,0.00,0.00,0.00,0.00,0.00
20650,DL:0.1.0:AT.1.0.0,2022-3-4 13:28:58,41.50,0.00,0.00,18.020,-1.103,-5.768,12.252,16.917,0.00,0.00,0.00,0.00,0.00,0.00,0.00,0.00,0.00,0.00,0.00,0.00,0.00,0.00,0.00,0.00,0.00
20650,DL:0.1.0:AT.1.0.0,2022-3-4 13:29:5,41.50,0.00,0.00,18.023,-1.107,-5.771,12.252,16.917,0.00,0.00,0.00,0.00,0.00,0.00,0.00,0.00,0.00,0.00,0.00,0.00,0.00,0.00,0.00,0.00,0.00
20650,DL:0.1.0:AT.1.0.0,2022-3-4 13:29:10,41.50,0.00,0.00,18.004,-1.090,-5.751,12.253,16.914,0.00,0.00,0.00,0.00,0.00,0.00,0.00,0.00,0.00,0.00,0.00,0.00,0.00,0.00,0.00,0.00,0.00
20650,DL:0.1.0:AT.1.0.0,2022-3-4 13:29:16,41.50,0.00,0.00,17.996,-1.080,-5.743,12.253,16.915,0.00,0.00,0.00,0.00,0.00,0.00,0.00,0.00,0.00,0.00,0.00,0.00,0.00,0.00,0.00,0.00,0.00
20650,DL:0.1.0:AT.1.0.0,2022-3-4 13:29:21,41.50,0.00,0.00,17.975,-1.062,-5.722,12.253,16.913,0.00,0.00,0.00,0.00,0.00,0.00,0.00,0.00,0.00,0.00,0.00,0.00,0.00,0.00,0.00,0.00,0.00
20650,DL:0.1.0:AT.1.0.0,2022-3-4 13:29:26,41.50,0.00,0.00,17.985,-1.073,-5.731,12.254,16.912,0.00,0.00,0.00,0.00,0.00,0.00,0.00,0.00,0.00,0.00,0.00,0.00,0.00,0.00,0.00,0.00,0.00
20650,DL:0.1.0:AT.1.0.0,2022-3-4 13:29:33,41.50,0.00,0.00,18.008,-1.095,-5.755,12.253,16.913,0.00,0.00,0.00,0.00,0.00,0.00,0.00,0.00,0.00,0.00,0.00,0.00,0.00,0.00,0.00,0.00,0.00
20650,DL:0.1.0:AT.1.0.0,2022-3-4 13:29:41,41.50,0.00,0.00,18.008,-1.095,-5.756,12.252,16.913,0.00,0.00,0.00,0.00,0.00,0.00,0.00,0.00,0.00,0.00,0.00,0.00,0.00,0.00,0.00,0.00,0.00
20650,DL:0.1.0:AT.1.0.0,2022-3-4 13:29:47,41.50,0.00,0.00,18.019,-1.108,-5.765,12.253,16.911,0.00,0.00,0.00,0.00,0.00,0.00,0.00,0.00,0.00,0.00,0.00,0.00,0.00,0.00,0.00,0.00,0.00
20650,DL:0.1.0:AT.1.0.0,2022-3-4 13:29:52,41.50,0.00,0.00,17.991,-1.080,-5.737,12.254,16.911,0.00,0.00,0.00,0.00,0.00,0.00,0.00,0.00,0.00,0.00,0.00,0.00,0.00,0.00,0.00,0.00,0.00
20650,DL:0.1.0:AT.1.0.0,2022-3-4 13:29:57,41.50,0.00,0.00,17.990,-1.079,-5.735,12.254,16.911,0.00,0.00,0.00,0.00,0.00,0.00,0.00,0.00,0.00,0.00,0.00,0.00,0.00,0.00,0.00,0.00,0.00
20650,DL:0.1.0:AT.1.0.0,2022-3-4 13:30:2,41.50,0.00,0.00,18.006,-1.097,-5.753,12.253,16.909,0.00,0.00,0.00,0.00,0.00,0.00,0.00,0.00,0.00,0.00,0.00,0.00,0.00,0.00,0.00,0.00,0.00
20650,DL:0.1.0:AT.1.0.0,2022-3-4 13:30:7,41.50,0.00,0.00,18.038,-1.131,-5.783,12.254,16.907,0.00,0.00,0.00,0.00,0.00,0.00,0.00,0.00,0.00,0.00,0.00,0.00,0.00,0.00,0.00,0.00,0.00
20650,DL:0.1.0:AT.1.0.0,2022-3-4 13:30:12,41.50,0.00,0.00,18.040,-1.132,-5.787,12.253,16.908,0.00,0.00,0.00,0.00,0.00,0.00,0.00,0.00,0.00,0.00,0.00,0.00,0.00,0.00,0.00,0.00,0.00
20650,DL:0.1.0:AT.1.0.0,2022-3-4 13:30:18,41.50,0.00,0.00,18.008,-1.099,-5.755,12.253,16.908,0.00,0.00,0.00,0.00,0.00,0.00,0.00,0.00,0.00,0.00,0.00,0.00,0.00,0.00,0.00,0.00,0.00
20650,DL:0.1.0:AT.1.0.0,2022-3-4 13:30:23,41.50,0.00,0.00,18.044,-1.137,-5.791,12.253,16.907,0.00,0.00,0.00,0.00,0.00,0.00,0.00,0.00,0.00,0.00,0.00,0.00,0.00,0.00,0.00,0.00,0.00
20650,DL:0.1.0:AT.1.0.0,2022-3-4 13:30:28,41.50,0.00,0.00,17.998,-1.092,-5.745,12.253,16.906,0.00,0.00,0.00,0.00,0.00,0.00,0.00,0.00,0.00,0.00,0.00,0.00,0.00,0.00,0.00,0.00,0.00
20650,DL:0.1.0:AT.1.0.0,2022-3-4 13:30:35,41.50,0.00,0.00,18.019,-1.112,-5.765,12.253,16.907,0.00,0.00,0.00,0.00,0.00,0.00,0.00,0.00,0.00,0.00,0.00,0.00,0.00,0.00,0.00,0.00,0.00
20650,DL:0.1.0:AT.1.0.0,2022-3-4 13:30:42,41.50,0.00,0.00,18.037,-1.132,-5.782,12.254,16.905,0.00,0.00,0.00,0.00,0.00,0.00,0.00,0.00,0.00,0.00,0.00,0.00,0.00,0.00,0.00,0.00,0.00
20650,DL:0.1.0:AT.1.0.0,2022-3-4 13:30:49,41.50,0.00,0.00,18.025,-1.119,-5.770,12.254,16.906,0.00,0.00,0.00,0.00,0.00,0.00,0.00,0.00,0.00,0.00,0.00,0.00,0.00,0.00,0.00,0.00,0.00
20650,DL:0.1.0:AT.1.0.0,2022-3-4 13:30:54,41.50,0.00,0.00,18.032,-1.127,-5.777,12.254,16.905,0.00,0.00,0.00,0.00,0.00,0.00,0.00,0.00,0.00,0.00,0.00,0.00,0.00,0.00,0.00,0.00,0.00
20650,DL:0.1.0:AT.1.0.0,2022-3-4 13:30:59,41.50,0.00,0.00,18.009,-1.104,-5.756,12.253,16.905,0.00,0.00,0.00,0.00,0.00,0.00,0.00,0.00,0.00,0.00,0.00,0.00,0.00,0.00,0.00,0.00,0.00
20650,DL:0.1.0:AT.1.0.0,2022-3-4 13:31:4,41.50,0.00,0.00,18.006,-1.101,-5.753,12.253,16.906,0.00,0.00,0.00,0.00,0.00,0.00,0.00,0.00,0.00,0.00,0.00,0.00,0.00,0.00,0.00,0.00,0.00
20650,DL:0.1.0:AT.1.0.0,2022-3-4 13:31:10,41.50,0.00,0.00,18.027,-1.121,-5.774,12.253,16.906,0.00,0.00,0.00,0.00,0.00,0.00,0.00,0.00,0.00,0.00,0.00,0.00,0.00,0.00,0.00,0.00,0.00
20650,DL:0.1.0:AT.1.0.0,2022-3-4 13:31:15,41.50,0.00,0.00,17.996,-1.091,-5.741,12.254,16.905,0.00,0.00,0.00,0.00,0.00,0.00,0.00,0.00,0.00,0.00,0.00,0.00,0.00,0.00,0.00,0.00,0.00
20650,DL:0.1.0:AT.1.0.0,2022-3-4 13:31:20,41.50,0.00,0.00,18.012,-1.107,-5.758,12.254,16.906,0.00,0.00,0.00,0.00,0.00,0.00,0.00,0.00,0.00,0.00,0.00,0.00,0.00,0.00,0.00,0.00,0.00
20650,DL:0.1.0:AT.1.0.0,2022-3-4 13:31:27,41.50,0.00,0.00,18.005,-1.101,-5.751,12.254,16.905,0.00,0.00,0.00,0.00,0.00,0.00,0.00,0.00,0.00,0.00,0.00,0.00,0.00,0.00,0.00,0.00,0.00
20650,DL:0.1.0:AT.1.0.0,2022-3-4 13:31:32,41.50,0.00,0.00,18.040,-1.132,-5.786,12.254,16.908,0.00,0.00,0.00,0.00,0.00,0.00,0.00,0.00,0.00,0.00,0.00,0.00,0.00,0.00,0.00,0.00,0.00
20650,DL:0.1.0:AT.1.0.0,2022-3-4 13:31:37,41.50,0.00,0.00,18.019,-1.112,-5.764,12.254,16.907,0.00,0.00,0.00,0.00,0.00,0.00,0.00,0.00,0.00,0.00,0.00,0.00,0.00,0.00,0.00,0.00,0.00
20650,DL:0.1.0:AT.1.0.0,2022-3-4 13:31:42,41.50,0.00,0.00,18.037,-1.128,-5.783,12.253,16.908,0.00,0.00,0.00,0.00,0.00,0.00,0.00,0.00,0.00,0.00,0.00,0.00,0.00,0.00,0.00,0.00,0.00
20650,DL:0.1.0:AT.1.0.0,2022-3-4 13:31:48,41.75,0.00,0.00,18.010,-1.102,-5.757,12.253,16.908,0.00,0.00,0.00,0.00,0.00,0.00,0.00,0.00,0.00,0.00,0.00,0.00,0.00,0.00,0.00,0.00,0.00
20650,DL:0.1.0:AT.1.0.0,2022-3-4 13:31:54,41.75,0.00,0.00,17.993,-1.086,-5.739,12.254,16.907,0.00,0.00,0.00,0.00,0.00,0.00,0.00,0.00,0.00,0.00,0.00,0.00,0.00,0.00,0.00,0.00,0.00
20650,DL:0.1.0:AT.1.0.0,2022-3-4 13:31:59,41.75,0.00,0.00,18.035,-1.128,-5.782,12.253,16.907,0.00,0.00,0.00,0.00,0.00,0.00,0.00,0.00,0.00,0.00,0.00,0.00,0.00,0.00,0.00,0.00,0.00
20650,DL:0.1.0:AT.1.0.0,2022-3-4 13:32:4,41.75,0.00,0.00,17.992,-1.085,-5.738,12.254,16.907,0.00,0.00,0.00,0.00,0.00,0.00,0.00,0.00,0.00,0.00,0.00,0.00,0.00,0.00,0.00,0.00,0.00
20650,DL:0.1.0:AT.1.0.0,2022-3-4 13:32:9,41.75,0.00,0.00,18.039,-1.132,-5.785,12.254,16.907,0.00,0.00,0.00,0.00,0.00,0.00,0.00,0.00,0.00,0.00,0.00,0.00,0.00,0.00,0.00,0.00,0.00
20650,DL:0.1.0:AT.1.0.0,2022-3-4 13:32:14,41.75,0.00,0.00,18.004,-1.097,-5.750,12.254,16.907,0.00,0.00,0.00,0.00,0.00,0.00,0.00,0.00,0.00,0.00,0.00,0.00,0.00,0.00,0.00,0.00,0.00
20650,DL:0.1.0:AT.1.0.0,2022-3-4 13:32:21,41.75,0.00,0.00,18.022,-1.116,-5.768,12.254,16.906,0.00,0.00,0.00,0.00,0.00,0.00,0.00,0.00,0.00,0.00,0.00,0.00,0.00,0.00,0.00,0.00,0.00
20650,DL:0.1.0:AT.1.0.0,2022-3-4 13:32:26,41.75,0.00,0.00,18.028,-1.121,-5.774,12.254,16.907,0.00,0.00,0.00,0.00,0.00,0.00,0.00,0.00,0.00,0.00,0.00,0.00,0.00,0.00,0.00,0.00,0.00
20650,DL:0.1.0:AT.1.0.0,2022-3-4 13:32:32,41.75,0.00,0.00,18.022,-1.116,-5.769,12.253,16.906,0.00,0.00,0.00,0.00,0.00,0.00,0.00,0.00,0.00,0.00,0.00,0.00,0.00,0.00,0.00,0.00,0.00
20650,DL:0.1.0:AT.1.0.0,2022-3-4 13:32:37,41.75,0.00,0.00,18.020,-1.113,-5.767,12.253,16.907,0.00,0.00,0.00,0.00,0.00,0.00,0.00,0.00,0.00,0.00,0.00,0.00,0.00,0.00,0.00,0.00,0.00
20650,DL:0.1.0:AT.1.0.0,2022-3-4 13:32:43,41.75,0.00,0.00,17.999,-1.093,-5.746,12.253,16.906,0.00,0.00,0.00,0.00,0.00,0.00,0.00,0.00,0.00,0.00,0.00,0.00,0.00,0.00,0.00,0.00,0.00
20650,DL:0.1.0:AT.1.0.0,2022-3-4 13:32:51,41.75,0.00,0.00,18.034,-1.130,-5.780,12.254,16.905,0.00,0.00,0.00,0.00,0.00,0.00,0.00,0.00,0.00,0.00,0.00,0.00,0.00,0.00,0.00,0.00,0.00
20650,DL:0.1.0:AT.1.0.0,2022-3-4 13:32:56,41.75,0.00,0.00,18.019,-1.114,-5.765,12.253,16.905,0.00,0.00,0.00,0.00,0.00,0.00,0.00,0.00,0.00,0.00,0.00,0.00,0.00,0.00,0.00,0.00,0.00
20650,DL:0.1.0:AT.1.0.0,2022-3-4 13:33:1,41.75,0.00,0.00,18.006,-1.102,-5.753,12.253,16.905,0.00,0.00,0.00,0.00,0.00,0.00,0.00,0.00,0.00,0.00,0.00,0.00,0.00,0.00,0.00,0.00,0.00
20650,DL:0.1.0:AT.1.0.0,2022-3-4 13:33:6,41.75,0.00,0.00,17.997,-1.092,-5.744,12.253,16.905,0.00,0.00,0.00,0.00,0.00,0.00,0.00,0.00,0.00,0.00,0.00,0.00,0.00,0.00,0.00,0.00,0.00
20650,DL:0.1.0:AT.1.0.0,2022-3-4 13:33:11,41.75,0.00,0.00,18.000,-1.097,-5.749,12.252,16.903,0.00,0.00,0.00,0.00,0.00,0.00,0.00,0.00,0.00,0.00,0.00,0.00,0.00,0.00,0.00,0.00,0.00
20650,DL:0.1.0:AT.1.0.0,2022-3-4 13:33:17,41.75,0.00,0.00,17.998,-1.095,-5.746,12.252,16.903,0.00,0.00,0.00,0.00,0.00,0.00,0.00,0.00,0.00,0.00,0.00,0.00,0.00,0.00,0.00,0.00,0.00
20650,DL:0.1.0:AT.1.0.0,2022-3-4 13:33:24,41.75,0.00,0.00,18.008,-1.104,-5.755,12.253,16.903,0.00,0.00,0.00,0.00,0.00,0.00,0.00,0.00,0.00,0.00,0.00,0.00,0.00,0.00,0.00,0.00,0.00
20650,DL:0.1.0:AT.1.0.0,2022-3-4 13:33:29,41.75,0.00,0.00,18.027,-1.124,-5.774,12.253,16.903,0.00,0.00,0.00,0.00,0.00,0.00,0.00,0.00,0.00,0.00,0.00,0.00,0.00,0.00,0.00,0.00,0.00
20650,DL:0.1.0:AT.1.0.0,2022-3-4 13:33:34,41.75,0.00,0.00,18.009,-1.106,-5.757,12.252,16.903,0.00,0.00,0.00,0.00,0.00,0.00,0.00,0.00,0.00,0.00,0.00,0.00,0.00,0.00,0.00,0.00,0.00
20650,DL:0.1.0:AT.1.0.0,2022-3-4 13:33:41,41.75,0.00,0.00,18.006,-1.103,-5.753,12.253,16.903,0.00,0.00,0.00,0.00,0.00,0.00,0.00,0.00,0.00,0.00,0.00,0.00,0.00,0.00,0.00,0.00,0.00
20650,DL:0.1.0:AT.1.0.0,2022-3-4 13:33:46,41.75,0.00,0.00,18.015,-1.113,-5.762,12.253,16.902,0.00,0.00,0.00,0.00,0.00,0.00,0.00,0.00,0.00,0.00,0.00,0.00,0.00,0.00,0.00,0.00,0.00
20650,DL:0.1.0:AT.1.0.0,2022-3-4 13:33:59,41.75,0.00,0.00,17.998,-1.096,-5.745,12.253,16.902,0.00,0.00,0.00,0.00,0.00,0.00,0.00,0.00,0.00,0.00,0.00,0.00,0.00,0.00,0.00,0.00,0.00
20650,DL:0.1.0:AT.1.0.0,2022-3-4 13:34:5,41.75,0.00,0.00,18.004,-1.103,-5.750,12.254,16.901,0.00,0.00,0.00,0.00,0.00,0.00,0.00,0.00,0.00,0.00,0.00,0.00,0.00,0.00,0.00,0.00,0.00
20650,DL:0.1.0:AT.1.0.0,2022-3-4 13:34:10,41.75,0.00,0.00,18.023,-1.121,-5.769,12.254,16.902,0.00,0.00,0.00,0.00,0.00,0.00,0.00,0.00,0.00,0.00,0.00,0.00,0.00,0.00,0.00,0.00,0.00
20650,DL:0.1.0:AT.1.0.0,2022-3-4 13:34:15,41.75,0.00,0.00,18.006,-1.106,-5.752,12.254,16.901,0.00,0.00,0.00,0.00,0.00,0.00,0.00,0.00,0.00,0.00,0.00,0.00,0.00,0.00,0.00,0.00,0.00
20650,DL:0.1.0:AT.1.0.0,2022-3-4 13:34:20,41.75,0.00,0.00,18.015,-1.113,-5.759,12.255,16.902,0.00,0.00,0.00,0.00,0.00,0.00,0.00,0.00,0.00,0.00,0.00,0.00,0.00,0.00,0.00,0.00,0.00
20650,DL:0.1.0:AT.1.0.0,2022-3-4 13:34:25,41.75,0.00,0.00,18.004,-1.102,-5.749,12.255,16.902,0.00,0.00,0.00,0.00,0.00,0.00,0.00,0.00,0.00,0.00,0.00,0.00,0.00,0.00,0.00,0.00,0.00
20650,DL:0.1.0:AT.1.0.0,2022-3-4 13:34:30,41.75,0.00,0.00,17.998,-1.096,-5.741,12.257,16.902,0.00,0.00,0.00,0.00,0.00,0.00,0.00,0.00,0.00,0.00,0.00,0.00,0.00,0.00,0.00,0.00,0.00
20650,DL:0.1.0:AT.1.0.0,2022-3-4 13:34:37,41.75,0.00,0.00,18.021,-1.119,-5.765,12.255,16.902,0.00,0.00,0.00,0.00,0.00,0.00,0.00,0.00,0.00,0.00,0.00,0.00,0.00,0.00,0.00,0.00,0.00
20650,DL:0.1.0:AT.1.0.0,2022-3-4 13:34:42,41.75,0.00,0.00,18.028,-1.125,-5.771,12.257,16.903,0.00,0.00,0.00,0.00,0.00,0.00,0.00,0.00,0.00,0.00,0.00,0.00,0.00,0.00,0.00,0.00,0.00
20650,DL:0.1.0:AT.1.0.0,2022-3-4 13:34:47,41.75,0.00,0.00,18.020,-1.116,-5.763,12.257,16.903,0.00,0.00,0.00,0.00,0.00,0.00,0.00,0.00,0.00,0.00,0.00,0.00,0.00,0.00,0.00,0.00,0.00
20650,DL:0.1.0:AT.1.0.0,2022-3-4 13:34:52,41.75,0.00,0.00,18.008,-1.104,-5.750,12.258,16.903,0.00,0.00,0.00,0.00,0.00,0.00,0.00,0.00,0.00,0.00,0.00,0.00,0.00,0.00,0.00,0.00,0.00
20650,DL:0.1.0:AT.1.0.0,2022-3-4 13:34:57,41.75,0.00,0.00,18.009,-1.106,-5.752,12.257,16.903,0.00,0.00,0.00,0.00,0.00,0.00,0.00,0.00,0.00,0.00,0.00,0.00,0.00,0.00,0.00,0.00,0.00
20650,DL:0.1.0:AT.1.0.0,2022-3-4 13:35:2,41.75,0.00,0.00,18.010,-1.107,-5.753,12.257,16.903,0.00,0.00,0.00,0.00,0.00,0.00,0.00,0.00,0.00,0.00,0.00,0.00,0.00,0.00,0.00,0.00,0.00
20650,DL:0.1.0:AT.1.0.0,2022-3-4 13:35:7,41.75,0.00,0.00,17.991,-1.089,-5.733,12.258,16.902,0.00,0.00,0.00,0.00,0.00,0.00,0.00,0.00,0.00,0.00,0.00,0.00,0.00,0.00,0.00,0.00,0.00
20650,DL:0.1.0:AT.1.0.0,2022-3-4 13:35:15,41.75,0.00,0.00,18.023,-1.116,-5.765,12.258,16.907,0.00,0.00,0.00,0.00,0.00,0.00,0.00,0.00,0.00,0.00,0.00,0.00,0.00,0.00,0.00,0.00,0.00
20650,DL:0.1.0:AT.1.0.0,2022-3-4 13:35:24,41.75,0.00,0.00,18.031,-1.125,-5.773,12.258,16.906,0.00,0.00,0.00,0.00,0.00,0.00,0.00,0.00,0.00,0.00,0.00,0.00,0.00,0.00,0.00,0.00,0.00
20650,DL:0.1.0:AT.1.0.0,2022-3-4 13:35:29,41.75,0.00,0.00,18.031,-1.125,-5.773,12.258,16.906,0.00,0.00,0.00,0.00,0.00,0.00,0.00,0.00,0.00,0.00,0.00,0.00,0.00,0.00,0.00,0.00,0.00
20650,DL:0.1.0:AT.1.0.0,2022-3-4 13:35:34,41.75,0.00,0.00,18.046,-1.140,-5.787,12.259,16.906,0.00,0.00,0.00,0.00,0.00,0.00,0.00,0.00,0.00,0.00,0.00,0.00,0.00,0.00,0.00,0.00,0.00
20650,DL:0.1.0:AT.1.0.0,2022-3-4 13:35:39,41.75,0.00,0.00,18.043,-1.138,-5.783,12.259,16.905,0.00,0.00,0.00,0.00,0.00,0.00,0.00,0.00,0.00,0.00,0.00,0.00,0.00,0.00,0.00,0.00,0.00
20650,DL:0.1.0:AT.1.0.0,2022-3-4 13:35:44,41.75,0.00,0.00,18.023,-1.119,-5.763,12.260,16.905,0.00,0.00,0.00,0.00,0.00,0.00,0.00,0.00,0.00,0.00,0.00,0.00,0.00,0.00,0.00,0.00,0.00
20650,DL:0.1.0:AT.1.0.0,2022-3-4 13:35:49,41.75,0.00,0.00,18.025,-1.121,-5.764,12.260,16.903,0.00,0.00,0.00,0.00,0.00,0.00,0.00,0.00,0.00,0.00,0.00,0.00,0.00,0.00,0.00,0.00,0.00
20650,DL:0.1.0:AT.1.0.0,2022-3-4 13:35:57,41.75,0.00,0.00,18.034,-1.131,-5.774,12.260,16.903,0.00,0.00,0.00,0.00,0.00,0.00,0.00,0.00,0.00,0.00,0.00,0.00,0.00,0.00,0.00,0.00,0.00
20650,DL:0.1.0:AT.1.0.0,2022-3-4 13:36:3,41.75,0.00,0.00,18.059,-1.156,-5.799,12.260,16.903,0.00,0.00,0.00,0.00,0.00,0.00,0.00,0.00,0.00,0.00,0.00,0.00,0.00,0.00,0.00,0.00,0.00
20650,DL:0.1.0:AT.1.0.0,2022-3-4 13:36:10,41.75,0.00,0.00,18.037,-1.133,-5.776,12.260,16.903,0.00,0.00,0.00,0.00,0.00,0.00,0.00,0.00,0.00,0.00,0.00,0.00,0.00,0.00,0.00,0.00,0.00
20650,DL:0.1.0:AT.1.0.0,2022-3-4 13:36:16,41.75,0.00,0.00,18.033,-1.131,-5.773,12.260,16.902,0.00,0.00,0.00,0.00,0.00,0.00,0.00,0.00,0.00,0.00,0.00,0.00,0.00,0.00,0.00,0.00,0.00
20650,DL:0.1.0:AT.1.0.0,2022-3-4 13:36:25,41.75,0.00,0.00,18.027,-1.126,-5.767,12.260,16.901,0.00,0.00,0.00,0.00,0.00,0.00,0.00,0.00,0.00,0.00,0.00,0.00,0.00,0.00,0.00,0.00,0.00
20650,DL:0.1.0:AT.1.0.0,2022-3-4 13:36:30,41.75,0.00,0.00,18.027,-1.126,-5.765,12.261,16.901,0.00,0.00,0.00,0.00,0.00,0.00,0.00,0.00,0.00,0.00,0.00,0.00,0.00,0.00,0.00,0.00,0.00
20650,DL:0.1.0:AT.1.0.0,2022-3-4 13:36:35,41.75,0.00,0.00,18.053,-1.152,-5.793,12.260,16.901,0.00,0.00,0.00,0.00,0.00,0.00,0.00,0.00,0.00,0.00,0.00,0.00,0.00,0.00,0.00,0.00,0.00
20650,DL:0.1.0:AT.1.0.0,2022-3-4 13:36:40,41.75,0.00,0.00,18.016,-1.115,-5.755,12.261,16.901,0.00,0.00,0.00,0.00,0.00,0.00,0.00,0.00,0.00,0.00,0.00,0.00,0.00,0.00,0.00,0.00,0.00
20650,DL:0.1.0:AT.1.0.0,2022-3-4 13:36:47,41.75,0.00,0.00,17.992,-1.092,-5.729,12.263,16.900,0.00,0.00,0.00,0.00,0.00,0.00,0.00,0.00,0.00,0.00,0.00,0.00,0.00,0.00,0.00,0.00,0.00
20650,DL:0.1.0:AT.1.0.0,2022-3-4 13:36:54,41.75,0.00,0.00,18.005,-1.106,-5.744,12.261,16.900,0.00,0.00,0.00,0.00,0.00,0.00,0.00,0.00,0.00,0.00,0.00,0.00,0.00,0.00,0.00,0.00,0.00
20650,DL:0.1.0:AT.1.0.0,2022-3-4 13:37:0,41.75,0.00,0.00,18.017,-1.118,-5.755,12.263,16.900,0.00,0.00,0.00,0.00,0.00,0.00,0.00,0.00,0.00,0.00,0.00,0.00,0.00,0.00,0.00,0.00,0.00
20650,DL:0.1.0:AT.1.0.0,2022-3-4 13:37:5,41.75,0.00,0.00,18.021,-1.121,-5.759,12.261,16.900,0.00,0.00,0.00,0.00,0.00,0.00,0.00,0.00,0.00,0.00,0.00,0.00,0.00,0.00,0.00,0.00,0.00
20650,DL:0.1.0:AT.1.0.0,2022-3-4 13:37:10,41.75,0.00,0.00,18.021,-1.122,-5.759,12.261,16.899,0.00,0.00,0.00,0.00,0.00,0.00,0.00,0.00,0.00,0.00,0.00,0.00,0.00,0.00,0.00,0.00,0.00
20650,DL:0.1.0:AT.1.0.0,2022-3-4 13:37:15,41.75,0.00,0.00,18.021,-1.122,-5.758,12.263,16.899,0.00,0.00,0.00,0.00,0.00,0.00,0.00,0.00,0.00,0.00,0.00,0.00,0.00,0.00,0.00,0.00,0.00
20650,DL:0.1.0:AT.1.0.0,2022-3-4 13:37:21,41.75,0.00,0.00,17.990,-1.090,-5.728,12.261,16.900,0.00,0.00,0.00,0.00,0.00,0.00,0.00,0.00,0.00,0.00,0.00,0.00,0.00,0.00,0.00,0.00,0.00
20650,DL:0.1.0:AT.1.0.0,2022-3-4 13:37:26,41.75,0.00,0.00,18.010,-1.110,-5.747,12.263,16.900,0.00,0.00,0.00,0.00,0.00,0.00,0.00,0.00,0.00,0.00,0.00,0.00,0.00,0.00,0.00,0.00,0.00
20650,DL:0.1.0:AT.1.0.0,2022-3-4 13:37:31,41.75,0.00,0.00,18.025,-1.126,-5.762,12.263,16.899,0.00,0.00,0.00,0.00,0.00,0.00,0.00,0.00,0.00,0.00,0.00,0.00,0.00,0.00,0.00,0.00,0.00
20650,DL:0.1.0:AT.1.0.0,2022-3-4 13:37:36,41.75,0.00,0.00,18.035,-1.137,-5.773,12.263,16.899,0.00,0.00,0.00,0.00,0.00,0.00,0.00,0.00,0.00,0.00,0.00,0.00,0.00,0.00,0.00,0.00,0.00
20650,DL:0.1.0:AT.1.0.0,2022-3-4 13:37:41,41.75,0.00,0.00,18.017,-1.115,-5.755,12.263,16.902,0.00,0.00,0.00,0.00,0.00,0.00,0.00,0.00,0.00,0.00,0.00,0.00,0.00,0.00,0.00,0.00,0.00
20650,DL:0.1.0:AT.1.0.0,2022-3-4 13:37:46,41.75,0.00,0.00,18.032,-1.131,-5.768,12.264,16.901,0.00,0.00,0.00,0.00,0.00,0.00,0.00,0.00,0.00,0.00,0.00,0.00,0.00,0.00,0.00,0.00,0.00
20650,DL:0.1.0:AT.1.0.0,2022-3-4 13:37:51,41.75,0.00,0.00,18.038,-1.138,-5.775,12.263,16.900,0.00,0.00,0.00,0.00,0.00,0.00,0.00,0.00,0.00,0.00,0.00,0.00,0.00,0.00,0.00,0.00,0.00
20650,DL:0.1.0:AT.1.0.0,2022-3-4 13:37:56,41.75,0.00,0.00,18.025,-1.125,-5.762,12.263,16.900,0.00,0.00,0.00,0.00,0.00,0.00,0.00,0.00,0.00,0.00,0.00,0.00,0.00,0.00,0.00,0.00,0.00
20650,DL:0.1.0:AT.1.0.0,2022-3-4 13:38:1,41.75,0.00,0.00,17.999,-1.101,-5.735,12.264,16.899,0.00,0.00,0.00,0.00,0.00,0.00,0.00,0.00,0.00,0.00,0.00,0.00,0.00,0.00,0.00,0.00,0.00
20650,DL:0.1.0:AT.1.0.0,2022-3-4 13:38:6,41.75,0.00,0.00,18.004,-1.106,-5.740,12.264,16.899,0.00,0.00,0.00,0.00,0.00,0.00,0.00,0.00,0.00,0.00,0.00,0.00,0.00,0.00,0.00,0.00,0.00
20650,DL:0.1.0:AT.1.0.0,2022-3-4 13:38:11,42.00,0.00,0.00,17.996,-1.098,-5.732,12.264,16.897,0.00,0.00,0.00,0.00,0.00,0.00,0.00,0.00,0.00,0.00,0.00,0.00,0.00,0.00,0.00,0.00,0.00
20650,DL:0.1.0:AT.1.0.0,2022-3-4 13:38:16,42.00,0.00,0.00,18.021,-1.125,-5.757,12.264,16.896,0.00,0.00,0.00,0.00,0.00,0.00,0.00,0.00,0.00,0.00,0.00,0.00,0.00,0.00,0.00,0.00,0.00
20650,DL:0.1.0:AT.1.0.0,2022-3-4 13:38:21,42.00,0.00,0.00,18.063,-1.167,-5.798,12.265,16.896,0.00,0.00,0.00,0.00,0.00,0.00,0.00,0.00,0.00,0.00,0.00,0.00,0.00,0.00,0.00,0.00,0.00
20650,DL:0.1.0:AT.1.0.0,2022-3-4 13:38:26,42.00,0.00,0.00,18.031,-1.136,-5.765,12.265,16.895,0.00,0.00,0.00,0.00,0.00,0.00,0.00,0.00,0.00,0.00,0.00,0.00,0.00,0.00,0.00,0.00,0.00
20650,DL:0.1.0:AT.1.0.0,2022-3-4 13:38:31,42.00,0.00,0.00,18.043,-1.149,-5.777,12.265,16.894,0.00,0.00,0.00,0.00,0.00,0.00,0.00,0.00,0.00,0.00,0.00,0.00,0.00,0.00,0.00,0.00,0.00
20650,DL:0.1.0:AT.1.0.0,2022-3-4 13:38:36,42.00,0.00,0.00,18.031,-1.138,-5.764,12.266,16.893,0.00,0.00,0.00,0.00,0.00,0.00,0.00,0.00,0.00,0.00,0.00,0.00,0.00,0.00,0.00,0.00,0.00
20650,DL:0.1.0:AT.1.0.0,2022-3-4 13:38:41,42.00,0.00,0.00,18.052,-1.160,-5.786,12.266,16.893,0.00,0.00,0.00,0.00,0.00,0.00,0.00,0.00,0.00,0.00,0.00,0.00,0.00,0.00,0.00,0.00,0.00
20650,DL:0.1.0:AT.1.0.0,2022-3-4 13:38:47,42.00,0.00,0.00,18.022,-1.131,-5.757,12.265,16.891,0.00,0.00,0.00,0.00,0.00,0.00,0.00,0.00,0.00,0.00,0.00,0.00,0.00,0.00,0.00,0.00,0.00
20650,DL:0.1.0:AT.1.0.0,2022-3-4 13:38:53,42.00,0.00,0.00,18.040,-1.149,-5.775,12.265,16.891,0.00,0.00,0.00,0.00,0.00,0.00,0.00,0.00,0.00,0.00,0.00,0.00,0.00,0.00,0.00,0.00,0.00
20650,DL:0.1.0:AT.1.0.0,2022-3-4 13:38:58,42.00,0.00,0.00,18.061,-1.170,-5.794,12.266,16.890,0.00,0.00,0.00,0.00,0.00,0.00,0.00,0.00,0.00,0.00,0.00,0.00,0.00,0.00,0.00,0.00,0.00
20650,DL:0.1.0:AT.1.0.0,2022-3-4 13:39:3,42.00,0.00,0.00,18.031,-1.142,-5.764,12.266,16.889,0.00,0.00,0.00,0.00,0.00,0.00,0.00,0.00,0.00,0.00,0.00,0.00,0.00,0.00,0.00,0.00,0.00
20650,DL:0.1.0:AT.1.0.0,2022-3-4 13:39:8,42.00,0.00,0.00,18.017,-1.128,-5.752,12.265,16.889,0.00,0.00,0.00,0.00,0.00,0.00,0.00,0.00,0.00,0.00,0.00,0.00,0.00,0.00,0.00,0.00,0.00
20650,DL:0.1.0:AT.1.0.0,2022-3-4 13:39:13,42.00,0.00,0.00,18.023,-1.136,-5.758,12.265,16.888,0.00,0.00,0.00,0.00,0.00,0.00,0.00,0.00,0.00,0.00,0.00,0.00,0.00,0.00,0.00,0.00,0.00
20650,DL:0.1.0:AT.1.0.0,2022-3-4 13:39:18,42.00,0.00,0.00,18.041,-1.154,-5.775,12.266,16.888,0.00,0.00,0.00,0.00,0.00,0.00,0.00,0.00,0.00,0.00,0.00,0.00,0.00,0.00,0.00,0.00,0.00
20650,DL:0.1.0:AT.1.0.0,2022-3-4 13:39:23,42.00,0.00,0.00,18.057,-1.170,-5.791,12.266,16.887,0.00,0.00,0.00,0.00,0.00,0.00,0.00,0.00,0.00,0.00,0.00,0.00,0.00,0.00,0.00,0.00,0.00
20650,DL:0.1.0:AT.1.0.0,2022-3-4 13:39:28,42.00,0.00,0.00,18.058,-1.169,-5.791,12.267,16.889,0.00,0.00,0.00,0.00,0.00,0.00,0.00,0.00,0.00,0.00,0.00,0.00,0.00,0.00,0.00,0.00,0.00
20650,DL:0.1.0:AT.1.0.0,2022-3-4 13:39:33,42.00,0.00,0.00,18.056,-1.168,-5.789,12.266,16.888,0.00,0.00,0.00,0.00,0.00,0.00,0.00,0.00,0.00,0.00,0.00,0.00,0.00,0.00,0.00,0.00,0.00
20650,DL:0.1.0:AT.1.0.0,2022-3-4 13:39:38,42.00,0.00,0.00,18.038,-1.150,-5.770,12.267,16.888,0.00,0.00,0.00,0.00,0.00,0.00,0.00,0.00,0.00,0.00,0.00,0.00,0.00,0.00,0.00,0.00,0.00
20650,DL:0.1.0:AT.1.0.0,2022-3-4 13:39:43,42.00,0.00,0.00,18.079,-1.192,-5.812,12.266,16.887,0.00,0.00,0.00,0.00,0.00,0.00,0.00,0.00,0.00,0.00,0.00,0.00,0.00,0.00,0.00,0.00,0.00
20650,DL:0.1.0:AT.1.0.0,2022-3-4 13:39:48,42.00,0.00,0.00,18.062,-1.176,-5.795,12.266,16.885,0.00,0.00,0.00,0.00,0.00,0.00,0.00,0.00,0.00,0.00,0.00,0.00,0.00,0.00,0.00,0.00,0.00
20650,DL:0.1.0:AT.1.0.0,2022-3-4 13:39:53,42.00,0.00,0.00,18.099,-1.215,-5.833,12.266,16.884,0.00,0.00,0.00,0.00,0.00,0.00,0.00,0.00,0.00,0.00,0.00,0.00,0.00,0.00,0.00,0.00,0.00
20650,DL:0.1.0:AT.1.0.0,2022-3-4 13:39:58,42.00,0.00,0.00,18.058,-1.175,-5.792,12.266,16.883,0.00,0.00,0.00,0.00,0.00,0.00,0.00,0.00,0.00,0.00,0.00,0.00,0.00,0.00,0.00,0.00,0.00
20650,DL:0.1.0:AT.1.0.0,2022-3-4 13:40:4,42.00,0.00,0.00,18.037,-1.154,-5.770,12.266,16.883,0.00,0.00,0.00,0.00,0.00,0.00,0.00,0.00,0.00,0.00,0.00,0.00,0.00,0.00,0.00,0.00,0.00
20650,DL:0.1.0:AT.1.0.0,2022-3-4 13:40:9,42.00,0.00,0.00,18.039,-1.157,-5.771,12.267,16.882,0.00,0.00,0.00,0.00,0.00,0.00,0.00,0.00,0.00,0.00,0.00,0.00,0.00,0.00,0.00,0.00,0.00
20650,DL:0.1.0:AT.1.0.0,2022-3-4 13:40:14,42.00,0.00,0.00,18.045,-1.164,-5.777,12.267,16.881,0.00,0.00,0.00,0.00,0.00,0.00,0.00,0.00,0.00,0.00,0.00,0.00,0.00,0.00,0.00,0.00,0.00
20650,DL:0.1.0:AT.1.0.0,2022-3-4 13:40:21,42.00,0.00,0.00,18.045,-1.167,-5.777,12.267,16.878,0.00,0.00,0.00,0.00,0.00,0.00,0.00,0.00,0.00,0.00,0.00,0.00,0.00,0.00,0.00,0.00,0.00
20650,DL:0.1.0:AT.1.0.0,2022-3-4 13:40:29,42.00,0.00,0.00,18.047,-1.168,-5.781,12.266,16.879,0.00,0.00,0.00,0.00,0.00,0.00,0.00,0.00,0.00,0.00,0.00,0.00,0.00,0.00,0.00,0.00,0.00
20650,DL:0.1.0:AT.1.0.0,2022-3-4 13:40:34,42.00,0.00,0.00,18.049,-1.170,-5.781,12.267,16.878,0.00,0.00,0.00,0.00,0.00,0.00,0.00,0.00,0.00,0.00,0.00,0.00,0.00,0.00,0.00,0.00,0.00
20650,DL:0.1.0:AT.1.0.0,2022-3-4 13:40:44,42.00,0.00,0.00,18.050,-1.174,-5.781,12.269,16.876,0.00,0.00,0.00,0.00,0.00,0.00,0.00,0.00,0.00,0.00,0.00,0.00,0.00,0.00,0.00,0.00,0.00
20650,DL:0.1.0:AT.1.0.0,2022-3-4 13:40:50,42.00,0.00,0.00,18.047,-1.173,-5.779,12.269,16.875,0.00,0.00,0.00,0.00,0.00,0.00,0.00,0.00,0.00,0.00,0.00,0.00,0.00,0.00,0.00,0.00,0.00
20650,DL:0.1.0:AT.1.0.0,2022-3-4 13:40:55,42.00,0.00,0.00,18.069,-1.196,-5.800,12.269,16.873,0.00,0.00,0.00,0.00,0.00,0.00,0.00,0.00,0.00,0.00,0.00,0.00,0.00,0.00,0.00,0.00,0.00
20650,DL:0.1.0:AT.1.0.0,2022-3-4 13:41:0,42.00,0.00,0.00,18.043,-1.169,-5.773,12.270,16.873,0.00,0.00,0.00,0.00,0.00,0.00,0.00,0.00,0.00,0.00,0.00,0.00,0.00,0.00,0.00,0.00,0.00
20650,DL:0.1.0:AT.1.0.0,2022-3-4 13:41:6,42.00,0.00,0.00,18.043,-1.172,-5.773,12.270,16.871,0.00,0.00,0.00,0.00,0.00,0.00,0.00,0.00,0.00,0.00,0.00,0.00,0.00,0.00,0.00,0.00,0.00
20650,DL:0.1.0:AT.1.0.0,2022-3-4 13:41:11,42.00,0.00,0.00,18.046,-1.175,-5.777,12.269,16.871,0.00,0.00,0.00,0.00,0.00,0.00,0.00,0.00,0.00,0.00,0.00,0.00,0.00,0.00,0.00,0.00,0.00
20650,DL:0.1.0:AT.1.0.0,2022-3-4 13:41:16,42.00,0.00,0.00,18.045,-1.175,-5.775,12.270,16.870,0.00,0.00,0.00,0.00,0.00,0.00,0.00,0.00,0.00,0.00,0.00,0.00,0.00,0.00,0.00,0.00,0.00
20650,DL:0.1.0:AT.1.0.0,2022-3-4 13:41:22,42.00,0.00,0.00,18.041,-1.167,-5.770,12.271,16.875,0.00,0.00,0.00,0.00,0.00,0.00,0.00,0.00,0.00,0.00,0.00,0.00,0.00,0.00,0.00,0.00,0.00
20650,DL:0.1.0:AT.1.0.0,2022-3-4 13:41:30,42.00,0.00,0.00,18.039,-1.168,-5.768,12.271,16.871,0.00,0.00,0.00,0.00,0.00,0.00,0.00,0.00,0.00,0.00,0.00,0.00,0.00,0.00,0.00,0.00,0.00
20650,DL:0.1.0:AT.1.0.0,2022-3-4 13:41:35,42.00,0.00,0.00,18.037,-1.167,-5.765,12.271,16.870,0.00,0.00,0.00,0.00,0.00,0.00,0.00,0.00,0.00,0.00,0.00,0.00,0.00,0.00,0.00,0.00,0.00
20650,DL:0.1.0:AT.1.0.0,2022-3-4 13:41:40,42.00,0.00,0.00,18.065,-1.196,-5.794,12.271,16.870,0.00,0.00,0.00,0.00,0.00,0.00,0.00,0.00,0.00,0.00,0.00,0.00,0.00,0.00,0.00,0.00,0.00
20650,DL:0.1.0:AT.1.0.0,2022-3-4 13:41:45,42.00,0.00,0.00,18.064,-1.196,-5.793,12.271,16.869,0.00,0.00,0.00,0.00,0.00,0.00,0.00,0.00,0.00,0.00,0.00,0.00,0.00,0.00,0.00,0.00,0.00
20650,DL:0.1.0:AT.1.0.0,2022-3-4 13:41:52,42.00,0.00,0.00,18.047,-1.180,-5.775,12.272,16.867,0.00,0.00,0.00,0.00,0.00,0.00,0.00,0.00,0.00,0.00,0.00,0.00,0.00,0.00,0.00,0.00,0.00
20650,DL:0.1.0:AT.1.0.0,2022-3-4 13:41:57,42.00,0.00,0.00,18.046,-1.179,-5.774,12.272,16.867,0.00,0.00,0.00,0.00,0.00,0.00,0.00,0.00,0.00,0.00,0.00,0.00,0.00,0.00,0.00,0.00,0.00
20650,DL:0.1.0:AT.1.0.0,2022-3-4 13:42:3,42.00,0.00,0.00,18.047,-1.181,-5.775,12.272,16.866,0.00,0.00,0.00,0.00,0.00,0.00,0.00,0.00,0.00,0.00,0.00,0.00,0.00,0.00,0.00,0.00,0.00
20650,DL:0.1.0:AT.1.0.0,2022-3-4 13:42:8,42.00,0.00,0.00,18.046,-1.181,-5.774,12.272,16.865,0.00,0.00,0.00,0.00,0.00,0.00,0.00,0.00,0.00,0.00,0.00,0.00,0.00,0.00,0.00,0.00,0.00
20650,DL:0.1.0:AT.1.0.0,2022-3-4 13:42:14,42.00,0.00,0.00,18.051,-1.186,-5.779,12.272,16.865,0.00,0.00,0.00,0.00,0.00,0.00,0.00,0.00,0.00,0.00,0.00,0.00,0.00,0.00,0.00,0.00,0.00
20650,DL:0.1.0:AT.1.0.0,2022-3-4 13:42:19,42.00,0.00,0.00,18.046,-1.182,-5.774,12.272,16.864,0.00,0.00,0.00,0.00,0.00,0.00,0.00,0.00,0.00,0.00,0.00,0.00,0.00,0.00,0.00,0.00,0.00
20650,DL:0.1.0:AT.1.0.0,2022-3-4 13:42:24,42.00,0.00,0.00,18.046,-1.184,-5.773,12.273,16.863,0.00,0.00,0.00,0.00,0.00,0.00,0.00,0.00,0.00,0.00,0.00,0.00,0.00,0.00,0.00,0.00,0.00
20650,DL:0.1.0:AT.1.0.0,2022-3-4 13:42:29,42.00,0.00,0.00,18.051,-1.188,-5.779,12.272,16.863,0.00,0.00,0.00,0.00,0.00,0.00,0.00,0.00,0.00,0.00,0.00,0.00,0.00,0.00,0.00,0.00,0.00
20650,DL:0.1.0:AT.1.0.0,2022-3-4 13:42:35,42.00,0.00,0.00,18.061,-1.199,-5.788,12.272,16.861,0.00,0.00,0.00,0.00,0.00,0.00,0.00,0.00,0.00,0.00,0.00,0.00,0.00,0.00,0.00,0.00,0.00
20650,DL:0.1.0:AT.1.0.0,2022-3-4 13:42:40,42.00,0.00,0.00,18.039,-1.179,-5.765,12.273,16.860,0.00,0.00,0.00,0.00,0.00,0.00,0.00,0.00,0.00,0.00,0.00,0.00,0.00,0.00,0.00,0.00,0.00
20650,DL:0.1.0:AT.1.0.0,2022-3-4 13:42:45,42.00,0.00,0.00,18.020,-1.161,-5.746,12.273,16.859,0.00,0.00,0.00,0.00,0.00,0.00,0.00,0.00,0.00,0.00,0.00,0.00,0.00,0.00,0.00,0.00,0.00
20650,DL:0.1.0:AT.1.0.0,2022-3-4 13:42:50,42.00,0.00,0.00,18.028,-1.169,-5.753,12.275,16.859,0.00,0.00,0.00,0.00,0.00,0.00,0.00,0.00,0.00,0.00,0.00,0.00,0.00,0.00,0.00,0.00,0.00
20650,DL:0.1.0:AT.1.0.0,2022-3-4 13:42:55,42.00,0.00,0.00,18.038,-1.179,-5.763,12.275,16.859,0.00,0.00,0.00,0.00,0.00,0.00,0.00,0.00,0.00,0.00,0.00,0.00,0.00,0.00,0.00,0.00,0.00
20650,DL:0.1.0:AT.1.0.0,2022-3-4 13:43:40,42.00,0.00,0.00,18.032,-1.175,-5.757,12.275,16.857,0.00,0.00,0.00,0.00,0.00,0.00,0.00,0.00,0.00,0.00,0.00,0.00,0.00,0.00,0.00,0.00,0.00
20650,DL:0.1.0:AT.1.0.0,2022-3-4 13:44:0,42.00,0.00,0.00,17.992,-1.139,-5.717,12.275,16.853,0.00,0.00,0.00,0.00,0.00,0.00,0.00,0.00,0.00,0.00,0.00,0.00,0.00,0.00,0.00,0.00,0.00
20650,DL:0.1.0:AT.1.0.0,2022-3-4 13:44:5,42.00,0.00,0.00,18.014,-1.162,-5.739,12.275,16.852,0.00,0.00,0.00,0.00,0.00,0.00,0.00,0.00,0.00,0.00,0.00,0.00,0.00,0.00,0.00,0.00,0.00
20650,DL:0.1.0:AT.1.0.0,2022-3-4 13:44:52,42.00,0.00,0.00,18.046,-1.203,-5.771,12.275,16.843,0.00,0.00,0.00,0.00,0.00,0.00,0.00,0.00,0.00,0.00,0.00,0.00,0.00,0.00,0.00,0.00,0.00
20650,DL:0.1.0:AT.1.0.0,2022-3-4 13:44:57,42.00,0.00,0.00,17.997,-1.154,-5.722,12.275,16.843,0.00,0.00,0.00,0.00,0.00,0.00,0.00,0.00,0.00,0.00,0.00,0.00,0.00,0.00,0.00,0.00,0.00
20650,DL:0.1.0:AT.1.0.0,2022-3-4 13:45:2,42.00,0.00,0.00,18.003,-1.161,-5.728,12.275,16.842,0.00,0.00,0.00,0.00,0.00,0.00,0.00,0.00,0.00,0.00,0.00,0.00,0.00,0.00,0.00,0.00,0.00
20650,DL:0.1.0:AT.1.0.0,2022-3-4 13:45:7,42.00,0.00,0.00,17.979,-1.138,-5.704,12.275,16.841,0.00,0.00,0.00,0.00,0.00,0.00,0.00,0.00,0.00,0.00,0.00,0.00,0.00,0.00,0.00,0.00,0.00
20650,DL:0.1.0:AT.1.0.0,2022-3-4 13:45:12,42.00,0.00,0.00,17.970,-1.131,-5.696,12.275,16.840,0.00,0.00,0.00,0.00,0.00,0.00,0.00,0.00,0.00,0.00,0.00,0.00,0.00,0.00,0.00,0.00,0.00
20650,DL:0.1.0:AT.1.0.0,2022-3-4 13:45:17,42.00,0.00,0.00,17.998,-1.158,-5.723,12.275,16.840,0.00,0.00,0.00,0.00,0.00,0.00,0.00,0.00,0.00,0.00,0.00,0.00,0.00,0.00,0.00,0.00,0.00
20650,DL:0.1.0:AT.1.0.0,2022-3-4 13:45:24,42.00,0.00,0.00,18.006,-1.168,-5.732,12.275,16.838,0.00,0.00,0.00,0.00,0.00,0.00,0.00,0.00,0.00,0.00,0.00,0.00,0.00,0.00,0.00,0.00,0.00
20650,DL:0.1.0:AT.1.0.0,2022-3-4 13:45:31,42.00,0.00,0.00,18.037,-1.199,-5.762,12.275,16.837,0.00,0.00,0.00,0.00,0.00,0.00,0.00,0.00,0.00,0.00,0.00,0.00,0.00,0.00,0.00,0.00,0.00
20650,DL:0.1.0:AT.1.0.0,2022-3-4 13:45:36,42.00,0.00,0.00,18.017,-1.181,-5.743,12.275,16.836,0.00,0.00,0.00,0.00,0.00,0.00,0.00,0.00,0.00,0.00,0.00,0.00,0.00,0.00,0.00,0.00,0.00
20650,DL:0.1.0:AT.1.0.0,2022-3-4 13:45:41,42.25,0.00,0.00,18.021,-1.184,-5.746,12.275,16.837,0.00,0.00,0.00,0.00,0.00,0.00,0.00,0.00,0.00,0.00,0.00,0.00,0.00,0.00,0.00,0.00,0.00
20650,DL:0.1.0:AT.1.0.0,2022-3-4 13:45:47,42.25,0.00,0.00,18.005,-1.169,-5.732,12.273,16.836,0.00,0.00,0.00,0.00,0.00,0.00,0.00,0.00,0.00,0.00,0.00,0.00,0.00,0.00,0.00,0.00,0.00
20650,DL:0.1.0:AT.1.0.0,2022-3-4 13:45:54,42.25,0.00,0.00,18.020,-1.184,-5.746,12.273,16.836,0.00,0.00,0.00,0.00,0.00,0.00,0.00,0.00,0.00,0.00,0.00,0.00,0.00,0.00,0.00,0.00,0.00
20650,DL:0.1.0:AT.1.0.0,2022-3-4 13:45:59,42.25,0.00,0.00,18.014,-1.178,-5.740,12.273,16.836,0.00,0.00,0.00,0.00,0.00,0.00,0.00,0.00,0.00,0.00,0.00,0.00,0.00,0.00,0.00,0.00,0.00
20650,DL:0.1.0:AT.1.0.0,2022-3-4 13:46:5,42.25,0.00,0.00,17.998,-1.163,-5.725,12.273,16.835,0.00,0.00,0.00,0.00,0.00,0.00,0.00,0.00,0.00,0.00,0.00,0.00,0.00,0.00,0.00,0.00,0.00
20650,DL:0.1.0:AT.1.0.0,2022-3-4 13:46:10,42.25,0.00,0.00,18.011,-1.176,-5.738,12.273,16.835,0.00,0.00,0.00,0.00,0.00,0.00,0.00,0.00,0.00,0.00,0.00,0.00,0.00,0.00,0.00,0.00,0.00
20650,DL:0.1.0:AT.1.0.0,2022-3-4 13:46:16,42.25,0.00,0.00,18.034,-1.199,-5.761,12.273,16.835,0.00,0.00,0.00,0.00,0.00,0.00,0.00,0.00,0.00,0.00,0.00,0.00,0.00,0.00,0.00,0.00,0.00
20650,DL:0.1.0:AT.1.0.0,2022-3-4 13:46:21,42.25,0.00,0.00,18.029,-1.196,-5.755,12.275,16.834,0.00,0.00,0.00,0.00,0.00,0.00,0.00,0.00,0.00,0.00,0.00,0.00,0.00,0.00,0.00,0.00,0.00
20650,DL:0.1.0:AT.1.0.0,2022-3-4 13:46:26,42.25,0.00,0.00,18.002,-1.167,-5.728,12.273,16.835,0.00,0.00,0.00,0.00,0.00,0.00,0.00,0.00,0.00,0.00,0.00,0.00,0.00,0.00,0.00,0.00,0.00
20650,DL:0.1.0:AT.1.0.0,2022-3-4 13:46:31,42.25,0.00,0.00,17.998,-1.163,-5.723,12.275,16.835,0.00,0.00,0.00,0.00,0.00,0.00,0.00,0.00,0.00,0.00,0.00,0.00,0.00,0.00,0.00,0.00,0.00
20650,DL:0.1.0:AT.1.0.0,2022-3-4 13:46:36,42.25,0.00,0.00,18.037,-1.203,-5.763,12.273,16.834,0.00,0.00,0.00,0.00,0.00,0.00,0.00,0.00,0.00,0.00,0.00,0.00,0.00,0.00,0.00,0.00,0.00
20650,DL:0.1.0:AT.1.0.0,2022-3-4 13:46:41,42.25,0.00,0.00,18.034,-1.200,-5.761,12.273,16.834,0.00,0.00,0.00,0.00,0.00,0.00,0.00,0.00,0.00,0.00,0.00,0.00,0.00,0.00,0.00,0.00,0.00
20650,DL:0.1.0:AT.1.0.0,2022-3-4 13:46:46,42.25,0.00,0.00,18.063,-1.229,-5.788,12.275,16.834,0.00,0.00,0.00,0.00,0.00,0.00,0.00,0.00,0.00,0.00,0.00,0.00,0.00,0.00,0.00,0.00,0.00
20650,DL:0.1.0:AT.1.0.0,2022-3-4 13:46:51,42.25,0.00,0.00,18.012,-1.179,-5.739,12.273,16.834,0.00,0.00,0.00,0.00,0.00,0.00,0.00,0.00,0.00,0.00,0.00,0.00,0.00,0.00,0.00,0.00,0.00
20650,DL:0.1.0:AT.1.0.0,2022-3-4 13:46:57,42.25,0.00,0.00,18.026,-1.188,-5.751,12.275,16.837,0.00,0.00,0.00,0.00,0.00,0.00,0.00,0.00,0.00,0.00,0.00,0.00,0.00,0.00,0.00,0.00,0.00
20650,DL:0.1.0:AT.1.0.0,2022-3-4 13:47:3,42.25,0.00,0.00,18.035,-1.198,-5.761,12.275,16.837,0.00,0.00,0.00,0.00,0.00,0.00,0.00,0.00,0.00,0.00,0.00,0.00,0.00,0.00,0.00,0.00,0.00
20650,DL:0.1.0:AT.1.0.0,2022-3-4 13:47:8,42.25,0.00,0.00,17.991,-1.155,-5.715,12.276,16.836,0.00,0.00,0.00,0.00,0.00,0.00,0.00,0.00,0.00,0.00,0.00,0.00,0.00,0.00,0.00,0.00,0.00
20650,DL:0.1.0:AT.1.0.0,2022-3-4 13:47:14,42.25,0.00,0.00,18.026,-1.190,-5.751,12.275,16.836,0.00,0.00,0.00,0.00,0.00,0.00,0.00,0.00,0.00,0.00,0.00,0.00,0.00,0.00,0.00,0.00,0.00
20650,DL:0.1.0:AT.1.0.0,2022-3-4 13:47:19,42.25,0.00,0.00,18.019,-1.182,-5.744,12.275,16.836,0.00,0.00,0.00,0.00,0.00,0.00,0.00,0.00,0.00,0.00,0.00,0.00,0.00,0.00,0.00,0.00,0.00
20650,DL:0.1.0:AT.1.0.0,2022-3-4 13:47:29,42.25,0.00,0.00,17.997,-1.161,-5.721,12.276,16.836,0.00,0.00,0.00,0.00,0.00,0.00,0.00,0.00,0.00,0.00,0.00,0.00,0.00,0.00,0.00,0.00,0.00
20650,DL:0.1.0:AT.1.0.0,2022-3-4 13:47:34,42.25,0.00,0.00,18.033,-1.197,-5.757,12.276,16.836,0.00,0.00,0.00,0.00,0.00,0.00,0.00,0.00,0.00,0.00,0.00,0.00,0.00,0.00,0.00,0.00,0.00
20650,DL:0.1.0:AT.1.0.0,2022-3-4 13:47:42,42.25,0.00,0.00,18.039,-1.203,-5.763,12.276,16.836,0.00,0.00,0.00,0.00,0.00,0.00,0.00,0.00,0.00,0.00,0.00,0.00,0.00,0.00,0.00,0.00,0.00
20650,DL:0.1.0:AT.1.0.0,2022-3-4 13:47:47,42.25,0.00,0.00,18.025,-1.188,-5.750,12.275,16.836,0.00,0.00,0.00,0.00,0.00,0.00,0.00,0.00,0.00,0.00,0.00,0.00,0.00,0.00,0.00,0.00,0.00
20650,DL:0.1.0:AT.1.0.0,2022-3-4 13:47:52,42.25,0.00,0.00,18.025,-1.190,-5.750,12.275,16.835,0.00,0.00,0.00,0.00,0.00,0.00,0.00,0.00,0.00,0.00,0.00,0.00,0.00,0.00,0.00,0.00,0.00
20650,DL:0.1.0:AT.1.0.0,2022-3-4 13:47:57,42.25,0.00,0.00,18.012,-1.178,-5.735,12.277,16.835,0.00,0.00,0.00,0.00,0.00,0.00,0.00,0.00,0.00,0.00,0.00,0.00,0.00,0.00,0.00,0.00,0.00
20650,DL:0.1.0:AT.1.0.0,2022-3-4 13:48:3,42.25,0.00,0.00,18.023,-1.190,-5.747,12.276,16.834,0.00,0.00,0.00,0.00,0.00,0.00,0.00,0.00,0.00,0.00,0.00,0.00,0.00,0.00,0.00,0.00,0.00
20650,DL:0.1.0:AT.1.0.0,2022-3-4 13:48:8,42.25,0.00,0.00,18.020,-1.185,-5.744,12.276,16.835,0.00,0.00,0.00,0.00,0.00,0.00,0.00,0.00,0.00,0.00,0.00,0.00,0.00,0.00,0.00,0.00,0.00
20650,DL:0.1.0:AT.1.0.0,2022-3-4 13:48:13,42.25,0.00,0.00,18.050,-1.215,-5.773,12.277,16.835,0.00,0.00,0.00,0.00,0.00,0.00,0.00,0.00,0.00,0.00,0.00,0.00,0.00,0.00,0.00,0.00,0.00
20650,DL:0.1.0:AT.1.0.0,2022-3-4 13:48:18,42.25,0.00,0.00,18.032,-1.199,-5.756,12.276,16.832,0.00,0.00,0.00,0.00,0.00,0.00,0.00,0.00,0.00,0.00,0.00,0.00,0.00,0.00,0.00,0.00,0.00
20650,DL:0.1.0:AT.1.0.0,2022-3-4 13:48:23,42.25,0.00,0.00,18.044,-1.210,-5.768,12.276,16.834,0.00,0.00,0.00,0.00,0.00,0.00,0.00,0.00,0.00,0.00,0.00,0.00,0.00,0.00,0.00,0.00,0.00
20650,DL:0.1.0:AT.1.0.0,2022-3-4 13:48:28,42.25,0.00,0.00,18.011,-1.179,-5.735,12.276,16.832,0.00,0.00,0.00,0.00,0.00,0.00,0.00,0.00,0.00,0.00,0.00,0.00,0.00,0.00,0.00,0.00,0.00
20650,DL:0.1.0:AT.1.0.0,2022-3-4 13:48:33,42.25,0.00,0.00,18.021,-1.188,-5.744,12.277,16.832,0.00,0.00,0.00,0.00,0.00,0.00,0.00,0.00,0.00,0.00,0.00,0.00,0.00,0.00,0.00,0.00,0.00
20650,DL:0.1.0:AT.1.0.0,2022-3-4 13:48:39,42.25,0.00,0.00,18.023,-1.192,-5.747,12.276,16.831,0.00,0.00,0.00,0.00,0.00,0.00,0.00,0.00,0.00,0.00,0.00,0.00,0.00,0.00,0.00,0.00,0.00
20650,DL:0.1.0:AT.1.0.0,2022-3-4 13:48:44,42.25,0.00,0.00,18.016,-1.186,-5.741,12.275,16.830,0.00,0.00,0.00,0.00,0.00,0.00,0.00,0.00,0.00,0.00,0.00,0.00,0.00,0.00,0.00,0.00,0.00
20650,DL:0.1.0:AT.1.0.0,2022-3-4 13:48:49,42.25,0.00,0.00,18.028,-1.198,-5.752,12.276,16.830,0.00,0.00,0.00,0.00,0.00,0.00,0.00,0.00,0.00,0.00,0.00,0.00,0.00,0.00,0.00,0.00,0.00
20650,DL:0.1.0:AT.1.0.0,2022-3-4 13:48:54,42.25,0.00,0.00,17.999,-1.170,-5.723,12.276,16.829,0.00,0.00,0.00,0.00,0.00,0.00,0.00,0.00,0.00,0.00,0.00,0.00,0.00,0.00,0.00,0.00,0.00
20650,DL:0.1.0:AT.1.0.0,2022-3-4 13:48:59,42.25,0.00,0.00,18.016,-1.186,-5.740,12.276,16.830,0.00,0.00,0.00,0.00,0.00,0.00,0.00,0.00,0.00,0.00,0.00,0.00,0.00,0.00,0.00,0.00,0.00
20650,DL:0.1.0:AT.1.0.0,2022-3-4 13:49:4,42.25,0.00,0.00,18.016,-1.186,-5.740,12.276,16.830,0.00,0.00,0.00,0.00,0.00,0.00,0.00,0.00,0.00,0.00,0.00,0.00,0.00,0.00,0.00,0.00,0.00
20650,DL:0.1.0:AT.1.0.0,2022-3-4 13:49:12,42.25,0.00,0.00,18.005,-1.175,-5.729,12.276,16.830,0.00,0.00,0.00,0.00,0.00,0.00,0.00,0.00,0.00,0.00,0.00,0.00,0.00,0.00,0.00,0.00,0.00
20650,DL:0.1.0:AT.1.0.0,2022-3-4 13:49:19,42.25,0.00,0.00,18.046,-1.216,-5.769,12.277,16.830,0.00,0.00,0.00,0.00,0.00,0.00,0.00,0.00,0.00,0.00,0.00,0.00,0.00,0.00,0.00,0.00,0.00
20650,DL:0.1.0:AT.1.0.0,2022-3-4 13:49:24,42.25,0.00,0.00,18.044,-1.215,-5.768,12.276,16.829,0.00,0.00,0.00,0.00,0.00,0.00,0.00,0.00,0.00,0.00,0.00,0.00,0.00,0.00,0.00,0.00,0.00
20650,DL:0.1.0:AT.1.0.0,2022-3-4 13:49:29,42.25,0.00,0.00,17.998,-1.169,-5.722,12.276,16.829,0.00,0.00,0.00,0.00,0.00,0.00,0.00,0.00,0.00,0.00,0.00,0.00,0.00,0.00,0.00,0.00,0.00
20650,DL:0.1.0:AT.1.0.0,2022-3-4 13:49:35,42.25,0.00,0.00,17.998,-1.168,-5.723,12.275,16.830,0.00,0.00,0.00,0.00,0.00,0.00,0.00,0.00,0.00,0.00,0.00,0.00,0.00,0.00,0.00,0.00,0.00
20650,DL:0.1.0:AT.1.0.0,2022-3-4 13:49:40,42.25,0.00,0.00,18.009,-1.179,-5.733,12.276,16.830,0.00,0.00,0.00,0.00,0.00,0.00,0.00,0.00,0.00,0.00,0.00,0.00,0.00,0.00,0.00,0.00,0.00
20650,DL:0.1.0:AT.1.0.0,2022-3-4 13:49:45,42.25,0.00,0.00,18.028,-1.199,-5.751,12.277,16.829,0.00,0.00,0.00,0.00,0.00,0.00,0.00,0.00,0.00,0.00,0.00,0.00,0.00,0.00,0.00,0.00,0.00
20650,DL:0.1.0:AT.1.0.0,2022-3-4 13:49:50,42.25,0.00,0.00,18.021,-1.192,-5.744,12.277,16.829,0.00,0.00,0.00,0.00,0.00,0.00,0.00,0.00,0.00,0.00,0.00,0.00,0.00,0.00,0.00,0.00,0.00
20650,DL:0.1.0:AT.1.0.0,2022-3-4 13:49:55,42.25,0.00,0.00,18.009,-1.179,-5.732,12.277,16.830,0.00,0.00,0.00,0.00,0.00,0.00,0.00,0.00,0.00,0.00,0.00,0.00,0.00,0.00,0.00,0.00,0.00
20650,DL:0.1.0:AT.1.0.0,2022-3-4 13:50:0,42.25,0.00,0.00,18.011,-1.182,-5.735,12.276,16.829,0.00,0.00,0.00,0.00,0.00,0.00,0.00,0.00,0.00,0.00,0.00,0.00,0.00,0.00,0.00,0.00,0.00
20650,DL:0.1.0:AT.1.0.0,2022-3-4 13:50:5,42.25,0.00,0.00,18.004,-1.174,-5.728,12.276,16.830,0.00,0.00,0.00,0.00,0.00,0.00,0.00,0.00,0.00,0.00,0.00,0.00,0.00,0.00,0.00,0.00,0.00
20650,DL:0.1.0:AT.1.0.0,2022-3-4 13:50:10,42.25,0.00,0.00,18.023,-1.193,-5.747,12.276,16.830,0.00,0.00,0.00,0.00,0.00,0.00,0.00,0.00,0.00,0.00,0.00,0.00,0.00,0.00,0.00,0.00,0.00
20650,DL:0.1.0:AT.1.0.0,2022-3-4 13:50:15,42.25,0.00,0.00,18.022,-1.192,-5.746,12.276,16.830,0.00,0.00,0.00,0.00,0.00,0.00,0.00,0.00,0.00,0.00,0.00,0.00,0.00,0.00,0.00,0.00,0.00
20650,DL:0.1.0:AT.1.0.0,2022-3-4 13:50:21,42.25,0.00,0.00,18.031,-1.200,-5.755,12.276,16.830,0.00,0.00,0.00,0.00,0.00,0.00,0.00,0.00,0.00,0.00,0.00,0.00,0.00,0.00,0.00,0.00,0.00
20650,DL:0.1.0:AT.1.0.0,2022-3-4 13:50:26,42.25,0.00,0.00,18.026,-1.196,-5.749,12.277,16.830,0.00,0.00,0.00,0.00,0.00,0.00,0.00,0.00,0.00,0.00,0.00,0.00,0.00,0.00,0.00,0.00,0.00
20650,DL:0.1.0:AT.1.0.0,2022-3-4 13:50:31,42.25,0.00,0.00,18.014,-1.181,-5.737,12.277,16.832,0.00,0.00,0.00,0.00,0.00,0.00,0.00,0.00,0.00,0.00,0.00,0.00,0.00,0.00,0.00,0.00,0.00
20650,DL:0.1.0:AT.1.0.0,2022-3-4 13:50:36,42.25,0.00,0.00,18.002,-1.169,-5.725,12.277,16.832,0.00,0.00,0.00,0.00,0.00,0.00,0.00,0.00,0.00,0.00,0.00,0.00,0.00,0.00,0.00,0.00,0.00
20650,DL:0.1.0:AT.1.0.0,2022-3-4 13:50:41,42.25,0.00,0.00,18.004,-1.172,-5.727,12.277,16.832,0.00,0.00,0.00,0.00,0.00,0.00,0.00,0.00,0.00,0.00,0.00,0.00,0.00,0.00,0.00,0.00,0.00
20650,DL:0.1.0:AT.1.0.0,2022-3-4 13:50:46,42.25,0.00,0.00,18.010,-1.178,-5.733,12.277,16.832,0.00,0.00,0.00,0.00,0.00,0.00,0.00,0.00,0.00,0.00,0.00,0.00,0.00,0.00,0.00,0.00,0.00
20650,DL:0.1.0:AT.1.0.0,2022-3-4 13:50:51,42.25,0.00,0.00,18.014,-1.181,-5.737,12.277,16.832,0.00,0.00,0.00,0.00,0.00,0.00,0.00,0.00,0.00,0.00,0.00,0.00,0.00,0.00,0.00,0.00,0.00
20650,DL:0.1.0:AT.1.0.0,2022-3-4 13:50:56,42.25,0.00,0.00,18.002,-1.169,-5.725,12.277,16.832,0.00,0.00,0.00,0.00,0.00,0.00,0.00,0.00,0.00,0.00,0.00,0.00,0.00,0.00,0.00,0.00,0.00
20650,DL:0.1.0:AT.1.0.0,2022-3-4 13:51:1,42.25,0.00,0.00,18.011,-1.179,-5.734,12.277,16.832,0.00,0.00,0.00,0.00,0.00,0.00,0.00,0.00,0.00,0.00,0.00,0.00,0.00,0.00,0.00,0.00,0.00
20650,DL:0.1.0:AT.1.0.0,2022-3-4 13:51:6,42.25,0.00,0.00,18.033,-1.200,-5.755,12.278,16.832,0.00,0.00,0.00,0.00,0.00,0.00,0.00,0.00,0.00,0.00,0.00,0.00,0.00,0.00,0.00,0.00,0.00
20650,DL:0.1.0:AT.1.0.0,2022-3-4 13:51:12,42.25,0.00,0.00,18.016,-1.184,-5.737,12.280,16.832,0.00,0.00,0.00,0.00,0.00,0.00,0.00,0.00,0.00,0.00,0.00,0.00,0.00,0.00,0.00,0.00,0.00
20650,DL:0.1.0:AT.1.0.0,2022-3-4 13:51:17,42.25,0.00,0.00,18.029,-1.198,-5.750,12.280,16.831,0.00,0.00,0.00,0.00,0.00,0.00,0.00,0.00,0.00,0.00,0.00,0.00,0.00,0.00,0.00,0.00,0.00
20650,DL:0.1.0:AT.1.0.0,2022-3-4 13:51:23,42.25,0.00,0.00,18.045,-1.215,-5.764,12.281,16.830,0.00,0.00,0.00,0.00,0.00,0.00,0.00,0.00,0.00,0.00,0.00,0.00,0.00,0.00,0.00,0.00,0.00
20650,DL:0.1.0:AT.1.0.0,2022-3-4 13:51:31,42.25,0.00,0.00,18.025,-1.194,-5.743,12.282,16.830,0.00,0.00,0.00,0.00,0.00,0.00,0.00,0.00,0.00,0.00,0.00,0.00,0.00,0.00,0.00,0.00,0.00
20650,DL:0.1.0:AT.1.0.0,2022-3-4 13:51:37,42.25,0.00,0.00,18.039,-1.209,-5.758,12.281,16.830,0.00,0.00,0.00,0.00,0.00,0.00,0.00,0.00,0.00,0.00,0.00,0.00,0.00,0.00,0.00,0.00,0.00
20650,DL:0.1.0:AT.1.0.0,2022-3-4 13:51:42,42.25,0.00,0.00,18.027,-1.198,-5.745,12.282,16.829,0.00,0.00,0.00,0.00,0.00,0.00,0.00,0.00,0.00,0.00,0.00,0.00,0.00,0.00,0.00,0.00,0.00
20650,DL:0.1.0:AT.1.0.0,2022-3-4 13:51:47,42.25,0.00,0.00,18.038,-1.209,-5.755,12.283,16.829,0.00,0.00,0.00,0.00,0.00,0.00,0.00,0.00,0.00,0.00,0.00,0.00,0.00,0.00,0.00,0.00,0.00
20650,DL:0.1.0:AT.1.0.0,2022-3-4 13:51:54,42.25,0.00,0.00,18.053,-1.226,-5.770,12.283,16.828,0.00,0.00,0.00,0.00,0.00,0.00,0.00,0.00,0.00,0.00,0.00,0.00,0.00,0.00,0.00,0.00,0.00
20650,DL:0.1.0:AT.1.0.0,2022-3-4 13:51:59,42.25,0.00,0.00,18.043,-1.216,-5.758,12.284,16.826,0.00,0.00,0.00,0.00,0.00,0.00,0.00,0.00,0.00,0.00,0.00,0.00,0.00,0.00,0.00,0.00,0.00
20650,DL:0.1.0:AT.1.0.0,2022-3-4 13:52:4,42.25,0.00,0.00,18.043,-1.217,-5.758,12.284,16.825,0.00,0.00,0.00,0.00,0.00,0.00,0.00,0.00,0.00,0.00,0.00,0.00,0.00,0.00,0.00,0.00,0.00
20650,DL:0.1.0:AT.1.0.0,2022-3-4 13:52:9,42.25,0.00,0.00,18.041,-1.216,-5.758,12.283,16.825,0.00,0.00,0.00,0.00,0.00,0.00,0.00,0.00,0.00,0.00,0.00,0.00,0.00,0.00,0.00,0.00,0.00
20650,DL:0.1.0:AT.1.0.0,2022-3-4 13:52:14,42.25,0.00,0.00,18.044,-1.220,-5.761,12.283,16.824,0.00,0.00,0.00,0.00,0.00,0.00,0.00,0.00,0.00,0.00,0.00,0.00,0.00,0.00,0.00,0.00,0.00
20650,DL:0.1.0:AT.1.0.0,2022-3-4 13:52:19,42.25,0.00,0.00,18.020,-1.197,-5.732,12.288,16.823,0.00,0.00,0.00,0.00,0.00,0.00,0.00,0.00,0.00,0.00,0.00,0.00,0.00,0.00,0.00,0.00,0.00
20650,DL:0.1.0:AT.1.0.0,2022-3-4 13:52:25,42.25,0.00,0.00,18.031,-1.208,-5.743,12.288,16.823,0.00,0.00,0.00,0.00,0.00,0.00,0.00,0.00,0.00,0.00,0.00,0.00,0.00,0.00,0.00,0.00,0.00
20650,DL:0.1.0:AT.1.0.0,2022-3-4 13:52:30,42.25,0.00,0.00,18.027,-1.205,-5.739,12.288,16.822,0.00,0.00,0.00,0.00,0.00,0.00,0.00,0.00,0.00,0.00,0.00,0.00,0.00,0.00,0.00,0.00,0.00
20650,DL:0.1.0:AT.1.0.0,2022-3-4 13:52:35,42.25,0.00,0.00,18.069,-1.248,-5.780,12.289,16.820,0.00,0.00,0.00,0.00,0.00,0.00,0.00,0.00,0.00,0.00,0.00,0.00,0.00,0.00,0.00,0.00,0.00
20650,DL:0.1.0:AT.1.0.0,2022-3-4 13:52:40,42.25,0.00,0.00,18.029,-1.209,-5.740,12.289,16.820,0.00,0.00,0.00,0.00,0.00,0.00,0.00,0.00,0.00,0.00,0.00,0.00,0.00,0.00,0.00,0.00,0.00
20650,DL:0.1.0:AT.1.0.0,2022-3-4 13:52:45,42.25,0.00,0.00,18.038,-1.218,-5.750,12.288,16.819,0.00,0.00,0.00,0.00,0.00,0.00,0.00,0.00,0.00,0.00,0.00,0.00,0.00,0.00,0.00,0.00,0.00
20650,DL:0.1.0:AT.1.0.0,2022-3-4 13:52:51,42.25,0.00,0.00,18.057,-1.235,-5.768,12.289,16.822,0.00,0.00,0.00,0.00,0.00,0.00,0.00,0.00,0.00,0.00,0.00,0.00,0.00,0.00,0.00,0.00,0.00
20650,DL:0.1.0:AT.1.0.0,2022-3-4 13:52:56,42.25,0.00,0.00,18.043,-1.222,-5.755,12.288,16.820,0.00,0.00,0.00,0.00,0.00,0.00,0.00,0.00,0.00,0.00,0.00,0.00,0.00,0.00,0.00,0.00,0.00
20650,DL:0.1.0:AT.1.0.0,2022-3-4 13:53:1,42.25,0.00,0.00,18.020,-1.200,-5.732,12.288,16.819,0.00,0.00,0.00,0.00,0.00,0.00,0.00,0.00,0.00,0.00,0.00,0.00,0.00,0.00,0.00,0.00,0.00
20650,DL:0.1.0:AT.1.0.0,2022-3-4 13:53:6,42.25,0.00,0.00,18.061,-1.242,-5.773,12.288,16.818,0.00,0.00,0.00,0.00,0.00,0.00,0.00,0.00,0.00,0.00,0.00,0.00,0.00,0.00,0.00,0.00,0.00
20650,DL:0.1.0:AT.1.0.0,2022-3-4 13:53:13,42.25,0.00,0.00,18.049,-1.230,-5.761,12.288,16.818,0.00,0.00,0.00,0.00,0.00,0.00,0.00,0.00,0.00,0.00,0.00,0.00,0.00,0.00,0.00,0.00,0.00
20650,DL:0.1.0:AT.1.0.0,2022-3-4 13:53:18,42.25,0.00,0.00,18.046,-1.229,-5.757,12.289,16.817,0.00,0.00,0.00,0.00,0.00,0.00,0.00,0.00,0.00,0.00,0.00,0.00,0.00,0.00,0.00,0.00,0.00
20650,DL:0.1.0:AT.1.0.0,2022-3-4 13:53:23,42.25,0.00,0.00,18.031,-1.215,-5.744,12.287,16.816,0.00,0.00,0.00,0.00,0.00,0.00,0.00,0.00,0.00,0.00,0.00,0.00,0.00,0.00,0.00,0.00,0.00
20650,DL:0.1.0:AT.1.0.0,2022-3-4 13:53:29,42.25,0.00,0.00,18.033,-1.218,-5.745,12.288,16.814,0.00,0.00,0.00,0.00,0.00,0.00,0.00,0.00,0.00,0.00,0.00,0.00,0.00,0.00,0.00,0.00,0.00
20650,DL:0.1.0:AT.1.0.0,2022-3-4 13:53:34,42.25,0.00,0.00,18.059,-1.246,-5.771,12.288,16.813,0.00,0.00,0.00,0.00,0.00,0.00,0.00,0.00,0.00,0.00,0.00,0.00,0.00,0.00,0.00,0.00,0.00
20650,DL:0.1.0:AT.1.0.0,2022-3-4 13:53:40,42.25,0.00,0.00,18.063,-1.250,-5.775,12.288,16.813,0.00,0.00,0.00,0.00,0.00,0.00,0.00,0.00,0.00,0.00,0.00,0.00,0.00,0.00,0.00,0.00,0.00
20650,DL:0.1.0:AT.1.0.0,2022-3-4 13:53:47,42.25,0.00,0.00,18.067,-1.255,-5.779,12.288,16.812,0.00,0.00,0.00,0.00,0.00,0.00,0.00,0.00,0.00,0.00,0.00,0.00,0.00,0.00,0.00,0.00,0.00
20650,DL:0.1.0:AT.1.0.0,2022-3-4 13:53:52,42.25,0.00,0.00,18.047,-1.236,-5.759,12.288,16.811,0.00,0.00,0.00,0.00,0.00,0.00,0.00,0.00,0.00,0.00,0.00,0.00,0.00,0.00,0.00,0.00,0.00
20650,DL:0.1.0:AT.1.0.0,2022-3-4 13:53:58,42.25,0.00,0.00,18.050,-1.239,-5.762,12.288,16.811,0.00,0.00,0.00,0.00,0.00,0.00,0.00,0.00,0.00,0.00,0.00,0.00,0.00,0.00,0.00,0.00,0.00
20650,DL:0.1.0:AT.1.0.0,2022-3-4 13:54:3,42.25,0.00,0.00,18.033,-1.224,-5.745,12.288,16.808,0.00,0.00,0.00,0.00,0.00,0.00,0.00,0.00,0.00,0.00,0.00,0.00,0.00,0.00,0.00,0.00,0.00
20650,DL:0.1.0:AT.1.0.0,2022-3-4 13:54:8,42.25,0.00,0.00,18.034,-1.227,-5.745,12.289,16.807,0.00,0.00,0.00,0.00,0.00,0.00,0.00,0.00,0.00,0.00,0.00,0.00,0.00,0.00,0.00,0.00,0.00
20650,DL:0.1.0:AT.1.0.0,2022-3-4 13:54:13,42.25,0.00,0.00,18.052,-1.245,-5.763,12.289,16.807,0.00,0.00,0.00,0.00,0.00,0.00,0.00,0.00,0.00,0.00,0.00,0.00,0.00,0.00,0.00,0.00,0.00
20650,DL:0.1.0:AT.1.0.0,2022-3-4 13:54:18,42.25,0.00,0.00,18.046,-1.240,-5.758,12.288,16.806,0.00,0.00,0.00,0.00,0.00,0.00,0.00,0.00,0.00,0.00,0.00,0.00,0.00,0.00,0.00,0.00,0.00
20650,DL:0.1.0:AT.1.0.0,2022-3-4 13:54:25,42.25,0.00,0.00,18.053,-1.247,-5.765,12.288,16.806,0.00,0.00,0.00,0.00,0.00,0.00,0.00,0.00,0.00,0.00,0.00,0.00,0.00,0.00,0.00,0.00,0.00
20650,DL:0.1.0:AT.1.0.0,2022-3-4 13:54:30,42.25,0.00,0.00,18.041,-1.236,-5.752,12.289,16.805,0.00,0.00,0.00,0.00,0.00,0.00,0.00,0.00,0.00,0.00,0.00,0.00,0.00,0.00,0.00,0.00,0.00
20650,DL:0.1.0:AT.1.0.0,2022-3-4 13:54:35,42.25,0.00,0.00,18.021,-1.217,-5.733,12.288,16.804,0.00,0.00,0.00,0.00,0.00,0.00,0.00,0.00,0.00,0.00,0.00,0.00,0.00,0.00,0.00,0.00,0.00
20650,DL:0.1.0:AT.1.0.0,2022-3-4 13:54:42,42.25,0.00,0.00,18.050,-1.247,-5.762,12.288,16.802,0.00,0.00,0.00,0.00,0.00,0.00,0.00,0.00,0.00,0.00,0.00,0.00,0.00,0.00,0.00,0.00,0.00
20650,DL:0.1.0:AT.1.0.0,2022-3-4 13:54:49,42.25,0.00,0.00,18.069,-1.268,-5.781,12.288,16.801,0.00,0.00,0.00,0.00,0.00,0.00,0.00,0.00,0.00,0.00,0.00,0.00,0.00,0.00,0.00,0.00,0.00
20650,DL:0.1.0:AT.1.0.0,2022-3-4 13:54:55,42.25,0.00,0.00,18.038,-1.236,-5.750,12.288,16.801,0.00,0.00,0.00,0.00,0.00,0.00,0.00,0.00,0.00,0.00,0.00,0.00,0.00,0.00,0.00,0.00,0.00
20650,DL:0.1.0:AT.1.0.0,2022-3-4 13:55:0,42.25,0.00,0.00,18.065,-1.265,-5.777,12.288,16.800,0.00,0.00,0.00,0.00,0.00,0.00,0.00,0.00,0.00,0.00,0.00,0.00,0.00,0.00,0.00,0.00,0.00
20650,DL:0.1.0:AT.1.0.0,2022-3-4 13:55:8,42.25,0.00,0.00,18.014,-1.216,-5.726,12.288,16.798,0.00,0.00,0.00,0.00,0.00,0.00,0.00,0.00,0.00,0.00,0.00,0.00,0.00,0.00,0.00,0.00,0.00
20650,DL:0.1.0:AT.1.0.0,2022-3-4 13:55:13,42.50,0.00,0.00,18.063,-1.265,-5.775,12.288,16.798,0.00,0.00,0.00,0.00,0.00,0.00,0.00,0.00,0.00,0.00,0.00,0.00,0.00,0.00,0.00,0.00,0.00
20650,DL:0.1.0:AT.1.0.0,2022-3-4 13:55:18,42.50,0.00,0.00,18.064,-1.267,-5.777,12.287,16.798,0.00,0.00,0.00,0.00,0.00,0.00,0.00,0.00,0.00,0.00,0.00,0.00,0.00,0.00,0.00,0.00,0.00
20650,DL:0.1.0:AT.1.0.0,2022-3-4 13:55:24,42.50,0.00,0.00,18.034,-1.233,-5.747,12.287,16.801,0.00,0.00,0.00,0.00,0.00,0.00,0.00,0.00,0.00,0.00,0.00,0.00,0.00,0.00,0.00,0.00,0.00
20650,DL:0.1.0:AT.1.0.0,2022-3-4 13:55:31,42.50,0.00,0.00,18.056,-1.257,-5.768,12.288,16.799,0.00,0.00,0.00,0.00,0.00,0.00,0.00,0.00,0.00,0.00,0.00,0.00,0.00,0.00,0.00,0.00,0.00
20650,DL:0.1.0:AT.1.0.0,2022-3-4 13:55:37,42.50,0.00,0.00,18.067,-1.268,-5.779,12.288,16.799,0.00,0.00,0.00,0.00,0.00,0.00,0.00,0.00,0.00,0.00,0.00,0.00,0.00,0.00,0.00,0.00,0.00
20650,DL:0.1.0:AT.1.0.0,2022-3-4 13:55:42,42.50,0.00,0.00,18.070,-1.271,-5.783,12.287,16.799,0.00,0.00,0.00,0.00,0.00,0.00,0.00,0.00,0.00,0.00,0.00,0.00,0.00,0.00,0.00,0.00,0.00
20650,DL:0.1.0:AT.1.0.0,2022-3-4 13:55:47,42.50,0.00,0.00,18.062,-1.264,-5.775,12.287,16.798,0.00,0.00,0.00,0.00,0.00,0.00,0.00,0.00,0.00,0.00,0.00,0.00,0.00,0.00,0.00,0.00,0.00
20650,DL:0.1.0:AT.1.0.0,2022-3-4 13:55:52,42.50,0.00,0.00,18.062,-1.265,-5.775,12.287,16.796,0.00,0.00,0.00,0.00,0.00,0.00,0.00,0.00,0.00,0.00,0.00,0.00,0.00,0.00,0.00,0.00,0.00
20650,DL:0.1.0:AT.1.0.0,2022-3-4 13:55:58,42.50,0.00,0.00,18.077,-1.281,-5.791,12.287,16.796,0.00,0.00,0.00,0.00,0.00,0.00,0.00,0.00,0.00,0.00,0.00,0.00,0.00,0.00,0.00,0.00,0.00
20650,DL:0.1.0:AT.1.0.0,2022-3-4 13:56:6,42.50,0.00,0.00,18.062,-1.265,-5.775,12.287,16.796,0.00,0.00,0.00,0.00,0.00,0.00,0.00,0.00,0.00,0.00,0.00,0.00,0.00,0.00,0.00,0.00,0.00
20650,DL:0.1.0:AT.1.0.0,2022-3-4 13:56:11,42.50,0.00,0.00,18.069,-1.273,-5.781,12.288,16.796,0.00,0.00,0.00,0.00,0.00,0.00,0.00,0.00,0.00,0.00,0.00,0.00,0.00,0.00,0.00,0.00,0.00
20650,DL:0.1.0:AT.1.0.0,2022-3-4 13:56:16,42.50,0.00,0.00,18.037,-1.240,-5.749,12.288,16.796,0.00,0.00,0.00,0.00,0.00,0.00,0.00,0.00,0.00,0.00,0.00,0.00,0.00,0.00,0.00,0.00,0.00
20650,DL:0.1.0:AT.1.0.0,2022-3-4 13:56:21,42.50,0.00,0.00,18.085,-1.289,-5.797,12.288,16.795,0.00,0.00,0.00,0.00,0.00,0.00,0.00,0.00,0.00,0.00,0.00,0.00,0.00,0.00,0.00,0.00,0.00
20650,DL:0.1.0:AT.1.0.0,2022-3-4 13:56:26,42.50,0.00,0.00,18.071,-1.276,-5.785,12.287,16.795,0.00,0.00,0.00,0.00,0.00,0.00,0.00,0.00,0.00,0.00,0.00,0.00,0.00,0.00,0.00,0.00,0.00
20650,DL:0.1.0:AT.1.0.0,2022-3-4 13:56:31,42.50,0.00,0.00,18.088,-1.293,-5.800,12.288,16.795,0.00,0.00,0.00,0.00,0.00,0.00,0.00,0.00,0.00,0.00,0.00,0.00,0.00,0.00,0.00,0.00,0.00
20650,DL:0.1.0:AT.1.0.0,2022-3-4 13:56:37,42.50,0.00,0.00,18.073,-1.279,-5.786,12.287,16.794,0.00,0.00,0.00,0.00,0.00,0.00,0.00,0.00,0.00,0.00,0.00,0.00,0.00,0.00,0.00,0.00,0.00
20650,DL:0.1.0:AT.1.0.0,2022-3-4 13:56:43,42.50,0.00,0.00,18.053,-1.261,-5.765,12.288,16.793,0.00,0.00,0.00,0.00,0.00,0.00,0.00,0.00,0.00,0.00,0.00,0.00,0.00,0.00,0.00,0.00,0.00
20650,DL:0.1.0:AT.1.0.0,2022-3-4 13:56:48,42.50,0.00,0.00,18.069,-1.276,-5.781,12.288,16.793,0.00,0.00,0.00,0.00,0.00,0.00,0.00,0.00,0.00,0.00,0.00,0.00,0.00,0.00,0.00,0.00,0.00
20650,DL:0.1.0:AT.1.0.0,2022-3-4 13:56:53,42.50,0.00,0.00,18.057,-1.265,-5.769,12.288,16.792,0.00,0.00,0.00,0.00,0.00,0.00,0.00,0.00,0.00,0.00,0.00,0.00,0.00,0.00,0.00,0.00,0.00
20650,DL:0.1.0:AT.1.0.0,2022-3-4 13:56:58,42.50,0.00,0.00,18.059,-1.267,-5.771,12.288,16.793,0.00,0.00,0.00,0.00,0.00,0.00,0.00,0.00,0.00,0.00,0.00,0.00,0.00,0.00,0.00,0.00,0.00
20650,DL:0.1.0:AT.1.0.0,2022-3-4 13:57:3,42.50,0.00,0.00,18.073,-1.281,-5.785,12.288,16.792,0.00,0.00,0.00,0.00,0.00,0.00,0.00,0.00,0.00,0.00,0.00,0.00,0.00,0.00,0.00,0.00,0.00
20650,DL:0.1.0:AT.1.0.0,2022-3-4 13:57:8,42.50,0.00,0.00,18.068,-1.277,-5.780,12.288,16.790,0.00,0.00,0.00,0.00,0.00,0.00,0.00,0.00,0.00,0.00,0.00,0.00,0.00,0.00,0.00,0.00,0.00
20650,DL:0.1.0:AT.1.0.0,2022-3-4 13:57:14,42.50,0.00,0.00,18.082,-1.292,-5.794,12.288,16.790,0.00,0.00,0.00,0.00,0.00,0.00,0.00,0.00,0.00,0.00,0.00,0.00,0.00,0.00,0.00,0.00,0.00
20650,DL:0.1.0:AT.1.0.0,2022-3-4 13:57:19,42.50,0.00,0.00,18.062,-1.271,-5.774,12.288,16.790,0.00,0.00,0.00,0.00,0.00,0.00,0.00,0.00,0.00,0.00,0.00,0.00,0.00,0.00,0.00,0.00,0.00
20650,DL:0.1.0:AT.1.0.0,2022-3-4 13:57:24,42.50,0.00,0.00,18.067,-1.277,-5.780,12.287,16.789,0.00,0.00,0.00,0.00,0.00,0.00,0.00,0.00,0.00,0.00,0.00,0.00,0.00,0.00,0.00,0.00,0.00
20650,DL:0.1.0:AT.1.0.0,2022-3-4 13:57:29,42.50,0.00,0.00,18.077,-1.288,-5.791,12.287,16.789,0.00,0.00,0.00,0.00,0.00,0.00,0.00,0.00,0.00,0.00,0.00,0.00,0.00,0.00,0.00,0.00,0.00
20650,DL:0.1.0:AT.1.0.0,2022-3-4 13:57:34,42.50,0.00,0.00,18.080,-1.291,-5.792,12.288,16.789,0.00,0.00,0.00,0.00,0.00,0.00,0.00,0.00,0.00,0.00,0.00,0.00,0.00,0.00,0.00,0.00,0.00
20650,DL:0.1.0:AT.1.0.0,2022-3-4 13:58:15,42.50,0.00,0.00,18.045,-1.258,-5.757,12.288,16.787,0.00,0.00,0.00,0.00,0.00,0.00,0.00,0.00,0.00,0.00,0.00,0.00,0.00,0.00,0.00,0.00,0.00
20650,DL:0.1.0:AT.1.0.0,2022-3-4 13:58:22,42.50,0.00,0.00,18.067,-1.280,-5.779,12.288,16.787,0.00,0.00,0.00,0.00,0.00,0.00,0.00,0.00,0.00,0.00,0.00,0.00,0.00,0.00,0.00,0.00,0.00
20650,DL:0.1.0:AT.1.0.0,2022-3-4 13:58:28,42.50,0.00,0.00,18.067,-1.281,-5.780,12.287,16.786,0.00,0.00,0.00,0.00,0.00,0.00,0.00,0.00,0.00,0.00,0.00,0.00,0.00,0.00,0.00,0.00,0.00
20650,DL:0.1.0:AT.1.0.0,2022-3-4 13:58:33,42.50,0.00,0.00,18.050,-1.264,-5.762,12.288,16.786,0.00,0.00,0.00,0.00,0.00,0.00,0.00,0.00,0.00,0.00,0.00,0.00,0.00,0.00,0.00,0.00,0.00
20650,DL:0.1.0:AT.1.0.0,2022-3-4 13:58:39,42.50,0.00,0.00,18.047,-1.261,-5.759,12.288,16.787,0.00,0.00,0.00,0.00,0.00,0.00,0.00,0.00,0.00,0.00,0.00,0.00,0.00,0.00,0.00,0.00,0.00
20650,DL:0.1.0:AT.1.0.0,2022-3-4 13:58:47,42.50,0.00,0.00,18.026,-1.240,-5.737,12.289,16.786,0.00,0.00,0.00,0.00,0.00,0.00,0.00,0.00,0.00,0.00,0.00,0.00,0.00,0.00,0.00,0.00,0.00
20650,DL:0.1.0:AT.1.0.0,2022-3-4 13:58:53,42.50,0.00,0.00,18.079,-1.289,-5.789,12.289,16.789,0.00,0.00,0.00,0.00,0.00,0.00,0.00,0.00,0.00,0.00,0.00,0.00,0.00,0.00,0.00,0.00,0.00
20650,DL:0.1.0:AT.1.0.0,2022-3-4 13:58:58,42.50,0.00,0.00,18.056,-1.267,-5.768,12.288,16.789,0.00,0.00,0.00,0.00,0.00,0.00,0.00,0.00,0.00,0.00,0.00,0.00,0.00,0.00,0.00,0.00,0.00
20650,DL:0.1.0:AT.1.0.0,2022-3-4 13:59:4,42.50,0.00,0.00,18.043,-1.253,-5.753,12.289,16.789,0.00,0.00,0.00,0.00,0.00,0.00,0.00,0.00,0.00,0.00,0.00,0.00,0.00,0.00,0.00,0.00,0.00
20650,DL:0.1.0:AT.1.0.0,2022-3-4 13:59:9,42.50,0.00,0.00,18.038,-1.250,-5.749,12.289,16.788,0.00,0.00,0.00,0.00,0.00,0.00,0.00,0.00,0.00,0.00,0.00,0.00,0.00,0.00,0.00,0.00,0.00
20650,DL:0.1.0:AT.1.0.0,2022-3-4 13:59:14,42.50,0.00,0.00,18.055,-1.268,-5.767,12.288,16.787,0.00,0.00,0.00,0.00,0.00,0.00,0.00,0.00,0.00,0.00,0.00,0.00,0.00,0.00,0.00,0.00,0.00
20650,DL:0.1.0:AT.1.0.0,2022-3-4 13:59:19,42.50,0.00,0.00,18.079,-1.291,-5.789,12.289,16.788,0.00,0.00,0.00,0.00,0.00,0.00,0.00,0.00,0.00,0.00,0.00,0.00,0.00,0.00,0.00,0.00,0.00
20650,DL:0.1.0:AT.1.0.0,2022-3-4 13:59:24,42.50,0.00,0.00,18.063,-1.275,-5.773,12.290,16.788,0.00,0.00,0.00,0.00,0.00,0.00,0.00,0.00,0.00,0.00,0.00,0.00,0.00,0.00,0.00,0.00,0.00
20650,DL:0.1.0:AT.1.0.0,2022-3-4 13:59:31,42.50,0.00,0.00,18.062,-1.274,-5.773,12.289,16.788,0.00,0.00,0.00,0.00,0.00,0.00,0.00,0.00,0.00,0.00,0.00,0.00,0.00,0.00,0.00,0.00,0.00
20650,DL:0.1.0:AT.1.0.0,2022-3-4 13:59:37,42.50,0.00,0.00,18.065,-1.280,-5.776,12.289,16.786,0.00,0.00,0.00,0.00,0.00,0.00,0.00,0.00,0.00,0.00,0.00,0.00,0.00,0.00,0.00,0.00,0.00
20650,DL:0.1.0:AT.1.0.0,2022-3-4 13:59:42,42.50,0.00,0.00,18.034,-1.247,-5.745,12.289,16.787,0.00,0.00,0.00,0.00,0.00,0.00,0.00,0.00,0.00,0.00,0.00,0.00,0.00,0.00,0.00,0.00,0.00
20650,DL:0.1.0:AT.1.0.0,2022-3-4 13:59:47,42.50,0.00,0.00,18.086,-1.301,-5.798,12.288,16.784,0.00,0.00,0.00,0.00,0.00,0.00,0.00,0.00,0.00,0.00,0.00,0.00,0.00,0.00,0.00,0.00,0.00
20650,DL:0.1.0:AT.1.0.0,2022-3-4 13:59:52,42.50,0.00,0.00,18.073,-1.289,-5.785,12.288,16.783,0.00,0.00,0.00,0.00,0.00,0.00,0.00,0.00,0.00,0.00,0.00,0.00,0.00,0.00,0.00,0.00,0.00
20650,DL:0.1.0:AT.1.0.0,2022-3-4 13:59:58,42.50,0.00,0.00,18.068,-1.285,-5.780,12.288,16.783,0.00,0.00,0.00,0.00,0.00,0.00,0.00,0.00,0.00,0.00,0.00,0.00,0.00,0.00,0.00,0.00,0.00
20650,DL:0.1.0:AT.1.0.0,2022-3-4 14:0:3,42.50,0.00,0.00,18.051,-1.268,-5.762,12.289,16.783,0.00,0.00,0.00,0.00,0.00,0.00,0.00,0.00,0.00,0.00,0.00,0.00,0.00,0.00,0.00,0.00,0.00
20650,DL:0.1.0:AT.1.0.0,2022-3-4 14:0:9,42.50,0.00,0.00,18.076,-1.294,-5.787,12.289,16.782,0.00,0.00,0.00,0.00,0.00,0.00,0.00,0.00,0.00,0.00,0.00,0.00,0.00,0.00,0.00,0.00,0.00
20650,DL:0.1.0:AT.1.0.0,2022-3-4 14:0:14,42.50,0.00,0.00,18.069,-1.287,-5.780,12.289,16.782,0.00,0.00,0.00,0.00,0.00,0.00,0.00,0.00,0.00,0.00,0.00,0.00,0.00,0.00,0.00,0.00,0.00
20650,DL:0.1.0:AT.1.0.0,2022-3-4 14:0:20,42.50,0.00,0.00,18.071,-1.291,-5.782,12.289,16.781,0.00,0.00,0.00,0.00,0.00,0.00,0.00,0.00,0.00,0.00,0.00,0.00,0.00,0.00,0.00,0.00,0.00
20650,DL:0.1.0:AT.1.0.0,2022-3-4 14:0:25,42.50,0.00,0.00,18.068,-1.288,-5.779,12.289,16.780,0.00,0.00,0.00,0.00,0.00,0.00,0.00,0.00,0.00,0.00,0.00,0.00,0.00,0.00,0.00,0.00,0.00
20650,DL:0.1.0:AT.1.0.0,2022-3-4 14:0:30,42.50,0.00,0.00,18.092,-1.313,-5.804,12.288,16.778,0.00,0.00,0.00,0.00,0.00,0.00,0.00,0.00,0.00,0.00,0.00,0.00,0.00,0.00,0.00,0.00,0.00
20650,DL:0.1.0:AT.1.0.0,2022-3-4 14:0:36,42.50,0.00,0.00,18.085,-1.306,-5.797,12.288,16.778,0.00,0.00,0.00,0.00,0.00,0.00,0.00,0.00,0.00,0.00,0.00,0.00,0.00,0.00,0.00,0.00,0.00
20650,DL:0.1.0:AT.1.0.0,2022-3-4 14:0:42,42.50,0.00,0.00,18.093,-1.316,-5.806,12.287,16.777,0.00,0.00,0.00,0.00,0.00,0.00,0.00,0.00,0.00,0.00,0.00,0.00,0.00,0.00,0.00,0.00,0.00
20650,DL:0.1.0:AT.1.0.0,2022-3-4 14:0:47,42.50,0.00,0.00,18.092,-1.315,-5.804,12.288,16.777,0.00,0.00,0.00,0.00,0.00,0.00,0.00,0.00,0.00,0.00,0.00,0.00,0.00,0.00,0.00,0.00,0.00
20650,DL:0.1.0:AT.1.0.0,2022-3-4 14:0:52,42.50,0.00,0.00,18.088,-1.311,-5.800,12.288,16.777,0.00,0.00,0.00,0.00,0.00,0.00,0.00,0.00,0.00,0.00,0.00,0.00,0.00,0.00,0.00,0.00,0.00
20650,DL:0.1.0:AT.1.0.0,2022-3-4 14:0:57,42.50,0.00,0.00,18.082,-1.305,-5.794,12.288,16.777,0.00,0.00,0.00,0.00,0.00,0.00,0.00,0.00,0.00,0.00,0.00,0.00,0.00,0.00,0.00,0.00,0.00
20650,DL:0.1.0:AT.1.0.0,2022-3-4 14:1:4,42.50,0.00,0.00,18.081,-1.304,-5.793,12.288,16.777,0.00,0.00,0.00,0.00,0.00,0.00,0.00,0.00,0.00,0.00,0.00,0.00,0.00,0.00,0.00,0.00,0.00
20650,DL:0.1.0:AT.1.0.0,2022-3-4 14:1:10,42.50,0.00,0.00,18.109,-1.334,-5.821,12.288,16.775,0.00,0.00,0.00,0.00,0.00,0.00,0.00,0.00,0.00,0.00,0.00,0.00,0.00,0.00,0.00,0.00,0.00
20650,DL:0.1.0:AT.1.0.0,2022-3-4 14:1:15,42.50,0.00,0.00,18.083,-1.310,-5.795,12.288,16.774,0.00,0.00,0.00,0.00,0.00,0.00,0.00,0.00,0.00,0.00,0.00,0.00,0.00,0.00,0.00,0.00,0.00
20650,DL:0.1.0:AT.1.0.0,2022-3-4 14:1:20,42.50,0.00,0.00,18.080,-1.306,-5.792,12.288,16.774,0.00,0.00,0.00,0.00,0.00,0.00,0.00,0.00,0.00,0.00,0.00,0.00,0.00,0.00,0.00,0.00,0.00
20650,DL:0.1.0:AT.1.0.0,2022-3-4 14:1:25,42.50,0.00,0.00,18.051,-1.277,-5.763,12.288,16.774,0.00,0.00,0.00,0.00,0.00,0.00,0.00,0.00,0.00,0.00,0.00,0.00,0.00,0.00,0.00,0.00,0.00
20650,DL:0.1.0:AT.1.0.0,2022-3-4 14:1:30,42.50,0.00,0.00,18.053,-1.280,-5.767,12.287,16.774,0.00,0.00,0.00,0.00,0.00,0.00,0.00,0.00,0.00,0.00,0.00,0.00,0.00,0.00,0.00,0.00,0.00
20650,DL:0.1.0:AT.1.0.0,2022-3-4 14:1:35,42.50,0.00,0.00,18.047,-1.275,-5.759,12.288,16.772,0.00,0.00,0.00,0.00,0.00,0.00,0.00,0.00,0.00,0.00,0.00,0.00,0.00,0.00,0.00,0.00,0.00
20650,DL:0.1.0:AT.1.0.0,2022-3-4 14:1:42,42.75,0.00,0.00,18.083,-1.311,-5.795,12.288,16.772,0.00,0.00,0.00,0.00,0.00,0.00,0.00,0.00,0.00,0.00,0.00,0.00,0.00,0.00,0.00,0.00,0.00
20650,DL:0.1.0:AT.1.0.0,2022-3-4 14:1:47,42.75,0.00,0.00,18.056,-1.285,-5.769,12.287,16.771,0.00,0.00,0.00,0.00,0.00,0.00,0.00,0.00,0.00,0.00,0.00,0.00,0.00,0.00,0.00,0.00,0.00
20650,DL:0.1.0:AT.1.0.0,2022-3-4 14:1:53,42.75,0.00,0.00,18.074,-1.303,-5.787,12.287,16.771,0.00,0.00,0.00,0.00,0.00,0.00,0.00,0.00,0.00,0.00,0.00,0.00,0.00,0.00,0.00,0.00,0.00
20650,DL:0.1.0:AT.1.0.0,2022-3-4 14:1:59,42.75,0.00,0.00,18.067,-1.295,-5.780,12.287,16.771,0.00,0.00,0.00,0.00,0.00,0.00,0.00,0.00,0.00,0.00,0.00,0.00,0.00,0.00,0.00,0.00,0.00
20650,DL:0.1.0:AT.1.0.0,2022-3-4 14:2:4,42.75,0.00,0.00,18.064,-1.293,-5.777,12.287,16.771,0.00,0.00,0.00,0.00,0.00,0.00,0.00,0.00,0.00,0.00,0.00,0.00,0.00,0.00,0.00,0.00,0.00
20650,DL:0.1.0:AT.1.0.0,2022-3-4 14:2:9,42.75,0.00,0.00,18.047,-1.277,-5.761,12.287,16.770,0.00,0.00,0.00,0.00,0.00,0.00,0.00,0.00,0.00,0.00,0.00,0.00,0.00,0.00,0.00,0.00,0.00
20650,DL:0.1.0:AT.1.0.0,2022-3-4 14:2:16,42.75,0.00,0.00,18.064,-1.294,-5.779,12.286,16.770,0.00,0.00,0.00,0.00,0.00,0.00,0.00,0.00,0.00,0.00,0.00,0.00,0.00,0.00,0.00,0.00,0.00
20650,DL:0.1.0:AT.1.0.0,2022-3-4 14:2:21,42.75,0.00,0.00,18.088,-1.319,-5.803,12.286,16.769,0.00,0.00,0.00,0.00,0.00,0.00,0.00,0.00,0.00,0.00,0.00,0.00,0.00,0.00,0.00,0.00,0.00
20650,DL:0.1.0:AT.1.0.0,2022-3-4 14:2:26,42.75,0.00,0.00,18.093,-1.319,-5.807,12.286,16.774,0.00,0.00,0.00,0.00,0.00,0.00,0.00,0.00,0.00,0.00,0.00,0.00,0.00,0.00,0.00,0.00,0.00
20650,DL:0.1.0:AT.1.0.0,2022-3-4 14:2:35,42.75,0.00,0.00,18.068,-1.295,-5.783,12.284,16.772,0.00,0.00,0.00,0.00,0.00,0.00,0.00,0.00,0.00,0.00,0.00,0.00,0.00,0.00,0.00,0.00,0.00
20650,DL:0.1.0:AT.1.0.0,2022-3-4 14:2:40,42.75,0.00,0.00,18.092,-1.319,-5.806,12.286,16.772,0.00,0.00,0.00,0.00,0.00,0.00,0.00,0.00,0.00,0.00,0.00,0.00,0.00,0.00,0.00,0.00,0.00
20650,DL:0.1.0:AT.1.0.0,2022-3-4 14:2:46,42.75,0.00,0.00,18.057,-1.286,-5.773,12.284,16.771,0.00,0.00,0.00,0.00,0.00,0.00,0.00,0.00,0.00,0.00,0.00,0.00,0.00,0.00,0.00,0.00,0.00
20650,DL:0.1.0:AT.1.0.0,2022-3-4 14:2:51,42.75,0.00,0.00,18.069,-1.298,-5.783,12.286,16.771,0.00,0.00,0.00,0.00,0.00,0.00,0.00,0.00,0.00,0.00,0.00,0.00,0.00,0.00,0.00,0.00,0.00
20650,DL:0.1.0:AT.1.0.0,2022-3-4 14:2:56,42.75,0.00,0.00,18.074,-1.303,-5.789,12.284,16.771,0.00,0.00,0.00,0.00,0.00,0.00,0.00,0.00,0.00,0.00,0.00,0.00,0.00,0.00,0.00,0.00,0.00
20650,DL:0.1.0:AT.1.0.0,2022-3-4 14:3:1,42.75,0.00,0.00,18.055,-1.283,-5.770,12.284,16.771,0.00,0.00,0.00,0.00,0.00,0.00,0.00,0.00,0.00,0.00,0.00,0.00,0.00,0.00,0.00,0.00,0.00
20650,DL:0.1.0:AT.1.0.0,2022-3-4 14:3:6,42.75,0.00,0.00,18.076,-1.305,-5.791,12.286,16.771,0.00,0.00,0.00,0.00,0.00,0.00,0.00,0.00,0.00,0.00,0.00,0.00,0.00,0.00,0.00,0.00,0.00
20650,DL:0.1.0:AT.1.0.0,2022-3-4 14:3:11,42.75,0.00,0.00,18.087,-1.316,-5.801,12.286,16.771,0.00,0.00,0.00,0.00,0.00,0.00,0.00,0.00,0.00,0.00,0.00,0.00,0.00,0.00,0.00,0.00,0.00
20650,DL:0.1.0:AT.1.0.0,2022-3-4 14:3:16,42.75,0.00,0.00,18.059,-1.288,-5.774,12.286,16.771,0.00,0.00,0.00,0.00,0.00,0.00,0.00,0.00,0.00,0.00,0.00,0.00,0.00,0.00,0.00,0.00,0.00
20650,DL:0.1.0:AT.1.0.0,2022-3-4 14:3:21,42.75,0.00,0.00,18.089,-1.318,-5.805,12.284,16.771,0.00,0.00,0.00,0.00,0.00,0.00,0.00,0.00,0.00,0.00,0.00,0.00,0.00,0.00,0.00,0.00,0.00
20650,DL:0.1.0:AT.1.0.0,2022-3-4 14:3:26,42.75,0.00,0.00,18.058,-1.287,-5.773,12.286,16.771,0.00,0.00,0.00,0.00,0.00,0.00,0.00,0.00,0.00,0.00,0.00,0.00,0.00,0.00,0.00,0.00,0.00
20650,DL:0.1.0:AT.1.0.0,2022-3-4 14:3:32,42.75,0.00,0.00,18.071,-1.300,-5.786,12.286,16.771,0.00,0.00,0.00,0.00,0.00,0.00,0.00,0.00,0.00,0.00,0.00,0.00,0.00,0.00,0.00,0.00,0.00
20650,DL:0.1.0:AT.1.0.0,2022-3-4 14:3:39,42.75,0.00,0.00,18.058,-1.287,-5.774,12.284,16.771,0.00,0.00,0.00,0.00,0.00,0.00,0.00,0.00,0.00,0.00,0.00,0.00,0.00,0.00,0.00,0.00,0.00
20650,DL:0.1.0:AT.1.0.0,2022-3-4 14:3:46,42.75,0.00,0.00,18.067,-1.295,-5.782,12.284,16.771,0.00,0.00,0.00,0.00,0.00,0.00,0.00,0.00,0.00,0.00,0.00,0.00,0.00,0.00,0.00,0.00,0.00
20650,DL:0.1.0:AT.1.0.0,2022-3-4 14:3:51,42.75,0.00,0.00,18.028,-1.258,-5.744,12.284,16.770,0.00,0.00,0.00,0.00,0.00,0.00,0.00,0.00,0.00,0.00,0.00,0.00,0.00,0.00,0.00,0.00,0.00
20650,DL:0.1.0:AT.1.0.0,2022-3-4 14:3:56,42.75,0.00,0.00,18.059,-1.289,-5.774,12.286,16.770,0.00,0.00,0.00,0.00,0.00,0.00,0.00,0.00,0.00,0.00,0.00,0.00,0.00,0.00,0.00,0.00,0.00
20650,DL:0.1.0:AT.1.0.0,2022-3-4 14:4:1,42.75,0.00,0.00,18.050,-1.280,-5.764,12.286,16.770,0.00,0.00,0.00,0.00,0.00,0.00,0.00,0.00,0.00,0.00,0.00,0.00,0.00,0.00,0.00,0.00,0.00
20650,DL:0.1.0:AT.1.0.0,2022-3-4 14:4:6,42.75,0.00,0.00,18.055,-1.286,-5.769,12.286,16.769,0.00,0.00,0.00,0.00,0.00,0.00,0.00,0.00,0.00,0.00,0.00,0.00,0.00,0.00,0.00,0.00,0.00
20650,DL:0.1.0:AT.1.0.0,2022-3-4 14:4:13,42.75,0.00,0.00,18.083,-1.313,-5.798,12.286,16.770,0.00,0.00,0.00,0.00,0.00,0.00,0.00,0.00,0.00,0.00,0.00,0.00,0.00,0.00,0.00,0.00,0.00
20650,DL:0.1.0:AT.1.0.0,2022-3-4 14:4:18,42.75,0.00,0.00,18.052,-1.281,-5.768,12.284,16.771,0.00,0.00,0.00,0.00,0.00,0.00,0.00,0.00,0.00,0.00,0.00,0.00,0.00,0.00,0.00,0.00,0.00
20650,DL:0.1.0:AT.1.0.0,2022-3-4 14:4:23,42.75,0.00,0.00,18.039,-1.268,-5.752,12.287,16.771,0.00,0.00,0.00,0.00,0.00,0.00,0.00,0.00,0.00,0.00,0.00,0.00,0.00,0.00,0.00,0.00,0.00
20650,DL:0.1.0:AT.1.0.0,2022-3-4 14:4:29,42.75,0.00,0.00,18.023,-1.253,-5.737,12.287,16.770,0.00,0.00,0.00,0.00,0.00,0.00,0.00,0.00,0.00,0.00,0.00,0.00,0.00,0.00,0.00,0.00,0.00
20650,DL:0.1.0:AT.1.0.0,2022-3-4 14:4:34,42.75,0.00,0.00,18.057,-1.287,-5.769,12.288,16.770,0.00,0.00,0.00,0.00,0.00,0.00,0.00,0.00,0.00,0.00,0.00,0.00,0.00,0.00,0.00,0.00,0.00
20650,DL:0.1.0:AT.1.0.0,2022-3-4 14:4:41,42.75,0.00,0.00,18.014,-1.244,-5.726,12.288,16.770,0.00,0.00,0.00,0.00,0.00,0.00,0.00,0.00,0.00,0.00,0.00,0.00,0.00,0.00,0.00,0.00,0.00
20650,DL:0.1.0:AT.1.0.0,2022-3-4 14:4:46,42.75,0.00,0.00,18.065,-1.294,-5.776,12.289,16.771,0.00,0.00,0.00,0.00,0.00,0.00,0.00,0.00,0.00,0.00,0.00,0.00,0.00,0.00,0.00,0.00,0.00
20650,DL:0.1.0:AT.1.0.0,2022-3-4 14:4:53,42.75,0.00,0.00,18.035,-1.265,-5.747,12.288,16.770,0.00,0.00,0.00,0.00,0.00,0.00,0.00,0.00,0.00,0.00,0.00,0.00,0.00,0.00,0.00,0.00,0.00
20650,DL:0.1.0:AT.1.0.0,2022-3-4 14:4:58,42.75,0.00,0.00,18.053,-1.283,-5.764,12.289,16.770,0.00,0.00,0.00,0.00,0.00,0.00,0.00,0.00,0.00,0.00,0.00,0.00,0.00,0.00,0.00,0.00,0.00
20650,DL:0.1.0:AT.1.0.0,2022-3-4 14:5:3,42.75,0.00,0.00,18.070,-1.299,-5.781,12.289,16.771,0.00,0.00,0.00,0.00,0.00,0.00,0.00,0.00,0.00,0.00,0.00,0.00,0.00,0.00,0.00,0.00,0.00
20650,DL:0.1.0:AT.1.0.0,2022-3-4 14:5:8,42.75,0.00,0.00,18.055,-1.283,-5.765,12.289,16.771,0.00,0.00,0.00,0.00,0.00,0.00,0.00,0.00,0.00,0.00,0.00,0.00,0.00,0.00,0.00,0.00,0.00
20650,DL:0.1.0:AT.1.0.0,2022-3-4 14:5:14,42.75,0.00,0.00,18.070,-1.299,-5.781,12.289,16.771,0.00,0.00,0.00,0.00,0.00,0.00,0.00,0.00,0.00,0.00,0.00,0.00,0.00,0.00,0.00,0.00,0.00
20650,DL:0.1.0:AT.1.0.0,2022-3-4 14:5:19,42.75,0.00,0.00,18.094,-1.324,-5.805,12.289,16.770,0.00,0.00,0.00,0.00,0.00,0.00,0.00,0.00,0.00,0.00,0.00,0.00,0.00,0.00,0.00,0.00,0.00
20650,DL:0.1.0:AT.1.0.0,2022-3-4 14:5:24,42.75,0.00,0.00,18.064,-1.294,-5.774,12.290,16.770,0.00,0.00,0.00,0.00,0.00,0.00,0.00,0.00,0.00,0.00,0.00,0.00,0.00,0.00,0.00,0.00,0.00
20650,DL:0.1.0:AT.1.0.0,2022-3-4 14:5:29,42.75,0.00,0.00,18.057,-1.287,-5.768,12.289,16.770,0.00,0.00,0.00,0.00,0.00,0.00,0.00,0.00,0.00,0.00,0.00,0.00,0.00,0.00,0.00,0.00,0.00
20650,DL:0.1.0:AT.1.0.0,2022-3-4 14:5:36,42.75,0.00,0.00,18.092,-1.322,-5.803,12.289,16.770,0.00,0.00,0.00,0.00,0.00,0.00,0.00,0.00,0.00,0.00,0.00,0.00,0.00,0.00,0.00,0.00,0.00
20650,DL:0.1.0:AT.1.0.0,2022-3-4 14:5:43,42.75,0.00,0.00,18.064,-1.294,-5.774,12.290,16.770,0.00,0.00,0.00,0.00,0.00,0.00,0.00,0.00,0.00,0.00,0.00,0.00,0.00,0.00,0.00,0.00,0.00
20650,DL:0.1.0:AT.1.0.0,2022-3-4 14:5:48,42.75,0.00,0.00,18.061,-1.292,-5.770,12.290,16.769,0.00,0.00,0.00,0.00,0.00,0.00,0.00,0.00,0.00,0.00,0.00,0.00,0.00,0.00,0.00,0.00,0.00
20650,DL:0.1.0:AT.1.0.0,2022-3-4 14:5:54,42.75,0.00,0.00,18.045,-1.275,-5.755,12.290,16.770,0.00,0.00,0.00,0.00,0.00,0.00,0.00,0.00,0.00,0.00,0.00,0.00,0.00,0.00,0.00,0.00,0.00
20650,DL:0.1.0:AT.1.0.0,2022-3-4 14:5:59,42.75,0.00,0.00,18.068,-1.299,-5.779,12.289,16.769,0.00,0.00,0.00,0.00,0.00,0.00,0.00,0.00,0.00,0.00,0.00,0.00,0.00,0.00,0.00,0.00,0.00
20650,DL:0.1.0:AT.1.0.0,2022-3-4 14:6:6,42.75,0.00,0.00,18.035,-1.265,-5.745,12.290,16.770,0.00,0.00,0.00,0.00,0.00,0.00,0.00,0.00,0.00,0.00,0.00,0.00,0.00,0.00,0.00,0.00,0.00
20650,DL:0.1.0:AT.1.0.0,2022-3-4 14:6:11,42.75,0.00,0.00,18.023,-1.251,-5.733,12.290,16.772,0.00,0.00,0.00,0.00,0.00,0.00,0.00,0.00,0.00,0.00,0.00,0.00,0.00,0.00,0.00,0.00,0.00
20650,DL:0.1.0:AT.1.0.0,2022-3-4 14:6:16,42.75,0.00,0.00,18.012,-1.239,-5.722,12.290,16.774,0.00,0.00,0.00,0.00,0.00,0.00,0.00,0.00,0.00,0.00,0.00,0.00,0.00,0.00,0.00,0.00,0.00
20650,DL:0.1.0:AT.1.0.0,2022-3-4 14:6:21,42.75,0.00,0.00,18.064,-1.292,-5.773,12.292,16.772,0.00,0.00,0.00,0.00,0.00,0.00,0.00,0.00,0.00,0.00,0.00,0.00,0.00,0.00,0.00,0.00,0.00
20650,DL:0.1.0:AT.1.0.0,2022-3-4 14:6:28,42.75,0.00,0.00,18.065,-1.293,-5.775,12.290,16.772,0.00,0.00,0.00,0.00,0.00,0.00,0.00,0.00,0.00,0.00,0.00,0.00,0.00,0.00,0.00,0.00,0.00
20650,DL:0.1.0:AT.1.0.0,2022-3-4 14:6:34,42.75,0.00,0.00,18.050,-1.279,-5.759,12.290,16.771,0.00,0.00,0.00,0.00,0.00,0.00,0.00,0.00,0.00,0.00,0.00,0.00,0.00,0.00,0.00,0.00,0.00
20650,DL:0.1.0:AT.1.0.0,2022-3-4 14:6:39,42.75,0.00,0.00,18.028,-1.257,-5.737,12.292,16.771,0.00,0.00,0.00,0.00,0.00,0.00,0.00,0.00,0.00,0.00,0.00,0.00,0.00,0.00,0.00,0.00,0.00
20650,DL:0.1.0:AT.1.0.0,2022-3-4 14:6:44,42.75,0.00,0.00,18.059,-1.288,-5.769,12.290,16.771,0.00,0.00,0.00,0.00,0.00,0.00,0.00,0.00,0.00,0.00,0.00,0.00,0.00,0.00,0.00,0.00,0.00
20650,DL:0.1.0:AT.1.0.0,2022-3-4 14:6:51,42.75,0.00,0.00,18.061,-1.289,-5.771,12.289,16.771,0.00,0.00,0.00,0.00,0.00,0.00,0.00,0.00,0.00,0.00,0.00,0.00,0.00,0.00,0.00,0.00,0.00
20650,DL:0.1.0:AT.1.0.0,2022-3-4 14:6:56,42.75,0.00,0.00,18.085,-1.315,-5.793,12.292,16.770,0.00,0.00,0.00,0.00,0.00,0.00,0.00,0.00,0.00,0.00,0.00,0.00,0.00,0.00,0.00,0.00,0.00
20650,DL:0.1.0:AT.1.0.0,2022-3-4 14:7:1,42.75,0.00,0.00,18.055,-1.285,-5.763,12.292,16.770,0.00,0.00,0.00,0.00,0.00,0.00,0.00,0.00,0.00,0.00,0.00,0.00,0.00,0.00,0.00,0.00,0.00
20650,DL:0.1.0:AT.1.0.0,2022-3-4 14:7:6,42.75,0.00,0.00,18.077,-1.306,-5.787,12.290,16.771,0.00,0.00,0.00,0.00,0.00,0.00,0.00,0.00,0.00,0.00,0.00,0.00,0.00,0.00,0.00,0.00,0.00
20650,DL:0.1.0:AT.1.0.0,2022-3-4 14:7:11,42.75,0.00,0.00,18.073,-1.304,-5.781,12.292,16.769,0.00,0.00,0.00,0.00,0.00,0.00,0.00,0.00,0.00,0.00,0.00,0.00,0.00,0.00,0.00,0.00,0.00
20650,DL:0.1.0:AT.1.0.0,2022-3-4 14:7:19,42.75,0.00,0.00,18.053,-1.285,-5.762,12.292,16.769,0.00,0.00,0.00,0.00,0.00,0.00,0.00,0.00,0.00,0.00,0.00,0.00,0.00,0.00,0.00,0.00,0.00
20650,DL:0.1.0:AT.1.0.0,2022-3-4 14:7:24,42.75,0.00,0.00,18.053,-1.285,-5.763,12.290,16.769,0.00,0.00,0.00,0.00,0.00,0.00,0.00,0.00,0.00,0.00,0.00,0.00,0.00,0.00,0.00,0.00,0.00
20650,DL:0.1.0:AT.1.0.0,2022-3-4 14:7:29,42.75,0.00,0.00,18.026,-1.258,-5.734,12.292,16.768,0.00,0.00,0.00,0.00,0.00,0.00,0.00,0.00,0.00,0.00,0.00,0.00,0.00,0.00,0.00,0.00,0.00
20650,DL:0.1.0:AT.1.0.0,2022-3-4 14:7:35,42.75,0.00,0.00,18.071,-1.304,-5.781,12.290,16.768,0.00,0.00,0.00,0.00,0.00,0.00,0.00,0.00,0.00,0.00,0.00,0.00,0.00,0.00,0.00,0.00,0.00
20650,DL:0.1.0:AT.1.0.0,2022-3-4 14:7:40,42.75,0.00,0.00,18.051,-1.285,-5.759,12.292,16.766,0.00,0.00,0.00,0.00,0.00,0.00,0.00,0.00,0.00,0.00,0.00,0.00,0.00,0.00,0.00,0.00,0.00
20650,DL:0.1.0:AT.1.0.0,2022-3-4 14:7:47,42.75,0.00,0.00,18.051,-1.285,-5.761,12.290,16.766,0.00,0.00,0.00,0.00,0.00,0.00,0.00,0.00,0.00,0.00,0.00,0.00,0.00,0.00,0.00,0.00,0.00
20650,DL:0.1.0:AT.1.0.0,2022-3-4 14:7:52,42.75,0.00,0.00,18.069,-1.304,-5.779,12.290,16.765,0.00,0.00,0.00,0.00,0.00,0.00,0.00,0.00,0.00,0.00,0.00,0.00,0.00,0.00,0.00,0.00,0.00
20650,DL:0.1.0:AT.1.0.0,2022-3-4 14:8:0,42.75,0.00,0.00,18.043,-1.277,-5.751,12.292,16.765,0.00,0.00,0.00,0.00,0.00,0.00,0.00,0.00,0.00,0.00,0.00,0.00,0.00,0.00,0.00,0.00,0.00
20650,DL:0.1.0:AT.1.0.0,2022-3-4 14:8:5,42.75,0.00,0.00,18.029,-1.265,-5.739,12.290,16.764,0.00,0.00,0.00,0.00,0.00,0.00,0.00,0.00,0.00,0.00,0.00,0.00,0.00,0.00,0.00,0.00,0.00
20650,DL:0.1.0:AT.1.0.0,2022-3-4 14:8:11,42.75,0.00,0.00,18.039,-1.275,-5.747,12.292,16.764,0.00,0.00,0.00,0.00,0.00,0.00,0.00,0.00,0.00,0.00,0.00,0.00,0.00,0.00,0.00,0.00,0.00
20650,DL:0.1.0:AT.1.0.0,2022-3-4 14:8:17,42.75,0.00,0.00,18.058,-1.294,-5.768,12.290,16.764,0.00,0.00,0.00,0.00,0.00,0.00,0.00,0.00,0.00,0.00,0.00,0.00,0.00,0.00,0.00,0.00,0.00
20650,DL:0.1.0:AT.1.0.0,2022-3-4 14:8:24,42.75,0.00,0.00,18.029,-1.265,-5.737,12.293,16.764,0.00,0.00,0.00,0.00,0.00,0.00,0.00,0.00,0.00,0.00,0.00,0.00,0.00,0.00,0.00,0.00,0.00
20650,DL:0.1.0:AT.1.0.0,2022-3-4 14:8:31,42.75,0.00,0.00,18.055,-1.292,-5.763,12.292,16.763,0.00,0.00,0.00,0.00,0.00,0.00,0.00,0.00,0.00,0.00,0.00,0.00,0.00,0.00,0.00,0.00,0.00
20650,DL:0.1.0:AT.1.0.0,2022-3-4 14:8:37,42.75,0.00,0.00,18.019,-1.256,-5.727,12.292,16.763,0.00,0.00,0.00,0.00,0.00,0.00,0.00,0.00,0.00,0.00,0.00,0.00,0.00,0.00,0.00,0.00,0.00
20650,DL:0.1.0:AT.1.0.0,2022-3-4 14:8:42,42.75,0.00,0.00,18.028,-1.265,-5.738,12.290,16.763,0.00,0.00,0.00,0.00,0.00,0.00,0.00,0.00,0.00,0.00,0.00,0.00,0.00,0.00,0.00,0.00,0.00
20650,DL:0.1.0:AT.1.0.0,2022-3-4 14:8:47,42.75,0.00,0.00,17.991,-1.230,-5.701,12.290,16.760,0.00,0.00,0.00,0.00,0.00,0.00,0.00,0.00,0.00,0.00,0.00,0.00,0.00,0.00,0.00,0.00,0.00
20650,DL:0.1.0:AT.1.0.0,2022-3-4 14:8:52,42.75,0.00,0.00,18.055,-1.293,-5.764,12.290,16.762,0.00,0.00,0.00,0.00,0.00,0.00,0.00,0.00,0.00,0.00,0.00,0.00,0.00,0.00,0.00,0.00,0.00
20650,DL:0.1.0:AT.1.0.0,2022-3-4 14:8:57,42.75,0.00,0.00,18.016,-1.256,-5.726,12.290,16.760,0.00,0.00,0.00,0.00,0.00,0.00,0.00,0.00,0.00,0.00,0.00,0.00,0.00,0.00,0.00,0.00,0.00
20650,DL:0.1.0:AT.1.0.0,2022-3-4 14:9:2,42.75,0.00,0.00,18.040,-1.280,-5.750,12.290,16.760,0.00,0.00,0.00,0.00,0.00,0.00,0.00,0.00,0.00,0.00,0.00,0.00,0.00,0.00,0.00,0.00,0.00
20650,DL:0.1.0:AT.1.0.0,2022-3-4 14:9:7,42.75,0.00,0.00,18.063,-1.304,-5.773,12.290,16.759,0.00,0.00,0.00,0.00,0.00,0.00,0.00,0.00,0.00,0.00,0.00,0.00,0.00,0.00,0.00,0.00,0.00
20650,DL:0.1.0:AT.1.0.0,2022-3-4 14:9:12,42.75,0.00,0.00,18.043,-1.282,-5.752,12.290,16.760,0.00,0.00,0.00,0.00,0.00,0.00,0.00,0.00,0.00,0.00,0.00,0.00,0.00,0.00,0.00,0.00,0.00
20650,DL:0.1.0:AT.1.0.0,2022-3-4 14:9:17,42.75,0.00,0.00,18.059,-1.300,-5.769,12.290,16.759,0.00,0.00,0.00,0.00,0.00,0.00,0.00,0.00,0.00,0.00,0.00,0.00,0.00,0.00,0.00,0.00,0.00
20650,DL:0.1.0:AT.1.0.0,2022-3-4 14:9:22,42.75,0.00,0.00,18.056,-1.298,-5.764,12.292,16.758,0.00,0.00,0.00,0.00,0.00,0.00,0.00,0.00,0.00,0.00,0.00,0.00,0.00,0.00,0.00,0.00,0.00
20650,DL:0.1.0:AT.1.0.0,2022-3-4 14:9:28,42.75,0.00,0.00,18.057,-1.298,-5.767,12.290,16.759,0.00,0.00,0.00,0.00,0.00,0.00,0.00,0.00,0.00,0.00,0.00,0.00,0.00,0.00,0.00,0.00,0.00
20650,DL:0.1.0:AT.1.0.0,2022-3-4 14:9:34,42.75,0.00,0.00,18.047,-1.288,-5.757,12.290,16.759,0.00,0.00,0.00,0.00,0.00,0.00,0.00,0.00,0.00,0.00,0.00,0.00,0.00,0.00,0.00,0.00,0.00
20650,DL:0.1.0:AT.1.0.0,2022-3-4 14:9:39,42.75,0.00,0.00,18.011,-1.252,-5.721,12.290,16.759,0.00,0.00,0.00,0.00,0.00,0.00,0.00,0.00,0.00,0.00,0.00,0.00,0.00,0.00,0.00,0.00,0.00
20650,DL:0.1.0:AT.1.0.0,2022-3-4 14:9:44,42.75,0.00,0.00,18.044,-1.285,-5.753,12.290,16.759,0.00,0.00,0.00,0.00,0.00,0.00,0.00,0.00,0.00,0.00,0.00,0.00,0.00,0.00,0.00,0.00,0.00
20650,DL:0.1.0:AT.1.0.0,2022-3-4 14:9:50,42.75,0.00,0.00,18.068,-1.309,-5.777,12.290,16.759,0.00,0.00,0.00,0.00,0.00,0.00,0.00,0.00,0.00,0.00,0.00,0.00,0.00,0.00,0.00,0.00,0.00
20650,DL:0.1.0:AT.1.0.0,2022-3-4 14:9:55,42.75,0.00,0.00,18.059,-1.301,-5.768,12.292,16.758,0.00,0.00,0.00,0.00,0.00,0.00,0.00,0.00,0.00,0.00,0.00,0.00,0.00,0.00,0.00,0.00,0.00
20650,DL:0.1.0:AT.1.0.0,2022-3-4 14:10:1,42.75,0.00,0.00,18.051,-1.293,-5.761,12.290,16.758,0.00,0.00,0.00,0.00,0.00,0.00,0.00,0.00,0.00,0.00,0.00,0.00,0.00,0.00,0.00,0.00,0.00
20650,DL:0.1.0:AT.1.0.0,2022-3-4 14:10:6,42.75,0.00,0.00,18.063,-1.300,-5.773,12.290,16.763,0.00,0.00,0.00,0.00,0.00,0.00,0.00,0.00,0.00,0.00,0.00,0.00,0.00,0.00,0.00,0.00,0.00
20650,DL:0.1.0:AT.1.0.0,2022-3-4 14:10:11,42.75,0.00,0.00,18.067,-1.305,-5.776,12.290,16.762,0.00,0.00,0.00,0.00,0.00,0.00,0.00,0.00,0.00,0.00,0.00,0.00,0.00,0.00,0.00,0.00,0.00
20650,DL:0.1.0:AT.1.0.0,2022-3-4 14:10:17,42.75,0.00,0.00,18.043,-1.282,-5.752,12.290,16.760,0.00,0.00,0.00,0.00,0.00,0.00,0.00,0.00,0.00,0.00,0.00,0.00,0.00,0.00,0.00,0.00,0.00
20650,DL:0.1.0:AT.1.0.0,2022-3-4 14:10:25,42.75,0.00,0.00,18.023,-1.263,-5.733,12.290,16.760,0.00,0.00,0.00,0.00,0.00,0.00,0.00,0.00,0.00,0.00,0.00,0.00,0.00,0.00,0.00,0.00,0.00
20650,DL:0.1.0:AT.1.0.0,2022-3-4 14:10:30,42.75,0.00,0.00,17.998,-1.239,-5.708,12.290,16.759,0.00,0.00,0.00,0.00,0.00,0.00,0.00,0.00,0.00,0.00,0.00,0.00,0.00,0.00,0.00,0.00,0.00
20650,DL:0.1.0:AT.1.0.0,2022-3-4 14:10:35,42.75,0.00,0.00,18.039,-1.280,-5.747,12.292,16.759,0.00,0.00,0.00,0.00,0.00,0.00,0.00,0.00,0.00,0.00,0.00,0.00,0.00,0.00,0.00,0.00,0.00
20650,DL:0.1.0:AT.1.0.0,2022-3-4 14:10:40,42.75,0.00,0.00,18.041,-1.282,-5.750,12.292,16.759,0.00,0.00,0.00,0.00,0.00,0.00,0.00,0.00,0.00,0.00,0.00,0.00,0.00,0.00,0.00,0.00,0.00
20650,DL:0.1.0:AT.1.0.0,2022-3-4 14:10:45,42.75,0.00,0.00,18.028,-1.269,-5.737,12.292,16.759,0.00,0.00,0.00,0.00,0.00,0.00,0.00,0.00,0.00,0.00,0.00,0.00,0.00,0.00,0.00,0.00,0.00
20650,DL:0.1.0:AT.1.0.0,2022-3-4 14:10:50,42.75,0.00,0.00,18.034,-1.275,-5.743,12.292,16.759,0.00,0.00,0.00,0.00,0.00,0.00,0.00,0.00,0.00,0.00,0.00,0.00,0.00,0.00,0.00,0.00,0.00
20650,DL:0.1.0:AT.1.0.0,2022-3-4 14:10:55,42.75,0.00,0.00,18.053,-1.294,-5.763,12.290,16.759,0.00,0.00,0.00,0.00,0.00,0.00,0.00,0.00,0.00,0.00,0.00,0.00,0.00,0.00,0.00,0.00,0.00
20650,DL:0.1.0:AT.1.0.0,2022-3-4 14:11:0,42.75,0.00,0.00,18.044,-1.286,-5.752,12.292,16.758,0.00,0.00,0.00,0.00,0.00,0.00,0.00,0.00,0.00,0.00,0.00,0.00,0.00,0.00,0.00,0.00,0.00
20650,DL:0.1.0:AT.1.0.0,2022-3-4 14:11:5,42.75,0.00,0.00,18.043,-1.285,-5.751,12.292,16.758,0.00,0.00,0.00,0.00,0.00,0.00,0.00,0.00,0.00,0.00,0.00,0.00,0.00,0.00,0.00,0.00,0.00
20650,DL:0.1.0:AT.1.0.0,2022-3-4 14:11:10,42.75,0.00,0.00,18.039,-1.281,-5.746,12.293,16.758,0.00,0.00,0.00,0.00,0.00,0.00,0.00,0.00,0.00,0.00,0.00,0.00,0.00,0.00,0.00,0.00,0.00
20650,DL:0.1.0:AT.1.0.0,2022-3-4 14:11:15,42.75,0.00,0.00,18.075,-1.318,-5.783,12.292,16.757,0.00,0.00,0.00,0.00,0.00,0.00,0.00,0.00,0.00,0.00,0.00,0.00,0.00,0.00,0.00,0.00,0.00
20650,DL:0.1.0:AT.1.0.0,2022-3-4 14:11:21,42.75,0.00,0.00,18.058,-1.300,-5.767,12.292,16.758,0.00,0.00,0.00,0.00,0.00,0.00,0.00,0.00,0.00,0.00,0.00,0.00,0.00,0.00,0.00,0.00,0.00
20650,DL:0.1.0:AT.1.0.0,2022-3-4 14:11:26,42.75,0.00,0.00,18.041,-1.285,-5.749,12.293,16.757,0.00,0.00,0.00,0.00,0.00,0.00,0.00,0.00,0.00,0.00,0.00,0.00,0.00,0.00,0.00,0.00,0.00
20650,DL:0.1.0:AT.1.0.0,2022-3-4 14:11:32,42.75,0.00,0.00,18.027,-1.270,-5.734,12.293,16.757,0.00,0.00,0.00,0.00,0.00,0.00,0.00,0.00,0.00,0.00,0.00,0.00,0.00,0.00,0.00,0.00,0.00
20650,DL:0.1.0:AT.1.0.0,2022-3-4 14:11:38,42.75,0.00,0.00,18.043,-1.287,-5.751,12.292,16.756,0.00,0.00,0.00,0.00,0.00,0.00,0.00,0.00,0.00,0.00,0.00,0.00,0.00,0.00,0.00,0.00,0.00
20650,DL:0.1.0:AT.1.0.0,2022-3-4 14:11:43,42.75,0.00,0.00,18.059,-1.305,-5.768,12.292,16.754,0.00,0.00,0.00,0.00,0.00,0.00,0.00,0.00,0.00,0.00,0.00,0.00,0.00,0.00,0.00,0.00,0.00
20650,DL:0.1.0:AT.1.0.0,2022-3-4 14:11:48,42.75,0.00,0.00,18.061,-1.306,-5.769,12.292,16.754,0.00,0.00,0.00,0.00,0.00,0.00,0.00,0.00,0.00,0.00,0.00,0.00,0.00,0.00,0.00,0.00,0.00
20650,DL:0.1.0:AT.1.0.0,2022-3-4 14:11:53,42.75,0.00,0.00,18.062,-1.307,-5.770,12.292,16.754,0.00,0.00,0.00,0.00,0.00,0.00,0.00,0.00,0.00,0.00,0.00,0.00,0.00,0.00,0.00,0.00,0.00
20650,DL:0.1.0:AT.1.0.0,2022-3-4 14:11:58,42.75,0.00,0.00,18.071,-1.318,-5.779,12.293,16.753,0.00,0.00,0.00,0.00,0.00,0.00,0.00,0.00,0.00,0.00,0.00,0.00,0.00,0.00,0.00,0.00,0.00
20650,DL:0.1.0:AT.1.0.0,2022-3-4 14:12:4,42.75,0.00,0.00,18.057,-1.304,-5.765,12.292,16.753,0.00,0.00,0.00,0.00,0.00,0.00,0.00,0.00,0.00,0.00,0.00,0.00,0.00,0.00,0.00,0.00,0.00
20650,DL:0.1.0:AT.1.0.0,2022-3-4 14:12:9,42.75,0.00,0.00,18.094,-1.341,-5.803,12.292,16.753,0.00,0.00,0.00,0.00,0.00,0.00,0.00,0.00,0.00,0.00,0.00,0.00,0.00,0.00,0.00,0.00,0.00
20650,DL:0.1.0:AT.1.0.0,2022-3-4 14:12:14,42.75,0.00,0.00,18.080,-1.328,-5.787,12.293,16.752,0.00,0.00,0.00,0.00,0.00,0.00,0.00,0.00,0.00,0.00,0.00,0.00,0.00,0.00,0.00,0.00,0.00
20650,DL:0.1.0:AT.1.0.0,2022-3-4 14:12:19,42.75,0.00,0.00,18.070,-1.319,-5.779,12.292,16.751,0.00,0.00,0.00,0.00,0.00,0.00,0.00,0.00,0.00,0.00,0.00,0.00,0.00,0.00,0.00,0.00,0.00
20650,DL:0.1.0:AT.1.0.0,2022-3-4 14:12:24,42.75,0.00,0.00,18.068,-1.317,-5.775,12.293,16.751,0.00,0.00,0.00,0.00,0.00,0.00,0.00,0.00,0.00,0.00,0.00,0.00,0.00,0.00,0.00,0.00,0.00
20650,DL:0.1.0:AT.1.0.0,2022-3-4 14:12:30,42.75,0.00,0.00,18.101,-1.351,-5.810,12.292,16.751,0.00,0.00,0.00,0.00,0.00,0.00,0.00,0.00,0.00,0.00,0.00,0.00,0.00,0.00,0.00,0.00,0.00
20650,DL:0.1.0:AT.1.0.0,2022-3-4 14:12:36,42.75,0.00,0.00,18.082,-1.333,-5.789,12.293,16.750,0.00,0.00,0.00,0.00,0.00,0.00,0.00,0.00,0.00,0.00,0.00,0.00,0.00,0.00,0.00,0.00,0.00
20650,DL:0.1.0:AT.1.0.0,2022-3-4 14:12:42,42.75,0.00,0.00,18.077,-1.328,-5.785,12.293,16.750,0.00,0.00,0.00,0.00,0.00,0.00,0.00,0.00,0.00,0.00,0.00,0.00,0.00,0.00,0.00,0.00,0.00
20650,DL:0.1.0:AT.1.0.0,2022-3-4 14:12:47,42.75,0.00,0.00,18.057,-1.306,-5.764,12.293,16.751,0.00,0.00,0.00,0.00,0.00,0.00,0.00,0.00,0.00,0.00,0.00,0.00,0.00,0.00,0.00,0.00,0.00
20650,DL:0.1.0:AT.1.0.0,2022-3-4 14:12:52,42.75,0.00,0.00,18.063,-1.313,-5.769,12.294,16.750,0.00,0.00,0.00,0.00,0.00,0.00,0.00,0.00,0.00,0.00,0.00,0.00,0.00,0.00,0.00,0.00,0.00
20650,DL:0.1.0:AT.1.0.0,2022-3-4 14:12:57,42.75,0.00,0.00,18.083,-1.334,-5.789,12.294,16.750,0.00,0.00,0.00,0.00,0.00,0.00,0.00,0.00,0.00,0.00,0.00,0.00,0.00,0.00,0.00,0.00,0.00
20650,DL:0.1.0:AT.1.0.0,2022-3-4 14:13:2,42.75,0.00,0.00,18.086,-1.336,-5.792,12.294,16.750,0.00,0.00,0.00,0.00,0.00,0.00,0.00,0.00,0.00,0.00,0.00,0.00,0.00,0.00,0.00,0.00,0.00
20650,DL:0.1.0:AT.1.0.0,2022-3-4 14:13:7,42.75,0.00,0.00,18.073,-1.323,-5.777,12.295,16.750,0.00,0.00,0.00,0.00,0.00,0.00,0.00,0.00,0.00,0.00,0.00,0.00,0.00,0.00,0.00,0.00,0.00
20650,DL:0.1.0:AT.1.0.0,2022-3-4 14:13:12,42.75,0.00,0.00,18.068,-1.316,-5.773,12.295,16.752,0.00,0.00,0.00,0.00,0.00,0.00,0.00,0.00,0.00,0.00,0.00,0.00,0.00,0.00,0.00,0.00,0.00
20650,DL:0.1.0:AT.1.0.0,2022-3-4 14:13:18,42.75,0.00,0.00,18.086,-1.333,-5.789,12.296,16.753,0.00,0.00,0.00,0.00,0.00,0.00,0.00,0.00,0.00,0.00,0.00,0.00,0.00,0.00,0.00,0.00,0.00
20650,DL:0.1.0:AT.1.0.0,2022-3-4 14:13:23,43.00,0.00,0.00,18.073,-1.319,-5.776,12.296,16.753,0.00,0.00,0.00,0.00,0.00,0.00,0.00,0.00,0.00,0.00,0.00,0.00,0.00,0.00,0.00,0.00,0.00
20650,DL:0.1.0:AT.1.0.0,2022-3-4 14:13:30,43.00,0.00,0.00,18.057,-1.303,-5.761,12.296,16.754,0.00,0.00,0.00,0.00,0.00,0.00,0.00,0.00,0.00,0.00,0.00,0.00,0.00,0.00,0.00,0.00,0.00
20650,DL:0.1.0:AT.1.0.0,2022-3-4 14:13:35,43.00,0.00,0.00,18.037,-1.282,-5.739,12.298,16.754,0.00,0.00,0.00,0.00,0.00,0.00,0.00,0.00,0.00,0.00,0.00,0.00,0.00,0.00,0.00,0.00,0.00
20650,DL:0.1.0:AT.1.0.0,2022-3-4 14:13:41,43.00,0.00,0.00,18.074,-1.321,-5.776,12.298,16.753,0.00,0.00,0.00,0.00,0.00,0.00,0.00,0.00,0.00,0.00,0.00,0.00,0.00,0.00,0.00,0.00,0.00
20650,DL:0.1.0:AT.1.0.0,2022-3-4 14:13:46,43.00,0.00,0.00,18.057,-1.305,-5.758,12.299,16.752,0.00,0.00,0.00,0.00,0.00,0.00,0.00,0.00,0.00,0.00,0.00,0.00,0.00,0.00,0.00,0.00,0.00
20650,DL:0.1.0:AT.1.0.0,2022-3-4 14:13:51,43.00,0.00,0.00,18.065,-1.313,-5.765,12.300,16.752,0.00,0.00,0.00,0.00,0.00,0.00,0.00,0.00,0.00,0.00,0.00,0.00,0.00,0.00,0.00,0.00,0.00
20650,DL:0.1.0:AT.1.0.0,2022-3-4 14:13:56,43.00,0.00,0.00,18.079,-1.327,-5.780,12.299,16.752,0.00,0.00,0.00,0.00,0.00,0.00,0.00,0.00,0.00,0.00,0.00,0.00,0.00,0.00,0.00,0.00,0.00
20650,DL:0.1.0:AT.1.0.0,2022-3-4 14:14:1,43.00,0.00,0.00,18.085,-1.333,-5.785,12.300,16.752,0.00,0.00,0.00,0.00,0.00,0.00,0.00,0.00,0.00,0.00,0.00,0.00,0.00,0.00,0.00,0.00,0.00
20650,DL:0.1.0:AT.1.0.0,2022-3-4 14:14:7,43.00,0.00,0.00,18.104,-1.353,-5.803,12.301,16.751,0.00,0.00,0.00,0.00,0.00,0.00,0.00,0.00,0.00,0.00,0.00,0.00,0.00,0.00,0.00,0.00,0.00
20650,DL:0.1.0:AT.1.0.0,2022-3-4 14:14:12,43.00,0.00,0.00,18.073,-1.322,-5.770,12.302,16.751,0.00,0.00,0.00,0.00,0.00,0.00,0.00,0.00,0.00,0.00,0.00,0.00,0.00,0.00,0.00,0.00,0.00
20650,DL:0.1.0:AT.1.0.0,2022-3-4 14:14:17,43.00,0.00,0.00,18.049,-1.298,-5.746,12.302,16.751,0.00,0.00,0.00,0.00,0.00,0.00,0.00,0.00,0.00,0.00,0.00,0.00,0.00,0.00,0.00,0.00,0.00
20650,DL:0.1.0:AT.1.0.0,2022-3-4 14:14:22,43.00,0.00,0.00,18.053,-1.303,-5.751,12.302,16.751,0.00,0.00,0.00,0.00,0.00,0.00,0.00,0.00,0.00,0.00,0.00,0.00,0.00,0.00,0.00,0.00,0.00
20650,DL:0.1.0:AT.1.0.0,2022-3-4 14:14:28,43.00,0.00,0.00,18.029,-1.279,-5.726,12.304,16.751,0.00,0.00,0.00,0.00,0.00,0.00,0.00,0.00,0.00,0.00,0.00,0.00,0.00,0.00,0.00,0.00,0.00
20650,DL:0.1.0:AT.1.0.0,2022-3-4 14:14:33,43.00,0.00,0.00,18.041,-1.291,-5.738,12.304,16.751,0.00,0.00,0.00,0.00,0.00,0.00,0.00,0.00,0.00,0.00,0.00,0.00,0.00,0.00,0.00,0.00,0.00
20650,DL:0.1.0:AT.1.0.0,2022-3-4 14:14:38,43.00,0.00,0.00,18.052,-1.303,-5.747,12.305,16.750,0.00,0.00,0.00,0.00,0.00,0.00,0.00,0.00,0.00,0.00,0.00,0.00,0.00,0.00,0.00,0.00,0.00
20650,DL:0.1.0:AT.1.0.0,2022-3-4 14:14:43,43.00,0.00,0.00,18.017,-1.268,-5.711,12.306,16.750,0.00,0.00,0.00,0.00,0.00,0.00,0.00,0.00,0.00,0.00,0.00,0.00,0.00,0.00,0.00,0.00,0.00
20650,DL:0.1.0:AT.1.0.0,2022-3-4 14:14:48,43.00,0.00,0.00,18.025,-1.276,-5.719,12.306,16.748,0.00,0.00,0.00,0.00,0.00,0.00,0.00,0.00,0.00,0.00,0.00,0.00,0.00,0.00,0.00,0.00,0.00
20650,DL:0.1.0:AT.1.0.0,2022-3-4 14:14:54,43.00,0.00,0.00,18.083,-1.335,-5.777,12.306,16.748,0.00,0.00,0.00,0.00,0.00,0.00,0.00,0.00,0.00,0.00,0.00,0.00,0.00,0.00,0.00,0.00,0.00
20650,DL:0.1.0:AT.1.0.0,2022-3-4 14:14:59,43.00,0.00,0.00,18.055,-1.306,-5.749,12.306,16.748,0.00,0.00,0.00,0.00,0.00,0.00,0.00,0.00,0.00,0.00,0.00,0.00,0.00,0.00,0.00,0.00,0.00
20650,DL:0.1.0:AT.1.0.0,2022-3-4 14:15:4,43.00,0.00,0.00,18.052,-1.304,-5.744,12.308,16.748,0.00,0.00,0.00,0.00,0.00,0.00,0.00,0.00,0.00,0.00,0.00,0.00,0.00,0.00,0.00,0.00,0.00
20650,DL:0.1.0:AT.1.0.0,2022-3-4 14:15:9,43.00,0.00,0.00,18.062,-1.313,-5.755,12.307,16.748,0.00,0.00,0.00,0.00,0.00,0.00,0.00,0.00,0.00,0.00,0.00,0.00,0.00,0.00,0.00,0.00,0.00
20650,DL:0.1.0:AT.1.0.0,2022-3-4 14:15:14,43.00,0.00,0.00,18.061,-1.313,-5.753,12.307,16.747,0.00,0.00,0.00,0.00,0.00,0.00,0.00,0.00,0.00,0.00,0.00,0.00,0.00,0.00,0.00,0.00,0.00
20650,DL:0.1.0:AT.1.0.0,2022-3-4 14:15:19,43.00,0.00,0.00,18.051,-1.304,-5.744,12.307,16.747,0.00,0.00,0.00,0.00,0.00,0.00,0.00,0.00,0.00,0.00,0.00,0.00,0.00,0.00,0.00,0.00,0.00
20650,DL:0.1.0:AT.1.0.0,2022-3-4 14:15:24,43.00,0.00,0.00,18.074,-1.328,-5.767,12.307,16.746,0.00,0.00,0.00,0.00,0.00,0.00,0.00,0.00,0.00,0.00,0.00,0.00,0.00,0.00,0.00,0.00,0.00
20650,DL:0.1.0:AT.1.0.0,2022-3-4 14:15:31,43.00,0.00,0.00,18.074,-1.324,-5.767,12.307,16.750,0.00,0.00,0.00,0.00,0.00,0.00,0.00,0.00,0.00,0.00,0.00,0.00,0.00,0.00,0.00,0.00,0.00
20650,DL:0.1.0:AT.1.0.0,2022-3-4 14:15:37,43.00,0.00,0.00,18.082,-1.333,-5.774,12.308,16.750,0.00,0.00,0.00,0.00,0.00,0.00,0.00,0.00,0.00,0.00,0.00,0.00,0.00,0.00,0.00,0.00,0.00
20650,DL:0.1.0:AT.1.0.0,2022-3-4 14:15:42,43.00,0.00,0.00,18.075,-1.327,-5.767,12.308,16.748,0.00,0.00,0.00,0.00,0.00,0.00,0.00,0.00,0.00,0.00,0.00,0.00,0.00,0.00,0.00,0.00,0.00
20650,DL:0.1.0:AT.1.0.0,2022-3-4 14:15:47,43.00,0.00,0.00,18.091,-1.343,-5.783,12.307,16.747,0.00,0.00,0.00,0.00,0.00,0.00,0.00,0.00,0.00,0.00,0.00,0.00,0.00,0.00,0.00,0.00,0.00
20650,DL:0.1.0:AT.1.0.0,2022-3-4 14:15:52,43.00,0.00,0.00,18.076,-1.329,-5.769,12.307,16.747,0.00,0.00,0.00,0.00,0.00,0.00,0.00,0.00,0.00,0.00,0.00,0.00,0.00,0.00,0.00,0.00,0.00
20650,DL:0.1.0:AT.1.0.0,2022-3-4 14:15:57,43.00,0.00,0.00,18.088,-1.342,-5.781,12.307,16.746,0.00,0.00,0.00,0.00,0.00,0.00,0.00,0.00,0.00,0.00,0.00,0.00,0.00,0.00,0.00,0.00,0.00
20650,DL:0.1.0:AT.1.0.0,2022-3-4 14:16:2,43.00,0.00,0.00,18.111,-1.365,-5.804,12.307,16.746,0.00,0.00,0.00,0.00,0.00,0.00,0.00,0.00,0.00,0.00,0.00,0.00,0.00,0.00,0.00,0.00,0.00
20650,DL:0.1.0:AT.1.0.0,2022-3-4 14:16:7,43.00,0.00,0.00,18.067,-1.321,-5.758,12.308,16.746,0.00,0.00,0.00,0.00,0.00,0.00,0.00,0.00,0.00,0.00,0.00,0.00,0.00,0.00,0.00,0.00,0.00
20650,DL:0.1.0:AT.1.0.0,2022-3-4 14:16:12,43.00,0.00,0.00,18.099,-1.354,-5.792,12.307,16.745,0.00,0.00,0.00,0.00,0.00,0.00,0.00,0.00,0.00,0.00,0.00,0.00,0.00,0.00,0.00,0.00,0.00
20650,DL:0.1.0:AT.1.0.0,2022-3-4 14:16:17,43.00,0.00,0.00,18.109,-1.365,-5.801,12.307,16.744,0.00,0.00,0.00,0.00,0.00,0.00,0.00,0.00,0.00,0.00,0.00,0.00,0.00,0.00,0.00,0.00,0.00
20650,DL:0.1.0:AT.1.0.0,2022-3-4 14:16:23,43.00,0.00,0.00,18.104,-1.361,-5.797,12.307,16.742,0.00,0.00,0.00,0.00,0.00,0.00,0.00,0.00,0.00,0.00,0.00,0.00,0.00,0.00,0.00,0.00,0.00
20650,DL:0.1.0:AT.1.0.0,2022-3-4 14:16:29,43.00,0.00,0.00,18.110,-1.369,-5.803,12.307,16.741,0.00,0.00,0.00,0.00,0.00,0.00,0.00,0.00,0.00,0.00,0.00,0.00,0.00,0.00,0.00,0.00,0.00
20650,DL:0.1.0:AT.1.0.0,2022-3-4 14:16:35,43.00,0.00,0.00,18.104,-1.364,-5.797,12.307,16.740,0.00,0.00,0.00,0.00,0.00,0.00,0.00,0.00,0.00,0.00,0.00,0.00,0.00,0.00,0.00,0.00,0.00
20650,DL:0.1.0:AT.1.0.0,2022-3-4 14:16:40,43.00,0.00,0.00,18.083,-1.343,-5.777,12.306,16.740,0.00,0.00,0.00,0.00,0.00,0.00,0.00,0.00,0.00,0.00,0.00,0.00,0.00,0.00,0.00,0.00,0.00
20650,DL:0.1.0:AT.1.0.0,2022-3-4 14:16:47,43.00,0.00,0.00,18.117,-1.377,-5.810,12.307,16.740,0.00,0.00,0.00,0.00,0.00,0.00,0.00,0.00,0.00,0.00,0.00,0.00,0.00,0.00,0.00,0.00,0.00
20650,DL:0.1.0:AT.1.0.0,2022-3-4 14:16:52,43.00,0.00,0.00,18.089,-1.349,-5.782,12.307,16.740,0.00,0.00,0.00,0.00,0.00,0.00,0.00,0.00,0.00,0.00,0.00,0.00,0.00,0.00,0.00,0.00,0.00
20650,DL:0.1.0:AT.1.0.0,2022-3-4 14:16:58,43.00,0.00,0.00,18.099,-1.361,-5.793,12.306,16.738,0.00,0.00,0.00,0.00,0.00,0.00,0.00,0.00,0.00,0.00,0.00,0.00,0.00,0.00,0.00,0.00,0.00
20650,DL:0.1.0:AT.1.0.0,2022-3-4 14:17:3,43.00,0.00,0.00,18.089,-1.352,-5.783,12.306,16.738,0.00,0.00,0.00,0.00,0.00,0.00,0.00,0.00,0.00,0.00,0.00,0.00,0.00,0.00,0.00,0.00,0.00
20650,DL:0.1.0:AT.1.0.0,2022-3-4 14:17:8,43.00,0.00,0.00,18.079,-1.342,-5.773,12.306,16.736,0.00,0.00,0.00,0.00,0.00,0.00,0.00,0.00,0.00,0.00,0.00,0.00,0.00,0.00,0.00,0.00,0.00
20650,DL:0.1.0:AT.1.0.0,2022-3-4 14:17:13,43.00,0.00,0.00,18.082,-1.347,-5.776,12.306,16.735,0.00,0.00,0.00,0.00,0.00,0.00,0.00,0.00,0.00,0.00,0.00,0.00,0.00,0.00,0.00,0.00,0.00
20650,DL:0.1.0:AT.1.0.0,2022-3-4 14:17:18,43.00,0.00,0.00,18.099,-1.364,-5.793,12.306,16.735,0.00,0.00,0.00,0.00,0.00,0.00,0.00,0.00,0.00,0.00,0.00,0.00,0.00,0.00,0.00,0.00,0.00
20650,DL:0.1.0:AT.1.0.0,2022-3-4 14:17:25,43.00,0.00,0.00,18.100,-1.367,-5.794,12.306,16.733,0.00,0.00,0.00,0.00,0.00,0.00,0.00,0.00,0.00,0.00,0.00,0.00,0.00,0.00,0.00,0.00,0.00
20650,DL:0.1.0:AT.1.0.0,2022-3-4 14:17:31,43.00,0.00,0.00,18.092,-1.359,-5.786,12.306,16.733,0.00,0.00,0.00,0.00,0.00,0.00,0.00,0.00,0.00,0.00,0.00,0.00,0.00,0.00,0.00,0.00,0.00
20650,DL:0.1.0:AT.1.0.0,2022-3-4 14:17:36,43.00,0.00,0.00,18.076,-1.343,-5.769,12.307,16.733,0.00,0.00,0.00,0.00,0.00,0.00,0.00,0.00,0.00,0.00,0.00,0.00,0.00,0.00,0.00,0.00,0.00
20650,DL:0.1.0:AT.1.0.0,2022-3-4 14:17:42,43.00,0.00,0.00,18.086,-1.354,-5.780,12.306,16.732,0.00,0.00,0.00,0.00,0.00,0.00,0.00,0.00,0.00,0.00,0.00,0.00,0.00,0.00,0.00,0.00,0.00
20650,DL:0.1.0:AT.1.0.0,2022-3-4 14:17:47,43.00,0.00,0.00,18.075,-1.345,-5.768,12.307,16.730,0.00,0.00,0.00,0.00,0.00,0.00,0.00,0.00,0.00,0.00,0.00,0.00,0.00,0.00,0.00,0.00,0.00
20650,DL:0.1.0:AT.1.0.0,2022-3-4 14:17:52,43.00,0.00,0.00,18.093,-1.363,-5.786,12.307,16.730,0.00,0.00,0.00,0.00,0.00,0.00,0.00,0.00,0.00,0.00,0.00,0.00,0.00,0.00,0.00,0.00,0.00
20650,DL:0.1.0:AT.1.0.0,2022-3-4 14:17:59,43.00,0.00,0.00,18.075,-1.345,-5.767,12.308,16.730,0.00,0.00,0.00,0.00,0.00,0.00,0.00,0.00,0.00,0.00,0.00,0.00,0.00,0.00,0.00,0.00,0.00
20650,DL:0.1.0:AT.1.0.0,2022-3-4 14:18:4,43.00,0.00,0.00,18.074,-1.343,-5.767,12.307,16.730,0.00,0.00,0.00,0.00,0.00,0.00,0.00,0.00,0.00,0.00,0.00,0.00,0.00,0.00,0.00,0.00,0.00
20650,DL:0.1.0:AT.1.0.0,2022-3-4 14:18:9,43.00,0.00,0.00,18.101,-1.372,-5.794,12.307,16.729,0.00,0.00,0.00,0.00,0.00,0.00,0.00,0.00,0.00,0.00,0.00,0.00,0.00,0.00,0.00,0.00,0.00
20650,DL:0.1.0:AT.1.0.0,2022-3-4 14:18:14,43.00,0.00,0.00,18.077,-1.345,-5.768,12.310,16.733,0.00,0.00,0.00,0.00,0.00,0.00,0.00,0.00,0.00,0.00,0.00,0.00,0.00,0.00,0.00,0.00,0.00
20650,DL:0.1.0:AT.1.0.0,2022-3-4 14:18:20,43.00,0.00,0.00,18.097,-1.365,-5.788,12.308,16.732,0.00,0.00,0.00,0.00,0.00,0.00,0.00,0.00,0.00,0.00,0.00,0.00,0.00,0.00,0.00,0.00,0.00
20650,DL:0.1.0:AT.1.0.0,2022-3-4 14:18:25,43.00,0.00,0.00,18.076,-1.345,-5.768,12.308,16.732,0.00,0.00,0.00,0.00,0.00,0.00,0.00,0.00,0.00,0.00,0.00,0.00,0.00,0.00,0.00,0.00,0.00
20650,DL:0.1.0:AT.1.0.0,2022-3-4 14:18:31,43.00,0.00,0.00,18.081,-1.351,-5.773,12.308,16.730,0.00,0.00,0.00,0.00,0.00,0.00,0.00,0.00,0.00,0.00,0.00,0.00,0.00,0.00,0.00,0.00,0.00
20650,DL:0.1.0:AT.1.0.0,2022-3-4 14:18:36,43.00,0.00,0.00,18.091,-1.360,-5.783,12.307,16.730,0.00,0.00,0.00,0.00,0.00,0.00,0.00,0.00,0.00,0.00,0.00,0.00,0.00,0.00,0.00,0.00,0.00
20650,DL:0.1.0:AT.1.0.0,2022-3-4 14:18:42,43.00,0.00,0.00,18.100,-1.371,-5.793,12.307,16.729,0.00,0.00,0.00,0.00,0.00,0.00,0.00,0.00,0.00,0.00,0.00,0.00,0.00,0.00,0.00,0.00,0.00
20650,DL:0.1.0:AT.1.0.0,2022-3-4 14:18:47,43.00,0.00,0.00,18.067,-1.337,-5.758,12.308,16.729,0.00,0.00,0.00,0.00,0.00,0.00,0.00,0.00,0.00,0.00,0.00,0.00,0.00,0.00,0.00,0.00,0.00
20650,DL:0.1.0:AT.1.0.0,2022-3-4 14:18:54,43.00,0.00,0.00,18.061,-1.333,-5.751,12.310,16.728,0.00,0.00,0.00,0.00,0.00,0.00,0.00,0.00,0.00,0.00,0.00,0.00,0.00,0.00,0.00,0.00,0.00
20650,DL:0.1.0:AT.1.0.0,2022-3-4 14:19:0,43.00,0.00,0.00,18.080,-1.353,-5.771,12.308,16.727,0.00,0.00,0.00,0.00,0.00,0.00,0.00,0.00,0.00,0.00,0.00,0.00,0.00,0.00,0.00,0.00,0.00
20650,DL:0.1.0:AT.1.0.0,2022-3-4 14:19:7,43.00,0.00,0.00,18.058,-1.331,-5.749,12.310,16.727,0.00,0.00,0.00,0.00,0.00,0.00,0.00,0.00,0.00,0.00,0.00,0.00,0.00,0.00,0.00,0.00,0.00
20650,DL:0.1.0:AT.1.0.0,2022-3-4 14:19:12,43.00,0.00,0.00,18.069,-1.343,-5.758,12.311,16.726,0.00,0.00,0.00,0.00,0.00,0.00,0.00,0.00,0.00,0.00,0.00,0.00,0.00,0.00,0.00,0.00,0.00
20650,DL:0.1.0:AT.1.0.0,2022-3-4 14:19:17,43.00,0.00,0.00,18.075,-1.351,-5.765,12.310,16.724,0.00,0.00,0.00,0.00,0.00,0.00,0.00,0.00,0.00,0.00,0.00,0.00,0.00,0.00,0.00,0.00,0.00
20650,DL:0.1.0:AT.1.0.0,2022-3-4 14:19:22,43.00,0.00,0.00,18.080,-1.355,-5.770,12.310,16.724,0.00,0.00,0.00,0.00,0.00,0.00,0.00,0.00,0.00,0.00,0.00,0.00,0.00,0.00,0.00,0.00,0.00
20650,DL:0.1.0:AT.1.0.0,2022-3-4 14:19:27,43.00,0.00,0.00,18.088,-1.364,-5.777,12.311,16.724,0.00,0.00,0.00,0.00,0.00,0.00,0.00,0.00,0.00,0.00,0.00,0.00,0.00,0.00,0.00,0.00,0.00
20650,DL:0.1.0:AT.1.0.0,2022-3-4 14:19:33,43.00,0.00,0.00,18.069,-1.346,-5.758,12.311,16.723,0.00,0.00,0.00,0.00,0.00,0.00,0.00,0.00,0.00,0.00,0.00,0.00,0.00,0.00,0.00,0.00,0.00
20650,DL:0.1.0:AT.1.0.0,2022-3-4 14:19:38,43.00,0.00,0.00,18.075,-1.352,-5.764,12.311,16.723,0.00,0.00,0.00,0.00,0.00,0.00,0.00,0.00,0.00,0.00,0.00,0.00,0.00,0.00,0.00,0.00,0.00
20650,DL:0.1.0:AT.1.0.0,2022-3-4 14:19:43,43.00,0.00,0.00,18.070,-1.348,-5.758,12.312,16.722,0.00,0.00,0.00,0.00,0.00,0.00,0.00,0.00,0.00,0.00,0.00,0.00,0.00,0.00,0.00,0.00,0.00
20650,DL:0.1.0:AT.1.0.0,2022-3-4 14:19:49,43.00,0.00,0.00,18.091,-1.370,-5.780,12.311,16.721,0.00,0.00,0.00,0.00,0.00,0.00,0.00,0.00,0.00,0.00,0.00,0.00,0.00,0.00,0.00,0.00,0.00
20650,DL:0.1.0:AT.1.0.0,2022-3-4 14:19:54,43.00,0.00,0.00,18.087,-1.366,-5.777,12.310,16.721,0.00,0.00,0.00,0.00,0.00,0.00,0.00,0.00,0.00,0.00,0.00,0.00,0.00,0.00,0.00,0.00,0.00
20650,DL:0.1.0:AT.1.0.0,2022-3-4 14:19:59,43.00,0.00,0.00,18.091,-1.371,-5.780,12.311,16.720,0.00,0.00,0.00,0.00,0.00,0.00,0.00,0.00,0.00,0.00,0.00,0.00,0.00,0.00,0.00,0.00,0.00
20650,DL:0.1.0:AT.1.0.0,2022-3-4 14:20:6,43.00,0.00,0.00,18.088,-1.370,-5.776,12.312,16.718,0.00,0.00,0.00,0.00,0.00,0.00,0.00,0.00,0.00,0.00,0.00,0.00,0.00,0.00,0.00,0.00,0.00
20650,DL:0.1.0:AT.1.0.0,2022-3-4 14:20:12,43.00,0.00,0.00,18.081,-1.363,-5.769,12.312,16.718,0.00,0.00,0.00,0.00,0.00,0.00,0.00,0.00,0.00,0.00,0.00,0.00,0.00,0.00,0.00,0.00,0.00
20650,DL:0.1.0:AT.1.0.0,2022-3-4 14:20:17,43.00,0.00,0.00,18.107,-1.391,-5.795,12.312,16.716,0.00,0.00,0.00,0.00,0.00,0.00,0.00,0.00,0.00,0.00,0.00,0.00,0.00,0.00,0.00,0.00,0.00
20650,DL:0.1.0:AT.1.0.0,2022-3-4 14:20:22,43.00,0.00,0.00,18.081,-1.360,-5.769,12.312,16.721,0.00,0.00,0.00,0.00,0.00,0.00,0.00,0.00,0.00,0.00,0.00,0.00,0.00,0.00,0.00,0.00,0.00
20650,DL:0.1.0:AT.1.0.0,2022-3-4 14:20:27,43.00,0.00,0.00,18.091,-1.372,-5.779,12.312,16.718,0.00,0.00,0.00,0.00,0.00,0.00,0.00,0.00,0.00,0.00,0.00,0.00,0.00,0.00,0.00,0.00,0.00
20650,DL:0.1.0:AT.1.0.0,2022-3-4 14:20:34,43.00,0.00,0.00,18.076,-1.358,-5.763,12.313,16.718,0.00,0.00,0.00,0.00,0.00,0.00,0.00,0.00,0.00,0.00,0.00,0.00,0.00,0.00,0.00,0.00,0.00
20650,DL:0.1.0:AT.1.0.0,2022-3-4 14:20:39,43.00,0.00,0.00,18.098,-1.381,-5.785,12.313,16.717,0.00,0.00,0.00,0.00,0.00,0.00,0.00,0.00,0.00,0.00,0.00,0.00,0.00,0.00,0.00,0.00,0.00
20650,DL:0.1.0:AT.1.0.0,2022-3-4 14:20:44,43.00,0.00,0.00,18.087,-1.371,-5.775,12.312,16.716,0.00,0.00,0.00,0.00,0.00,0.00,0.00,0.00,0.00,0.00,0.00,0.00,0.00,0.00,0.00,0.00,0.00
20650,DL:0.1.0:AT.1.0.0,2022-3-4 14:20:49,43.00,0.00,0.00,18.087,-1.371,-5.774,12.313,16.716,0.00,0.00,0.00,0.00,0.00,0.00,0.00,0.00,0.00,0.00,0.00,0.00,0.00,0.00,0.00,0.00,0.00
20650,DL:0.1.0:AT.1.0.0,2022-3-4 14:20:54,43.00,0.00,0.00,18.106,-1.390,-5.793,12.313,16.716,0.00,0.00,0.00,0.00,0.00,0.00,0.00,0.00,0.00,0.00,0.00,0.00,0.00,0.00,0.00,0.00,0.00
20650,DL:0.1.0:AT.1.0.0,2022-3-4 14:21:0,43.00,0.00,0.00,18.094,-1.379,-5.781,12.313,16.715,0.00,0.00,0.00,0.00,0.00,0.00,0.00,0.00,0.00,0.00,0.00,0.00,0.00,0.00,0.00,0.00,0.00
20650,DL:0.1.0:AT.1.0.0,2022-3-4 14:21:5,43.00,0.00,0.00,18.117,-1.405,-5.804,12.313,16.712,0.00,0.00,0.00,0.00,0.00,0.00,0.00,0.00,0.00,0.00,0.00,0.00,0.00,0.00,0.00,0.00,0.00
20650,DL:0.1.0:AT.1.0.0,2022-3-4 14:21:12,43.00,0.00,0.00,18.077,-1.366,-5.764,12.313,16.711,0.00,0.00,0.00,0.00,0.00,0.00,0.00,0.00,0.00,0.00,0.00,0.00,0.00,0.00,0.00,0.00,0.00
20650,DL:0.1.0:AT.1.0.0,2022-3-4 14:21:17,43.00,0.00,0.00,18.080,-1.367,-5.767,12.313,16.712,0.00,0.00,0.00,0.00,0.00,0.00,0.00,0.00,0.00,0.00,0.00,0.00,0.00,0.00,0.00,0.00,0.00
20650,DL:0.1.0:AT.1.0.0,2022-3-4 14:21:22,43.00,0.00,0.00,18.058,-1.348,-5.745,12.313,16.710,0.00,0.00,0.00,0.00,0.00,0.00,0.00,0.00,0.00,0.00,0.00,0.00,0.00,0.00,0.00,0.00,0.00
20650,DL:0.1.0:AT.1.0.0,2022-3-4 14:21:27,43.00,0.00,0.00,18.082,-1.372,-5.769,12.313,16.710,0.00,0.00,0.00,0.00,0.00,0.00,0.00,0.00,0.00,0.00,0.00,0.00,0.00,0.00,0.00,0.00,0.00
20650,DL:0.1.0:AT.1.0.0,2022-3-4 14:21:36,43.00,0.00,0.00,18.051,-1.342,-5.737,12.314,16.709,0.00,0.00,0.00,0.00,0.00,0.00,0.00,0.00,0.00,0.00,0.00,0.00,0.00,0.00,0.00,0.00,0.00
20650,DL:0.1.0:AT.1.0.0,2022-3-4 14:21:41,43.00,0.00,0.00,18.069,-1.360,-5.756,12.313,16.709,0.00,0.00,0.00,0.00,0.00,0.00,0.00,0.00,0.00,0.00,0.00,0.00,0.00,0.00,0.00,0.00,0.00
20650,DL:0.1.0:AT.1.0.0,2022-3-4 14:21:50,43.00,0.00,0.00,18.056,-1.348,-5.741,12.314,16.708,0.00,0.00,0.00,0.00,0.00,0.00,0.00,0.00,0.00,0.00,0.00,0.00,0.00,0.00,0.00,0.00,0.00
20650,DL:0.1.0:AT.1.0.0,2022-3-4 14:21:55,43.00,0.00,0.00,18.070,-1.364,-5.756,12.314,16.706,0.00,0.00,0.00,0.00,0.00,0.00,0.00,0.00,0.00,0.00,0.00,0.00,0.00,0.00,0.00,0.00,0.00
20650,DL:0.1.0:AT.1.0.0,2022-3-4 14:22:0,43.00,0.00,0.00,18.089,-1.383,-5.775,12.314,16.706,0.00,0.00,0.00,0.00,0.00,0.00,0.00,0.00,0.00,0.00,0.00,0.00,0.00,0.00,0.00,0.00,0.00
20650,DL:0.1.0:AT.1.0.0,2022-3-4 14:22:7,43.00,0.00,0.00,18.059,-1.354,-5.745,12.314,16.705,0.00,0.00,0.00,0.00,0.00,0.00,0.00,0.00,0.00,0.00,0.00,0.00,0.00,0.00,0.00,0.00,0.00
20650,DL:0.1.0:AT.1.0.0,2022-3-4 14:22:12,43.00,0.00,0.00,18.065,-1.360,-5.751,12.314,16.705,0.00,0.00,0.00,0.00,0.00,0.00,0.00,0.00,0.00,0.00,0.00,0.00,0.00,0.00,0.00,0.00,0.00
20650,DL:0.1.0:AT.1.0.0,2022-3-4 14:22:20,43.00,0.00,0.00,18.069,-1.364,-5.755,12.314,16.705,0.00,0.00,0.00,0.00,0.00,0.00,0.00,0.00,0.00,0.00,0.00,0.00,0.00,0.00,0.00,0.00,0.00
20650,DL:0.1.0:AT.1.0.0,2022-3-4 14:22:25,43.00,0.00,0.00,18.074,-1.371,-5.759,12.314,16.703,0.00,0.00,0.00,0.00,0.00,0.00,0.00,0.00,0.00,0.00,0.00,0.00,0.00,0.00,0.00,0.00,0.00
20650,DL:0.1.0:AT.1.0.0,2022-3-4 14:22:30,43.00,0.00,0.00,18.055,-1.352,-5.740,12.314,16.703,0.00,0.00,0.00,0.00,0.00,0.00,0.00,0.00,0.00,0.00,0.00,0.00,0.00,0.00,0.00,0.00,0.00
20650,DL:0.1.0:AT.1.0.0,2022-3-4 14:22:35,43.00,0.00,0.00,18.079,-1.375,-5.764,12.314,16.704,0.00,0.00,0.00,0.00,0.00,0.00,0.00,0.00,0.00,0.00,0.00,0.00,0.00,0.00,0.00,0.00,0.00
20650,DL:0.1.0:AT.1.0.0,2022-3-4 14:22:41,43.00,0.00,0.00,18.032,-1.329,-5.716,12.316,16.703,0.00,0.00,0.00,0.00,0.00,0.00,0.00,0.00,0.00,0.00,0.00,0.00,0.00,0.00,0.00,0.00,0.00
20650,DL:0.1.0:AT.1.0.0,2022-3-4 14:22:48,43.00,0.00,0.00,18.034,-1.333,-5.719,12.316,16.702,0.00,0.00,0.00,0.00,0.00,0.00,0.00,0.00,0.00,0.00,0.00,0.00,0.00,0.00,0.00,0.00,0.00
20650,DL:0.1.0:AT.1.0.0,2022-3-4 14:22:55,43.00,0.00,0.00,18.038,-1.336,-5.722,12.316,16.702,0.00,0.00,0.00,0.00,0.00,0.00,0.00,0.00,0.00,0.00,0.00,0.00,0.00,0.00,0.00,0.00,0.00
20650,DL:0.1.0:AT.1.0.0,2022-3-4 14:23:1,43.00,0.00,0.00,18.037,-1.331,-5.720,12.317,16.705,0.00,0.00,0.00,0.00,0.00,0.00,0.00,0.00,0.00,0.00,0.00,0.00,0.00,0.00,0.00,0.00,0.00
20650,DL:0.1.0:AT.1.0.0,2022-3-4 14:23:8,43.00,0.00,0.00,18.032,-1.327,-5.716,12.316,16.705,0.00,0.00,0.00,0.00,0.00,0.00,0.00,0.00,0.00,0.00,0.00,0.00,0.00,0.00,0.00,0.00,0.00
20650,DL:0.1.0:AT.1.0.0,2022-3-4 14:23:13,43.00,0.00,0.00,18.065,-1.360,-5.749,12.317,16.705,0.00,0.00,0.00,0.00,0.00,0.00,0.00,0.00,0.00,0.00,0.00,0.00,0.00,0.00,0.00,0.00,0.00
20650,DL:0.1.0:AT.1.0.0,2022-3-4 14:23:19,43.00,0.00,0.00,18.065,-1.361,-5.749,12.317,16.704,0.00,0.00,0.00,0.00,0.00,0.00,0.00,0.00,0.00,0.00,0.00,0.00,0.00,0.00,0.00,0.00,0.00
20650,DL:0.1.0:AT.1.0.0,2022-3-4 14:23:24,43.00,0.00,0.00,18.027,-1.324,-5.710,12.317,16.703,0.00,0.00,0.00,0.00,0.00,0.00,0.00,0.00,0.00,0.00,0.00,0.00,0.00,0.00,0.00,0.00,0.00
20650,DL:0.1.0:AT.1.0.0,2022-3-4 14:23:29,43.00,0.00,0.00,18.052,-1.349,-5.735,12.317,16.703,0.00,0.00,0.00,0.00,0.00,0.00,0.00,0.00,0.00,0.00,0.00,0.00,0.00,0.00,0.00,0.00,0.00
20650,DL:0.1.0:AT.1.0.0,2022-3-4 14:23:34,43.00,0.00,0.00,18.074,-1.371,-5.755,12.319,16.703,0.00,0.00,0.00,0.00,0.00,0.00,0.00,0.00,0.00,0.00,0.00,0.00,0.00,0.00,0.00,0.00,0.00
20650,DL:0.1.0:AT.1.0.0,2022-3-4 14:23:40,43.00,0.00,0.00,18.031,-1.329,-5.713,12.318,16.702,0.00,0.00,0.00,0.00,0.00,0.00,0.00,0.00,0.00,0.00,0.00,0.00,0.00,0.00,0.00,0.00,0.00
20650,DL:0.1.0:AT.1.0.0,2022-3-4 14:23:45,43.00,0.00,0.00,18.065,-1.365,-5.746,12.319,16.700,0.00,0.00,0.00,0.00,0.00,0.00,0.00,0.00,0.00,0.00,0.00,0.00,0.00,0.00,0.00,0.00,0.00
20650,DL:0.1.0:AT.1.0.0,2022-3-4 14:23:50,43.00,0.00,0.00,18.043,-1.342,-5.722,12.320,16.700,0.00,0.00,0.00,0.00,0.00,0.00,0.00,0.00,0.00,0.00,0.00,0.00,0.00,0.00,0.00,0.00,0.00
20650,DL:0.1.0:AT.1.0.0,2022-3-4 14:23:55,43.00,0.00,0.00,18.019,-1.318,-5.699,12.319,16.700,0.00,0.00,0.00,0.00,0.00,0.00,0.00,0.00,0.00,0.00,0.00,0.00,0.00,0.00,0.00,0.00,0.00
20650,DL:0.1.0:AT.1.0.0,2022-3-4 14:24:0,43.00,0.00,0.00,18.052,-1.353,-5.733,12.319,16.699,0.00,0.00,0.00,0.00,0.00,0.00,0.00,0.00,0.00,0.00,0.00,0.00,0.00,0.00,0.00,0.00,0.00
20650,DL:0.1.0:AT.1.0.0,2022-3-4 14:24:7,43.00,0.00,0.00,18.061,-1.361,-5.740,12.320,16.699,0.00,0.00,0.00,0.00,0.00,0.00,0.00,0.00,0.00,0.00,0.00,0.00,0.00,0.00,0.00,0.00,0.00
20650,DL:0.1.0:AT.1.0.0,2022-3-4 14:24:12,43.00,0.00,0.00,18.057,-1.358,-5.738,12.319,16.699,0.00,0.00,0.00,0.00,0.00,0.00,0.00,0.00,0.00,0.00,0.00,0.00,0.00,0.00,0.00,0.00,0.00
20650,DL:0.1.0:AT.1.0.0,2022-3-4 14:24:17,43.00,0.00,0.00,18.107,-1.410,-5.788,12.319,16.698,0.00,0.00,0.00,0.00,0.00,0.00,0.00,0.00,0.00,0.00,0.00,0.00,0.00,0.00,0.00,0.00,0.00
20650,DL:0.1.0:AT.1.0.0,2022-3-4 14:24:22,43.00,0.00,0.00,18.067,-1.370,-5.746,12.320,16.697,0.00,0.00,0.00,0.00,0.00,0.00,0.00,0.00,0.00,0.00,0.00,0.00,0.00,0.00,0.00,0.00,0.00
20650,DL:0.1.0:AT.1.0.0,2022-3-4 14:24:28,43.00,0.00,0.00,18.063,-1.365,-5.744,12.319,16.698,0.00,0.00,0.00,0.00,0.00,0.00,0.00,0.00,0.00,0.00,0.00,0.00,0.00,0.00,0.00,0.00,0.00
20650,DL:0.1.0:AT.1.0.0,2022-3-4 14:24:33,43.00,0.00,0.00,18.077,-1.381,-5.757,12.320,16.697,0.00,0.00,0.00,0.00,0.00,0.00,0.00,0.00,0.00,0.00,0.00,0.00,0.00,0.00,0.00,0.00,0.00
20650,DL:0.1.0:AT.1.0.0,2022-3-4 14:24:38,43.00,0.00,0.00,18.049,-1.351,-5.728,12.320,16.698,0.00,0.00,0.00,0.00,0.00,0.00,0.00,0.00,0.00,0.00,0.00,0.00,0.00,0.00,0.00,0.00,0.00
20650,DL:0.1.0:AT.1.0.0,2022-3-4 14:24:45,43.00,0.00,0.00,18.052,-1.355,-5.732,12.320,16.697,0.00,0.00,0.00,0.00,0.00,0.00,0.00,0.00,0.00,0.00,0.00,0.00,0.00,0.00,0.00,0.00,0.00
20650,DL:0.1.0:AT.1.0.0,2022-3-4 14:24:51,43.00,0.00,0.00,18.046,-1.349,-5.725,12.322,16.697,0.00,0.00,0.00,0.00,0.00,0.00,0.00,0.00,0.00,0.00,0.00,0.00,0.00,0.00,0.00,0.00,0.00
20650,DL:0.1.0:AT.1.0.0,2022-3-4 14:24:56,43.00,0.00,0.00,18.063,-1.367,-5.741,12.322,16.696,0.00,0.00,0.00,0.00,0.00,0.00,0.00,0.00,0.00,0.00,0.00,0.00,0.00,0.00,0.00,0.00,0.00
20650,DL:0.1.0:AT.1.0.0,2022-3-4 14:25:2,43.00,0.00,0.00,18.086,-1.390,-5.763,12.323,16.696,0.00,0.00,0.00,0.00,0.00,0.00,0.00,0.00,0.00,0.00,0.00,0.00,0.00,0.00,0.00,0.00,0.00
20650,DL:0.1.0:AT.1.0.0,2022-3-4 14:25:13,43.00,0.00,0.00,18.075,-1.381,-5.752,12.323,16.694,0.00,0.00,0.00,0.00,0.00,0.00,0.00,0.00,0.00,0.00,0.00,0.00,0.00,0.00,0.00,0.00,0.00
20650,DL:0.1.0:AT.1.0.0,2022-3-4 14:25:18,43.00,0.00,0.00,18.095,-1.400,-5.770,12.325,16.696,0.00,0.00,0.00,0.00,0.00,0.00,0.00,0.00,0.00,0.00,0.00,0.00,0.00,0.00,0.00,0.00,0.00
20650,DL:0.1.0:AT.1.0.0,2022-3-4 14:25:23,43.00,0.00,0.00,18.092,-1.398,-5.768,12.324,16.694,0.00,0.00,0.00,0.00,0.00,0.00,0.00,0.00,0.00,0.00,0.00,0.00,0.00,0.00,0.00,0.00,0.00
20650,DL:0.1.0:AT.1.0.0,2022-3-4 14:25:30,43.00,0.00,0.00,18.062,-1.364,-5.737,12.325,16.698,0.00,0.00,0.00,0.00,0.00,0.00,0.00,0.00,0.00,0.00,0.00,0.00,0.00,0.00,0.00,0.00,0.00
20650,DL:0.1.0:AT.1.0.0,2022-3-4 14:25:35,43.00,0.00,0.00,18.074,-1.377,-5.749,12.325,16.697,0.00,0.00,0.00,0.00,0.00,0.00,0.00,0.00,0.00,0.00,0.00,0.00,0.00,0.00,0.00,0.00,0.00
20650,DL:0.1.0:AT.1.0.0,2022-3-4 14:25:40,43.00,0.00,0.00,18.075,-1.378,-5.750,12.325,16.697,0.00,0.00,0.00,0.00,0.00,0.00,0.00,0.00,0.00,0.00,0.00,0.00,0.00,0.00,0.00,0.00,0.00
20650,DL:0.1.0:AT.1.0.0,2022-3-4 14:25:46,43.00,0.00,0.00,18.082,-1.385,-5.755,12.328,16.697,0.00,0.00,0.00,0.00,0.00,0.00,0.00,0.00,0.00,0.00,0.00,0.00,0.00,0.00,0.00,0.00,0.00
20650,DL:0.1.0:AT.1.0.0,2022-3-4 14:25:51,43.00,0.00,0.00,18.065,-1.370,-5.740,12.325,16.696,0.00,0.00,0.00,0.00,0.00,0.00,0.00,0.00,0.00,0.00,0.00,0.00,0.00,0.00,0.00,0.00,0.00
20650,DL:0.1.0:AT.1.0.0,2022-3-4 14:25:57,43.00,0.00,0.00,18.057,-1.363,-5.731,12.326,16.694,0.00,0.00,0.00,0.00,0.00,0.00,0.00,0.00,0.00,0.00,0.00,0.00,0.00,0.00,0.00,0.00,0.00
20650,DL:0.1.0:AT.1.0.0,2022-3-4 14:26:4,43.00,0.00,0.00,18.101,-1.408,-5.774,12.328,16.693,0.00,0.00,0.00,0.00,0.00,0.00,0.00,0.00,0.00,0.00,0.00,0.00,0.00,0.00,0.00,0.00,0.00
20650,DL:0.1.0:AT.1.0.0,2022-3-4 14:26:10,43.00,0.00,0.00,18.063,-1.370,-5.735,12.328,16.693,0.00,0.00,0.00,0.00,0.00,0.00,0.00,0.00,0.00,0.00,0.00,0.00,0.00,0.00,0.00,0.00,0.00
20650,DL:0.1.0:AT.1.0.0,2022-3-4 14:26:18,43.00,0.00,0.00,18.082,-1.390,-5.755,12.328,16.692,0.00,0.00,0.00,0.00,0.00,0.00,0.00,0.00,0.00,0.00,0.00,0.00,0.00,0.00,0.00,0.00,0.00
20650,DL:0.1.0:AT.1.0.0,2022-3-4 14:26:24,43.00,0.00,0.00,18.064,-1.373,-5.737,12.328,16.691,0.00,0.00,0.00,0.00,0.00,0.00,0.00,0.00,0.00,0.00,0.00,0.00,0.00,0.00,0.00,0.00,0.00
20650,DL:0.1.0:AT.1.0.0,2022-3-4 14:26:29,43.00,0.00,0.00,18.093,-1.401,-5.765,12.328,16.692,0.00,0.00,0.00,0.00,0.00,0.00,0.00,0.00,0.00,0.00,0.00,0.00,0.00,0.00,0.00,0.00,0.00
20650,DL:0.1.0:AT.1.0.0,2022-3-4 14:26:34,43.00,0.00,0.00,18.110,-1.419,-5.782,12.328,16.691,0.00,0.00,0.00,0.00,0.00,0.00,0.00,0.00,0.00,0.00,0.00,0.00,0.00,0.00,0.00,0.00,0.00
20650,DL:0.1.0:AT.1.0.0,2022-3-4 14:26:39,43.00,0.00,0.00,18.093,-1.402,-5.765,12.328,16.691,0.00,0.00,0.00,0.00,0.00,0.00,0.00,0.00,0.00,0.00,0.00,0.00,0.00,0.00,0.00,0.00,0.00
20650,DL:0.1.0:AT.1.0.0,2022-3-4 14:26:45,43.00,0.00,0.00,18.093,-1.402,-5.765,12.328,16.691,0.00,0.00,0.00,0.00,0.00,0.00,0.00,0.00,0.00,0.00,0.00,0.00,0.00,0.00,0.00,0.00,0.00
20650,DL:0.1.0:AT.1.0.0,2022-3-4 14:26:52,43.00,0.00,0.00,18.080,-1.390,-5.751,12.329,16.689,0.00,0.00,0.00,0.00,0.00,0.00,0.00,0.00,0.00,0.00,0.00,0.00,0.00,0.00,0.00,0.00,0.00
20650,DL:0.1.0:AT.1.0.0,2022-3-4 14:26:57,43.00,0.00,0.00,18.098,-1.410,-5.768,12.330,16.688,0.00,0.00,0.00,0.00,0.00,0.00,0.00,0.00,0.00,0.00,0.00,0.00,0.00,0.00,0.00,0.00,0.00
20650,DL:0.1.0:AT.1.0.0,2022-3-4 14:27:3,43.00,0.00,0.00,18.074,-1.385,-5.745,12.329,16.688,0.00,0.00,0.00,0.00,0.00,0.00,0.00,0.00,0.00,0.00,0.00,0.00,0.00,0.00,0.00,0.00,0.00
20650,DL:0.1.0:AT.1.0.0,2022-3-4 14:27:10,43.00,0.00,0.00,18.082,-1.395,-5.752,12.330,16.687,0.00,0.00,0.00,0.00,0.00,0.00,0.00,0.00,0.00,0.00,0.00,0.00,0.00,0.00,0.00,0.00,0.00
20650,DL:0.1.0:AT.1.0.0,2022-3-4 14:27:15,43.00,0.00,0.00,18.089,-1.401,-5.759,12.330,16.688,0.00,0.00,0.00,0.00,0.00,0.00,0.00,0.00,0.00,0.00,0.00,0.00,0.00,0.00,0.00,0.00,0.00
20650,DL:0.1.0:AT.1.0.0,2022-3-4 14:27:20,43.00,0.00,0.00,18.058,-1.371,-5.727,12.331,16.687,0.00,0.00,0.00,0.00,0.00,0.00,0.00,0.00,0.00,0.00,0.00,0.00,0.00,0.00,0.00,0.00,0.00
20650,DL:0.1.0:AT.1.0.0,2022-3-4 14:27:26,43.00,0.00,0.00,18.073,-1.385,-5.743,12.330,16.687,0.00,0.00,0.00,0.00,0.00,0.00,0.00,0.00,0.00,0.00,0.00,0.00,0.00,0.00,0.00,0.00,0.00
20650,DL:0.1.0:AT.1.0.0,2022-3-4 14:27:33,43.00,0.00,0.00,18.073,-1.387,-5.740,12.332,16.686,0.00,0.00,0.00,0.00,0.00,0.00,0.00,0.00,0.00,0.00,0.00,0.00,0.00,0.00,0.00,0.00,0.00
20650,DL:0.1.0:AT.1.0.0,2022-3-4 14:27:38,43.00,0.00,0.00,18.083,-1.398,-5.752,12.331,16.686,0.00,0.00,0.00,0.00,0.00,0.00,0.00,0.00,0.00,0.00,0.00,0.00,0.00,0.00,0.00,0.00,0.00
20650,DL:0.1.0:AT.1.0.0,2022-3-4 14:27:44,43.00,0.00,0.00,18.076,-1.390,-5.745,12.331,16.686,0.00,0.00,0.00,0.00,0.00,0.00,0.00,0.00,0.00,0.00,0.00,0.00,0.00,0.00,0.00,0.00,0.00
20650,DL:0.1.0:AT.1.0.0,2022-3-4 14:27:51,43.00,0.00,0.00,18.061,-1.370,-5.728,12.332,16.691,0.00,0.00,0.00,0.00,0.00,0.00,0.00,0.00,0.00,0.00,0.00,0.00,0.00,0.00,0.00,0.00,0.00
20650,DL:0.1.0:AT.1.0.0,2022-3-4 14:27:56,43.00,0.00,0.00,18.076,-1.388,-5.743,12.334,16.688,0.00,0.00,0.00,0.00,0.00,0.00,0.00,0.00,0.00,0.00,0.00,0.00,0.00,0.00,0.00,0.00,0.00
20650,DL:0.1.0:AT.1.0.0,2022-3-4 14:28:1,43.00,0.00,0.00,18.063,-1.376,-5.731,12.332,16.687,0.00,0.00,0.00,0.00,0.00,0.00,0.00,0.00,0.00,0.00,0.00,0.00,0.00,0.00,0.00,0.00,0.00
20650,DL:0.1.0:AT.1.0.0,2022-3-4 14:28:6,43.00,0.00,0.00,18.053,-1.365,-5.721,12.332,16.688,0.00,0.00,0.00,0.00,0.00,0.00,0.00,0.00,0.00,0.00,0.00,0.00,0.00,0.00,0.00,0.00,0.00
20650,DL:0.1.0:AT.1.0.0,2022-3-4 14:28:12,43.00,0.00,0.00,18.068,-1.381,-5.735,12.332,16.687,0.00,0.00,0.00,0.00,0.00,0.00,0.00,0.00,0.00,0.00,0.00,0.00,0.00,0.00,0.00,0.00,0.00
20650,DL:0.1.0:AT.1.0.0,2022-3-4 14:28:18,43.00,0.00,0.00,18.064,-1.379,-5.731,12.334,16.685,0.00,0.00,0.00,0.00,0.00,0.00,0.00,0.00,0.00,0.00,0.00,0.00,0.00,0.00,0.00,0.00,0.00
20650,DL:0.1.0:AT.1.0.0,2022-3-4 14:28:23,43.00,0.00,0.00,18.037,-1.352,-5.704,12.332,16.685,0.00,0.00,0.00,0.00,0.00,0.00,0.00,0.00,0.00,0.00,0.00,0.00,0.00,0.00,0.00,0.00,0.00
20650,DL:0.1.0:AT.1.0.0,2022-3-4 14:28:29,43.00,0.00,0.00,18.050,-1.366,-5.716,12.334,16.683,0.00,0.00,0.00,0.00,0.00,0.00,0.00,0.00,0.00,0.00,0.00,0.00,0.00,0.00,0.00,0.00,0.00
20650,DL:0.1.0:AT.1.0.0,2022-3-4 14:28:35,43.00,0.00,0.00,18.055,-1.372,-5.722,12.332,16.682,0.00,0.00,0.00,0.00,0.00,0.00,0.00,0.00,0.00,0.00,0.00,0.00,0.00,0.00,0.00,0.00,0.00
20650,DL:0.1.0:AT.1.0.0,2022-3-4 14:28:40,43.00,0.00,0.00,18.053,-1.371,-5.720,12.334,16.682,0.00,0.00,0.00,0.00,0.00,0.00,0.00,0.00,0.00,0.00,0.00,0.00,0.00,0.00,0.00,0.00,0.00
20650,DL:0.1.0:AT.1.0.0,2022-3-4 14:28:45,43.00,0.00,0.00,18.085,-1.404,-5.751,12.334,16.681,0.00,0.00,0.00,0.00,0.00,0.00,0.00,0.00,0.00,0.00,0.00,0.00,0.00,0.00,0.00,0.00,0.00
20650,DL:0.1.0:AT.1.0.0,2022-3-4 14:28:50,43.00,0.00,0.00,18.080,-1.400,-5.746,12.334,16.680,0.00,0.00,0.00,0.00,0.00,0.00,0.00,0.00,0.00,0.00,0.00,0.00,0.00,0.00,0.00,0.00,0.00
20650,DL:0.1.0:AT.1.0.0,2022-3-4 14:28:55,43.00,0.00,0.00,18.064,-1.384,-5.731,12.334,16.680,0.00,0.00,0.00,0.00,0.00,0.00,0.00,0.00,0.00,0.00,0.00,0.00,0.00,0.00,0.00,0.00,0.00
20650,DL:0.1.0:AT.1.0.0,2022-3-4 14:29:0,43.00,0.00,0.00,18.080,-1.400,-5.745,12.335,16.680,0.00,0.00,0.00,0.00,0.00,0.00,0.00,0.00,0.00,0.00,0.00,0.00,0.00,0.00,0.00,0.00,0.00
20650,DL:0.1.0:AT.1.0.0,2022-3-4 14:29:7,43.00,0.00,0.00,18.085,-1.406,-5.750,12.335,16.679,0.00,0.00,0.00,0.00,0.00,0.00,0.00,0.00,0.00,0.00,0.00,0.00,0.00,0.00,0.00,0.00,0.00
20650,DL:0.1.0:AT.1.0.0,2022-3-4 14:29:12,43.00,0.00,0.00,18.089,-1.412,-5.755,12.335,16.677,0.00,0.00,0.00,0.00,0.00,0.00,0.00,0.00,0.00,0.00,0.00,0.00,0.00,0.00,0.00,0.00,0.00
20650,DL:0.1.0:AT.1.0.0,2022-3-4 14:29:17,43.00,0.00,0.00,18.074,-1.396,-5.738,12.336,16.677,0.00,0.00,0.00,0.00,0.00,0.00,0.00,0.00,0.00,0.00,0.00,0.00,0.00,0.00,0.00,0.00,0.00
20650,DL:0.1.0:AT.1.0.0,2022-3-4 14:29:24,43.25,0.00,0.00,18.069,-1.393,-5.735,12.334,16.676,0.00,0.00,0.00,0.00,0.00,0.00,0.00,0.00,0.00,0.00,0.00,0.00,0.00,0.00,0.00,0.00,0.00
20650,DL:0.1.0:AT.1.0.0,2022-3-4 14:29:29,43.25,0.00,0.00,18.087,-1.411,-5.752,12.335,16.676,0.00,0.00,0.00,0.00,0.00,0.00,0.00,0.00,0.00,0.00,0.00,0.00,0.00,0.00,0.00,0.00,0.00
20650,DL:0.1.0:AT.1.0.0,2022-3-4 14:29:34,43.25,0.00,0.00,18.069,-1.394,-5.734,12.335,16.675,0.00,0.00,0.00,0.00,0.00,0.00,0.00,0.00,0.00,0.00,0.00,0.00,0.00,0.00,0.00,0.00,0.00
20650,DL:0.1.0:AT.1.0.0,2022-3-4 14:29:39,43.25,0.00,0.00,18.100,-1.424,-5.765,12.335,16.676,0.00,0.00,0.00,0.00,0.00,0.00,0.00,0.00,0.00,0.00,0.00,0.00,0.00,0.00,0.00,0.00,0.00
20650,DL:0.1.0:AT.1.0.0,2022-3-4 14:29:45,43.25,0.00,0.00,18.088,-1.414,-5.753,12.335,16.674,0.00,0.00,0.00,0.00,0.00,0.00,0.00,0.00,0.00,0.00,0.00,0.00,0.00,0.00,0.00,0.00,0.00
20650,DL:0.1.0:AT.1.0.0,2022-3-4 14:29:50,43.25,0.00,0.00,18.076,-1.402,-5.741,12.335,16.674,0.00,0.00,0.00,0.00,0.00,0.00,0.00,0.00,0.00,0.00,0.00,0.00,0.00,0.00,0.00,0.00,0.00
20650,DL:0.1.0:AT.1.0.0,2022-3-4 14:29:55,43.25,0.00,0.00,18.081,-1.407,-5.746,12.335,16.674,0.00,0.00,0.00,0.00,0.00,0.00,0.00,0.00,0.00,0.00,0.00,0.00,0.00,0.00,0.00,0.00,0.00
20650,DL:0.1.0:AT.1.0.0,2022-3-4 14:30:0,43.25,0.00,0.00,18.083,-1.411,-5.749,12.335,16.673,0.00,0.00,0.00,0.00,0.00,0.00,0.00,0.00,0.00,0.00,0.00,0.00,0.00,0.00,0.00,0.00,0.00
20650,DL:0.1.0:AT.1.0.0,2022-3-4 14:30:5,43.25,0.00,0.00,18.064,-1.391,-5.728,12.336,16.673,0.00,0.00,0.00,0.00,0.00,0.00,0.00,0.00,0.00,0.00,0.00,0.00,0.00,0.00,0.00,0.00,0.00
20650,DL:0.1.0:AT.1.0.0,2022-3-4 14:30:10,43.25,0.00,0.00,18.098,-1.425,-5.762,12.336,16.673,0.00,0.00,0.00,0.00,0.00,0.00,0.00,0.00,0.00,0.00,0.00,0.00,0.00,0.00,0.00,0.00,0.00
20650,DL:0.1.0:AT.1.0.0,2022-3-4 14:30:16,43.25,0.00,0.00,18.105,-1.432,-5.769,12.336,16.673,0.00,0.00,0.00,0.00,0.00,0.00,0.00,0.00,0.00,0.00,0.00,0.00,0.00,0.00,0.00,0.00,0.00
20650,DL:0.1.0:AT.1.0.0,2022-3-4 14:30:21,43.25,0.00,0.00,18.087,-1.413,-5.750,12.337,16.674,0.00,0.00,0.00,0.00,0.00,0.00,0.00,0.00,0.00,0.00,0.00,0.00,0.00,0.00,0.00,0.00,0.00
20650,DL:0.1.0:AT.1.0.0,2022-3-4 14:30:26,43.00,0.00,0.00,18.112,-1.438,-5.776,12.336,16.674,0.00,0.00,0.00,0.00,0.00,0.00,0.00,0.00,0.00,0.00,0.00,0.00,0.00,0.00,0.00,0.00,0.00
20650,DL:0.1.0:AT.1.0.0,2022-3-4 14:30:33,43.00,0.00,0.00,18.097,-1.424,-5.759,12.337,16.673,0.00,0.00,0.00,0.00,0.00,0.00,0.00,0.00,0.00,0.00,0.00,0.00,0.00,0.00,0.00,0.00,0.00
20650,DL:0.1.0:AT.1.0.0,2022-3-4 14:30:38,43.00,0.00,0.00,18.082,-1.410,-5.745,12.337,16.673,0.00,0.00,0.00,0.00,0.00,0.00,0.00,0.00,0.00,0.00,0.00,0.00,0.00,0.00,0.00,0.00,0.00
20650,DL:0.1.0:AT.1.0.0,2022-3-4 14:30:43,43.00,0.00,0.00,18.070,-1.398,-5.733,12.337,16.673,0.00,0.00,0.00,0.00,0.00,0.00,0.00,0.00,0.00,0.00,0.00,0.00,0.00,0.00,0.00,0.00,0.00
20650,DL:0.1.0:AT.1.0.0,2022-3-4 14:30:48,43.00,0.00,0.00,18.091,-1.419,-5.753,12.337,16.671,0.00,0.00,0.00,0.00,0.00,0.00,0.00,0.00,0.00,0.00,0.00,0.00,0.00,0.00,0.00,0.00,0.00
20650,DL:0.1.0:AT.1.0.0,2022-3-4 14:30:53,43.00,0.00,0.00,18.089,-1.419,-5.752,12.337,16.670,0.00,0.00,0.00,0.00,0.00,0.00,0.00,0.00,0.00,0.00,0.00,0.00,0.00,0.00,0.00,0.00,0.00
20650,DL:0.1.0:AT.1.0.0,2022-3-4 14:30:59,43.00,0.00,0.00,18.073,-1.404,-5.737,12.336,16.669,0.00,0.00,0.00,0.00,0.00,0.00,0.00,0.00,0.00,0.00,0.00,0.00,0.00,0.00,0.00,0.00,0.00
20650,DL:0.1.0:AT.1.0.0,2022-3-4 14:31:4,43.00,0.00,0.00,18.056,-1.387,-5.719,12.337,16.669,0.00,0.00,0.00,0.00,0.00,0.00,0.00,0.00,0.00,0.00,0.00,0.00,0.00,0.00,0.00,0.00,0.00
20650,DL:0.1.0:AT.1.0.0,2022-3-4 14:31:9,43.00,0.00,0.00,18.076,-1.407,-5.739,12.337,16.669,0.00,0.00,0.00,0.00,0.00,0.00,0.00,0.00,0.00,0.00,0.00,0.00,0.00,0.00,0.00,0.00,0.00
20650,DL:0.1.0:AT.1.0.0,2022-3-4 14:31:14,43.00,0.00,0.00,18.092,-1.424,-5.755,12.337,16.668,0.00,0.00,0.00,0.00,0.00,0.00,0.00,0.00,0.00,0.00,0.00,0.00,0.00,0.00,0.00,0.00,0.00
20650,DL:0.1.0:AT.1.0.0,2022-3-4 14:31:19,43.00,0.00,0.00,18.067,-1.400,-5.729,12.337,16.667,0.00,0.00,0.00,0.00,0.00,0.00,0.00,0.00,0.00,0.00,0.00,0.00,0.00,0.00,0.00,0.00,0.00
20650,DL:0.1.0:AT.1.0.0,2022-3-4 14:31:25,43.00,0.00,0.00,18.076,-1.411,-5.739,12.337,16.665,0.00,0.00,0.00,0.00,0.00,0.00,0.00,0.00,0.00,0.00,0.00,0.00,0.00,0.00,0.00,0.00,0.00
20650,DL:0.1.0:AT.1.0.0,2022-3-4 14:31:30,43.25,0.00,0.00,18.085,-1.420,-5.749,12.336,16.664,0.00,0.00,0.00,0.00,0.00,0.00,0.00,0.00,0.00,0.00,0.00,0.00,0.00,0.00,0.00,0.00,0.00
20650,DL:0.1.0:AT.1.0.0,2022-3-4 14:31:35,43.25,0.00,0.00,18.059,-1.395,-5.722,12.337,16.664,0.00,0.00,0.00,0.00,0.00,0.00,0.00,0.00,0.00,0.00,0.00,0.00,0.00,0.00,0.00,0.00,0.00
20650,DL:0.1.0:AT.1.0.0,2022-3-4 14:31:41,43.25,0.00,0.00,18.089,-1.428,-5.753,12.336,16.662,0.00,0.00,0.00,0.00,0.00,0.00,0.00,0.00,0.00,0.00,0.00,0.00,0.00,0.00,0.00,0.00,0.00
20650,DL:0.1.0:AT.1.0.0,2022-3-4 14:31:47,43.25,0.00,0.00,18.098,-1.436,-5.761,12.337,16.662,0.00,0.00,0.00,0.00,0.00,0.00,0.00,0.00,0.00,0.00,0.00,0.00,0.00,0.00,0.00,0.00,0.00
20650,DL:0.1.0:AT.1.0.0,2022-3-4 14:31:52,43.25,0.00,0.00,18.053,-1.391,-5.716,12.337,16.662,0.00,0.00,0.00,0.00,0.00,0.00,0.00,0.00,0.00,0.00,0.00,0.00,0.00,0.00,0.00,0.00,0.00
20650,DL:0.1.0:AT.1.0.0,2022-3-4 14:31:57,43.25,0.00,0.00,18.051,-1.390,-5.713,12.338,16.661,0.00,0.00,0.00,0.00,0.00,0.00,0.00,0.00,0.00,0.00,0.00,0.00,0.00,0.00,0.00,0.00,0.00
20650,DL:0.1.0:AT.1.0.0,2022-3-4 14:32:2,43.25,0.00,0.00,18.031,-1.371,-5.693,12.337,16.659,0.00,0.00,0.00,0.00,0.00,0.00,0.00,0.00,0.00,0.00,0.00,0.00,0.00,0.00,0.00,0.00,0.00
20650,DL:0.1.0:AT.1.0.0,2022-3-4 14:32:7,43.25,0.00,0.00,18.043,-1.383,-5.705,12.337,16.659,0.00,0.00,0.00,0.00,0.00,0.00,0.00,0.00,0.00,0.00,0.00,0.00,0.00,0.00,0.00,0.00,0.00
20650,DL:0.1.0:AT.1.0.0,2022-3-4 14:32:12,43.25,0.00,0.00,18.061,-1.402,-5.722,12.338,16.658,0.00,0.00,0.00,0.00,0.00,0.00,0.00,0.00,0.00,0.00,0.00,0.00,0.00,0.00,0.00,0.00,0.00
20650,DL:0.1.0:AT.1.0.0,2022-3-4 14:32:17,43.25,0.00,0.00,18.053,-1.395,-5.715,12.338,16.658,0.00,0.00,0.00,0.00,0.00,0.00,0.00,0.00,0.00,0.00,0.00,0.00,0.00,0.00,0.00,0.00,0.00
20650,DL:0.1.0:AT.1.0.0,2022-3-4 14:32:22,43.25,0.00,0.00,18.063,-1.406,-5.725,12.338,16.657,0.00,0.00,0.00,0.00,0.00,0.00,0.00,0.00,0.00,0.00,0.00,0.00,0.00,0.00,0.00,0.00,0.00
20650,DL:0.1.0:AT.1.0.0,2022-3-4 14:32:27,43.25,0.00,0.00,18.050,-1.393,-5.711,12.338,16.657,0.00,0.00,0.00,0.00,0.00,0.00,0.00,0.00,0.00,0.00,0.00,0.00,0.00,0.00,0.00,0.00,0.00
20650,DL:0.1.0:AT.1.0.0,2022-3-4 14:32:33,43.25,0.00,0.00,18.061,-1.404,-5.721,12.340,16.657,0.00,0.00,0.00,0.00,0.00,0.00,0.00,0.00,0.00,0.00,0.00,0.00,0.00,0.00,0.00,0.00,0.00
20650,DL:0.1.0:AT.1.0.0,2022-3-4 14:32:41,43.25,0.00,0.00,18.071,-1.417,-5.732,12.340,16.655,0.00,0.00,0.00,0.00,0.00,0.00,0.00,0.00,0.00,0.00,0.00,0.00,0.00,0.00,0.00,0.00,0.00
20650,DL:0.1.0:AT.1.0.0,2022-3-4 14:32:46,43.25,0.00,0.00,18.093,-1.437,-5.753,12.340,16.656,0.00,0.00,0.00,0.00,0.00,0.00,0.00,0.00,0.00,0.00,0.00,0.00,0.00,0.00,0.00,0.00,0.00
20650,DL:0.1.0:AT.1.0.0,2022-3-4 14:32:51,43.25,0.00,0.00,18.055,-1.396,-5.715,12.340,16.658,0.00,0.00,0.00,0.00,0.00,0.00,0.00,0.00,0.00,0.00,0.00,0.00,0.00,0.00,0.00,0.00,0.00
20650,DL:0.1.0:AT.1.0.0,2022-3-4 14:32:57,43.25,0.00,0.00,18.071,-1.413,-5.732,12.340,16.658,0.00,0.00,0.00,0.00,0.00,0.00,0.00,0.00,0.00,0.00,0.00,0.00,0.00,0.00,0.00,0.00,0.00
20650,DL:0.1.0:AT.1.0.0,2022-3-4 14:33:2,43.25,0.00,0.00,18.069,-1.412,-5.728,12.341,16.657,0.00,0.00,0.00,0.00,0.00,0.00,0.00,0.00,0.00,0.00,0.00,0.00,0.00,0.00,0.00,0.00,0.00
20650,DL:0.1.0:AT.1.0.0,2022-3-4 14:33:7,43.25,0.00,0.00,18.077,-1.422,-5.735,12.342,16.656,0.00,0.00,0.00,0.00,0.00,0.00,0.00,0.00,0.00,0.00,0.00,0.00,0.00,0.00,0.00,0.00,0.00
20650,DL:0.1.0:AT.1.0.0,2022-3-4 14:33:12,43.25,0.00,0.00,18.076,-1.420,-5.735,12.341,16.656,0.00,0.00,0.00,0.00,0.00,0.00,0.00,0.00,0.00,0.00,0.00,0.00,0.00,0.00,0.00,0.00,0.00
20650,DL:0.1.0:AT.1.0.0,2022-3-4 14:33:17,43.25,0.00,0.00,18.092,-1.437,-5.751,12.341,16.655,0.00,0.00,0.00,0.00,0.00,0.00,0.00,0.00,0.00,0.00,0.00,0.00,0.00,0.00,0.00,0.00,0.00
20650,DL:0.1.0:AT.1.0.0,2022-3-4 14:33:25,43.25,0.00,0.00,18.083,-1.431,-5.743,12.341,16.652,0.00,0.00,0.00,0.00,0.00,0.00,0.00,0.00,0.00,0.00,0.00,0.00,0.00,0.00,0.00,0.00,0.00
20650,DL:0.1.0:AT.1.0.0,2022-3-4 14:33:31,43.25,0.00,0.00,18.062,-1.410,-5.720,12.342,16.652,0.00,0.00,0.00,0.00,0.00,0.00,0.00,0.00,0.00,0.00,0.00,0.00,0.00,0.00,0.00,0.00,0.00
20650,DL:0.1.0:AT.1.0.0,2022-3-4 14:33:37,43.25,0.00,0.00,18.074,-1.423,-5.732,12.342,16.651,0.00,0.00,0.00,0.00,0.00,0.00,0.00,0.00,0.00,0.00,0.00,0.00,0.00,0.00,0.00,0.00,0.00
20650,DL:0.1.0:AT.1.0.0,2022-3-4 14:33:43,43.25,0.00,0.00,18.076,-1.426,-5.735,12.341,16.650,0.00,0.00,0.00,0.00,0.00,0.00,0.00,0.00,0.00,0.00,0.00,0.00,0.00,0.00,0.00,0.00,0.00
20650,DL:0.1.0:AT.1.0.0,2022-3-4 14:33:48,43.25,0.00,0.00,18.067,-1.417,-5.726,12.341,16.650,0.00,0.00,0.00,0.00,0.00,0.00,0.00,0.00,0.00,0.00,0.00,0.00,0.00,0.00,0.00,0.00,0.00
20650,DL:0.1.0:AT.1.0.0,2022-3-4 14:33:53,43.25,0.00,0.00,18.095,-1.447,-5.755,12.341,16.649,0.00,0.00,0.00,0.00,0.00,0.00,0.00,0.00,0.00,0.00,0.00,0.00,0.00,0.00,0.00,0.00,0.00
20650,DL:0.1.0:AT.1.0.0,2022-3-4 14:33:59,43.25,0.00,0.00,18.091,-1.443,-5.749,12.342,16.647,0.00,0.00,0.00,0.00,0.00,0.00,0.00,0.00,0.00,0.00,0.00,0.00,0.00,0.00,0.00,0.00,0.00
20650,DL:0.1.0:AT.1.0.0,2022-3-4 14:34:4,43.25,0.00,0.00,18.046,-1.399,-5.704,12.342,16.647,0.00,0.00,0.00,0.00,0.00,0.00,0.00,0.00,0.00,0.00,0.00,0.00,0.00,0.00,0.00,0.00,0.00
20650,DL:0.1.0:AT.1.0.0,2022-3-4 14:34:10,43.25,0.00,0.00,18.067,-1.420,-5.725,12.342,16.646,0.00,0.00,0.00,0.00,0.00,0.00,0.00,0.00,0.00,0.00,0.00,0.00,0.00,0.00,0.00,0.00,0.00
20650,DL:0.1.0:AT.1.0.0,2022-3-4 14:34:16,43.25,0.00,0.00,18.050,-1.405,-5.709,12.341,16.645,0.00,0.00,0.00,0.00,0.00,0.00,0.00,0.00,0.00,0.00,0.00,0.00,0.00,0.00,0.00,0.00,0.00
20650,DL:0.1.0:AT.1.0.0,2022-3-4 14:34:23,43.25,0.00,0.00,18.069,-1.424,-5.727,12.342,16.645,0.00,0.00,0.00,0.00,0.00,0.00,0.00,0.00,0.00,0.00,0.00,0.00,0.00,0.00,0.00,0.00,0.00
20650,DL:0.1.0:AT.1.0.0,2022-3-4 14:34:28,43.25,0.00,0.00,18.076,-1.432,-5.734,12.342,16.644,0.00,0.00,0.00,0.00,0.00,0.00,0.00,0.00,0.00,0.00,0.00,0.00,0.00,0.00,0.00,0.00,0.00
20650,DL:0.1.0:AT.1.0.0,2022-3-4 14:34:33,43.25,0.00,0.00,18.075,-1.432,-5.733,12.342,16.643,0.00,0.00,0.00,0.00,0.00,0.00,0.00,0.00,0.00,0.00,0.00,0.00,0.00,0.00,0.00,0.00,0.00
20650,DL:0.1.0:AT.1.0.0,2022-3-4 14:34:38,43.25,0.00,0.00,18.046,-1.404,-5.703,12.343,16.643,0.00,0.00,0.00,0.00,0.00,0.00,0.00,0.00,0.00,0.00,0.00,0.00,0.00,0.00,0.00,0.00,0.00
20650,DL:0.1.0:AT.1.0.0,2022-3-4 14:34:44,43.25,0.00,0.00,18.070,-1.429,-5.727,12.343,16.641,0.00,0.00,0.00,0.00,0.00,0.00,0.00,0.00,0.00,0.00,0.00,0.00,0.00,0.00,0.00,0.00,0.00
20650,DL:0.1.0:AT.1.0.0,2022-3-4 14:34:49,43.25,0.00,0.00,18.055,-1.413,-5.711,12.343,16.641,0.00,0.00,0.00,0.00,0.00,0.00,0.00,0.00,0.00,0.00,0.00,0.00,0.00,0.00,0.00,0.00,0.00
20650,DL:0.1.0:AT.1.0.0,2022-3-4 14:34:54,43.25,0.00,0.00,18.056,-1.416,-5.711,12.344,16.640,0.00,0.00,0.00,0.00,0.00,0.00,0.00,0.00,0.00,0.00,0.00,0.00,0.00,0.00,0.00,0.00,0.00
20650,DL:0.1.0:AT.1.0.0,2022-3-4 14:34:59,43.25,0.00,0.00,18.047,-1.407,-5.702,12.346,16.640,0.00,0.00,0.00,0.00,0.00,0.00,0.00,0.00,0.00,0.00,0.00,0.00,0.00,0.00,0.00,0.00,0.00
20650,DL:0.1.0:AT.1.0.0,2022-3-4 14:35:5,43.25,0.00,0.00,18.103,-1.462,-5.756,12.347,16.640,0.00,0.00,0.00,0.00,0.00,0.00,0.00,0.00,0.00,0.00,0.00,0.00,0.00,0.00,0.00,0.00,0.00
20650,DL:0.1.0:AT.1.0.0,2022-3-4 14:35:10,43.25,0.00,0.00,18.070,-1.425,-5.725,12.346,16.645,0.00,0.00,0.00,0.00,0.00,0.00,0.00,0.00,0.00,0.00,0.00,0.00,0.00,0.00,0.00,0.00,0.00
20650,DL:0.1.0:AT.1.0.0,2022-3-4 14:35:15,43.25,0.00,0.00,18.075,-1.431,-5.728,12.347,16.644,0.00,0.00,0.00,0.00,0.00,0.00,0.00,0.00,0.00,0.00,0.00,0.00,0.00,0.00,0.00,0.00,0.00
20650,DL:0.1.0:AT.1.0.0,2022-3-4 14:35:20,43.25,0.00,0.00,18.050,-1.408,-5.703,12.347,16.641,0.00,0.00,0.00,0.00,0.00,0.00,0.00,0.00,0.00,0.00,0.00,0.00,0.00,0.00,0.00,0.00,0.00
20650,DL:0.1.0:AT.1.0.0,2022-3-4 14:35:25,43.25,0.00,0.00,18.071,-1.430,-5.723,12.348,16.641,0.00,0.00,0.00,0.00,0.00,0.00,0.00,0.00,0.00,0.00,0.00,0.00,0.00,0.00,0.00,0.00,0.00
20650,DL:0.1.0:AT.1.0.0,2022-3-4 14:35:30,43.25,0.00,0.00,18.073,-1.432,-5.726,12.347,16.640,0.00,0.00,0.00,0.00,0.00,0.00,0.00,0.00,0.00,0.00,0.00,0.00,0.00,0.00,0.00,0.00,0.00
20650,DL:0.1.0:AT.1.0.0,2022-3-4 14:35:36,43.25,0.00,0.00,18.076,-1.437,-5.717,12.359,16.639,0.00,0.00,0.00,0.00,0.00,0.00,0.00,0.00,0.00,0.00,0.00,0.00,0.00,0.00,0.00,0.00,0.00
20650,DL:0.1.0:AT.1.0.0,2022-3-4 14:35:46,43.25,0.00,0.00,18.089,-1.450,-5.728,12.361,16.639,0.00,0.00,0.00,0.00,0.00,0.00,0.00,0.00,0.00,0.00,0.00,0.00,0.00,0.00,0.00,0.00,0.00
20650,DL:0.1.0:AT.1.0.0,2022-3-4 14:35:51,43.25,0.00,0.00,18.092,-1.453,-5.729,12.362,16.639,0.00,0.00,0.00,0.00,0.00,0.00,0.00,0.00,0.00,0.00,0.00,0.00,0.00,0.00,0.00,0.00,0.00
20650,DL:0.1.0:AT.1.0.0,2022-3-4 14:35:56,43.25,0.00,0.00,18.093,-1.456,-5.731,12.362,16.637,0.00,0.00,0.00,0.00,0.00,0.00,0.00,0.00,0.00,0.00,0.00,0.00,0.00,0.00,0.00,0.00,0.00
20650,DL:0.1.0:AT.1.0.0,2022-3-4 14:36:1,43.25,0.00,0.00,18.095,-1.459,-5.733,12.362,16.637,0.00,0.00,0.00,0.00,0.00,0.00,0.00,0.00,0.00,0.00,0.00,0.00,0.00,0.00,0.00,0.00,0.00
20650,DL:0.1.0:AT.1.0.0,2022-3-4 14:36:6,43.25,0.00,0.00,18.117,-1.480,-5.755,12.362,16.637,0.00,0.00,0.00,0.00,0.00,0.00,0.00,0.00,0.00,0.00,0.00,0.00,0.00,0.00,0.00,0.00,0.00
20650,DL:0.1.0:AT.1.0.0,2022-3-4 14:36:11,43.25,0.00,0.00,18.082,-1.447,-5.719,12.364,16.635,0.00,0.00,0.00,0.00,0.00,0.00,0.00,0.00,0.00,0.00,0.00,0.00,0.00,0.00,0.00,0.00,0.00
20650,DL:0.1.0:AT.1.0.0,2022-3-4 14:36:16,43.25,0.00,0.00,18.069,-1.434,-5.705,12.364,16.635,0.00,0.00,0.00,0.00,0.00,0.00,0.00,0.00,0.00,0.00,0.00,0.00,0.00,0.00,0.00,0.00,0.00
20650,DL:0.1.0:AT.1.0.0,2022-3-4 14:36:23,43.25,0.00,0.00,18.081,-1.447,-5.717,12.364,16.634,0.00,0.00,0.00,0.00,0.00,0.00,0.00,0.00,0.00,0.00,0.00,0.00,0.00,0.00,0.00,0.00,0.00
20650,DL:0.1.0:AT.1.0.0,2022-3-4 14:36:28,43.25,0.00,0.00,18.075,-1.441,-5.711,12.364,16.634,0.00,0.00,0.00,0.00,0.00,0.00,0.00,0.00,0.00,0.00,0.00,0.00,0.00,0.00,0.00,0.00,0.00
20650,DL:0.1.0:AT.1.0.0,2022-3-4 14:36:33,43.25,0.00,0.00,18.067,-1.434,-5.703,12.364,16.633,0.00,0.00,0.00,0.00,0.00,0.00,0.00,0.00,0.00,0.00,0.00,0.00,0.00,0.00,0.00,0.00,0.00
20650,DL:0.1.0:AT.1.0.0,2022-3-4 14:36:38,43.25,0.00,0.00,18.105,-1.472,-5.741,12.364,16.633,0.00,0.00,0.00,0.00,0.00,0.00,0.00,0.00,0.00,0.00,0.00,0.00,0.00,0.00,0.00,0.00,0.00
20650,DL:0.1.0:AT.1.0.0,2022-3-4 14:36:43,43.25,0.00,0.00,18.128,-1.496,-5.764,12.364,16.632,0.00,0.00,0.00,0.00,0.00,0.00,0.00,0.00,0.00,0.00,0.00,0.00,0.00,0.00,0.00,0.00,0.00
20650,DL:0.1.0:AT.1.0.0,2022-3-4 14:36:48,43.25,0.00,0.00,18.107,-1.477,-5.744,12.364,16.631,0.00,0.00,0.00,0.00,0.00,0.00,0.00,0.00,0.00,0.00,0.00,0.00,0.00,0.00,0.00,0.00,0.00
20650,DL:0.1.0:AT.1.0.0,2022-3-4 14:36:53,43.25,0.00,0.00,18.098,-1.467,-5.734,12.364,16.631,0.00,0.00,0.00,0.00,0.00,0.00,0.00,0.00,0.00,0.00,0.00,0.00,0.00,0.00,0.00,0.00,0.00
20650,DL:0.1.0:AT.1.0.0,2022-3-4 14:36:58,43.25,0.00,0.00,18.103,-1.472,-5.738,12.365,16.631,0.00,0.00,0.00,0.00,0.00,0.00,0.00,0.00,0.00,0.00,0.00,0.00,0.00,0.00,0.00,0.00,0.00
20650,DL:0.1.0:AT.1.0.0,2022-3-4 14:37:4,43.25,0.00,0.00,18.106,-1.478,-5.743,12.364,16.628,0.00,0.00,0.00,0.00,0.00,0.00,0.00,0.00,0.00,0.00,0.00,0.00,0.00,0.00,0.00,0.00,0.00
20650,DL:0.1.0:AT.1.0.0,2022-3-4 14:37:9,43.25,0.00,0.00,18.107,-1.479,-5.745,12.362,16.628,0.00,0.00,0.00,0.00,0.00,0.00,0.00,0.00,0.00,0.00,0.00,0.00,0.00,0.00,0.00,0.00,0.00
20650,DL:0.1.0:AT.1.0.0,2022-3-4 14:37:14,43.25,0.00,0.00,18.103,-1.471,-5.739,12.364,16.632,0.00,0.00,0.00,0.00,0.00,0.00,0.00,0.00,0.00,0.00,0.00,0.00,0.00,0.00,0.00,0.00,0.00
20650,DL:0.1.0:AT.1.0.0,2022-3-4 14:37:19,43.25,0.00,0.00,18.110,-1.479,-5.747,12.362,16.631,0.00,0.00,0.00,0.00,0.00,0.00,0.00,0.00,0.00,0.00,0.00,0.00,0.00,0.00,0.00,0.00,0.00
20650,DL:0.1.0:AT.1.0.0,2022-3-4 14:37:24,43.25,0.00,0.00,18.101,-1.473,-5.739,12.362,16.628,0.00,0.00,0.00,0.00,0.00,0.00,0.00,0.00,0.00,0.00,0.00,0.00,0.00,0.00,0.00,0.00,0.00
20650,DL:0.1.0:AT.1.0.0,2022-3-4 14:37:29,43.25,0.00,0.00,18.093,-1.467,-5.729,12.364,16.626,0.00,0.00,0.00,0.00,0.00,0.00,0.00,0.00,0.00,0.00,0.00,0.00,0.00,0.00,0.00,0.00,0.00
20650,DL:0.1.0:AT.1.0.0,2022-3-4 14:37:34,43.25,0.00,0.00,18.088,-1.462,-5.726,12.362,16.626,0.00,0.00,0.00,0.00,0.00,0.00,0.00,0.00,0.00,0.00,0.00,0.00,0.00,0.00,0.00,0.00,0.00
20650,DL:0.1.0:AT.1.0.0,2022-3-4 14:37:40,43.25,0.00,0.00,18.092,-1.467,-5.731,12.361,16.625,0.00,0.00,0.00,0.00,0.00,0.00,0.00,0.00,0.00,0.00,0.00,0.00,0.00,0.00,0.00,0.00,0.00
20650,DL:0.1.0:AT.1.0.0,2022-3-4 14:37:47,43.25,0.00,0.00,18.081,-1.459,-5.720,12.361,16.622,0.00,0.00,0.00,0.00,0.00,0.00,0.00,0.00,0.00,0.00,0.00,0.00,0.00,0.00,0.00,0.00,0.00
20650,DL:0.1.0:AT.1.0.0,2022-3-4 14:37:52,43.25,0.00,0.00,18.098,-1.477,-5.735,12.362,16.621,0.00,0.00,0.00,0.00,0.00,0.00,0.00,0.00,0.00,0.00,0.00,0.00,0.00,0.00,0.00,0.00,0.00
20650,DL:0.1.0:AT.1.0.0,2022-3-4 14:37:57,43.25,0.00,0.00,18.088,-1.468,-5.726,12.362,16.620,0.00,0.00,0.00,0.00,0.00,0.00,0.00,0.00,0.00,0.00,0.00,0.00,0.00,0.00,0.00,0.00,0.00
20650,DL:0.1.0:AT.1.0.0,2022-3-4 14:38:4,43.25,0.00,0.00,18.086,-1.466,-5.723,12.362,16.620,0.00,0.00,0.00,0.00,0.00,0.00,0.00,0.00,0.00,0.00,0.00,0.00,0.00,0.00,0.00,0.00,0.00
20650,DL:0.1.0:AT.1.0.0,2022-3-4 14:38:9,43.25,0.00,0.00,18.094,-1.477,-5.732,12.362,16.617,0.00,0.00,0.00,0.00,0.00,0.00,0.00,0.00,0.00,0.00,0.00,0.00,0.00,0.00,0.00,0.00,0.00
20650,DL:0.1.0:AT.1.0.0,2022-3-4 14:38:14,43.25,0.00,0.00,18.085,-1.467,-5.723,12.361,16.617,0.00,0.00,0.00,0.00,0.00,0.00,0.00,0.00,0.00,0.00,0.00,0.00,0.00,0.00,0.00,0.00,0.00
20650,DL:0.1.0:AT.1.0.0,2022-3-4 14:38:21,43.25,0.00,0.00,18.104,-1.488,-5.741,12.362,16.616,0.00,0.00,0.00,0.00,0.00,0.00,0.00,0.00,0.00,0.00,0.00,0.00,0.00,0.00,0.00,0.00,0.00
20650,DL:0.1.0:AT.1.0.0,2022-3-4 14:38:26,43.25,0.00,0.00,18.097,-1.482,-5.735,12.361,16.615,0.00,0.00,0.00,0.00,0.00,0.00,0.00,0.00,0.00,0.00,0.00,0.00,0.00,0.00,0.00,0.00,0.00
20650,DL:0.1.0:AT.1.0.0,2022-3-4 14:38:31,43.25,0.00,0.00,18.117,-1.503,-5.756,12.361,16.614,0.00,0.00,0.00,0.00,0.00,0.00,0.00,0.00,0.00,0.00,0.00,0.00,0.00,0.00,0.00,0.00,0.00
20650,DL:0.1.0:AT.1.0.0,2022-3-4 14:38:36,43.25,0.00,0.00,18.097,-1.484,-5.734,12.362,16.613,0.00,0.00,0.00,0.00,0.00,0.00,0.00,0.00,0.00,0.00,0.00,0.00,0.00,0.00,0.00,0.00,0.00
20650,DL:0.1.0:AT.1.0.0,2022-3-4 14:38:41,43.25,0.00,0.00,18.087,-1.476,-5.727,12.360,16.611,0.00,0.00,0.00,0.00,0.00,0.00,0.00,0.00,0.00,0.00,0.00,0.00,0.00,0.00,0.00,0.00,0.00
20650,DL:0.1.0:AT.1.0.0,2022-3-4 14:38:48,43.25,0.00,0.00,18.075,-1.465,-5.714,12.361,16.610,0.00,0.00,0.00,0.00,0.00,0.00,0.00,0.00,0.00,0.00,0.00,0.00,0.00,0.00,0.00,0.00,0.00
20650,DL:0.1.0:AT.1.0.0,2022-3-4 14:38:55,43.25,0.00,0.00,18.086,-1.477,-5.725,12.361,16.609,0.00,0.00,0.00,0.00,0.00,0.00,0.00,0.00,0.00,0.00,0.00,0.00,0.00,0.00,0.00,0.00,0.00
20650,DL:0.1.0:AT.1.0.0,2022-3-4 14:39:1,43.25,0.00,0.00,18.117,-1.508,-5.757,12.360,16.609,0.00,0.00,0.00,0.00,0.00,0.00,0.00,0.00,0.00,0.00,0.00,0.00,0.00,0.00,0.00,0.00,0.00
20650,DL:0.1.0:AT.1.0.0,2022-3-4 14:39:6,43.25,0.00,0.00,18.129,-1.521,-5.768,12.361,16.608,0.00,0.00,0.00,0.00,0.00,0.00,0.00,0.00,0.00,0.00,0.00,0.00,0.00,0.00,0.00,0.00,0.00
20650,DL:0.1.0:AT.1.0.0,2022-3-4 14:39:11,43.25,0.00,0.00,18.104,-1.496,-5.743,12.361,16.608,0.00,0.00,0.00,0.00,0.00,0.00,0.00,0.00,0.00,0.00,0.00,0.00,0.00,0.00,0.00,0.00,0.00
20650,DL:0.1.0:AT.1.0.0,2022-3-4 14:39:16,43.25,0.00,0.00,18.109,-1.501,-5.747,12.361,16.608,0.00,0.00,0.00,0.00,0.00,0.00,0.00,0.00,0.00,0.00,0.00,0.00,0.00,0.00,0.00,0.00,0.00
20650,DL:0.1.0:AT.1.0.0,2022-3-4 14:39:23,43.25,0.00,0.00,18.097,-1.490,-5.735,12.361,16.607,0.00,0.00,0.00,0.00,0.00,0.00,0.00,0.00,0.00,0.00,0.00,0.00,0.00,0.00,0.00,0.00,0.00
20650,DL:0.1.0:AT.1.0.0,2022-3-4 14:39:28,43.25,0.00,0.00,18.087,-1.480,-5.726,12.361,16.607,0.00,0.00,0.00,0.00,0.00,0.00,0.00,0.00,0.00,0.00,0.00,0.00,0.00,0.00,0.00,0.00,0.00
20650,DL:0.1.0:AT.1.0.0,2022-3-4 14:39:33,43.25,0.00,0.00,18.080,-1.473,-5.719,12.361,16.607,0.00,0.00,0.00,0.00,0.00,0.00,0.00,0.00,0.00,0.00,0.00,0.00,0.00,0.00,0.00,0.00,0.00
20650,DL:0.1.0:AT.1.0.0,2022-3-4 14:39:38,43.25,0.00,0.00,18.098,-1.491,-5.737,12.361,16.607,0.00,0.00,0.00,0.00,0.00,0.00,0.00,0.00,0.00,0.00,0.00,0.00,0.00,0.00,0.00,0.00,0.00
20650,DL:0.1.0:AT.1.0.0,2022-3-4 14:39:43,43.25,0.00,0.00,18.104,-1.497,-5.741,12.362,16.607,0.00,0.00,0.00,0.00,0.00,0.00,0.00,0.00,0.00,0.00,0.00,0.00,0.00,0.00,0.00,0.00,0.00
20650,DL:0.1.0:AT.1.0.0,2022-3-4 14:39:48,43.25,0.00,0.00,18.091,-1.484,-5.728,12.362,16.607,0.00,0.00,0.00,0.00,0.00,0.00,0.00,0.00,0.00,0.00,0.00,0.00,0.00,0.00,0.00,0.00,0.00
20650,DL:0.1.0:AT.1.0.0,2022-3-4 14:39:53,43.25,0.00,0.00,18.074,-1.467,-5.713,12.361,16.607,0.00,0.00,0.00,0.00,0.00,0.00,0.00,0.00,0.00,0.00,0.00,0.00,0.00,0.00,0.00,0.00,0.00
20650,DL:0.1.0:AT.1.0.0,2022-3-4 14:39:58,43.25,0.00,0.00,18.080,-1.474,-5.719,12.361,16.605,0.00,0.00,0.00,0.00,0.00,0.00,0.00,0.00,0.00,0.00,0.00,0.00,0.00,0.00,0.00,0.00,0.00
20650,DL:0.1.0:AT.1.0.0,2022-3-4 14:40:3,43.25,0.00,0.00,18.071,-1.465,-5.709,12.362,16.607,0.00,0.00,0.00,0.00,0.00,0.00,0.00,0.00,0.00,0.00,0.00,0.00,0.00,0.00,0.00,0.00,0.00
20650,DL:0.1.0:AT.1.0.0,2022-3-4 14:40:8,43.25,0.00,0.00,18.104,-1.498,-5.741,12.362,16.605,0.00,0.00,0.00,0.00,0.00,0.00,0.00,0.00,0.00,0.00,0.00,0.00,0.00,0.00,0.00,0.00,0.00
20650,DL:0.1.0:AT.1.0.0,2022-3-4 14:40:13,43.25,0.00,0.00,18.112,-1.507,-5.751,12.361,16.605,0.00,0.00,0.00,0.00,0.00,0.00,0.00,0.00,0.00,0.00,0.00,0.00,0.00,0.00,0.00,0.00,0.00
20650,DL:0.1.0:AT.1.0.0,2022-3-4 14:40:18,43.25,0.00,0.00,18.064,-1.459,-5.702,12.362,16.605,0.00,0.00,0.00,0.00,0.00,0.00,0.00,0.00,0.00,0.00,0.00,0.00,0.00,0.00,0.00,0.00,0.00
20650,DL:0.1.0:AT.1.0.0,2022-3-4 14:40:24,43.25,0.00,0.00,18.087,-1.478,-5.726,12.361,16.609,0.00,0.00,0.00,0.00,0.00,0.00,0.00,0.00,0.00,0.00,0.00,0.00,0.00,0.00,0.00,0.00,0.00
20650,DL:0.1.0:AT.1.0.0,2022-3-4 14:40:30,43.25,0.00,0.00,18.087,-1.478,-5.726,12.361,16.609,0.00,0.00,0.00,0.00,0.00,0.00,0.00,0.00,0.00,0.00,0.00,0.00,0.00,0.00,0.00,0.00,0.00
20650,DL:0.1.0:AT.1.0.0,2022-3-4 14:40:35,43.25,0.00,0.00,18.087,-1.479,-5.725,12.362,16.608,0.00,0.00,0.00,0.00,0.00,0.00,0.00,0.00,0.00,0.00,0.00,0.00,0.00,0.00,0.00,0.00,0.00
20650,DL:0.1.0:AT.1.0.0,2022-3-4 14:40:41,43.25,0.00,0.00,18.049,-1.441,-5.687,12.361,16.608,0.00,0.00,0.00,0.00,0.00,0.00,0.00,0.00,0.00,0.00,0.00,0.00,0.00,0.00,0.00,0.00,0.00
20650,DL:0.1.0:AT.1.0.0,2022-3-4 14:40:47,43.25,0.00,0.00,18.097,-1.490,-5.735,12.361,16.607,0.00,0.00,0.00,0.00,0.00,0.00,0.00,0.00,0.00,0.00,0.00,0.00,0.00,0.00,0.00,0.00,0.00
20650,DL:0.1.0:AT.1.0.0,2022-3-4 14:40:52,43.25,0.00,0.00,18.122,-1.516,-5.761,12.361,16.605,0.00,0.00,0.00,0.00,0.00,0.00,0.00,0.00,0.00,0.00,0.00,0.00,0.00,0.00,0.00,0.00,0.00
20650,DL:0.1.0:AT.1.0.0,2022-3-4 14:40:58,43.25,0.00,0.00,18.089,-1.485,-5.728,12.361,16.604,0.00,0.00,0.00,0.00,0.00,0.00,0.00,0.00,0.00,0.00,0.00,0.00,0.00,0.00,0.00,0.00,0.00
20650,DL:0.1.0:AT.1.0.0,2022-3-4 14:41:3,43.25,0.00,0.00,18.092,-1.488,-5.731,12.361,16.604,0.00,0.00,0.00,0.00,0.00,0.00,0.00,0.00,0.00,0.00,0.00,0.00,0.00,0.00,0.00,0.00,0.00
20650,DL:0.1.0:AT.1.0.0,2022-3-4 14:41:9,43.25,0.00,0.00,18.119,-1.515,-5.758,12.361,16.604,0.00,0.00,0.00,0.00,0.00,0.00,0.00,0.00,0.00,0.00,0.00,0.00,0.00,0.00,0.00,0.00,0.00
20650,DL:0.1.0:AT.1.0.0,2022-3-4 14:41:14,43.25,0.00,0.00,18.097,-1.492,-5.735,12.361,16.604,0.00,0.00,0.00,0.00,0.00,0.00,0.00,0.00,0.00,0.00,0.00,0.00,0.00,0.00,0.00,0.00,0.00
20650,DL:0.1.0:AT.1.0.0,2022-3-4 14:41:20,43.25,0.00,0.00,18.093,-1.490,-5.732,12.361,16.603,0.00,0.00,0.00,0.00,0.00,0.00,0.00,0.00,0.00,0.00,0.00,0.00,0.00,0.00,0.00,0.00,0.00
20650,DL:0.1.0:AT.1.0.0,2022-3-4 14:41:25,43.25,0.00,0.00,18.088,-1.485,-5.728,12.360,16.603,0.00,0.00,0.00,0.00,0.00,0.00,0.00,0.00,0.00,0.00,0.00,0.00,0.00,0.00,0.00,0.00,0.00
20650,DL:0.1.0:AT.1.0.0,2022-3-4 14:41:30,43.25,0.00,0.00,18.121,-1.519,-5.761,12.360,16.602,0.00,0.00,0.00,0.00,0.00,0.00,0.00,0.00,0.00,0.00,0.00,0.00,0.00,0.00,0.00,0.00,0.00
20650,DL:0.1.0:AT.1.0.0,2022-3-4 14:41:35,43.25,0.00,0.00,18.123,-1.521,-5.762,12.361,16.602,0.00,0.00,0.00,0.00,0.00,0.00,0.00,0.00,0.00,0.00,0.00,0.00,0.00,0.00,0.00,0.00,0.00
20650,DL:0.1.0:AT.1.0.0,2022-3-4 14:41:40,43.25,0.00,0.00,18.129,-1.527,-5.769,12.360,16.602,0.00,0.00,0.00,0.00,0.00,0.00,0.00,0.00,0.00,0.00,0.00,0.00,0.00,0.00,0.00,0.00,0.00
20650,DL:0.1.0:AT.1.0.0,2022-3-4 14:41:48,43.25,0.00,0.00,18.109,-1.508,-5.747,12.361,16.601,0.00,0.00,0.00,0.00,0.00,0.00,0.00,0.00,0.00,0.00,0.00,0.00,0.00,0.00,0.00,0.00,0.00
20650,DL:0.1.0:AT.1.0.0,2022-3-4 14:41:54,43.25,0.00,0.00,18.107,-1.508,-5.746,12.361,16.599,0.00,0.00,0.00,0.00,0.00,0.00,0.00,0.00,0.00,0.00,0.00,0.00,0.00,0.00,0.00,0.00,0.00
20650,DL:0.1.0:AT.1.0.0,2022-3-4 14:42:1,43.25,0.00,0.00,18.109,-1.509,-5.747,12.361,16.599,0.00,0.00,0.00,0.00,0.00,0.00,0.00,0.00,0.00,0.00,0.00,0.00,0.00,0.00,0.00,0.00,0.00
20650,DL:0.1.0:AT.1.0.0,2022-3-4 14:42:8,43.25,0.00,0.00,18.093,-1.495,-5.733,12.360,16.598,0.00,0.00,0.00,0.00,0.00,0.00,0.00,0.00,0.00,0.00,0.00,0.00,0.00,0.00,0.00,0.00,0.00
20650,DL:0.1.0:AT.1.0.0,2022-3-4 14:42:13,43.25,0.00,0.00,18.088,-1.490,-5.728,12.360,16.598,0.00,0.00,0.00,0.00,0.00,0.00,0.00,0.00,0.00,0.00,0.00,0.00,0.00,0.00,0.00,0.00,0.00
20650,DL:0.1.0:AT.1.0.0,2022-3-4 14:42:18,43.25,0.00,0.00,18.142,-1.544,-5.782,12.360,16.598,0.00,0.00,0.00,0.00,0.00,0.00,0.00,0.00,0.00,0.00,0.00,0.00,0.00,0.00,0.00,0.00,0.00
20650,DL:0.1.0:AT.1.0.0,2022-3-4 14:42:23,43.25,0.00,0.00,18.131,-1.533,-5.770,12.361,16.598,0.00,0.00,0.00,0.00,0.00,0.00,0.00,0.00,0.00,0.00,0.00,0.00,0.00,0.00,0.00,0.00,0.00
20650,DL:0.1.0:AT.1.0.0,2022-3-4 14:42:28,43.25,0.00,0.00,18.113,-1.515,-5.752,12.361,16.598,0.00,0.00,0.00,0.00,0.00,0.00,0.00,0.00,0.00,0.00,0.00,0.00,0.00,0.00,0.00,0.00,0.00
20650,DL:0.1.0:AT.1.0.0,2022-3-4 14:42:33,43.25,0.00,0.00,18.086,-1.488,-5.726,12.360,16.598,0.00,0.00,0.00,0.00,0.00,0.00,0.00,0.00,0.00,0.00,0.00,0.00,0.00,0.00,0.00,0.00,0.00
20650,DL:0.1.0:AT.1.0.0,2022-3-4 14:42:39,43.25,0.00,0.00,18.091,-1.494,-5.731,12.360,16.597,0.00,0.00,0.00,0.00,0.00,0.00,0.00,0.00,0.00,0.00,0.00,0.00,0.00,0.00,0.00,0.00,0.00
20650,DL:0.1.0:AT.1.0.0,2022-3-4 14:42:45,43.25,0.00,0.00,18.105,-1.509,-5.745,12.360,16.596,0.00,0.00,0.00,0.00,0.00,0.00,0.00,0.00,0.00,0.00,0.00,0.00,0.00,0.00,0.00,0.00,0.00
20650,DL:0.1.0:AT.1.0.0,2022-3-4 14:42:50,43.25,0.00,0.00,18.106,-1.510,-5.746,12.360,16.596,0.00,0.00,0.00,0.00,0.00,0.00,0.00,0.00,0.00,0.00,0.00,0.00,0.00,0.00,0.00,0.00,0.00
20650,DL:0.1.0:AT.1.0.0,2022-3-4 14:42:55,43.25,0.00,0.00,18.101,-1.507,-5.743,12.359,16.595,0.00,0.00,0.00,0.00,0.00,0.00,0.00,0.00,0.00,0.00,0.00,0.00,0.00,0.00,0.00,0.00,0.00
20650,DL:0.1.0:AT.1.0.0,2022-3-4 14:43:0,43.25,0.00,0.00,18.100,-1.506,-5.741,12.359,16.595,0.00,0.00,0.00,0.00,0.00,0.00,0.00,0.00,0.00,0.00,0.00,0.00,0.00,0.00,0.00,0.00,0.00
20650,DL:0.1.0:AT.1.0.0,2022-3-4 14:43:6,43.25,0.00,0.00,18.115,-1.520,-5.755,12.360,16.595,0.00,0.00,0.00,0.00,0.00,0.00,0.00,0.00,0.00,0.00,0.00,0.00,0.00,0.00,0.00,0.00,0.00
20650,DL:0.1.0:AT.1.0.0,2022-3-4 14:43:11,43.25,0.00,0.00,18.119,-1.526,-5.761,12.359,16.593,0.00,0.00,0.00,0.00,0.00,0.00,0.00,0.00,0.00,0.00,0.00,0.00,0.00,0.00,0.00,0.00,0.00
20650,DL:0.1.0:AT.1.0.0,2022-3-4 14:43:17,43.25,0.00,0.00,18.109,-1.515,-5.750,12.359,16.593,0.00,0.00,0.00,0.00,0.00,0.00,0.00,0.00,0.00,0.00,0.00,0.00,0.00,0.00,0.00,0.00,0.00
20650,DL:0.1.0:AT.1.0.0,2022-3-4 14:43:22,43.25,0.00,0.00,18.106,-1.513,-5.747,12.359,16.593,0.00,0.00,0.00,0.00,0.00,0.00,0.00,0.00,0.00,0.00,0.00,0.00,0.00,0.00,0.00,0.00,0.00
20650,DL:0.1.0:AT.1.0.0,2022-3-4 14:43:27,43.25,0.00,0.00,18.113,-1.520,-5.755,12.359,16.593,0.00,0.00,0.00,0.00,0.00,0.00,0.00,0.00,0.00,0.00,0.00,0.00,0.00,0.00,0.00,0.00,0.00
20650,DL:0.1.0:AT.1.0.0,2022-3-4 14:43:34,43.25,0.00,0.00,18.086,-1.492,-5.727,12.359,16.593,0.00,0.00,0.00,0.00,0.00,0.00,0.00,0.00,0.00,0.00,0.00,0.00,0.00,0.00,0.00,0.00,0.00
20650,DL:0.1.0:AT.1.0.0,2022-3-4 14:43:39,43.25,0.00,0.00,18.115,-1.521,-5.756,12.359,16.593,0.00,0.00,0.00,0.00,0.00,0.00,0.00,0.00,0.00,0.00,0.00,0.00,0.00,0.00,0.00,0.00,0.00
20650,DL:0.1.0:AT.1.0.0,2022-3-4 14:43:45,43.25,0.00,0.00,18.077,-1.485,-5.719,12.359,16.592,0.00,0.00,0.00,0.00,0.00,0.00,0.00,0.00,0.00,0.00,0.00,0.00,0.00,0.00,0.00,0.00,0.00
20650,DL:0.1.0:AT.1.0.0,2022-3-4 14:43:54,43.25,0.00,0.00,18.062,-1.471,-5.702,12.360,16.591,0.00,0.00,0.00,0.00,0.00,0.00,0.00,0.00,0.00,0.00,0.00,0.00,0.00,0.00,0.00,0.00,0.00
20650,DL:0.1.0:AT.1.0.0,2022-3-4 14:43:59,43.25,0.00,0.00,18.077,-1.486,-5.719,12.359,16.591,0.00,0.00,0.00,0.00,0.00,0.00,0.00,0.00,0.00,0.00,0.00,0.00,0.00,0.00,0.00,0.00,0.00
20650,DL:0.1.0:AT.1.0.0,2022-3-4 14:44:5,43.25,0.00,0.00,18.085,-1.495,-5.726,12.359,16.590,0.00,0.00,0.00,0.00,0.00,0.00,0.00,0.00,0.00,0.00,0.00,0.00,0.00,0.00,0.00,0.00,0.00
20650,DL:0.1.0:AT.1.0.0,2022-3-4 14:44:10,43.25,0.00,0.00,18.075,-1.486,-5.716,12.359,16.589,0.00,0.00,0.00,0.00,0.00,0.00,0.00,0.00,0.00,0.00,0.00,0.00,0.00,0.00,0.00,0.00,0.00
20650,DL:0.1.0:AT.1.0.0,2022-3-4 14:44:16,43.25,0.00,0.00,18.123,-1.533,-5.764,12.359,16.590,0.00,0.00,0.00,0.00,0.00,0.00,0.00,0.00,0.00,0.00,0.00,0.00,0.00,0.00,0.00,0.00,0.00
20650,DL:0.1.0:AT.1.0.0,2022-3-4 14:44:24,43.25,0.00,0.00,18.106,-1.518,-5.747,12.359,16.589,0.00,0.00,0.00,0.00,0.00,0.00,0.00,0.00,0.00,0.00,0.00,0.00,0.00,0.00,0.00,0.00,0.00
20650,DL:0.1.0:AT.1.0.0,2022-3-4 14:44:29,43.25,0.00,0.00,18.121,-1.532,-5.762,12.359,16.589,0.00,0.00,0.00,0.00,0.00,0.00,0.00,0.00,0.00,0.00,0.00,0.00,0.00,0.00,0.00,0.00,0.00
20650,DL:0.1.0:AT.1.0.0,2022-3-4 14:44:36,43.25,0.00,0.00,18.105,-1.513,-5.746,12.359,16.592,0.00,0.00,0.00,0.00,0.00,0.00,0.00,0.00,0.00,0.00,0.00,0.00,0.00,0.00,0.00,0.00,0.00
20650,DL:0.1.0:AT.1.0.0,2022-3-4 14:44:43,43.25,0.00,0.00,18.106,-1.515,-5.747,12.359,16.591,0.00,0.00,0.00,0.00,0.00,0.00,0.00,0.00,0.00,0.00,0.00,0.00,0.00,0.00,0.00,0.00,0.00
20650,DL:0.1.0:AT.1.0.0,2022-3-4 14:44:48,43.25,0.00,0.00,18.106,-1.516,-5.746,12.360,16.590,0.00,0.00,0.00,0.00,0.00,0.00,0.00,0.00,0.00,0.00,0.00,0.00,0.00,0.00,0.00,0.00,0.00
20650,DL:0.1.0:AT.1.0.0,2022-3-4 14:44:54,43.25,0.00,0.00,18.111,-1.521,-5.752,12.359,16.590,0.00,0.00,0.00,0.00,0.00,0.00,0.00,0.00,0.00,0.00,0.00,0.00,0.00,0.00,0.00,0.00,0.00
20650,DL:0.1.0:AT.1.0.0,2022-3-4 14:45:0,43.25,0.00,0.00,18.101,-1.513,-5.744,12.358,16.589,0.00,0.00,0.00,0.00,0.00,0.00,0.00,0.00,0.00,0.00,0.00,0.00,0.00,0.00,0.00,0.00,0.00
20650,DL:0.1.0:AT.1.0.0,2022-3-4 14:45:5,43.25,0.00,0.00,18.106,-1.518,-5.747,12.359,16.589,0.00,0.00,0.00,0.00,0.00,0.00,0.00,0.00,0.00,0.00,0.00,0.00,0.00,0.00,0.00,0.00,0.00
20650,DL:0.1.0:AT.1.0.0,2022-3-4 14:45:10,43.25,0.00,0.00,18.128,-1.540,-5.770,12.358,16.587,0.00,0.00,0.00,0.00,0.00,0.00,0.00,0.00,0.00,0.00,0.00,0.00,0.00,0.00,0.00,0.00,0.00
20650,DL:0.1.0:AT.1.0.0,2022-3-4 14:45:16,43.25,0.00,0.00,18.101,-1.514,-5.744,12.358,16.587,0.00,0.00,0.00,0.00,0.00,0.00,0.00,0.00,0.00,0.00,0.00,0.00,0.00,0.00,0.00,0.00,0.00
20650,DL:0.1.0:AT.1.0.0,2022-3-4 14:45:21,43.25,0.00,0.00,18.113,-1.527,-5.756,12.358,16.586,0.00,0.00,0.00,0.00,0.00,0.00,0.00,0.00,0.00,0.00,0.00,0.00,0.00,0.00,0.00,0.00,0.00
20650,DL:0.1.0:AT.1.0.0,2022-3-4 14:45:28,43.25,0.00,0.00,18.115,-1.530,-5.758,12.356,16.585,0.00,0.00,0.00,0.00,0.00,0.00,0.00,0.00,0.00,0.00,0.00,0.00,0.00,0.00,0.00,0.00,0.00
20650,DL:0.1.0:AT.1.0.0,2022-3-4 14:45:33,43.25,0.00,0.00,18.109,-1.525,-5.752,12.356,16.584,0.00,0.00,0.00,0.00,0.00,0.00,0.00,0.00,0.00,0.00,0.00,0.00,0.00,0.00,0.00,0.00,0.00
20650,DL:0.1.0:AT.1.0.0,2022-3-4 14:45:38,43.25,0.00,0.00,18.128,-1.544,-5.771,12.356,16.584,0.00,0.00,0.00,0.00,0.00,0.00,0.00,0.00,0.00,0.00,0.00,0.00,0.00,0.00,0.00,0.00,0.00
20650,DL:0.1.0:AT.1.0.0,2022-3-4 14:45:43,43.25,0.00,0.00,18.100,-1.518,-5.744,12.356,16.583,0.00,0.00,0.00,0.00,0.00,0.00,0.00,0.00,0.00,0.00,0.00,0.00,0.00,0.00,0.00,0.00,0.00
20650,DL:0.1.0:AT.1.0.0,2022-3-4 14:45:48,43.25,0.00,0.00,18.118,-1.536,-5.763,12.355,16.583,0.00,0.00,0.00,0.00,0.00,0.00,0.00,0.00,0.00,0.00,0.00,0.00,0.00,0.00,0.00,0.00,0.00
20650,DL:0.1.0:AT.1.0.0,2022-3-4 14:45:54,43.25,0.00,0.00,18.095,-1.514,-5.740,12.355,16.581,0.00,0.00,0.00,0.00,0.00,0.00,0.00,0.00,0.00,0.00,0.00,0.00,0.00,0.00,0.00,0.00,0.00
20650,DL:0.1.0:AT.1.0.0,2022-3-4 14:45:59,43.25,0.00,0.00,18.110,-1.528,-5.755,12.355,16.581,0.00,0.00,0.00,0.00,0.00,0.00,0.00,0.00,0.00,0.00,0.00,0.00,0.00,0.00,0.00,0.00,0.00
20650,DL:0.1.0:AT.1.0.0,2022-3-4 14:46:4,43.25,0.00,0.00,18.121,-1.540,-5.765,12.355,16.580,0.00,0.00,0.00,0.00,0.00,0.00,0.00,0.00,0.00,0.00,0.00,0.00,0.00,0.00,0.00,0.00,0.00
20650,DL:0.1.0:AT.1.0.0,2022-3-4 14:46:9,43.25,0.00,0.00,18.101,-1.522,-5.746,12.355,16.579,0.00,0.00,0.00,0.00,0.00,0.00,0.00,0.00,0.00,0.00,0.00,0.00,0.00,0.00,0.00,0.00,0.00
20650,DL:0.1.0:AT.1.0.0,2022-3-4 14:46:16,43.25,0.00,0.00,18.074,-1.495,-5.720,12.354,16.579,0.00,0.00,0.00,0.00,0.00,0.00,0.00,0.00,0.00,0.00,0.00,0.00,0.00,0.00,0.00,0.00,0.00
20650,DL:0.1.0:AT.1.0.0,2022-3-4 14:46:22,43.25,0.00,0.00,18.076,-1.497,-5.722,12.354,16.579,0.00,0.00,0.00,0.00,0.00,0.00,0.00,0.00,0.00,0.00,0.00,0.00,0.00,0.00,0.00,0.00,0.00
20650,DL:0.1.0:AT.1.0.0,2022-3-4 14:46:27,43.25,0.00,0.00,18.091,-1.513,-5.737,12.354,16.578,0.00,0.00,0.00,0.00,0.00,0.00,0.00,0.00,0.00,0.00,0.00,0.00,0.00,0.00,0.00,0.00,0.00
20650,DL:0.1.0:AT.1.0.0,2022-3-4 14:46:33,43.25,0.00,0.00,18.111,-1.534,-5.757,12.354,16.577,0.00,0.00,0.00,0.00,0.00,0.00,0.00,0.00,0.00,0.00,0.00,0.00,0.00,0.00,0.00,0.00,0.00
20650,DL:0.1.0:AT.1.0.0,2022-3-4 14:46:38,43.25,0.00,0.00,18.111,-1.534,-5.757,12.354,16.577,0.00,0.00,0.00,0.00,0.00,0.00,0.00,0.00,0.00,0.00,0.00,0.00,0.00,0.00,0.00,0.00,0.00
20650,DL:0.1.0:AT.1.0.0,2022-3-4 14:46:43,43.25,0.00,0.00,18.124,-1.549,-5.770,12.354,16.575,0.00,0.00,0.00,0.00,0.00,0.00,0.00,0.00,0.00,0.00,0.00,0.00,0.00,0.00,0.00,0.00,0.00
20650,DL:0.1.0:AT.1.0.0,2022-3-4 14:46:50,43.25,0.00,0.00,18.083,-1.509,-5.732,12.352,16.574,0.00,0.00,0.00,0.00,0.00,0.00,0.00,0.00,0.00,0.00,0.00,0.00,0.00,0.00,0.00,0.00,0.00
20650,DL:0.1.0:AT.1.0.0,2022-3-4 14:46:59,43.25,0.00,0.00,18.106,-1.532,-5.755,12.352,16.574,0.00,0.00,0.00,0.00,0.00,0.00,0.00,0.00,0.00,0.00,0.00,0.00,0.00,0.00,0.00,0.00,0.00
20650,DL:0.1.0:AT.1.0.0,2022-3-4 14:47:4,43.25,0.00,0.00,18.119,-1.545,-5.767,12.353,16.574,0.00,0.00,0.00,0.00,0.00,0.00,0.00,0.00,0.00,0.00,0.00,0.00,0.00,0.00,0.00,0.00,0.00
20650,DL:0.1.0:AT.1.0.0,2022-3-4 14:47:9,43.25,0.00,0.00,18.103,-1.528,-5.751,12.352,16.574,0.00,0.00,0.00,0.00,0.00,0.00,0.00,0.00,0.00,0.00,0.00,0.00,0.00,0.00,0.00,0.00,0.00
20650,DL:0.1.0:AT.1.0.0,2022-3-4 14:47:14,43.25,0.00,0.00,18.118,-1.544,-5.767,12.352,16.574,0.00,0.00,0.00,0.00,0.00,0.00,0.00,0.00,0.00,0.00,0.00,0.00,0.00,0.00,0.00,0.00,0.00
20650,DL:0.1.0:AT.1.0.0,2022-3-4 14:47:19,43.25,0.00,0.00,18.103,-1.528,-5.751,12.352,16.574,0.00,0.00,0.00,0.00,0.00,0.00,0.00,0.00,0.00,0.00,0.00,0.00,0.00,0.00,0.00,0.00,0.00
20650,DL:0.1.0:AT.1.0.0,2022-3-4 14:47:25,43.25,0.00,0.00,18.122,-1.549,-5.771,12.350,16.573,0.00,0.00,0.00,0.00,0.00,0.00,0.00,0.00,0.00,0.00,0.00,0.00,0.00,0.00,0.00,0.00,0.00
20650,DL:0.1.0:AT.1.0.0,2022-3-4 14:47:31,43.25,0.00,0.00,18.128,-1.554,-5.779,12.349,16.574,0.00,0.00,0.00,0.00,0.00,0.00,0.00,0.00,0.00,0.00,0.00,0.00,0.00,0.00,0.00,0.00,0.00
20650,DL:0.1.0:AT.1.0.0,2022-3-4 14:47:38,43.25,0.00,0.00,18.117,-1.543,-5.768,12.349,16.574,0.00,0.00,0.00,0.00,0.00,0.00,0.00,0.00,0.00,0.00,0.00,0.00,0.00,0.00,0.00,0.00,0.00
20650,DL:0.1.0:AT.1.0.0,2022-3-4 14:47:44,43.25,0.00,0.00,18.128,-1.554,-5.779,12.349,16.574,0.00,0.00,0.00,0.00,0.00,0.00,0.00,0.00,0.00,0.00,0.00,0.00,0.00,0.00,0.00,0.00,0.00
20650,DL:0.1.0:AT.1.0.0,2022-3-4 14:47:50,43.25,0.00,0.00,18.109,-1.534,-5.758,12.350,16.574,0.00,0.00,0.00,0.00,0.00,0.00,0.00,0.00,0.00,0.00,0.00,0.00,0.00,0.00,0.00,0.00,0.00
20650,DL:0.1.0:AT.1.0.0,2022-3-4 14:47:57,43.25,0.00,0.00,18.110,-1.536,-5.761,12.349,16.574,0.00,0.00,0.00,0.00,0.00,0.00,0.00,0.00,0.00,0.00,0.00,0.00,0.00,0.00,0.00,0.00,0.00
20650,DL:0.1.0:AT.1.0.0,2022-3-4 14:48:2,43.25,0.00,0.00,18.131,-1.556,-5.782,12.349,16.575,0.00,0.00,0.00,0.00,0.00,0.00,0.00,0.00,0.00,0.00,0.00,0.00,0.00,0.00,0.00,0.00,0.00
20650,DL:0.1.0:AT.1.0.0,2022-3-4 14:48:7,43.25,0.00,0.00,18.109,-1.533,-5.758,12.350,16.575,0.00,0.00,0.00,0.00,0.00,0.00,0.00,0.00,0.00,0.00,0.00,0.00,0.00,0.00,0.00,0.00,0.00
20650,DL:0.1.0:AT.1.0.0,2022-3-4 14:48:13,43.25,0.00,0.00,18.086,-1.510,-5.737,12.349,16.575,0.00,0.00,0.00,0.00,0.00,0.00,0.00,0.00,0.00,0.00,0.00,0.00,0.00,0.00,0.00,0.00,0.00
20650,DL:0.1.0:AT.1.0.0,2022-3-4 14:48:18,43.25,0.00,0.00,18.111,-1.534,-5.762,12.349,16.577,0.00,0.00,0.00,0.00,0.00,0.00,0.00,0.00,0.00,0.00,0.00,0.00,0.00,0.00,0.00,0.00,0.00
20650,DL:0.1.0:AT.1.0.0,2022-3-4 14:48:23,43.25,0.00,0.00,18.122,-1.544,-5.773,12.349,16.578,0.00,0.00,0.00,0.00,0.00,0.00,0.00,0.00,0.00,0.00,0.00,0.00,0.00,0.00,0.00,0.00,0.00
20650,DL:0.1.0:AT.1.0.0,2022-3-4 14:48:30,43.25,0.00,0.00,18.127,-1.549,-5.776,12.350,16.578,0.00,0.00,0.00,0.00,0.00,0.00,0.00,0.00,0.00,0.00,0.00,0.00,0.00,0.00,0.00,0.00,0.00
20650,DL:0.1.0:AT.1.0.0,2022-3-4 14:48:36,43.25,0.00,0.00,18.125,-1.547,-5.775,12.350,16.579,0.00,0.00,0.00,0.00,0.00,0.00,0.00,0.00,0.00,0.00,0.00,0.00,0.00,0.00,0.00,0.00,0.00
20650,DL:0.1.0:AT.1.0.0,2022-3-4 14:48:41,43.25,0.00,0.00,18.103,-1.524,-5.755,12.348,16.579,0.00,0.00,0.00,0.00,0.00,0.00,0.00,0.00,0.00,0.00,0.00,0.00,0.00,0.00,0.00,0.00,0.00
20650,DL:0.1.0:AT.1.0.0,2022-3-4 14:48:47,43.25,0.00,0.00,18.139,-1.560,-5.789,12.349,16.579,0.00,0.00,0.00,0.00,0.00,0.00,0.00,0.00,0.00,0.00,0.00,0.00,0.00,0.00,0.00,0.00,0.00
20650,DL:0.1.0:AT.1.0.0,2022-3-4 14:48:52,43.25,0.00,0.00,18.107,-1.527,-5.758,12.349,16.580,0.00,0.00,0.00,0.00,0.00,0.00,0.00,0.00,0.00,0.00,0.00,0.00,0.00,0.00,0.00,0.00,0.00
20650,DL:0.1.0:AT.1.0.0,2022-3-4 14:48:58,43.25,0.00,0.00,18.106,-1.525,-5.757,12.349,16.581,0.00,0.00,0.00,0.00,0.00,0.00,0.00,0.00,0.00,0.00,0.00,0.00,0.00,0.00,0.00,0.00,0.00
20650,DL:0.1.0:AT.1.0.0,2022-3-4 14:49:4,43.25,0.00,0.00,18.141,-1.560,-5.792,12.349,16.581,0.00,0.00,0.00,0.00,0.00,0.00,0.00,0.00,0.00,0.00,0.00,0.00,0.00,0.00,0.00,0.00,0.00
20650,DL:0.1.0:AT.1.0.0,2022-3-4 14:49:9,43.25,0.00,0.00,18.143,-1.562,-5.794,12.349,16.581,0.00,0.00,0.00,0.00,0.00,0.00,0.00,0.00,0.00,0.00,0.00,0.00,0.00,0.00,0.00,0.00,0.00
20650,DL:0.1.0:AT.1.0.0,2022-3-4 14:49:15,43.25,0.00,0.00,18.106,-1.524,-5.756,12.350,16.583,0.00,0.00,0.00,0.00,0.00,0.00,0.00,0.00,0.00,0.00,0.00,0.00,0.00,0.00,0.00,0.00,0.00
20650,DL:0.1.0:AT.1.0.0,2022-3-4 14:49:22,43.25,0.00,0.00,18.117,-1.533,-5.768,12.349,16.584,0.00,0.00,0.00,0.00,0.00,0.00,0.00,0.00,0.00,0.00,0.00,0.00,0.00,0.00,0.00,0.00,0.00
20650,DL:0.1.0:AT.1.0.0,2022-3-4 14:49:28,43.25,0.00,0.00,18.099,-1.514,-5.749,12.350,16.585,0.00,0.00,0.00,0.00,0.00,0.00,0.00,0.00,0.00,0.00,0.00,0.00,0.00,0.00,0.00,0.00,0.00
20650,DL:0.1.0:AT.1.0.0,2022-3-4 14:49:33,43.25,0.00,0.00,18.119,-1.534,-5.770,12.349,16.585,0.00,0.00,0.00,0.00,0.00,0.00,0.00,0.00,0.00,0.00,0.00,0.00,0.00,0.00,0.00,0.00,0.00
20650,DL:0.1.0:AT.1.0.0,2022-3-4 14:49:38,43.25,0.00,0.00,18.115,-1.528,-5.764,12.350,16.586,0.00,0.00,0.00,0.00,0.00,0.00,0.00,0.00,0.00,0.00,0.00,0.00,0.00,0.00,0.00,0.00,0.00
20650,DL:0.1.0:AT.1.0.0,2022-3-4 14:49:43,43.25,0.00,0.00,18.121,-1.532,-5.770,12.350,16.589,0.00,0.00,0.00,0.00,0.00,0.00,0.00,0.00,0.00,0.00,0.00,0.00,0.00,0.00,0.00,0.00,0.00
20650,DL:0.1.0:AT.1.0.0,2022-3-4 14:49:49,43.25,0.00,0.00,18.118,-1.528,-5.768,12.350,16.590,0.00,0.00,0.00,0.00,0.00,0.00,0.00,0.00,0.00,0.00,0.00,0.00,0.00,0.00,0.00,0.00,0.00
20650,DL:0.1.0:AT.1.0.0,2022-3-4 14:49:54,43.25,0.00,0.00,18.111,-1.520,-5.761,12.350,16.591,0.00,0.00,0.00,0.00,0.00,0.00,0.00,0.00,0.00,0.00,0.00,0.00,0.00,0.00,0.00,0.00,0.00
20650,DL:0.1.0:AT.1.0.0,2022-3-4 14:49:59,43.25,0.00,0.00,18.106,-1.515,-5.756,12.350,16.591,0.00,0.00,0.00,0.00,0.00,0.00,0.00,0.00,0.00,0.00,0.00,0.00,0.00,0.00,0.00,0.00,0.00
20650,DL:0.1.0:AT.1.0.0,2022-3-4 14:50:4,43.25,0.00,0.00,18.128,-1.534,-5.777,12.350,16.593,0.00,0.00,0.00,0.00,0.00,0.00,0.00,0.00,0.00,0.00,0.00,0.00,0.00,0.00,0.00,0.00,0.00
20650,DL:0.1.0:AT.1.0.0,2022-3-4 14:50:9,43.25,0.00,0.00,18.109,-1.515,-5.758,12.350,16.593,0.00,0.00,0.00,0.00,0.00,0.00,0.00,0.00,0.00,0.00,0.00,0.00,0.00,0.00,0.00,0.00,0.00
20650,DL:0.1.0:AT.1.0.0,2022-3-4 14:50:15,43.25,0.00,0.00,18.129,-1.533,-5.777,12.352,16.596,0.00,0.00,0.00,0.00,0.00,0.00,0.00,0.00,0.00,0.00,0.00,0.00,0.00,0.00,0.00,0.00,0.00
20650,DL:0.1.0:AT.1.0.0,2022-3-4 14:50:20,43.25,0.00,0.00,18.117,-1.521,-5.765,12.352,16.596,0.00,0.00,0.00,0.00,0.00,0.00,0.00,0.00,0.00,0.00,0.00,0.00,0.00,0.00,0.00,0.00,0.00
20650,DL:0.1.0:AT.1.0.0,2022-3-4 14:50:25,43.25,0.00,0.00,18.123,-1.526,-5.773,12.350,16.597,0.00,0.00,0.00,0.00,0.00,0.00,0.00,0.00,0.00,0.00,0.00,0.00,0.00,0.00,0.00,0.00,0.00
20650,DL:0.1.0:AT.1.0.0,2022-3-4 14:50:30,43.25,0.00,0.00,18.099,-1.502,-5.747,12.352,16.597,0.00,0.00,0.00,0.00,0.00,0.00,0.00,0.00,0.00,0.00,0.00,0.00,0.00,0.00,0.00,0.00,0.00
20650,DL:0.1.0:AT.1.0.0,2022-3-4 14:50:35,43.25,0.00,0.00,18.092,-1.494,-5.740,12.352,16.598,0.00,0.00,0.00,0.00,0.00,0.00,0.00,0.00,0.00,0.00,0.00,0.00,0.00,0.00,0.00,0.00,0.00
20650,DL:0.1.0:AT.1.0.0,2022-3-4 14:50:41,43.25,0.00,0.00,18.083,-1.484,-5.732,12.352,16.599,0.00,0.00,0.00,0.00,0.00,0.00,0.00,0.00,0.00,0.00,0.00,0.00,0.00,0.00,0.00,0.00,0.00
20650,DL:0.1.0:AT.1.0.0,2022-3-4 14:50:48,43.50,0.00,0.00,18.087,-1.486,-5.734,12.353,16.601,0.00,0.00,0.00,0.00,0.00,0.00,0.00,0.00,0.00,0.00,0.00,0.00,0.00,0.00,0.00,0.00,0.00
20650,DL:0.1.0:AT.1.0.0,2022-3-4 14:50:53,43.50,0.00,0.00,18.091,-1.490,-5.738,12.353,16.601,0.00,0.00,0.00,0.00,0.00,0.00,0.00,0.00,0.00,0.00,0.00,0.00,0.00,0.00,0.00,0.00,0.00
20650,DL:0.1.0:AT.1.0.0,2022-3-4 14:50:59,43.50,0.00,0.00,18.105,-1.503,-5.753,12.352,16.602,0.00,0.00,0.00,0.00,0.00,0.00,0.00,0.00,0.00,0.00,0.00,0.00,0.00,0.00,0.00,0.00,0.00
20650,DL:0.1.0:AT.1.0.0,2022-3-4 14:51:4,43.50,0.00,0.00,18.107,-1.506,-5.756,12.352,16.602,0.00,0.00,0.00,0.00,0.00,0.00,0.00,0.00,0.00,0.00,0.00,0.00,0.00,0.00,0.00,0.00,0.00
20650,DL:0.1.0:AT.1.0.0,2022-3-4 14:51:9,43.50,0.00,0.00,18.099,-1.496,-5.747,12.352,16.603,0.00,0.00,0.00,0.00,0.00,0.00,0.00,0.00,0.00,0.00,0.00,0.00,0.00,0.00,0.00,0.00,0.00
20650,DL:0.1.0:AT.1.0.0,2022-3-4 14:51:16,43.50,0.00,0.00,18.118,-1.514,-5.765,12.353,16.604,0.00,0.00,0.00,0.00,0.00,0.00,0.00,0.00,0.00,0.00,0.00,0.00,0.00,0.00,0.00,0.00,0.00
20650,DL:0.1.0:AT.1.0.0,2022-3-4 14:51:21,43.50,0.00,0.00,18.109,-1.504,-5.756,12.353,16.604,0.00,0.00,0.00,0.00,0.00,0.00,0.00,0.00,0.00,0.00,0.00,0.00,0.00,0.00,0.00,0.00,0.00
20650,DL:0.1.0:AT.1.0.0,2022-3-4 14:51:26,43.50,0.00,0.00,18.080,-1.476,-5.727,12.353,16.604,0.00,0.00,0.00,0.00,0.00,0.00,0.00,0.00,0.00,0.00,0.00,0.00,0.00,0.00,0.00,0.00,0.00
20650,DL:0.1.0:AT.1.0.0,2022-3-4 14:51:33,43.50,0.00,0.00,18.106,-1.502,-5.755,12.352,16.604,0.00,0.00,0.00,0.00,0.00,0.00,0.00,0.00,0.00,0.00,0.00,0.00,0.00,0.00,0.00,0.00,0.00
20650,DL:0.1.0:AT.1.0.0,2022-3-4 14:51:38,43.50,0.00,0.00,18.061,-1.456,-5.709,12.352,16.604,0.00,0.00,0.00,0.00,0.00,0.00,0.00,0.00,0.00,0.00,0.00,0.00,0.00,0.00,0.00,0.00,0.00
20650,DL:0.1.0:AT.1.0.0,2022-3-4 14:51:43,43.50,0.00,0.00,18.045,-1.440,-5.693,12.352,16.605,0.00,0.00,0.00,0.00,0.00,0.00,0.00,0.00,0.00,0.00,0.00,0.00,0.00,0.00,0.00,0.00,0.00
20650,DL:0.1.0:AT.1.0.0,2022-3-4 14:51:48,43.50,0.00,0.00,18.087,-1.482,-5.735,12.352,16.605,0.00,0.00,0.00,0.00,0.00,0.00,0.00,0.00,0.00,0.00,0.00,0.00,0.00,0.00,0.00,0.00,0.00
20650,DL:0.1.0:AT.1.0.0,2022-3-4 14:51:53,43.50,0.00,0.00,18.041,-1.435,-5.689,12.353,16.607,0.00,0.00,0.00,0.00,0.00,0.00,0.00,0.00,0.00,0.00,0.00,0.00,0.00,0.00,0.00,0.00,0.00
20650,DL:0.1.0:AT.1.0.0,2022-3-4 14:51:59,43.50,0.00,0.00,18.079,-1.471,-5.727,12.352,16.608,0.00,0.00,0.00,0.00,0.00,0.00,0.00,0.00,0.00,0.00,0.00,0.00,0.00,0.00,0.00,0.00,0.00
20650,DL:0.1.0:AT.1.0.0,2022-3-4 14:52:4,43.50,0.00,0.00,18.082,-1.473,-5.731,12.352,16.609,0.00,0.00,0.00,0.00,0.00,0.00,0.00,0.00,0.00,0.00,0.00,0.00,0.00,0.00,0.00,0.00,0.00
20650,DL:0.1.0:AT.1.0.0,2022-3-4 14:52:9,43.50,0.00,0.00,18.077,-1.468,-5.726,12.352,16.609,0.00,0.00,0.00,0.00,0.00,0.00,0.00,0.00,0.00,0.00,0.00,0.00,0.00,0.00,0.00,0.00,0.00
20650,DL:0.1.0:AT.1.0.0,2022-3-4 14:52:14,43.50,0.00,0.00,18.089,-1.478,-5.738,12.352,16.611,0.00,0.00,0.00,0.00,0.00,0.00,0.00,0.00,0.00,0.00,0.00,0.00,0.00,0.00,0.00,0.00,0.00
20650,DL:0.1.0:AT.1.0.0,2022-3-4 14:52:19,43.50,0.00,0.00,18.079,-1.466,-5.728,12.350,16.613,0.00,0.00,0.00,0.00,0.00,0.00,0.00,0.00,0.00,0.00,0.00,0.00,0.00,0.00,0.00,0.00,0.00
20650,DL:0.1.0:AT.1.0.0,2022-3-4 14:52:25,43.50,0.00,0.00,18.058,-1.446,-5.708,12.350,16.613,0.00,0.00,0.00,0.00,0.00,0.00,0.00,0.00,0.00,0.00,0.00,0.00,0.00,0.00,0.00,0.00,0.00
20650,DL:0.1.0:AT.1.0.0,2022-3-4 14:52:30,43.50,0.00,0.00,18.105,-1.491,-5.755,12.350,16.614,0.00,0.00,0.00,0.00,0.00,0.00,0.00,0.00,0.00,0.00,0.00,0.00,0.00,0.00,0.00,0.00,0.00
20650,DL:0.1.0:AT.1.0.0,2022-3-4 14:52:35,43.50,0.00,0.00,18.100,-1.486,-5.750,12.350,16.614,0.00,0.00,0.00,0.00,0.00,0.00,0.00,0.00,0.00,0.00,0.00,0.00,0.00,0.00,0.00,0.00,0.00
20650,DL:0.1.0:AT.1.0.0,2022-3-4 14:52:40,43.50,0.00,0.00,18.082,-1.467,-5.732,12.350,16.615,0.00,0.00,0.00,0.00,0.00,0.00,0.00,0.00,0.00,0.00,0.00,0.00,0.00,0.00,0.00,0.00,0.00
20650,DL:0.1.0:AT.1.0.0,2022-3-4 14:52:45,43.50,0.00,0.00,18.070,-1.454,-5.720,12.350,16.616,0.00,0.00,0.00,0.00,0.00,0.00,0.00,0.00,0.00,0.00,0.00,0.00,0.00,0.00,0.00,0.00,0.00
20650,DL:0.1.0:AT.1.0.0,2022-3-4 14:52:50,43.50,0.00,0.00,18.080,-1.464,-5.728,12.352,16.616,0.00,0.00,0.00,0.00,0.00,0.00,0.00,0.00,0.00,0.00,0.00,0.00,0.00,0.00,0.00,0.00,0.00
20650,DL:0.1.0:AT.1.0.0,2022-3-4 14:52:55,43.50,0.00,0.00,18.094,-1.477,-5.743,12.352,16.617,0.00,0.00,0.00,0.00,0.00,0.00,0.00,0.00,0.00,0.00,0.00,0.00,0.00,0.00,0.00,0.00,0.00
20650,DL:0.1.0:AT.1.0.0,2022-3-4 14:53:1,43.50,0.00,0.00,18.085,-1.467,-5.734,12.350,16.617,0.00,0.00,0.00,0.00,0.00,0.00,0.00,0.00,0.00,0.00,0.00,0.00,0.00,0.00,0.00,0.00,0.00
20650,DL:0.1.0:AT.1.0.0,2022-3-4 14:53:6,43.50,0.00,0.00,18.101,-1.483,-5.751,12.350,16.619,0.00,0.00,0.00,0.00,0.00,0.00,0.00,0.00,0.00,0.00,0.00,0.00,0.00,0.00,0.00,0.00,0.00
20650,DL:0.1.0:AT.1.0.0,2022-3-4 14:53:12,43.50,0.00,0.00,18.097,-1.478,-5.746,12.350,16.619,0.00,0.00,0.00,0.00,0.00,0.00,0.00,0.00,0.00,0.00,0.00,0.00,0.00,0.00,0.00,0.00,0.00
20650,DL:0.1.0:AT.1.0.0,2022-3-4 14:53:17,43.50,0.00,0.00,18.087,-1.468,-5.735,12.352,16.619,0.00,0.00,0.00,0.00,0.00,0.00,0.00,0.00,0.00,0.00,0.00,0.00,0.00,0.00,0.00,0.00,0.00
20650,DL:0.1.0:AT.1.0.0,2022-3-4 14:53:23,43.50,0.00,0.00,18.092,-1.472,-5.741,12.350,16.620,0.00,0.00,0.00,0.00,0.00,0.00,0.00,0.00,0.00,0.00,0.00,0.00,0.00,0.00,0.00,0.00,0.00
20650,DL:0.1.0:AT.1.0.0,2022-3-4 14:53:28,43.50,0.00,0.00,18.085,-1.465,-5.735,12.349,16.620,0.00,0.00,0.00,0.00,0.00,0.00,0.00,0.00,0.00,0.00,0.00,0.00,0.00,0.00,0.00,0.00,0.00
20650,DL:0.1.0:AT.1.0.0,2022-3-4 14:53:33,43.50,0.00,0.00,18.087,-1.466,-5.737,12.350,16.621,0.00,0.00,0.00,0.00,0.00,0.00,0.00,0.00,0.00,0.00,0.00,0.00,0.00,0.00,0.00,0.00,0.00
20650,DL:0.1.0:AT.1.0.0,2022-3-4 14:53:38,43.50,0.00,0.00,18.101,-1.479,-5.751,12.350,16.622,0.00,0.00,0.00,0.00,0.00,0.00,0.00,0.00,0.00,0.00,0.00,0.00,0.00,0.00,0.00,0.00,0.00
20650,DL:0.1.0:AT.1.0.0,2022-3-4 14:53:44,43.50,0.00,0.00,18.085,-1.464,-5.734,12.350,16.621,0.00,0.00,0.00,0.00,0.00,0.00,0.00,0.00,0.00,0.00,0.00,0.00,0.00,0.00,0.00,0.00,0.00
20650,DL:0.1.0:AT.1.0.0,2022-3-4 14:53:50,43.50,0.00,0.00,18.099,-1.477,-5.749,12.350,16.622,0.00,0.00,0.00,0.00,0.00,0.00,0.00,0.00,0.00,0.00,0.00,0.00,0.00,0.00,0.00,0.00,0.00
20650,DL:0.1.0:AT.1.0.0,2022-3-4 14:53:56,43.50,0.00,0.00,18.110,-1.486,-5.761,12.349,16.623,0.00,0.00,0.00,0.00,0.00,0.00,0.00,0.00,0.00,0.00,0.00,0.00,0.00,0.00,0.00,0.00,0.00
20650,DL:0.1.0:AT.1.0.0,2022-3-4 14:54:1,43.50,0.00,0.00,18.104,-1.480,-5.755,12.349,16.623,0.00,0.00,0.00,0.00,0.00,0.00,0.00,0.00,0.00,0.00,0.00,0.00,0.00,0.00,0.00,0.00,0.00
20650,DL:0.1.0:AT.1.0.0,2022-3-4 14:54:6,43.50,0.00,0.00,18.091,-1.467,-5.741,12.349,16.623,0.00,0.00,0.00,0.00,0.00,0.00,0.00,0.00,0.00,0.00,0.00,0.00,0.00,0.00,0.00,0.00,0.00
20650,DL:0.1.0:AT.1.0.0,2022-3-4 14:54:11,43.50,0.00,0.00,18.093,-1.468,-5.743,12.350,16.625,0.00,0.00,0.00,0.00,0.00,0.00,0.00,0.00,0.00,0.00,0.00,0.00,0.00,0.00,0.00,0.00,0.00
20650,DL:0.1.0:AT.1.0.0,2022-3-4 14:54:17,43.50,0.00,0.00,18.082,-1.458,-5.733,12.349,16.625,0.00,0.00,0.00,0.00,0.00,0.00,0.00,0.00,0.00,0.00,0.00,0.00,0.00,0.00,0.00,0.00,0.00
20650,DL:0.1.0:AT.1.0.0,2022-3-4 14:54:22,43.50,0.00,0.00,18.111,-1.486,-5.761,12.350,16.625,0.00,0.00,0.00,0.00,0.00,0.00,0.00,0.00,0.00,0.00,0.00,0.00,0.00,0.00,0.00,0.00,0.00
20650,DL:0.1.0:AT.1.0.0,2022-3-4 14:54:27,43.50,0.00,0.00,18.100,-1.474,-5.751,12.349,16.626,0.00,0.00,0.00,0.00,0.00,0.00,0.00,0.00,0.00,0.00,0.00,0.00,0.00,0.00,0.00,0.00,0.00
20650,DL:0.1.0:AT.1.0.0,2022-3-4 14:54:32,43.50,0.00,0.00,18.071,-1.446,-5.722,12.349,16.626,0.00,0.00,0.00,0.00,0.00,0.00,0.00,0.00,0.00,0.00,0.00,0.00,0.00,0.00,0.00,0.00,0.00
20650,DL:0.1.0:AT.1.0.0,2022-3-4 14:54:38,43.50,0.00,0.00,18.083,-1.458,-5.735,12.348,16.626,0.00,0.00,0.00,0.00,0.00,0.00,0.00,0.00,0.00,0.00,0.00,0.00,0.00,0.00,0.00,0.00,0.00
20650,DL:0.1.0:AT.1.0.0,2022-3-4 14:54:43,43.50,0.00,0.00,18.085,-1.459,-5.735,12.349,16.626,0.00,0.00,0.00,0.00,0.00,0.00,0.00,0.00,0.00,0.00,0.00,0.00,0.00,0.00,0.00,0.00,0.00
20650,DL:0.1.0:AT.1.0.0,2022-3-4 14:54:49,43.50,0.00,0.00,18.079,-1.453,-5.731,12.348,16.626,0.00,0.00,0.00,0.00,0.00,0.00,0.00,0.00,0.00,0.00,0.00,0.00,0.00,0.00,0.00,0.00,0.00
20650,DL:0.1.0:AT.1.0.0,2022-3-4 14:54:55,43.50,0.00,0.00,18.074,-1.448,-5.726,12.348,16.626,0.00,0.00,0.00,0.00,0.00,0.00,0.00,0.00,0.00,0.00,0.00,0.00,0.00,0.00,0.00,0.00,0.00
20650,DL:0.1.0:AT.1.0.0,2022-3-4 14:55:4,43.50,0.00,0.00,18.117,-1.491,-5.770,12.347,16.626,0.00,0.00,0.00,0.00,0.00,0.00,0.00,0.00,0.00,0.00,0.00,0.00,0.00,0.00,0.00,0.00,0.00
20650,DL:0.1.0:AT.1.0.0,2022-3-4 14:55:10,43.50,0.00,0.00,18.075,-1.449,-5.727,12.348,16.626,0.00,0.00,0.00,0.00,0.00,0.00,0.00,0.00,0.00,0.00,0.00,0.00,0.00,0.00,0.00,0.00,0.00
20650,DL:0.1.0:AT.1.0.0,2022-3-4 14:55:15,43.50,0.00,0.00,18.082,-1.455,-5.734,12.348,16.627,0.00,0.00,0.00,0.00,0.00,0.00,0.00,0.00,0.00,0.00,0.00,0.00,0.00,0.00,0.00,0.00,0.00
20650,DL:0.1.0:AT.1.0.0,2022-3-4 14:55:20,43.50,0.00,0.00,18.087,-1.460,-5.738,12.349,16.627,0.00,0.00,0.00,0.00,0.00,0.00,0.00,0.00,0.00,0.00,0.00,0.00,0.00,0.00,0.00,0.00,0.00
20650,DL:0.1.0:AT.1.0.0,2022-3-4 14:55:25,43.50,0.00,0.00,18.095,-1.468,-5.747,12.348,16.627,0.00,0.00,0.00,0.00,0.00,0.00,0.00,0.00,0.00,0.00,0.00,0.00,0.00,0.00,0.00,0.00,0.00
20650,DL:0.1.0:AT.1.0.0,2022-3-4 14:55:30,43.50,0.00,0.00,18.069,-1.442,-5.720,12.349,16.627,0.00,0.00,0.00,0.00,0.00,0.00,0.00,0.00,0.00,0.00,0.00,0.00,0.00,0.00,0.00,0.00,0.00
20650,DL:0.1.0:AT.1.0.0,2022-3-4 14:55:35,43.50,0.00,0.00,18.083,-1.458,-5.734,12.349,16.626,0.00,0.00,0.00,0.00,0.00,0.00,0.00,0.00,0.00,0.00,0.00,0.00,0.00,0.00,0.00,0.00,0.00
20650,DL:0.1.0:AT.1.0.0,2022-3-4 14:55:40,43.50,0.00,0.00,18.094,-1.467,-5.744,12.350,16.627,0.00,0.00,0.00,0.00,0.00,0.00,0.00,0.00,0.00,0.00,0.00,0.00,0.00,0.00,0.00,0.00,0.00
20650,DL:0.1.0:AT.1.0.0,2022-3-4 14:55:45,43.50,0.00,0.00,18.083,-1.456,-5.734,12.349,16.627,0.00,0.00,0.00,0.00,0.00,0.00,0.00,0.00,0.00,0.00,0.00,0.00,0.00,0.00,0.00,0.00,0.00
20650,DL:0.1.0:AT.1.0.0,2022-3-4 14:55:50,43.50,0.00,0.00,18.103,-1.477,-5.753,12.349,16.626,0.00,0.00,0.00,0.00,0.00,0.00,0.00,0.00,0.00,0.00,0.00,0.00,0.00,0.00,0.00,0.00,0.00
20650,DL:0.1.0:AT.1.0.0,2022-3-4 14:55:55,43.50,0.00,0.00,18.076,-1.450,-5.727,12.349,16.626,0.00,0.00,0.00,0.00,0.00,0.00,0.00,0.00,0.00,0.00,0.00,0.00,0.00,0.00,0.00,0.00,0.00
20650,DL:0.1.0:AT.1.0.0,2022-3-4 14:56:0,43.50,0.00,0.00,18.079,-1.452,-5.729,12.349,16.627,0.00,0.00,0.00,0.00,0.00,0.00,0.00,0.00,0.00,0.00,0.00,0.00,0.00,0.00,0.00,0.00,0.00
20650,DL:0.1.0:AT.1.0.0,2022-3-4 14:56:5,43.50,0.00,0.00,18.088,-1.461,-5.739,12.349,16.627,0.00,0.00,0.00,0.00,0.00,0.00,0.00,0.00,0.00,0.00,0.00,0.00,0.00,0.00,0.00,0.00,0.00
20650,DL:0.1.0:AT.1.0.0,2022-3-4 14:56:10,43.50,0.00,0.00,18.079,-1.453,-5.728,12.350,16.626,0.00,0.00,0.00,0.00,0.00,0.00,0.00,0.00,0.00,0.00,0.00,0.00,0.00,0.00,0.00,0.00,0.00
20650,DL:0.1.0:AT.1.0.0,2022-3-4 14:56:15,43.50,0.00,0.00,18.107,-1.482,-5.757,12.350,16.626,0.00,0.00,0.00,0.00,0.00,0.00,0.00,0.00,0.00,0.00,0.00,0.00,0.00,0.00,0.00,0.00,0.00
20650,DL:0.1.0:AT.1.0.0,2022-3-4 14:56:20,43.50,0.00,0.00,18.098,-1.472,-5.747,12.350,16.626,0.00,0.00,0.00,0.00,0.00,0.00,0.00,0.00,0.00,0.00,0.00,0.00,0.00,0.00,0.00,0.00,0.00
20650,DL:0.1.0:AT.1.0.0,2022-3-4 14:56:25,43.50,0.00,0.00,18.125,-1.501,-5.775,12.350,16.625,0.00,0.00,0.00,0.00,0.00,0.00,0.00,0.00,0.00,0.00,0.00,0.00,0.00,0.00,0.00,0.00,0.00
20650,DL:0.1.0:AT.1.0.0,2022-3-4 14:56:32,43.50,0.00,0.00,18.106,-1.480,-5.755,12.352,16.626,0.00,0.00,0.00,0.00,0.00,0.00,0.00,0.00,0.00,0.00,0.00,0.00,0.00,0.00,0.00,0.00,0.00
20650,DL:0.1.0:AT.1.0.0,2022-3-4 14:56:38,43.50,0.00,0.00,18.087,-1.461,-5.734,12.353,16.626,0.00,0.00,0.00,0.00,0.00,0.00,0.00,0.00,0.00,0.00,0.00,0.00,0.00,0.00,0.00,0.00,0.00
20650,DL:0.1.0:AT.1.0.0,2022-3-4 14:56:43,43.50,0.00,0.00,18.101,-1.476,-5.749,12.353,16.626,0.00,0.00,0.00,0.00,0.00,0.00,0.00,0.00,0.00,0.00,0.00,0.00,0.00,0.00,0.00,0.00,0.00
20650,DL:0.1.0:AT.1.0.0,2022-3-4 14:56:49,43.50,0.00,0.00,18.065,-1.438,-5.713,12.353,16.627,0.00,0.00,0.00,0.00,0.00,0.00,0.00,0.00,0.00,0.00,0.00,0.00,0.00,0.00,0.00,0.00,0.00
20650,DL:0.1.0:AT.1.0.0,2022-3-4 14:56:54,43.50,0.00,0.00,18.092,-1.467,-5.738,12.354,16.625,0.00,0.00,0.00,0.00,0.00,0.00,0.00,0.00,0.00,0.00,0.00,0.00,0.00,0.00,0.00,0.00,0.00
20650,DL:0.1.0:AT.1.0.0,2022-3-4 14:56:59,43.50,0.00,0.00,18.101,-1.477,-5.746,12.355,16.625,0.00,0.00,0.00,0.00,0.00,0.00,0.00,0.00,0.00,0.00,0.00,0.00,0.00,0.00,0.00,0.00,0.00
20650,DL:0.1.0:AT.1.0.0,2022-3-4 14:57:5,43.50,0.00,0.00,18.092,-1.467,-5.737,12.355,16.625,0.00,0.00,0.00,0.00,0.00,0.00,0.00,0.00,0.00,0.00,0.00,0.00,0.00,0.00,0.00,0.00,0.00
20650,DL:0.1.0:AT.1.0.0,2022-3-4 14:57:10,43.50,0.00,0.00,18.111,-1.486,-5.756,12.355,16.625,0.00,0.00,0.00,0.00,0.00,0.00,0.00,0.00,0.00,0.00,0.00,0.00,0.00,0.00,0.00,0.00,0.00
20650,DL:0.1.0:AT.1.0.0,2022-3-4 14:57:17,43.50,0.00,0.00,18.088,-1.465,-5.733,12.355,16.623,0.00,0.00,0.00,0.00,0.00,0.00,0.00,0.00,0.00,0.00,0.00,0.00,0.00,0.00,0.00,0.00,0.00
20650,DL:0.1.0:AT.1.0.0,2022-3-4 14:57:22,43.50,0.00,0.00,18.089,-1.465,-5.733,12.356,16.625,0.00,0.00,0.00,0.00,0.00,0.00,0.00,0.00,0.00,0.00,0.00,0.00,0.00,0.00,0.00,0.00,0.00
20650,DL:0.1.0:AT.1.0.0,2022-3-4 14:57:27,43.50,0.00,0.00,18.075,-1.448,-5.719,12.356,16.627,0.00,0.00,0.00,0.00,0.00,0.00,0.00,0.00,0.00,0.00,0.00,0.00,0.00,0.00,0.00,0.00,0.00
20650,DL:0.1.0:AT.1.0.0,2022-3-4 14:57:32,43.50,0.00,0.00,18.112,-1.486,-5.756,12.356,16.626,0.00,0.00,0.00,0.00,0.00,0.00,0.00,0.00,0.00,0.00,0.00,0.00,0.00,0.00,0.00,0.00,0.00
20650,DL:0.1.0:AT.1.0.0,2022-3-4 14:57:37,43.50,0.00,0.00,18.095,-1.470,-5.740,12.355,16.626,0.00,0.00,0.00,0.00,0.00,0.00,0.00,0.00,0.00,0.00,0.00,0.00,0.00,0.00,0.00,0.00,0.00
20650,DL:0.1.0:AT.1.0.0,2022-3-4 14:57:44,43.50,0.00,0.00,18.111,-1.486,-5.756,12.355,16.625,0.00,0.00,0.00,0.00,0.00,0.00,0.00,0.00,0.00,0.00,0.00,0.00,0.00,0.00,0.00,0.00,0.00
20650,DL:0.1.0:AT.1.0.0,2022-3-4 14:57:51,43.50,0.00,0.00,18.099,-1.477,-5.741,12.358,16.622,0.00,0.00,0.00,0.00,0.00,0.00,0.00,0.00,0.00,0.00,0.00,0.00,0.00,0.00,0.00,0.00,0.00
20650,DL:0.1.0:AT.1.0.0,2022-3-4 14:57:56,43.50,0.00,0.00,18.111,-1.490,-5.756,12.355,16.621,0.00,0.00,0.00,0.00,0.00,0.00,0.00,0.00,0.00,0.00,0.00,0.00,0.00,0.00,0.00,0.00,0.00
20650,DL:0.1.0:AT.1.0.0,2022-3-4 14:58:2,43.50,0.00,0.00,18.083,-1.465,-5.728,12.355,16.619,0.00,0.00,0.00,0.00,0.00,0.00,0.00,0.00,0.00,0.00,0.00,0.00,0.00,0.00,0.00,0.00,0.00
20650,DL:0.1.0:AT.1.0.0,2022-3-4 14:58:9,43.50,0.00,0.00,18.085,-1.467,-5.729,12.355,16.617,0.00,0.00,0.00,0.00,0.00,0.00,0.00,0.00,0.00,0.00,0.00,0.00,0.00,0.00,0.00,0.00,0.00
20650,DL:0.1.0:AT.1.0.0,2022-3-4 14:58:15,43.50,0.00,0.00,18.085,-1.468,-5.729,12.355,16.616,0.00,0.00,0.00,0.00,0.00,0.00,0.00,0.00,0.00,0.00,0.00,0.00,0.00,0.00,0.00,0.00,0.00
20650,DL:0.1.0:AT.1.0.0,2022-3-4 14:58:20,43.50,0.00,0.00,18.077,-1.462,-5.722,12.355,16.615,0.00,0.00,0.00,0.00,0.00,0.00,0.00,0.00,0.00,0.00,0.00,0.00,0.00,0.00,0.00,0.00,0.00
20650,DL:0.1.0:AT.1.0.0,2022-3-4 14:58:26,43.50,0.00,0.00,18.107,-1.492,-5.752,12.355,16.615,0.00,0.00,0.00,0.00,0.00,0.00,0.00,0.00,0.00,0.00,0.00,0.00,0.00,0.00,0.00,0.00,0.00
20650,DL:0.1.0:AT.1.0.0,2022-3-4 14:58:33,43.50,0.00,0.00,18.099,-1.486,-5.744,12.355,16.613,0.00,0.00,0.00,0.00,0.00,0.00,0.00,0.00,0.00,0.00,0.00,0.00,0.00,0.00,0.00,0.00,0.00
20650,DL:0.1.0:AT.1.0.0,2022-3-4 14:58:39,43.50,0.00,0.00,18.080,-1.468,-5.725,12.355,16.611,0.00,0.00,0.00,0.00,0.00,0.00,0.00,0.00,0.00,0.00,0.00,0.00,0.00,0.00,0.00,0.00,0.00
20650,DL:0.1.0:AT.1.0.0,2022-3-4 14:58:44,43.50,0.00,0.00,18.057,-1.447,-5.701,12.356,16.610,0.00,0.00,0.00,0.00,0.00,0.00,0.00,0.00,0.00,0.00,0.00,0.00,0.00,0.00,0.00,0.00,0.00
20650,DL:0.1.0:AT.1.0.0,2022-3-4 14:58:50,43.50,0.00,0.00,18.076,-1.467,-5.722,12.354,16.609,0.00,0.00,0.00,0.00,0.00,0.00,0.00,0.00,0.00,0.00,0.00,0.00,0.00,0.00,0.00,0.00,0.00
20650,DL:0.1.0:AT.1.0.0,2022-3-4 14:58:56,43.50,0.00,0.00,18.105,-1.500,-5.749,12.356,16.605,0.00,0.00,0.00,0.00,0.00,0.00,0.00,0.00,0.00,0.00,0.00,0.00,0.00,0.00,0.00,0.00,0.00
20650,DL:0.1.0:AT.1.0.0,2022-3-4 14:59:1,43.50,0.00,0.00,18.117,-1.513,-5.762,12.355,16.604,0.00,0.00,0.00,0.00,0.00,0.00,0.00,0.00,0.00,0.00,0.00,0.00,0.00,0.00,0.00,0.00,0.00
20650,DL:0.1.0:AT.1.0.0,2022-3-4 14:59:6,43.50,0.00,0.00,18.099,-1.496,-5.744,12.355,16.603,0.00,0.00,0.00,0.00,0.00,0.00,0.00,0.00,0.00,0.00,0.00,0.00,0.00,0.00,0.00,0.00,0.00
20650,DL:0.1.0:AT.1.0.0,2022-3-4 14:59:11,43.50,0.00,0.00,18.112,-1.510,-5.758,12.354,16.602,0.00,0.00,0.00,0.00,0.00,0.00,0.00,0.00,0.00,0.00,0.00,0.00,0.00,0.00,0.00,0.00,0.00
20650,DL:0.1.0:AT.1.0.0,2022-3-4 14:59:16,43.50,0.00,0.00,18.087,-1.486,-5.733,12.354,16.601,0.00,0.00,0.00,0.00,0.00,0.00,0.00,0.00,0.00,0.00,0.00,0.00,0.00,0.00,0.00,0.00,0.00
20650,DL:0.1.0:AT.1.0.0,2022-3-4 14:59:21,43.50,0.00,0.00,18.105,-1.506,-5.751,12.354,16.599,0.00,0.00,0.00,0.00,0.00,0.00,0.00,0.00,0.00,0.00,0.00,0.00,0.00,0.00,0.00,0.00,0.00
20650,DL:0.1.0:AT.1.0.0,2022-3-4 14:59:28,43.50,0.00,0.00,18.098,-1.500,-5.745,12.353,16.598,0.00,0.00,0.00,0.00,0.00,0.00,0.00,0.00,0.00,0.00,0.00,0.00,0.00,0.00,0.00,0.00,0.00
20650,DL:0.1.0:AT.1.0.0,2022-3-4 14:59:33,43.50,0.00,0.00,18.101,-1.504,-5.747,12.354,16.597,0.00,0.00,0.00,0.00,0.00,0.00,0.00,0.00,0.00,0.00,0.00,0.00,0.00,0.00,0.00,0.00,0.00
20650,DL:0.1.0:AT.1.0.0,2022-3-4 14:59:38,43.50,0.00,0.00,18.099,-1.502,-5.745,12.354,16.597,0.00,0.00,0.00,0.00,0.00,0.00,0.00,0.00,0.00,0.00,0.00,0.00,0.00,0.00,0.00,0.00,0.00
20650,DL:0.1.0:AT.1.0.0,2022-3-4 14:59:43,43.50,0.00,0.00,18.098,-1.502,-5.744,12.354,16.596,0.00,0.00,0.00,0.00,0.00,0.00,0.00,0.00,0.00,0.00,0.00,0.00,0.00,0.00,0.00,0.00,0.00
20650,DL:0.1.0:AT.1.0.0,2022-3-4 14:59:48,43.50,0.00,0.00,18.095,-1.496,-5.740,12.355,16.599,0.00,0.00,0.00,0.00,0.00,0.00,0.00,0.00,0.00,0.00,0.00,0.00,0.00,0.00,0.00,0.00,0.00
20650,DL:0.1.0:AT.1.0.0,2022-3-4 14:59:55,43.50,0.00,0.00,18.094,-1.497,-5.739,12.355,16.597,0.00,0.00,0.00,0.00,0.00,0.00,0.00,0.00,0.00,0.00,0.00,0.00,0.00,0.00,0.00,0.00,0.00
20650,DL:0.1.0:AT.1.0.0,2022-3-4 15:0:0,43.50,0.00,0.00,18.089,-1.494,-5.734,12.355,16.596,0.00,0.00,0.00,0.00,0.00,0.00,0.00,0.00,0.00,0.00,0.00,0.00,0.00,0.00,0.00,0.00,0.00
20650,DL:0.1.0:AT.1.0.0,2022-3-4 15:0:5,43.50,0.00,0.00,18.111,-1.515,-5.756,12.355,16.596,0.00,0.00,0.00,0.00,0.00,0.00,0.00,0.00,0.00,0.00,0.00,0.00,0.00,0.00,0.00,0.00,0.00
20650,DL:0.1.0:AT.1.0.0,2022-3-4 15:0:10,43.50,0.00,0.00,18.107,-1.513,-5.752,12.355,16.595,0.00,0.00,0.00,0.00,0.00,0.00,0.00,0.00,0.00,0.00,0.00,0.00,0.00,0.00,0.00,0.00,0.00
20650,DL:0.1.0:AT.1.0.0,2022-3-4 15:0:15,43.50,0.00,0.00,18.105,-1.512,-5.750,12.355,16.593,0.00,0.00,0.00,0.00,0.00,0.00,0.00,0.00,0.00,0.00,0.00,0.00,0.00,0.00,0.00,0.00,0.00
20650,DL:0.1.0:AT.1.0.0,2022-3-4 15:0:20,43.50,0.00,0.00,18.111,-1.519,-5.756,12.355,16.592,0.00,0.00,0.00,0.00,0.00,0.00,0.00,0.00,0.00,0.00,0.00,0.00,0.00,0.00,0.00,0.00,0.00
20650,DL:0.1.0:AT.1.0.0,2022-3-4 15:0:27,43.50,0.00,0.00,18.106,-1.515,-5.751,12.355,16.591,0.00,0.00,0.00,0.00,0.00,0.00,0.00,0.00,0.00,0.00,0.00,0.00,0.00,0.00,0.00,0.00,0.00
20650,DL:0.1.0:AT.1.0.0,2022-3-4 15:0:33,43.50,0.00,0.00,18.109,-1.519,-5.753,12.355,16.590,0.00,0.00,0.00,0.00,0.00,0.00,0.00,0.00,0.00,0.00,0.00,0.00,0.00,0.00,0.00,0.00,0.00
20650,DL:0.1.0:AT.1.0.0,2022-3-4 15:0:38,43.50,0.00,0.00,18.069,-1.480,-5.714,12.355,16.589,0.00,0.00,0.00,0.00,0.00,0.00,0.00,0.00,0.00,0.00,0.00,0.00,0.00,0.00,0.00,0.00,0.00
20650,DL:0.1.0:AT.1.0.0,2022-3-4 15:0:44,43.50,0.00,0.00,18.083,-1.496,-5.727,12.356,16.587,0.00,0.00,0.00,0.00,0.00,0.00,0.00,0.00,0.00,0.00,0.00,0.00,0.00,0.00,0.00,0.00,0.00
20650,DL:0.1.0:AT.1.0.0,2022-3-4 15:0:51,43.50,0.00,0.00,18.100,-1.514,-5.745,12.355,16.586,0.00,0.00,0.00,0.00,0.00,0.00,0.00,0.00,0.00,0.00,0.00,0.00,0.00,0.00,0.00,0.00,0.00
20650,DL:0.1.0:AT.1.0.0,2022-3-4 15:0:56,43.50,0.00,0.00,18.101,-1.516,-5.746,12.355,16.585,0.00,0.00,0.00,0.00,0.00,0.00,0.00,0.00,0.00,0.00,0.00,0.00,0.00,0.00,0.00,0.00,0.00
20650,DL:0.1.0:AT.1.0.0,2022-3-4 15:1:1,43.50,0.00,0.00,18.088,-1.504,-5.732,12.356,16.584,0.00,0.00,0.00,0.00,0.00,0.00,0.00,0.00,0.00,0.00,0.00,0.00,0.00,0.00,0.00,0.00,0.00
20650,DL:0.1.0:AT.1.0.0,2022-3-4 15:1:6,43.50,0.00,0.00,18.104,-1.521,-5.747,12.356,16.583,0.00,0.00,0.00,0.00,0.00,0.00,0.00,0.00,0.00,0.00,0.00,0.00,0.00,0.00,0.00,0.00,0.00
20650,DL:0.1.0:AT.1.0.0,2022-3-4 15:1:11,43.50,0.00,0.00,18.083,-1.502,-5.728,12.355,16.581,0.00,0.00,0.00,0.00,0.00,0.00,0.00,0.00,0.00,0.00,0.00,0.00,0.00,0.00,0.00,0.00,0.00
20650,DL:0.1.0:AT.1.0.0,2022-3-4 15:1:16,43.50,0.00,0.00,18.095,-1.515,-5.740,12.355,16.580,0.00,0.00,0.00,0.00,0.00,0.00,0.00,0.00,0.00,0.00,0.00,0.00,0.00,0.00,0.00,0.00,0.00
20650,DL:0.1.0:AT.1.0.0,2022-3-4 15:1:22,43.50,0.00,0.00,18.088,-1.509,-5.732,12.356,16.579,0.00,0.00,0.00,0.00,0.00,0.00,0.00,0.00,0.00,0.00,0.00,0.00,0.00,0.00,0.00,0.00,0.00
20650,DL:0.1.0:AT.1.0.0,2022-3-4 15:1:28,43.50,0.00,0.00,18.104,-1.525,-5.747,12.356,16.579,0.00,0.00,0.00,0.00,0.00,0.00,0.00,0.00,0.00,0.00,0.00,0.00,0.00,0.00,0.00,0.00,0.00
20650,DL:0.1.0:AT.1.0.0,2022-3-4 15:1:33,43.50,0.00,0.00,18.075,-1.497,-5.719,12.356,16.578,0.00,0.00,0.00,0.00,0.00,0.00,0.00,0.00,0.00,0.00,0.00,0.00,0.00,0.00,0.00,0.00,0.00
20650,DL:0.1.0:AT.1.0.0,2022-3-4 15:1:38,43.50,0.00,0.00,18.095,-1.519,-5.740,12.355,16.577,0.00,0.00,0.00,0.00,0.00,0.00,0.00,0.00,0.00,0.00,0.00,0.00,0.00,0.00,0.00,0.00,0.00
20650,DL:0.1.0:AT.1.0.0,2022-3-4 15:1:43,43.50,0.00,0.00,18.065,-1.491,-5.710,12.355,16.574,0.00,0.00,0.00,0.00,0.00,0.00,0.00,0.00,0.00,0.00,0.00,0.00,0.00,0.00,0.00,0.00,0.00
20650,DL:0.1.0:AT.1.0.0,2022-3-4 15:1:50,43.50,0.00,0.00,18.076,-1.502,-5.720,12.356,16.574,0.00,0.00,0.00,0.00,0.00,0.00,0.00,0.00,0.00,0.00,0.00,0.00,0.00,0.00,0.00,0.00,0.00
20650,DL:0.1.0:AT.1.0.0,2022-3-4 15:1:56,43.50,0.00,0.00,18.062,-1.489,-5.707,12.355,16.573,0.00,0.00,0.00,0.00,0.00,0.00,0.00,0.00,0.00,0.00,0.00,0.00,0.00,0.00,0.00,0.00,0.00
20650,DL:0.1.0:AT.1.0.0,2022-3-4 15:2:1,43.50,0.00,0.00,18.106,-1.534,-5.751,12.355,16.572,0.00,0.00,0.00,0.00,0.00,0.00,0.00,0.00,0.00,0.00,0.00,0.00,0.00,0.00,0.00,0.00,0.00
20650,DL:0.1.0:AT.1.0.0,2022-3-4 15:2:8,43.50,0.00,0.00,18.065,-1.494,-5.710,12.355,16.572,0.00,0.00,0.00,0.00,0.00,0.00,0.00,0.00,0.00,0.00,0.00,0.00,0.00,0.00,0.00,0.00,0.00
20650,DL:0.1.0:AT.1.0.0,2022-3-4 15:2:13,43.50,0.00,0.00,18.070,-1.497,-5.715,12.355,16.573,0.00,0.00,0.00,0.00,0.00,0.00,0.00,0.00,0.00,0.00,0.00,0.00,0.00,0.00,0.00,0.00,0.00
20650,DL:0.1.0:AT.1.0.0,2022-3-4 15:2:18,43.50,0.00,0.00,18.083,-1.509,-5.728,12.355,16.574,0.00,0.00,0.00,0.00,0.00,0.00,0.00,0.00,0.00,0.00,0.00,0.00,0.00,0.00,0.00,0.00,0.00
20650,DL:0.1.0:AT.1.0.0,2022-3-4 15:2:23,43.50,0.00,0.00,18.093,-1.520,-5.738,12.355,16.573,0.00,0.00,0.00,0.00,0.00,0.00,0.00,0.00,0.00,0.00,0.00,0.00,0.00,0.00,0.00,0.00,0.00
20650,DL:0.1.0:AT.1.0.0,2022-3-4 15:2:28,43.50,0.00,0.00,18.098,-1.526,-5.744,12.354,16.572,0.00,0.00,0.00,0.00,0.00,0.00,0.00,0.00,0.00,0.00,0.00,0.00,0.00,0.00,0.00,0.00,0.00
20650,DL:0.1.0:AT.1.0.0,2022-3-4 15:2:33,43.50,0.00,0.00,18.075,-1.503,-5.721,12.354,16.572,0.00,0.00,0.00,0.00,0.00,0.00,0.00,0.00,0.00,0.00,0.00,0.00,0.00,0.00,0.00,0.00,0.00
20650,DL:0.1.0:AT.1.0.0,2022-3-4 15:2:39,43.50,0.00,0.00,18.099,-1.528,-5.744,12.355,16.571,0.00,0.00,0.00,0.00,0.00,0.00,0.00,0.00,0.00,0.00,0.00,0.00,0.00,0.00,0.00,0.00,0.00
20650,DL:0.1.0:AT.1.0.0,2022-3-4 15:2:45,43.50,0.00,0.00,18.115,-1.544,-5.759,12.355,16.571,0.00,0.00,0.00,0.00,0.00,0.00,0.00,0.00,0.00,0.00,0.00,0.00,0.00,0.00,0.00,0.00,0.00
20650,DL:0.1.0:AT.1.0.0,2022-3-4 15:2:50,43.50,0.00,0.00,18.104,-1.534,-5.749,12.355,16.569,0.00,0.00,0.00,0.00,0.00,0.00,0.00,0.00,0.00,0.00,0.00,0.00,0.00,0.00,0.00,0.00,0.00
20650,DL:0.1.0:AT.1.0.0,2022-3-4 15:2:55,43.50,0.00,0.00,18.113,-1.544,-5.759,12.354,16.569,0.00,0.00,0.00,0.00,0.00,0.00,0.00,0.00,0.00,0.00,0.00,0.00,0.00,0.00,0.00,0.00,0.00
20650,DL:0.1.0:AT.1.0.0,2022-3-4 15:3:1,43.50,0.00,0.00,18.087,-1.519,-5.733,12.354,16.568,0.00,0.00,0.00,0.00,0.00,0.00,0.00,0.00,0.00,0.00,0.00,0.00,0.00,0.00,0.00,0.00,0.00
20650,DL:0.1.0:AT.1.0.0,2022-3-4 15:3:9,43.50,0.00,0.00,18.104,-1.537,-5.750,12.354,16.567,0.00,0.00,0.00,0.00,0.00,0.00,0.00,0.00,0.00,0.00,0.00,0.00,0.00,0.00,0.00,0.00,0.00
20650,DL:0.1.0:AT.1.0.0,2022-3-4 15:3:15,43.50,0.00,0.00,18.100,-1.534,-5.747,12.353,16.566,0.00,0.00,0.00,0.00,0.00,0.00,0.00,0.00,0.00,0.00,0.00,0.00,0.00,0.00,0.00,0.00,0.00
20650,DL:0.1.0:AT.1.0.0,2022-3-4 15:3:22,43.50,0.00,0.00,18.106,-1.542,-5.752,12.354,16.565,0.00,0.00,0.00,0.00,0.00,0.00,0.00,0.00,0.00,0.00,0.00,0.00,0.00,0.00,0.00,0.00,0.00
20650,DL:0.1.0:AT.1.0.0,2022-3-4 15:3:28,43.50,0.00,0.00,18.107,-1.544,-5.753,12.354,16.563,0.00,0.00,0.00,0.00,0.00,0.00,0.00,0.00,0.00,0.00,0.00,0.00,0.00,0.00,0.00,0.00,0.00
20650,DL:0.1.0:AT.1.0.0,2022-3-4 15:3:33,43.50,0.00,0.00,18.092,-1.528,-5.738,12.354,16.563,0.00,0.00,0.00,0.00,0.00,0.00,0.00,0.00,0.00,0.00,0.00,0.00,0.00,0.00,0.00,0.00,0.00
20650,DL:0.1.0:AT.1.0.0,2022-3-4 15:3:41,43.50,0.00,0.00,18.081,-1.519,-5.727,12.354,16.562,0.00,0.00,0.00,0.00,0.00,0.00,0.00,0.00,0.00,0.00,0.00,0.00,0.00,0.00,0.00,0.00,0.00
20650,DL:0.1.0:AT.1.0.0,2022-3-4 15:3:46,43.50,0.00,0.00,18.111,-1.549,-5.758,12.353,16.562,0.00,0.00,0.00,0.00,0.00,0.00,0.00,0.00,0.00,0.00,0.00,0.00,0.00,0.00,0.00,0.00,0.00
20650,DL:0.1.0:AT.1.0.0,2022-3-4 15:3:51,43.50,0.00,0.00,18.109,-1.549,-5.755,12.354,16.560,0.00,0.00,0.00,0.00,0.00,0.00,0.00,0.00,0.00,0.00,0.00,0.00,0.00,0.00,0.00,0.00,0.00
20650,DL:0.1.0:AT.1.0.0,2022-3-4 15:3:58,43.50,0.00,0.00,18.093,-1.533,-5.740,12.353,16.560,0.00,0.00,0.00,0.00,0.00,0.00,0.00,0.00,0.00,0.00,0.00,0.00,0.00,0.00,0.00,0.00,0.00
20650,DL:0.1.0:AT.1.0.0,2022-3-4 15:4:3,43.50,0.00,0.00,18.082,-1.524,-5.729,12.353,16.559,0.00,0.00,0.00,0.00,0.00,0.00,0.00,0.00,0.00,0.00,0.00,0.00,0.00,0.00,0.00,0.00,0.00
20650,DL:0.1.0:AT.1.0.0,2022-3-4 15:4:8,43.50,0.00,0.00,18.116,-1.559,-5.763,12.353,16.557,0.00,0.00,0.00,0.00,0.00,0.00,0.00,0.00,0.00,0.00,0.00,0.00,0.00,0.00,0.00,0.00,0.00
20650,DL:0.1.0:AT.1.0.0,2022-3-4 15:4:13,43.50,0.00,0.00,18.067,-1.510,-5.715,12.352,16.556,0.00,0.00,0.00,0.00,0.00,0.00,0.00,0.00,0.00,0.00,0.00,0.00,0.00,0.00,0.00,0.00,0.00
20650,DL:0.1.0:AT.1.0.0,2022-3-4 15:4:18,43.50,0.00,0.00,18.071,-1.515,-5.720,12.352,16.556,0.00,0.00,0.00,0.00,0.00,0.00,0.00,0.00,0.00,0.00,0.00,0.00,0.00,0.00,0.00,0.00,0.00
20650,DL:0.1.0:AT.1.0.0,2022-3-4 15:4:23,43.50,0.00,0.00,18.091,-1.534,-5.739,12.352,16.556,0.00,0.00,0.00,0.00,0.00,0.00,0.00,0.00,0.00,0.00,0.00,0.00,0.00,0.00,0.00,0.00,0.00
20650,DL:0.1.0:AT.1.0.0,2022-3-4 15:4:28,43.50,0.00,0.00,18.109,-1.554,-5.757,12.352,16.555,0.00,0.00,0.00,0.00,0.00,0.00,0.00,0.00,0.00,0.00,0.00,0.00,0.00,0.00,0.00,0.00,0.00
20650,DL:0.1.0:AT.1.0.0,2022-3-4 15:4:34,43.50,0.00,0.00,18.083,-1.530,-5.732,12.352,16.554,0.00,0.00,0.00,0.00,0.00,0.00,0.00,0.00,0.00,0.00,0.00,0.00,0.00,0.00,0.00,0.00,0.00
20650,DL:0.1.0:AT.1.0.0,2022-3-4 15:4:40,43.50,0.00,0.00,18.106,-1.554,-5.755,12.352,16.553,0.00,0.00,0.00,0.00,0.00,0.00,0.00,0.00,0.00,0.00,0.00,0.00,0.00,0.00,0.00,0.00,0.00
20650,DL:0.1.0:AT.1.0.0,2022-3-4 15:4:45,43.50,0.00,0.00,18.106,-1.555,-5.755,12.352,16.551,0.00,0.00,0.00,0.00,0.00,0.00,0.00,0.00,0.00,0.00,0.00,0.00,0.00,0.00,0.00,0.00,0.00
20650,DL:0.1.0:AT.1.0.0,2022-3-4 15:4:51,43.50,0.00,0.00,18.125,-1.572,-5.774,12.352,16.554,0.00,0.00,0.00,0.00,0.00,0.00,0.00,0.00,0.00,0.00,0.00,0.00,0.00,0.00,0.00,0.00,0.00
20650,DL:0.1.0:AT.1.0.0,2022-3-4 15:4:56,43.50,0.00,0.00,18.103,-1.549,-5.752,12.350,16.554,0.00,0.00,0.00,0.00,0.00,0.00,0.00,0.00,0.00,0.00,0.00,0.00,0.00,0.00,0.00,0.00,0.00
20650,DL:0.1.0:AT.1.0.0,2022-3-4 15:5:1,43.50,0.00,0.00,18.107,-1.555,-5.756,12.352,16.553,0.00,0.00,0.00,0.00,0.00,0.00,0.00,0.00,0.00,0.00,0.00,0.00,0.00,0.00,0.00,0.00,0.00
20650,DL:0.1.0:AT.1.0.0,2022-3-4 15:5:6,43.50,0.00,0.00,18.142,-1.591,-5.791,12.352,16.551,0.00,0.00,0.00,0.00,0.00,0.00,0.00,0.00,0.00,0.00,0.00,0.00,0.00,0.00,0.00,0.00,0.00
20650,DL:0.1.0:AT.1.0.0,2022-3-4 15:5:14,43.50,0.00,0.00,18.115,-1.563,-5.764,12.350,16.551,0.00,0.00,0.00,0.00,0.00,0.00,0.00,0.00,0.00,0.00,0.00,0.00,0.00,0.00,0.00,0.00,0.00
20650,DL:0.1.0:AT.1.0.0,2022-3-4 15:5:21,43.50,0.00,0.00,18.137,-1.587,-5.786,12.352,16.550,0.00,0.00,0.00,0.00,0.00,0.00,0.00,0.00,0.00,0.00,0.00,0.00,0.00,0.00,0.00,0.00,0.00
20650,DL:0.1.0:AT.1.0.0,2022-3-4 15:5:28,43.50,0.00,0.00,18.171,-1.621,-5.820,12.352,16.550,0.00,0.00,0.00,0.00,0.00,0.00,0.00,0.00,0.00,0.00,0.00,0.00,0.00,0.00,0.00,0.00,0.00
20650,DL:0.1.0:AT.1.0.0,2022-3-4 15:5:33,43.50,0.00,0.00,18.141,-1.593,-5.789,12.352,16.548,0.00,0.00,0.00,0.00,0.00,0.00,0.00,0.00,0.00,0.00,0.00,0.00,0.00,0.00,0.00,0.00,0.00
20650,DL:0.1.0:AT.1.0.0,2022-3-4 15:5:38,43.50,0.00,0.00,18.140,-1.592,-5.788,12.352,16.548,0.00,0.00,0.00,0.00,0.00,0.00,0.00,0.00,0.00,0.00,0.00,0.00,0.00,0.00,0.00,0.00,0.00
20650,DL:0.1.0:AT.1.0.0,2022-3-4 15:5:44,43.50,0.00,0.00,18.161,-1.615,-5.810,12.352,16.547,0.00,0.00,0.00,0.00,0.00,0.00,0.00,0.00,0.00,0.00,0.00,0.00,0.00,0.00,0.00,0.00,0.00
20650,DL:0.1.0:AT.1.0.0,2022-3-4 15:5:49,43.50,0.00,0.00,18.124,-1.579,-5.773,12.352,16.545,0.00,0.00,0.00,0.00,0.00,0.00,0.00,0.00,0.00,0.00,0.00,0.00,0.00,0.00,0.00,0.00,0.00
20650,DL:0.1.0:AT.1.0.0,2022-3-4 15:5:54,43.50,0.00,0.00,18.136,-1.592,-5.785,12.352,16.544,0.00,0.00,0.00,0.00,0.00,0.00,0.00,0.00,0.00,0.00,0.00,0.00,0.00,0.00,0.00,0.00,0.00
20650,DL:0.1.0:AT.1.0.0,2022-3-4 15:5:59,43.50,0.00,0.00,18.146,-1.602,-5.794,12.352,16.544,0.00,0.00,0.00,0.00,0.00,0.00,0.00,0.00,0.00,0.00,0.00,0.00,0.00,0.00,0.00,0.00,0.00
20650,DL:0.1.0:AT.1.0.0,2022-3-4 15:6:4,43.50,0.00,0.00,18.177,-1.634,-5.826,12.352,16.543,0.00,0.00,0.00,0.00,0.00,0.00,0.00,0.00,0.00,0.00,0.00,0.00,0.00,0.00,0.00,0.00,0.00
20650,DL:0.1.0:AT.1.0.0,2022-3-4 15:6:10,43.50,0.00,0.00,18.133,-1.591,-5.782,12.350,16.542,0.00,0.00,0.00,0.00,0.00,0.00,0.00,0.00,0.00,0.00,0.00,0.00,0.00,0.00,0.00,0.00,0.00
20650,DL:0.1.0:AT.1.0.0,2022-3-4 15:6:15,43.50,0.00,0.00,18.141,-1.602,-5.792,12.349,16.539,0.00,0.00,0.00,0.00,0.00,0.00,0.00,0.00,0.00,0.00,0.00,0.00,0.00,0.00,0.00,0.00,0.00
20650,DL:0.1.0:AT.1.0.0,2022-3-4 15:6:21,43.50,0.00,0.00,18.145,-1.607,-5.795,12.349,16.538,0.00,0.00,0.00,0.00,0.00,0.00,0.00,0.00,0.00,0.00,0.00,0.00,0.00,0.00,0.00,0.00,0.00
20650,DL:0.1.0:AT.1.0.0,2022-3-4 15:6:26,43.50,0.00,0.00,18.153,-1.617,-5.804,12.349,16.536,0.00,0.00,0.00,0.00,0.00,0.00,0.00,0.00,0.00,0.00,0.00,0.00,0.00,0.00,0.00,0.00,0.00
20650,DL:0.1.0:AT.1.0.0,2022-3-4 15:6:31,43.50,0.00,0.00,18.141,-1.605,-5.792,12.349,16.536,0.00,0.00,0.00,0.00,0.00,0.00,0.00,0.00,0.00,0.00,0.00,0.00,0.00,0.00,0.00,0.00,0.00
20650,DL:0.1.0:AT.1.0.0,2022-3-4 15:6:39,43.50,0.00,0.00,18.131,-1.598,-5.782,12.349,16.533,0.00,0.00,0.00,0.00,0.00,0.00,0.00,0.00,0.00,0.00,0.00,0.00,0.00,0.00,0.00,0.00,0.00
20650,DL:0.1.0:AT.1.0.0,2022-3-4 15:6:44,43.50,0.00,0.00,18.125,-1.592,-5.776,12.349,16.533,0.00,0.00,0.00,0.00,0.00,0.00,0.00,0.00,0.00,0.00,0.00,0.00,0.00,0.00,0.00,0.00,0.00
20650,DL:0.1.0:AT.1.0.0,2022-3-4 15:6:49,43.50,0.00,0.00,18.133,-1.602,-5.785,12.348,16.531,0.00,0.00,0.00,0.00,0.00,0.00,0.00,0.00,0.00,0.00,0.00,0.00,0.00,0.00,0.00,0.00,0.00
20650,DL:0.1.0:AT.1.0.0,2022-3-4 15:6:54,43.50,0.00,0.00,18.128,-1.598,-5.780,12.348,16.530,0.00,0.00,0.00,0.00,0.00,0.00,0.00,0.00,0.00,0.00,0.00,0.00,0.00,0.00,0.00,0.00,0.00
20650,DL:0.1.0:AT.1.0.0,2022-3-4 15:6:59,43.50,0.00,0.00,18.129,-1.601,-5.781,12.348,16.528,0.00,0.00,0.00,0.00,0.00,0.00,0.00,0.00,0.00,0.00,0.00,0.00,0.00,0.00,0.00,0.00,0.00
20650,DL:0.1.0:AT.1.0.0,2022-3-4 15:7:4,43.50,0.00,0.00,18.149,-1.622,-5.804,12.346,16.527,0.00,0.00,0.00,0.00,0.00,0.00,0.00,0.00,0.00,0.00,0.00,0.00,0.00,0.00,0.00,0.00,0.00
20650,DL:0.1.0:AT.1.0.0,2022-3-4 15:7:9,43.50,0.00,0.00,18.129,-1.604,-5.782,12.347,16.525,0.00,0.00,0.00,0.00,0.00,0.00,0.00,0.00,0.00,0.00,0.00,0.00,0.00,0.00,0.00,0.00,0.00
20650,DL:0.1.0:AT.1.0.0,2022-3-4 15:7:16,43.50,0.00,0.00,18.141,-1.616,-5.795,12.346,16.525,0.00,0.00,0.00,0.00,0.00,0.00,0.00,0.00,0.00,0.00,0.00,0.00,0.00,0.00,0.00,0.00,0.00
20650,DL:0.1.0:AT.1.0.0,2022-3-4 15:7:21,43.50,0.00,0.00,18.125,-1.602,-5.780,12.346,16.524,0.00,0.00,0.00,0.00,0.00,0.00,0.00,0.00,0.00,0.00,0.00,0.00,0.00,0.00,0.00,0.00,0.00
20650,DL:0.1.0:AT.1.0.0,2022-3-4 15:7:26,43.50,0.00,0.00,18.113,-1.592,-5.769,12.344,16.521,0.00,0.00,0.00,0.00,0.00,0.00,0.00,0.00,0.00,0.00,0.00,0.00,0.00,0.00,0.00,0.00,0.00
20650,DL:0.1.0:AT.1.0.0,2022-3-4 15:7:31,43.50,0.00,0.00,18.112,-1.592,-5.767,12.346,16.520,0.00,0.00,0.00,0.00,0.00,0.00,0.00,0.00,0.00,0.00,0.00,0.00,0.00,0.00,0.00,0.00,0.00
20650,DL:0.1.0:AT.1.0.0,2022-3-4 15:7:36,43.50,0.00,0.00,18.125,-1.601,-5.780,12.346,16.525,0.00,0.00,0.00,0.00,0.00,0.00,0.00,0.00,0.00,0.00,0.00,0.00,0.00,0.00,0.00,0.00,0.00
20650,DL:0.1.0:AT.1.0.0,2022-3-4 15:7:41,43.50,0.00,0.00,18.133,-1.609,-5.787,12.346,16.524,0.00,0.00,0.00,0.00,0.00,0.00,0.00,0.00,0.00,0.00,0.00,0.00,0.00,0.00,0.00,0.00,0.00
20650,DL:0.1.0:AT.1.0.0,2022-3-4 15:7:46,43.50,0.00,0.00,18.142,-1.620,-5.798,12.344,16.522,0.00,0.00,0.00,0.00,0.00,0.00,0.00,0.00,0.00,0.00,0.00,0.00,0.00,0.00,0.00,0.00,0.00
20650,DL:0.1.0:AT.1.0.0,2022-3-4 15:7:51,43.50,0.00,0.00,18.127,-1.604,-5.781,12.346,16.522,0.00,0.00,0.00,0.00,0.00,0.00,0.00,0.00,0.00,0.00,0.00,0.00,0.00,0.00,0.00,0.00,0.00
20650,DL:0.1.0:AT.1.0.0,2022-3-4 15:7:56,43.50,0.00,0.00,18.105,-1.584,-5.761,12.344,16.521,0.00,0.00,0.00,0.00,0.00,0.00,0.00,0.00,0.00,0.00,0.00,0.00,0.00,0.00,0.00,0.00,0.00
20650,DL:0.1.0:AT.1.0.0,2022-3-4 15:8:1,43.50,0.00,0.00,18.149,-1.629,-5.805,12.344,16.520,0.00,0.00,0.00,0.00,0.00,0.00,0.00,0.00,0.00,0.00,0.00,0.00,0.00,0.00,0.00,0.00,0.00
20650,DL:0.1.0:AT.1.0.0,2022-3-4 15:8:6,43.50,0.00,0.00,18.152,-1.632,-5.806,12.346,16.520,0.00,0.00,0.00,0.00,0.00,0.00,0.00,0.00,0.00,0.00,0.00,0.00,0.00,0.00,0.00,0.00,0.00
20650,DL:0.1.0:AT.1.0.0,2022-3-4 15:8:11,43.50,0.00,0.00,18.149,-1.631,-5.804,12.346,16.519,0.00,0.00,0.00,0.00,0.00,0.00,0.00,0.00,0.00,0.00,0.00,0.00,0.00,0.00,0.00,0.00,0.00
20650,DL:0.1.0:AT.1.0.0,2022-3-4 15:8:16,43.50,0.00,0.00,18.139,-1.621,-5.793,12.346,16.518,0.00,0.00,0.00,0.00,0.00,0.00,0.00,0.00,0.00,0.00,0.00,0.00,0.00,0.00,0.00,0.00,0.00
20650,DL:0.1.0:AT.1.0.0,2022-3-4 15:8:22,43.50,0.00,0.00,18.130,-1.613,-5.785,12.346,16.518,0.00,0.00,0.00,0.00,0.00,0.00,0.00,0.00,0.00,0.00,0.00,0.00,0.00,0.00,0.00,0.00,0.00
20650,DL:0.1.0:AT.1.0.0,2022-3-4 15:8:28,43.50,0.00,0.00,18.147,-1.631,-5.800,12.347,16.516,0.00,0.00,0.00,0.00,0.00,0.00,0.00,0.00,0.00,0.00,0.00,0.00,0.00,0.00,0.00,0.00,0.00
20650,DL:0.1.0:AT.1.0.0,2022-3-4 15:8:33,43.50,0.00,0.00,18.146,-1.629,-5.799,12.347,16.516,0.00,0.00,0.00,0.00,0.00,0.00,0.00,0.00,0.00,0.00,0.00,0.00,0.00,0.00,0.00,0.00,0.00
20650,DL:0.1.0:AT.1.0.0,2022-3-4 15:8:38,43.50,0.00,0.00,18.152,-1.637,-5.806,12.346,16.515,0.00,0.00,0.00,0.00,0.00,0.00,0.00,0.00,0.00,0.00,0.00,0.00,0.00,0.00,0.00,0.00,0.00
20650,DL:0.1.0:AT.1.0.0,2022-3-4 15:8:43,43.50,0.00,0.00,18.158,-1.644,-5.812,12.346,16.514,0.00,0.00,0.00,0.00,0.00,0.00,0.00,0.00,0.00,0.00,0.00,0.00,0.00,0.00,0.00,0.00,0.00
20650,DL:0.1.0:AT.1.0.0,2022-3-4 15:8:48,43.50,0.00,0.00,18.136,-1.623,-5.791,12.346,16.513,0.00,0.00,0.00,0.00,0.00,0.00,0.00,0.00,0.00,0.00,0.00,0.00,0.00,0.00,0.00,0.00,0.00
20650,DL:0.1.0:AT.1.0.0,2022-3-4 15:8:54,43.50,0.00,0.00,18.112,-1.601,-5.767,12.346,16.512,0.00,0.00,0.00,0.00,0.00,0.00,0.00,0.00,0.00,0.00,0.00,0.00,0.00,0.00,0.00,0.00,0.00
20650,DL:0.1.0:AT.1.0.0,2022-3-4 15:9:1,43.50,0.00,0.00,18.159,-1.647,-5.814,12.346,16.512,0.00,0.00,0.00,0.00,0.00,0.00,0.00,0.00,0.00,0.00,0.00,0.00,0.00,0.00,0.00,0.00,0.00
20650,DL:0.1.0:AT.1.0.0,2022-3-4 15:9:6,43.50,0.00,0.00,18.152,-1.643,-5.806,12.346,16.509,0.00,0.00,0.00,0.00,0.00,0.00,0.00,0.00,0.00,0.00,0.00,0.00,0.00,0.00,0.00,0.00,0.00
20650,DL:0.1.0:AT.1.0.0,2022-3-4 15:9:12,43.50,0.00,0.00,18.134,-1.626,-5.788,12.346,16.508,0.00,0.00,0.00,0.00,0.00,0.00,0.00,0.00,0.00,0.00,0.00,0.00,0.00,0.00,0.00,0.00,0.00
20650,DL:0.1.0:AT.1.0.0,2022-3-4 15:9:17,43.50,0.00,0.00,18.116,-1.608,-5.770,12.346,16.508,0.00,0.00,0.00,0.00,0.00,0.00,0.00,0.00,0.00,0.00,0.00,0.00,0.00,0.00,0.00,0.00,0.00
20650,DL:0.1.0:AT.1.0.0,2022-3-4 15:9:22,43.50,0.00,0.00,18.142,-1.637,-5.797,12.346,16.506,0.00,0.00,0.00,0.00,0.00,0.00,0.00,0.00,0.00,0.00,0.00,0.00,0.00,0.00,0.00,0.00,0.00
20650,DL:0.1.0:AT.1.0.0,2022-3-4 15:9:27,43.50,0.00,0.00,18.116,-1.610,-5.770,12.346,16.506,0.00,0.00,0.00,0.00,0.00,0.00,0.00,0.00,0.00,0.00,0.00,0.00,0.00,0.00,0.00,0.00,0.00
20650,DL:0.1.0:AT.1.0.0,2022-3-4 15:9:33,43.50,0.00,0.00,18.116,-1.611,-5.770,12.346,16.504,0.00,0.00,0.00,0.00,0.00,0.00,0.00,0.00,0.00,0.00,0.00,0.00,0.00,0.00,0.00,0.00,0.00
20650,DL:0.1.0:AT.1.0.0,2022-3-4 15:9:38,43.50,0.00,0.00,18.146,-1.643,-5.800,12.346,16.503,0.00,0.00,0.00,0.00,0.00,0.00,0.00,0.00,0.00,0.00,0.00,0.00,0.00,0.00,0.00,0.00,0.00
20650,DL:0.1.0:AT.1.0.0,2022-3-4 15:9:43,43.50,0.00,0.00,18.099,-1.596,-5.753,12.346,16.503,0.00,0.00,0.00,0.00,0.00,0.00,0.00,0.00,0.00,0.00,0.00,0.00,0.00,0.00,0.00,0.00,0.00
20650,DL:0.1.0:AT.1.0.0,2022-3-4 15:9:48,43.50,0.00,0.00,18.104,-1.601,-5.759,12.344,16.503,0.00,0.00,0.00,0.00,0.00,0.00,0.00,0.00,0.00,0.00,0.00,0.00,0.00,0.00,0.00,0.00,0.00
20650,DL:0.1.0:AT.1.0.0,2022-3-4 15:9:54,43.50,0.00,0.00,18.109,-1.607,-5.763,12.346,16.502,0.00,0.00,0.00,0.00,0.00,0.00,0.00,0.00,0.00,0.00,0.00,0.00,0.00,0.00,0.00,0.00,0.00
20650,DL:0.1.0:AT.1.0.0,2022-3-4 15:10:2,43.50,0.00,0.00,18.103,-1.602,-5.758,12.344,16.501,0.00,0.00,0.00,0.00,0.00,0.00,0.00,0.00,0.00,0.00,0.00,0.00,0.00,0.00,0.00,0.00,0.00
20650,DL:0.1.0:AT.1.0.0,2022-3-4 15:10:7,43.50,0.00,0.00,18.142,-1.643,-5.798,12.344,16.500,0.00,0.00,0.00,0.00,0.00,0.00,0.00,0.00,0.00,0.00,0.00,0.00,0.00,0.00,0.00,0.00,0.00
20650,DL:0.1.0:AT.1.0.0,2022-3-4 15:10:12,43.50,0.00,0.00,18.118,-1.619,-5.774,12.344,16.500,0.00,0.00,0.00,0.00,0.00,0.00,0.00,0.00,0.00,0.00,0.00,0.00,0.00,0.00,0.00,0.00,0.00
20650,DL:0.1.0:AT.1.0.0,2022-3-4 15:10:17,43.50,0.00,0.00,18.098,-1.598,-5.752,12.346,16.500,0.00,0.00,0.00,0.00,0.00,0.00,0.00,0.00,0.00,0.00,0.00,0.00,0.00,0.00,0.00,0.00,0.00
20650,DL:0.1.0:AT.1.0.0,2022-3-4 15:10:22,43.50,0.00,0.00,18.113,-1.615,-5.769,12.344,16.498,0.00,0.00,0.00,0.00,0.00,0.00,0.00,0.00,0.00,0.00,0.00,0.00,0.00,0.00,0.00,0.00,0.00
20650,DL:0.1.0:AT.1.0.0,2022-3-4 15:10:27,43.50,0.00,0.00,18.131,-1.633,-5.787,12.344,16.498,0.00,0.00,0.00,0.00,0.00,0.00,0.00,0.00,0.00,0.00,0.00,0.00,0.00,0.00,0.00,0.00,0.00
20650,DL:0.1.0:AT.1.0.0,2022-3-4 15:10:32,43.50,0.00,0.00,18.122,-1.625,-5.777,12.344,16.497,0.00,0.00,0.00,0.00,0.00,0.00,0.00,0.00,0.00,0.00,0.00,0.00,0.00,0.00,0.00,0.00,0.00
20650,DL:0.1.0:AT.1.0.0,2022-3-4 15:10:37,43.50,0.00,0.00,18.128,-1.632,-5.783,12.344,16.496,0.00,0.00,0.00,0.00,0.00,0.00,0.00,0.00,0.00,0.00,0.00,0.00,0.00,0.00,0.00,0.00,0.00
20650,DL:0.1.0:AT.1.0.0,2022-3-4 15:10:42,43.50,0.00,0.00,18.152,-1.656,-5.809,12.343,16.496,0.00,0.00,0.00,0.00,0.00,0.00,0.00,0.00,0.00,0.00,0.00,0.00,0.00,0.00,0.00,0.00,0.00
20650,DL:0.1.0:AT.1.0.0,2022-3-4 15:10:47,43.50,0.00,0.00,18.099,-1.599,-5.755,12.344,16.500,0.00,0.00,0.00,0.00,0.00,0.00,0.00,0.00,0.00,0.00,0.00,0.00,0.00,0.00,0.00,0.00,0.00
20650,DL:0.1.0:AT.1.0.0,2022-3-4 15:10:52,43.50,0.00,0.00,18.130,-1.632,-5.786,12.344,16.498,0.00,0.00,0.00,0.00,0.00,0.00,0.00,0.00,0.00,0.00,0.00,0.00,0.00,0.00,0.00,0.00,0.00
20650,DL:0.1.0:AT.1.0.0,2022-3-4 15:10:57,43.50,0.00,0.00,18.130,-1.633,-5.785,12.346,16.497,0.00,0.00,0.00,0.00,0.00,0.00,0.00,0.00,0.00,0.00,0.00,0.00,0.00,0.00,0.00,0.00,0.00
20650,DL:0.1.0:AT.1.0.0,2022-3-4 15:11:2,43.50,0.00,0.00,18.141,-1.645,-5.795,12.346,16.496,0.00,0.00,0.00,0.00,0.00,0.00,0.00,0.00,0.00,0.00,0.00,0.00,0.00,0.00,0.00,0.00,0.00
20650,DL:0.1.0:AT.1.0.0,2022-3-4 15:11:7,43.50,0.00,0.00,18.110,-1.615,-5.764,12.346,16.495,0.00,0.00,0.00,0.00,0.00,0.00,0.00,0.00,0.00,0.00,0.00,0.00,0.00,0.00,0.00,0.00,0.00
20650,DL:0.1.0:AT.1.0.0,2022-3-4 15:11:12,43.50,0.00,0.00,18.103,-1.608,-5.757,12.346,16.495,0.00,0.00,0.00,0.00,0.00,0.00,0.00,0.00,0.00,0.00,0.00,0.00,0.00,0.00,0.00,0.00,0.00
20650,DL:0.1.0:AT.1.0.0,2022-3-4 15:11:17,43.50,0.00,0.00,18.121,-1.627,-5.774,12.347,16.494,0.00,0.00,0.00,0.00,0.00,0.00,0.00,0.00,0.00,0.00,0.00,0.00,0.00,0.00,0.00,0.00,0.00
20650,DL:0.1.0:AT.1.0.0,2022-3-4 15:11:22,43.50,0.00,0.00,18.082,-1.589,-5.735,12.347,16.494,0.00,0.00,0.00,0.00,0.00,0.00,0.00,0.00,0.00,0.00,0.00,0.00,0.00,0.00,0.00,0.00,0.00
20650,DL:0.1.0:AT.1.0.0,2022-3-4 15:11:27,43.50,0.00,0.00,18.110,-1.617,-5.764,12.346,16.492,0.00,0.00,0.00,0.00,0.00,0.00,0.00,0.00,0.00,0.00,0.00,0.00,0.00,0.00,0.00,0.00,0.00
20650,DL:0.1.0:AT.1.0.0,2022-3-4 15:11:32,43.50,0.00,0.00,18.082,-1.591,-5.737,12.346,16.491,0.00,0.00,0.00,0.00,0.00,0.00,0.00,0.00,0.00,0.00,0.00,0.00,0.00,0.00,0.00,0.00,0.00
20650,DL:0.1.0:AT.1.0.0,2022-3-4 15:11:37,43.50,0.00,0.00,18.112,-1.621,-5.765,12.347,16.491,0.00,0.00,0.00,0.00,0.00,0.00,0.00,0.00,0.00,0.00,0.00,0.00,0.00,0.00,0.00,0.00,0.00
20650,DL:0.1.0:AT.1.0.0,2022-3-4 15:11:42,43.50,0.00,0.00,18.103,-1.613,-5.757,12.346,16.490,0.00,0.00,0.00,0.00,0.00,0.00,0.00,0.00,0.00,0.00,0.00,0.00,0.00,0.00,0.00,0.00,0.00
20650,DL:0.1.0:AT.1.0.0,2022-3-4 15:11:47,43.50,0.00,0.00,18.113,-1.623,-5.767,12.347,16.490,0.00,0.00,0.00,0.00,0.00,0.00,0.00,0.00,0.00,0.00,0.00,0.00,0.00,0.00,0.00,0.00,0.00
20650,DL:0.1.0:AT.1.0.0,2022-3-4 15:11:52,43.50,0.00,0.00,18.122,-1.633,-5.775,12.347,16.489,0.00,0.00,0.00,0.00,0.00,0.00,0.00,0.00,0.00,0.00,0.00,0.00,0.00,0.00,0.00,0.00,0.00
20650,DL:0.1.0:AT.1.0.0,2022-3-4 15:11:57,43.50,0.00,0.00,18.104,-1.616,-5.759,12.344,16.488,0.00,0.00,0.00,0.00,0.00,0.00,0.00,0.00,0.00,0.00,0.00,0.00,0.00,0.00,0.00,0.00,0.00
20650,DL:0.1.0:AT.1.0.0,2022-3-4 15:12:2,43.50,0.00,0.00,18.099,-1.611,-5.753,12.346,16.488,0.00,0.00,0.00,0.00,0.00,0.00,0.00,0.00,0.00,0.00,0.00,0.00,0.00,0.00,0.00,0.00,0.00
20650,DL:0.1.0:AT.1.0.0,2022-3-4 15:12:7,43.50,0.00,0.00,18.099,-1.611,-5.753,12.346,16.488,0.00,0.00,0.00,0.00,0.00,0.00,0.00,0.00,0.00,0.00,0.00,0.00,0.00,0.00,0.00,0.00,0.00
20650,DL:0.1.0:AT.1.0.0,2022-3-4 15:12:12,43.50,0.00,0.00,18.122,-1.635,-5.777,12.344,16.486,0.00,0.00,0.00,0.00,0.00,0.00,0.00,0.00,0.00,0.00,0.00,0.00,0.00,0.00,0.00,0.00,0.00
20650,DL:0.1.0:AT.1.0.0,2022-3-4 15:12:17,43.50,0.00,0.00,18.118,-1.633,-5.774,12.344,16.485,0.00,0.00,0.00,0.00,0.00,0.00,0.00,0.00,0.00,0.00,0.00,0.00,0.00,0.00,0.00,0.00,0.00
20650,DL:0.1.0:AT.1.0.0,2022-3-4 15:12:22,43.50,0.00,0.00,18.104,-1.620,-5.759,12.344,16.484,0.00,0.00,0.00,0.00,0.00,0.00,0.00,0.00,0.00,0.00,0.00,0.00,0.00,0.00,0.00,0.00,0.00
20650,DL:0.1.0:AT.1.0.0,2022-3-4 15:12:27,43.50,0.00,0.00,18.076,-1.593,-5.731,12.346,16.483,0.00,0.00,0.00,0.00,0.00,0.00,0.00,0.00,0.00,0.00,0.00,0.00,0.00,0.00,0.00,0.00,0.00
20650,DL:0.1.0:AT.1.0.0,2022-3-4 15:12:32,43.50,0.00,0.00,18.109,-1.627,-5.764,12.344,16.482,0.00,0.00,0.00,0.00,0.00,0.00,0.00,0.00,0.00,0.00,0.00,0.00,0.00,0.00,0.00,0.00,0.00
20650,DL:0.1.0:AT.1.0.0,2022-3-4 15:12:37,43.50,0.00,0.00,18.081,-1.599,-5.738,12.343,16.482,0.00,0.00,0.00,0.00,0.00,0.00,0.00,0.00,0.00,0.00,0.00,0.00,0.00,0.00,0.00,0.00,0.00
20650,DL:0.1.0:AT.1.0.0,2022-3-4 15:12:42,43.50,0.00,0.00,18.098,-1.617,-5.753,12.344,16.480,0.00,0.00,0.00,0.00,0.00,0.00,0.00,0.00,0.00,0.00,0.00,0.00,0.00,0.00,0.00,0.00,0.00
20650,DL:0.1.0:AT.1.0.0,2022-3-4 15:12:47,43.50,0.00,0.00,18.095,-1.615,-5.751,12.344,16.480,0.00,0.00,0.00,0.00,0.00,0.00,0.00,0.00,0.00,0.00,0.00,0.00,0.00,0.00,0.00,0.00,0.00
20650,DL:0.1.0:AT.1.0.0,2022-3-4 15:12:52,43.50,0.00,0.00,18.101,-1.622,-5.757,12.344,16.479,0.00,0.00,0.00,0.00,0.00,0.00,0.00,0.00,0.00,0.00,0.00,0.00,0.00,0.00,0.00,0.00,0.00
20650,DL:0.1.0:AT.1.0.0,2022-3-4 15:12:57,43.50,0.00,0.00,18.112,-1.633,-5.768,12.344,16.479,0.00,0.00,0.00,0.00,0.00,0.00,0.00,0.00,0.00,0.00,0.00,0.00,0.00,0.00,0.00,0.00,0.00
20650,DL:0.1.0:AT.1.0.0,2022-3-4 15:13:2,43.50,0.00,0.00,18.101,-1.623,-5.758,12.343,16.478,0.00,0.00,0.00,0.00,0.00,0.00,0.00,0.00,0.00,0.00,0.00,0.00,0.00,0.00,0.00,0.00,0.00
20650,DL:0.1.0:AT.1.0.0,2022-3-4 15:13:7,43.50,0.00,0.00,18.088,-1.611,-5.745,12.343,16.477,0.00,0.00,0.00,0.00,0.00,0.00,0.00,0.00,0.00,0.00,0.00,0.00,0.00,0.00,0.00,0.00,0.00
20650,DL:0.1.0:AT.1.0.0,2022-3-4 15:13:12,43.50,0.00,0.00,18.064,-1.587,-5.721,12.343,16.477,0.00,0.00,0.00,0.00,0.00,0.00,0.00,0.00,0.00,0.00,0.00,0.00,0.00,0.00,0.00,0.00,0.00
20650,DL:0.1.0:AT.1.0.0,2022-3-4 15:13:17,43.50,0.00,0.00,18.107,-1.632,-5.764,12.343,16.476,0.00,0.00,0.00,0.00,0.00,0.00,0.00,0.00,0.00,0.00,0.00,0.00,0.00,0.00,0.00,0.00,0.00
20650,DL:0.1.0:AT.1.0.0,2022-3-4 15:13:22,43.50,0.00,0.00,18.106,-1.631,-5.762,12.344,16.476,0.00,0.00,0.00,0.00,0.00,0.00,0.00,0.00,0.00,0.00,0.00,0.00,0.00,0.00,0.00,0.00,0.00
20650,DL:0.1.0:AT.1.0.0,2022-3-4 15:13:27,43.50,0.00,0.00,18.118,-1.643,-5.775,12.343,16.476,0.00,0.00,0.00,0.00,0.00,0.00,0.00,0.00,0.00,0.00,0.00,0.00,0.00,0.00,0.00,0.00,0.00
20650,DL:0.1.0:AT.1.0.0,2022-3-4 15:13:32,43.50,0.00,0.00,18.112,-1.638,-5.768,12.344,16.474,0.00,0.00,0.00,0.00,0.00,0.00,0.00,0.00,0.00,0.00,0.00,0.00,0.00,0.00,0.00,0.00,0.00
20650,DL:0.1.0:AT.1.0.0,2022-3-4 15:13:37,43.50,0.00,0.00,18.117,-1.643,-5.774,12.343,16.474,0.00,0.00,0.00,0.00,0.00,0.00,0.00,0.00,0.00,0.00,0.00,0.00,0.00,0.00,0.00,0.00,0.00
20650,DL:0.1.0:AT.1.0.0,2022-3-4 15:13:42,43.50,0.00,0.00,18.095,-1.622,-5.751,12.344,16.473,0.00,0.00,0.00,0.00,0.00,0.00,0.00,0.00,0.00,0.00,0.00,0.00,0.00,0.00,0.00,0.00,0.00
20650,DL:0.1.0:AT.1.0.0,2022-3-4 15:13:47,43.50,0.00,0.00,18.083,-1.610,-5.740,12.343,16.473,0.00,0.00,0.00,0.00,0.00,0.00,0.00,0.00,0.00,0.00,0.00,0.00,0.00,0.00,0.00,0.00,0.00
20650,DL:0.1.0:AT.1.0.0,2022-3-4 15:13:52,43.50,0.00,0.00,18.107,-1.635,-5.763,12.344,16.472,0.00,0.00,0.00,0.00,0.00,0.00,0.00,0.00,0.00,0.00,0.00,0.00,0.00,0.00,0.00,0.00,0.00
20650,DL:0.1.0:AT.1.0.0,2022-3-4 15:13:57,43.50,0.00,0.00,18.124,-1.652,-5.780,12.344,16.472,0.00,0.00,0.00,0.00,0.00,0.00,0.00,0.00,0.00,0.00,0.00,0.00,0.00,0.00,0.00,0.00,0.00
20650,DL:0.1.0:AT.1.0.0,2022-3-4 15:14:2,43.50,0.00,0.00,18.107,-1.637,-5.763,12.344,16.471,0.00,0.00,0.00,0.00,0.00,0.00,0.00,0.00,0.00,0.00,0.00,0.00,0.00,0.00,0.00,0.00,0.00
20650,DL:0.1.0:AT.1.0.0,2022-3-4 15:14:7,43.50,0.00,0.00,18.127,-1.655,-5.782,12.344,16.472,0.00,0.00,0.00,0.00,0.00,0.00,0.00,0.00,0.00,0.00,0.00,0.00,0.00,0.00,0.00,0.00,0.00
20650,DL:0.1.0:AT.1.0.0,2022-3-4 15:14:12,43.50,0.00,0.00,18.115,-1.644,-5.769,12.346,16.471,0.00,0.00,0.00,0.00,0.00,0.00,0.00,0.00,0.00,0.00,0.00,0.00,0.00,0.00,0.00,0.00,0.00
20650,DL:0.1.0:AT.1.0.0,2022-3-4 15:14:17,43.50,0.00,0.00,18.104,-1.632,-5.761,12.343,16.472,0.00,0.00,0.00,0.00,0.00,0.00,0.00,0.00,0.00,0.00,0.00,0.00,0.00,0.00,0.00,0.00,0.00
20650,DL:0.1.0:AT.1.0.0,2022-3-4 15:14:22,43.50,0.00,0.00,18.093,-1.619,-5.749,12.344,16.474,0.00,0.00,0.00,0.00,0.00,0.00,0.00,0.00,0.00,0.00,0.00,0.00,0.00,0.00,0.00,0.00,0.00
20650,DL:0.1.0:AT.1.0.0,2022-3-4 15:14:27,43.50,0.00,0.00,18.139,-1.667,-5.794,12.344,16.472,0.00,0.00,0.00,0.00,0.00,0.00,0.00,0.00,0.00,0.00,0.00,0.00,0.00,0.00,0.00,0.00,0.00
20650,DL:0.1.0:AT.1.0.0,2022-3-4 15:14:32,43.50,0.00,0.00,18.123,-1.651,-5.779,12.344,16.472,0.00,0.00,0.00,0.00,0.00,0.00,0.00,0.00,0.00,0.00,0.00,0.00,0.00,0.00,0.00,0.00,0.00
20650,DL:0.1.0:AT.1.0.0,2022-3-4 15:14:37,43.50,0.00,0.00,18.145,-1.674,-5.800,12.344,16.471,0.00,0.00,0.00,0.00,0.00,0.00,0.00,0.00,0.00,0.00,0.00,0.00,0.00,0.00,0.00,0.00,0.00
20650,DL:0.1.0:AT.1.0.0,2022-3-4 15:14:42,43.50,0.00,0.00,18.103,-1.632,-5.758,12.344,16.471,0.00,0.00,0.00,0.00,0.00,0.00,0.00,0.00,0.00,0.00,0.00,0.00,0.00,0.00,0.00,0.00,0.00
20650,DL:0.1.0:AT.1.0.0,2022-3-4 15:14:47,43.50,0.00,0.00,18.136,-1.667,-5.791,12.346,16.470,0.00,0.00,0.00,0.00,0.00,0.00,0.00,0.00,0.00,0.00,0.00,0.00,0.00,0.00,0.00,0.00,0.00
20650,DL:0.1.0:AT.1.0.0,2022-3-4 15:14:52,43.50,0.00,0.00,18.122,-1.652,-5.777,12.344,16.470,0.00,0.00,0.00,0.00,0.00,0.00,0.00,0.00,0.00,0.00,0.00,0.00,0.00,0.00,0.00,0.00,0.00
20650,DL:0.1.0:AT.1.0.0,2022-3-4 15:14:57,43.50,0.00,0.00,18.127,-1.657,-5.782,12.344,16.470,0.00,0.00,0.00,0.00,0.00,0.00,0.00,0.00,0.00,0.00,0.00,0.00,0.00,0.00,0.00,0.00,0.00
20650,DL:0.1.0:AT.1.0.0,2022-3-4 15:15:2,43.50,0.00,0.00,18.113,-1.645,-5.769,12.344,16.468,0.00,0.00,0.00,0.00,0.00,0.00,0.00,0.00,0.00,0.00,0.00,0.00,0.00,0.00,0.00,0.00,0.00
20650,DL:0.1.0:AT.1.0.0,2022-3-4 15:15:7,43.50,0.00,0.00,18.123,-1.655,-5.779,12.344,16.468,0.00,0.00,0.00,0.00,0.00,0.00,0.00,0.00,0.00,0.00,0.00,0.00,0.00,0.00,0.00,0.00,0.00
20650,DL:0.1.0:AT.1.0.0,2022-3-4 15:15:12,43.50,0.00,0.00,18.145,-1.677,-5.800,12.344,16.467,0.00,0.00,0.00,0.00,0.00,0.00,0.00,0.00,0.00,0.00,0.00,0.00,0.00,0.00,0.00,0.00,0.00
20650,DL:0.1.0:AT.1.0.0,2022-3-4 15:15:17,43.50,0.00,0.00,18.147,-1.680,-5.801,12.346,16.467,0.00,0.00,0.00,0.00,0.00,0.00,0.00,0.00,0.00,0.00,0.00,0.00,0.00,0.00,0.00,0.00,0.00
20650,DL:0.1.0:AT.1.0.0,2022-3-4 15:15:22,43.50,0.00,0.00,18.107,-1.641,-5.763,12.344,16.466,0.00,0.00,0.00,0.00,0.00,0.00,0.00,0.00,0.00,0.00,0.00,0.00,0.00,0.00,0.00,0.00,0.00
20650,DL:0.1.0:AT.1.0.0,2022-3-4 15:15:27,43.50,0.00,0.00,18.123,-1.657,-5.780,12.343,16.466,0.00,0.00,0.00,0.00,0.00,0.00,0.00,0.00,0.00,0.00,0.00,0.00,0.00,0.00,0.00,0.00,0.00
20650,DL:0.1.0:AT.1.0.0,2022-3-4 15:15:32,43.50,0.00,0.00,18.106,-1.641,-5.763,12.343,16.465,0.00,0.00,0.00,0.00,0.00,0.00,0.00,0.00,0.00,0.00,0.00,0.00,0.00,0.00,0.00,0.00,0.00
20650,DL:0.1.0:AT.1.0.0,2022-3-4 15:15:37,43.50,0.00,0.00,18.139,-1.674,-5.794,12.344,16.465,0.00,0.00,0.00,0.00,0.00,0.00,0.00,0.00,0.00,0.00,0.00,0.00,0.00,0.00,0.00,0.00,0.00
20650,DL:0.1.0:AT.1.0.0,2022-3-4 15:15:42,43.50,0.00,0.00,18.125,-1.661,-5.781,12.344,16.465,0.00,0.00,0.00,0.00,0.00,0.00,0.00,0.00,0.00,0.00,0.00,0.00,0.00,0.00,0.00,0.00,0.00
20650,DL:0.1.0:AT.1.0.0,2022-3-4 15:15:47,43.50,0.00,0.00,18.110,-1.645,-5.765,12.344,16.465,0.00,0.00,0.00,0.00,0.00,0.00,0.00,0.00,0.00,0.00,0.00,0.00,0.00,0.00,0.00,0.00,0.00
20650,DL:0.1.0:AT.1.0.0,2022-3-4 15:15:52,43.50,0.00,0.00,18.103,-1.639,-5.757,12.346,16.464,0.00,0.00,0.00,0.00,0.00,0.00,0.00,0.00,0.00,0.00,0.00,0.00,0.00,0.00,0.00,0.00,0.00
20650,DL:0.1.0:AT.1.0.0,2022-3-4 15:15:57,43.50,0.00,0.00,18.115,-1.651,-5.770,12.344,16.464,0.00,0.00,0.00,0.00,0.00,0.00,0.00,0.00,0.00,0.00,0.00,0.00,0.00,0.00,0.00,0.00,0.00
20650,DL:0.1.0:AT.1.0.0,2022-3-4 15:16:2,43.50,0.00,0.00,18.136,-1.673,-5.791,12.346,16.464,0.00,0.00,0.00,0.00,0.00,0.00,0.00,0.00,0.00,0.00,0.00,0.00,0.00,0.00,0.00,0.00,0.00
20650,DL:0.1.0:AT.1.0.0,2022-3-4 15:16:7,43.50,0.00,0.00,18.117,-1.656,-5.771,12.346,16.461,0.00,0.00,0.00,0.00,0.00,0.00,0.00,0.00,0.00,0.00,0.00,0.00,0.00,0.00,0.00,0.00,0.00
20650,DL:0.1.0:AT.1.0.0,2022-3-4 15:16:12,43.50,0.00,0.00,18.119,-1.658,-5.774,12.346,16.461,0.00,0.00,0.00,0.00,0.00,0.00,0.00,0.00,0.00,0.00,0.00,0.00,0.00,0.00,0.00,0.00,0.00
20650,DL:0.1.0:AT.1.0.0,2022-3-4 15:16:17,43.50,0.00,0.00,18.092,-1.631,-5.747,12.344,16.461,0.00,0.00,0.00,0.00,0.00,0.00,0.00,0.00,0.00,0.00,0.00,0.00,0.00,0.00,0.00,0.00,0.00
20650,DL:0.1.0:AT.1.0.0,2022-3-4 15:16:23,43.50,0.00,0.00,18.098,-1.638,-5.752,12.346,16.460,0.00,0.00,0.00,0.00,0.00,0.00,0.00,0.00,0.00,0.00,0.00,0.00,0.00,0.00,0.00,0.00,0.00
20650,DL:0.1.0:AT.1.0.0,2022-3-4 15:16:28,43.50,0.00,0.00,18.131,-1.671,-5.786,12.346,16.460,0.00,0.00,0.00,0.00,0.00,0.00,0.00,0.00,0.00,0.00,0.00,0.00,0.00,0.00,0.00,0.00,0.00
20650,DL:0.1.0:AT.1.0.0,2022-3-4 15:16:33,43.50,0.00,0.00,18.121,-1.662,-5.775,12.346,16.459,0.00,0.00,0.00,0.00,0.00,0.00,0.00,0.00,0.00,0.00,0.00,0.00,0.00,0.00,0.00,0.00,0.00
20650,DL:0.1.0:AT.1.0.0,2022-3-4 15:16:38,43.50,0.00,0.00,18.104,-1.645,-5.758,12.346,16.459,0.00,0.00,0.00,0.00,0.00,0.00,0.00,0.00,0.00,0.00,0.00,0.00,0.00,0.00,0.00,0.00,0.00
20650,DL:0.1.0:AT.1.0.0,2022-3-4 15:16:43,43.50,0.00,0.00,18.097,-1.639,-5.751,12.346,16.458,0.00,0.00,0.00,0.00,0.00,0.00,0.00,0.00,0.00,0.00,0.00,0.00,0.00,0.00,0.00,0.00,0.00
20650,DL:0.1.0:AT.1.0.0,2022-3-4 15:16:48,43.50,0.00,0.00,18.103,-1.646,-5.756,12.347,16.456,0.00,0.00,0.00,0.00,0.00,0.00,0.00,0.00,0.00,0.00,0.00,0.00,0.00,0.00,0.00,0.00,0.00
20650,DL:0.1.0:AT.1.0.0,2022-3-4 15:16:53,43.50,0.00,0.00,18.091,-1.634,-5.745,12.346,16.456,0.00,0.00,0.00,0.00,0.00,0.00,0.00,0.00,0.00,0.00,0.00,0.00,0.00,0.00,0.00,0.00,0.00
20650,DL:0.1.0:AT.1.0.0,2022-3-4 15:16:58,43.50,0.00,0.00,18.111,-1.656,-5.765,12.346,16.455,0.00,0.00,0.00,0.00,0.00,0.00,0.00,0.00,0.00,0.00,0.00,0.00,0.00,0.00,0.00,0.00,0.00
20650,DL:0.1.0:AT.1.0.0,2022-3-4 15:17:3,43.50,0.00,0.00,18.098,-1.641,-5.752,12.346,16.456,0.00,0.00,0.00,0.00,0.00,0.00,0.00,0.00,0.00,0.00,0.00,0.00,0.00,0.00,0.00,0.00,0.00
20650,DL:0.1.0:AT.1.0.0,2022-3-4 15:17:8,43.50,0.00,0.00,18.103,-1.647,-5.757,12.346,16.455,0.00,0.00,0.00,0.00,0.00,0.00,0.00,0.00,0.00,0.00,0.00,0.00,0.00,0.00,0.00,0.00,0.00
20650,DL:0.1.0:AT.1.0.0,2022-3-4 15:17:13,43.50,0.00,0.00,18.098,-1.644,-5.752,12.346,16.454,0.00,0.00,0.00,0.00,0.00,0.00,0.00,0.00,0.00,0.00,0.00,0.00,0.00,0.00,0.00,0.00,0.00
20650,DL:0.1.0:AT.1.0.0,2022-3-4 15:17:18,43.50,0.00,0.00,18.091,-1.637,-5.745,12.346,16.454,0.00,0.00,0.00,0.00,0.00,0.00,0.00,0.00,0.00,0.00,0.00,0.00,0.00,0.00,0.00,0.00,0.00
20650,DL:0.1.0:AT.1.0.0,2022-3-4 15:17:23,43.50,0.00,0.00,18.117,-1.664,-5.770,12.347,16.453,0.00,0.00,0.00,0.00,0.00,0.00,0.00,0.00,0.00,0.00,0.00,0.00,0.00,0.00,0.00,0.00,0.00
20650,DL:0.1.0:AT.1.0.0,2022-3-4 15:17:28,43.50,0.00,0.00,18.121,-1.662,-5.774,12.347,16.459,0.00,0.00,0.00,0.00,0.00,0.00,0.00,0.00,0.00,0.00,0.00,0.00,0.00,0.00,0.00,0.00,0.00
20650,DL:0.1.0:AT.1.0.0,2022-3-4 15:17:33,43.50,0.00,0.00,18.142,-1.687,-5.794,12.348,16.455,0.00,0.00,0.00,0.00,0.00,0.00,0.00,0.00,0.00,0.00,0.00,0.00,0.00,0.00,0.00,0.00,0.00
20650,DL:0.1.0:AT.1.0.0,2022-3-4 15:17:38,43.50,0.00,0.00,18.121,-1.664,-5.774,12.347,16.456,0.00,0.00,0.00,0.00,0.00,0.00,0.00,0.00,0.00,0.00,0.00,0.00,0.00,0.00,0.00,0.00,0.00
20650,DL:0.1.0:AT.1.0.0,2022-3-4 15:17:43,43.50,0.00,0.00,18.088,-1.633,-5.741,12.347,16.455,0.00,0.00,0.00,0.00,0.00,0.00,0.00,0.00,0.00,0.00,0.00,0.00,0.00,0.00,0.00,0.00,0.00
20650,DL:0.1.0:AT.1.0.0,2022-3-4 15:17:48,43.50,0.00,0.00,18.115,-1.661,-5.768,12.347,16.454,0.00,0.00,0.00,0.00,0.00,0.00,0.00,0.00,0.00,0.00,0.00,0.00,0.00,0.00,0.00,0.00,0.00
20650,DL:0.1.0:AT.1.0.0,2022-3-4 15:17:53,43.50,0.00,0.00,18.107,-1.655,-5.762,12.346,16.453,0.00,0.00,0.00,0.00,0.00,0.00,0.00,0.00,0.00,0.00,0.00,0.00,0.00,0.00,0.00,0.00,0.00
20650,DL:0.1.0:AT.1.0.0,2022-3-4 15:17:58,43.50,0.00,0.00,18.095,-1.644,-5.747,12.348,16.452,0.00,0.00,0.00,0.00,0.00,0.00,0.00,0.00,0.00,0.00,0.00,0.00,0.00,0.00,0.00,0.00,0.00
20650,DL:0.1.0:AT.1.0.0,2022-3-4 15:18:3,43.50,0.00,0.00,18.061,-1.608,-5.714,12.347,16.453,0.00,0.00,0.00,0.00,0.00,0.00,0.00,0.00,0.00,0.00,0.00,0.00,0.00,0.00,0.00,0.00,0.00
20650,DL:0.1.0:AT.1.0.0,2022-3-4 15:18:8,43.50,0.00,0.00,18.086,-1.634,-5.739,12.347,16.452,0.00,0.00,0.00,0.00,0.00,0.00,0.00,0.00,0.00,0.00,0.00,0.00,0.00,0.00,0.00,0.00,0.00
20650,DL:0.1.0:AT.1.0.0,2022-3-4 15:18:13,43.50,0.00,0.00,18.104,-1.652,-5.757,12.347,16.452,0.00,0.00,0.00,0.00,0.00,0.00,0.00,0.00,0.00,0.00,0.00,0.00,0.00,0.00,0.00,0.00,0.00
20650,DL:0.1.0:AT.1.0.0,2022-3-4 15:18:18,43.50,0.00,0.00,18.073,-1.622,-5.726,12.347,16.450,0.00,0.00,0.00,0.00,0.00,0.00,0.00,0.00,0.00,0.00,0.00,0.00,0.00,0.00,0.00,0.00,0.00
20650,DL:0.1.0:AT.1.0.0,2022-3-4 15:18:23,43.50,0.00,0.00,18.079,-1.628,-5.731,12.348,16.450,0.00,0.00,0.00,0.00,0.00,0.00,0.00,0.00,0.00,0.00,0.00,0.00,0.00,0.00,0.00,0.00,0.00
20650,DL:0.1.0:AT.1.0.0,2022-3-4 15:18:28,43.75,0.00,0.00,18.081,-1.631,-5.734,12.347,16.450,0.00,0.00,0.00,0.00,0.00,0.00,0.00,0.00,0.00,0.00,0.00,0.00,0.00,0.00,0.00,0.00,0.00
20650,DL:0.1.0:AT.1.0.0,2022-3-4 15:18:33,43.75,0.00,0.00,18.105,-1.655,-5.758,12.347,16.450,0.00,0.00,0.00,0.00,0.00,0.00,0.00,0.00,0.00,0.00,0.00,0.00,0.00,0.00,0.00,0.00,0.00
20650,DL:0.1.0:AT.1.0.0,2022-3-4 15:18:38,43.75,0.00,0.00,18.075,-1.625,-5.728,12.347,16.450,0.00,0.00,0.00,0.00,0.00,0.00,0.00,0.00,0.00,0.00,0.00,0.00,0.00,0.00,0.00,0.00,0.00
20650,DL:0.1.0:AT.1.0.0,2022-3-4 15:18:43,43.75,0.00,0.00,18.123,-1.673,-5.775,12.348,16.450,0.00,0.00,0.00,0.00,0.00,0.00,0.00,0.00,0.00,0.00,0.00,0.00,0.00,0.00,0.00,0.00,0.00
20650,DL:0.1.0:AT.1.0.0,2022-3-4 15:18:48,43.75,0.00,0.00,18.097,-1.646,-5.747,12.349,16.450,0.00,0.00,0.00,0.00,0.00,0.00,0.00,0.00,0.00,0.00,0.00,0.00,0.00,0.00,0.00,0.00,0.00
20650,DL:0.1.0:AT.1.0.0,2022-3-4 15:18:53,43.75,0.00,0.00,18.093,-1.643,-5.746,12.347,16.450,0.00,0.00,0.00,0.00,0.00,0.00,0.00,0.00,0.00,0.00,0.00,0.00,0.00,0.00,0.00,0.00,0.00
20650,DL:0.1.0:AT.1.0.0,2022-3-4 15:18:58,43.75,0.00,0.00,18.109,-1.659,-5.761,12.348,16.449,0.00,0.00,0.00,0.00,0.00,0.00,0.00,0.00,0.00,0.00,0.00,0.00,0.00,0.00,0.00,0.00,0.00
20650,DL:0.1.0:AT.1.0.0,2022-3-4 15:19:3,43.75,0.00,0.00,18.110,-1.661,-5.762,12.348,16.449,0.00,0.00,0.00,0.00,0.00,0.00,0.00,0.00,0.00,0.00,0.00,0.00,0.00,0.00,0.00,0.00,0.00
20650,DL:0.1.0:AT.1.0.0,2022-3-4 15:19:8,43.75,0.00,0.00,18.105,-1.656,-5.756,12.349,16.449,0.00,0.00,0.00,0.00,0.00,0.00,0.00,0.00,0.00,0.00,0.00,0.00,0.00,0.00,0.00,0.00,0.00
20650,DL:0.1.0:AT.1.0.0,2022-3-4 15:19:13,43.75,0.00,0.00,18.095,-1.646,-5.747,12.348,16.449,0.00,0.00,0.00,0.00,0.00,0.00,0.00,0.00,0.00,0.00,0.00,0.00,0.00,0.00,0.00,0.00,0.00
20650,DL:0.1.0:AT.1.0.0,2022-3-4 15:19:18,43.75,0.00,0.00,18.095,-1.646,-5.746,12.349,16.449,0.00,0.00,0.00,0.00,0.00,0.00,0.00,0.00,0.00,0.00,0.00,0.00,0.00,0.00,0.00,0.00,0.00
20650,DL:0.1.0:AT.1.0.0,2022-3-4 15:19:23,43.75,0.00,0.00,18.100,-1.651,-5.751,12.349,16.449,0.00,0.00,0.00,0.00,0.00,0.00,0.00,0.00,0.00,0.00,0.00,0.00,0.00,0.00,0.00,0.00,0.00
20650,DL:0.1.0:AT.1.0.0,2022-3-4 15:19:28,43.75,0.00,0.00,18.089,-1.640,-5.740,12.349,16.449,0.00,0.00,0.00,0.00,0.00,0.00,0.00,0.00,0.00,0.00,0.00,0.00,0.00,0.00,0.00,0.00,0.00
20650,DL:0.1.0:AT.1.0.0,2022-3-4 15:19:33,43.75,0.00,0.00,18.093,-1.644,-5.744,12.349,16.449,0.00,0.00,0.00,0.00,0.00,0.00,0.00,0.00,0.00,0.00,0.00,0.00,0.00,0.00,0.00,0.00,0.00
20650,DL:0.1.0:AT.1.0.0,2022-3-4 15:19:38,43.75,0.00,0.00,18.099,-1.651,-5.750,12.349,16.448,0.00,0.00,0.00,0.00,0.00,0.00,0.00,0.00,0.00,0.00,0.00,0.00,0.00,0.00,0.00,0.00,0.00
20650,DL:0.1.0:AT.1.0.0,2022-3-4 15:19:43,43.75,0.00,0.00,18.104,-1.655,-5.755,12.349,16.449,0.00,0.00,0.00,0.00,0.00,0.00,0.00,0.00,0.00,0.00,0.00,0.00,0.00,0.00,0.00,0.00,0.00
20650,DL:0.1.0:AT.1.0.0,2022-3-4 15:19:48,43.75,0.00,0.00,18.105,-1.657,-5.756,12.349,16.448,0.00,0.00,0.00,0.00,0.00,0.00,0.00,0.00,0.00,0.00,0.00,0.00,0.00,0.00,0.00,0.00,0.00
20650,DL:0.1.0:AT.1.0.0,2022-3-4 15:19:53,43.75,0.00,0.00,18.091,-1.643,-5.740,12.350,16.448,0.00,0.00,0.00,0.00,0.00,0.00,0.00,0.00,0.00,0.00,0.00,0.00,0.00,0.00,0.00,0.00,0.00
20650,DL:0.1.0:AT.1.0.0,2022-3-4 15:19:58,43.75,0.00,0.00,18.113,-1.665,-5.764,12.349,16.448,0.00,0.00,0.00,0.00,0.00,0.00,0.00,0.00,0.00,0.00,0.00,0.00,0.00,0.00,0.00,0.00,0.00
20650,DL:0.1.0:AT.1.0.0,2022-3-4 15:20:3,43.75,0.00,0.00,18.088,-1.641,-5.738,12.350,16.447,0.00,0.00,0.00,0.00,0.00,0.00,0.00,0.00,0.00,0.00,0.00,0.00,0.00,0.00,0.00,0.00,0.00
20650,DL:0.1.0:AT.1.0.0,2022-3-4 15:20:8,43.75,0.00,0.00,18.103,-1.657,-5.752,12.350,16.446,0.00,0.00,0.00,0.00,0.00,0.00,0.00,0.00,0.00,0.00,0.00,0.00,0.00,0.00,0.00,0.00,0.00
20650,DL:0.1.0:AT.1.0.0,2022-3-4 15:20:13,43.75,0.00,0.00,18.112,-1.665,-5.762,12.350,16.447,0.00,0.00,0.00,0.00,0.00,0.00,0.00,0.00,0.00,0.00,0.00,0.00,0.00,0.00,0.00,0.00,0.00
20650,DL:0.1.0:AT.1.0.0,2022-3-4 15:20:18,43.75,0.00,0.00,18.107,-1.661,-5.757,12.350,16.447,0.00,0.00,0.00,0.00,0.00,0.00,0.00,0.00,0.00,0.00,0.00,0.00,0.00,0.00,0.00,0.00,0.00
20650,DL:0.1.0:AT.1.0.0,2022-3-4 15:20:23,43.75,0.00,0.00,18.113,-1.667,-5.763,12.350,16.447,0.00,0.00,0.00,0.00,0.00,0.00,0.00,0.00,0.00,0.00,0.00,0.00,0.00,0.00,0.00,0.00,0.00
20650,DL:0.1.0:AT.1.0.0,2022-3-4 15:20:28,43.75,0.00,0.00,18.092,-1.646,-5.741,12.350,16.446,0.00,0.00,0.00,0.00,0.00,0.00,0.00,0.00,0.00,0.00,0.00,0.00,0.00,0.00,0.00,0.00,0.00
20650,DL:0.1.0:AT.1.0.0,2022-3-4 15:20:33,43.75,0.00,0.00,18.127,-1.681,-5.776,12.350,16.446,0.00,0.00,0.00,0.00,0.00,0.00,0.00,0.00,0.00,0.00,0.00,0.00,0.00,0.00,0.00,0.00,0.00
20650,DL:0.1.0:AT.1.0.0,2022-3-4 15:20:38,43.50,0.00,0.00,18.100,-1.655,-5.749,12.352,16.446,0.00,0.00,0.00,0.00,0.00,0.00,0.00,0.00,0.00,0.00,0.00,0.00,0.00,0.00,0.00,0.00,0.00
20650,DL:0.1.0:AT.1.0.0,2022-3-4 15:20:43,43.50,0.00,0.00,18.128,-1.682,-5.776,12.352,16.446,0.00,0.00,0.00,0.00,0.00,0.00,0.00,0.00,0.00,0.00,0.00,0.00,0.00,0.00,0.00,0.00,0.00
20650,DL:0.1.0:AT.1.0.0,2022-3-4 15:20:48,43.50,0.00,0.00,18.124,-1.680,-5.773,12.352,16.444,0.00,0.00,0.00,0.00,0.00,0.00,0.00,0.00,0.00,0.00,0.00,0.00,0.00,0.00,0.00,0.00,0.00
20650,DL:0.1.0:AT.1.0.0,2022-3-4 15:20:53,43.50,0.00,0.00,18.134,-1.689,-5.781,12.353,16.444,0.00,0.00,0.00,0.00,0.00,0.00,0.00,0.00,0.00,0.00,0.00,0.00,0.00,0.00,0.00,0.00,0.00
20650,DL:0.1.0:AT.1.0.0,2022-3-4 15:20:58,43.50,0.00,0.00,18.111,-1.667,-5.759,12.352,16.444,0.00,0.00,0.00,0.00,0.00,0.00,0.00,0.00,0.00,0.00,0.00,0.00,0.00,0.00,0.00,0.00,0.00
20650,DL:0.1.0:AT.1.0.0,2022-3-4 15:21:3,43.50,0.00,0.00,18.122,-1.674,-5.770,12.352,16.448,0.00,0.00,0.00,0.00,0.00,0.00,0.00,0.00,0.00,0.00,0.00,0.00,0.00,0.00,0.00,0.00,0.00
20650,DL:0.1.0:AT.1.0.0,2022-3-4 15:21:8,43.50,0.00,0.00,18.143,-1.696,-5.792,12.352,16.448,0.00,0.00,0.00,0.00,0.00,0.00,0.00,0.00,0.00,0.00,0.00,0.00,0.00,0.00,0.00,0.00,0.00
20650,DL:0.1.0:AT.1.0.0,2022-3-4 15:21:13,43.50,0.00,0.00,18.141,-1.693,-5.789,12.352,16.448,0.00,0.00,0.00,0.00,0.00,0.00,0.00,0.00,0.00,0.00,0.00,0.00,0.00,0.00,0.00,0.00,0.00
20650,DL:0.1.0:AT.1.0.0,2022-3-4 15:21:18,43.50,0.00,0.00,18.125,-1.677,-5.774,12.352,16.448,0.00,0.00,0.00,0.00,0.00,0.00,0.00,0.00,0.00,0.00,0.00,0.00,0.00,0.00,0.00,0.00,0.00
20650,DL:0.1.0:AT.1.0.0,2022-3-4 15:21:23,43.50,0.00,0.00,18.115,-1.668,-5.762,12.353,16.447,0.00,0.00,0.00,0.00,0.00,0.00,0.00,0.00,0.00,0.00,0.00,0.00,0.00,0.00,0.00,0.00,0.00
20650,DL:0.1.0:AT.1.0.0,2022-3-4 15:21:28,43.50,0.00,0.00,18.103,-1.656,-5.750,12.353,16.447,0.00,0.00,0.00,0.00,0.00,0.00,0.00,0.00,0.00,0.00,0.00,0.00,0.00,0.00,0.00,0.00,0.00
20650,DL:0.1.0:AT.1.0.0,2022-3-4 15:21:33,43.50,0.00,0.00,18.098,-1.651,-5.745,12.353,16.447,0.00,0.00,0.00,0.00,0.00,0.00,0.00,0.00,0.00,0.00,0.00,0.00,0.00,0.00,0.00,0.00,0.00
20650,DL:0.1.0:AT.1.0.0,2022-3-4 15:21:38,43.75,0.00,0.00,18.118,-1.671,-5.765,12.353,16.447,0.00,0.00,0.00,0.00,0.00,0.00,0.00,0.00,0.00,0.00,0.00,0.00,0.00,0.00,0.00,0.00,0.00
20650,DL:0.1.0:AT.1.0.0,2022-3-4 15:21:43,43.75,0.00,0.00,18.117,-1.670,-5.763,12.354,16.447,0.00,0.00,0.00,0.00,0.00,0.00,0.00,0.00,0.00,0.00,0.00,0.00,0.00,0.00,0.00,0.00,0.00
20650,DL:0.1.0:AT.1.0.0,2022-3-4 15:21:48,43.75,0.00,0.00,18.139,-1.692,-5.785,12.354,16.447,0.00,0.00,0.00,0.00,0.00,0.00,0.00,0.00,0.00,0.00,0.00,0.00,0.00,0.00,0.00,0.00,0.00
20650,DL:0.1.0:AT.1.0.0,2022-3-4 15:21:53,43.75,0.00,0.00,18.130,-1.683,-5.776,12.354,16.447,0.00,0.00,0.00,0.00,0.00,0.00,0.00,0.00,0.00,0.00,0.00,0.00,0.00,0.00,0.00,0.00,0.00
20650,DL:0.1.0:AT.1.0.0,2022-3-4 15:21:58,43.75,0.00,0.00,18.128,-1.682,-5.774,12.354,16.446,0.00,0.00,0.00,0.00,0.00,0.00,0.00,0.00,0.00,0.00,0.00,0.00,0.00,0.00,0.00,0.00,0.00
20650,DL:0.1.0:AT.1.0.0,2022-3-4 15:22:3,43.75,0.00,0.00,18.124,-1.680,-5.770,12.354,16.444,0.00,0.00,0.00,0.00,0.00,0.00,0.00,0.00,0.00,0.00,0.00,0.00,0.00,0.00,0.00,0.00,0.00
20650,DL:0.1.0:AT.1.0.0,2022-3-4 15:22:8,43.75,0.00,0.00,18.098,-1.653,-5.744,12.354,16.444,0.00,0.00,0.00,0.00,0.00,0.00,0.00,0.00,0.00,0.00,0.00,0.00,0.00,0.00,0.00,0.00,0.00
20650,DL:0.1.0:AT.1.0.0,2022-3-4 15:22:13,43.75,0.00,0.00,18.106,-1.662,-5.751,12.355,16.444,0.00,0.00,0.00,0.00,0.00,0.00,0.00,0.00,0.00,0.00,0.00,0.00,0.00,0.00,0.00,0.00,0.00
20650,DL:0.1.0:AT.1.0.0,2022-3-4 15:22:18,43.75,0.00,0.00,18.148,-1.705,-5.793,12.355,16.443,0.00,0.00,0.00,0.00,0.00,0.00,0.00,0.00,0.00,0.00,0.00,0.00,0.00,0.00,0.00,0.00,0.00
20650,DL:0.1.0:AT.1.0.0,2022-3-4 15:22:23,43.75,0.00,0.00,18.116,-1.673,-5.762,12.354,16.443,0.00,0.00,0.00,0.00,0.00,0.00,0.00,0.00,0.00,0.00,0.00,0.00,0.00,0.00,0.00,0.00,0.00
20650,DL:0.1.0:AT.1.0.0,2022-3-4 15:22:28,43.75,0.00,0.00,18.123,-1.681,-5.768,12.355,16.442,0.00,0.00,0.00,0.00,0.00,0.00,0.00,0.00,0.00,0.00,0.00,0.00,0.00,0.00,0.00,0.00,0.00
20650,DL:0.1.0:AT.1.0.0,2022-3-4 15:22:33,43.75,0.00,0.00,18.082,-1.640,-5.728,12.354,16.442,0.00,0.00,0.00,0.00,0.00,0.00,0.00,0.00,0.00,0.00,0.00,0.00,0.00,0.00,0.00,0.00,0.00
20650,DL:0.1.0:AT.1.0.0,2022-3-4 15:22:38,43.75,0.00,0.00,18.093,-1.651,-5.739,12.354,16.442,0.00,0.00,0.00,0.00,0.00,0.00,0.00,0.00,0.00,0.00,0.00,0.00,0.00,0.00,0.00,0.00,0.00
20650,DL:0.1.0:AT.1.0.0,2022-3-4 15:22:43,43.50,0.00,0.00,18.116,-1.674,-5.762,12.354,16.442,0.00,0.00,0.00,0.00,0.00,0.00,0.00,0.00,0.00,0.00,0.00,0.00,0.00,0.00,0.00,0.00,0.00
20650,DL:0.1.0:AT.1.0.0,2022-3-4 15:22:48,43.50,0.00,0.00,18.092,-1.650,-5.737,12.355,16.442,0.00,0.00,0.00,0.00,0.00,0.00,0.00,0.00,0.00,0.00,0.00,0.00,0.00,0.00,0.00,0.00,0.00
20650,DL:0.1.0:AT.1.0.0,2022-3-4 15:22:53,43.50,0.00,0.00,18.079,-1.637,-5.723,12.355,16.442,0.00,0.00,0.00,0.00,0.00,0.00,0.00,0.00,0.00,0.00,0.00,0.00,0.00,0.00,0.00,0.00,0.00
20650,DL:0.1.0:AT.1.0.0,2022-3-4 15:22:58,43.50,0.00,0.00,18.107,-1.665,-5.752,12.355,16.442,0.00,0.00,0.00,0.00,0.00,0.00,0.00,0.00,0.00,0.00,0.00,0.00,0.00,0.00,0.00,0.00,0.00
20650,DL:0.1.0:AT.1.0.0,2022-3-4 15:23:3,43.50,0.00,0.00,18.124,-1.683,-5.769,12.355,16.441,0.00,0.00,0.00,0.00,0.00,0.00,0.00,0.00,0.00,0.00,0.00,0.00,0.00,0.00,0.00,0.00,0.00
20650,DL:0.1.0:AT.1.0.0,2022-3-4 15:23:8,43.50,0.00,0.00,18.107,-1.667,-5.750,12.358,16.441,0.00,0.00,0.00,0.00,0.00,0.00,0.00,0.00,0.00,0.00,0.00,0.00,0.00,0.00,0.00,0.00,0.00
20650,DL:0.1.0:AT.1.0.0,2022-3-4 15:23:13,43.50,0.00,0.00,18.106,-1.664,-5.750,12.356,16.442,0.00,0.00,0.00,0.00,0.00,0.00,0.00,0.00,0.00,0.00,0.00,0.00,0.00,0.00,0.00,0.00,0.00
20650,DL:0.1.0:AT.1.0.0,2022-3-4 15:23:18,43.50,0.00,0.00,18.093,-1.652,-5.737,12.356,16.441,0.00,0.00,0.00,0.00,0.00,0.00,0.00,0.00,0.00,0.00,0.00,0.00,0.00,0.00,0.00,0.00,0.00
20650,DL:0.1.0:AT.1.0.0,2022-3-4 15:23:30,43.50,0.00,0.00,18.101,-1.661,-5.745,12.356,16.441,0.00,0.00,0.00,0.00,0.00,0.00,0.00,0.00,0.00,0.00,0.00,0.00,0.00,0.00,0.00,0.00,0.00
20650,DL:0.1.0:AT.1.0.0,2022-3-4 15:23:35,43.50,0.00,0.00,18.140,-1.700,-5.783,12.356,16.440,0.00,0.00,0.00,0.00,0.00,0.00,0.00,0.00,0.00,0.00,0.00,0.00,0.00,0.00,0.00,0.00,0.00
20650,DL:0.1.0:AT.1.0.0,2022-3-4 15:23:40,43.50,0.00,0.00,18.109,-1.669,-5.751,12.358,16.440,0.00,0.00,0.00,0.00,0.00,0.00,0.00,0.00,0.00,0.00,0.00,0.00,0.00,0.00,0.00,0.00,0.00
20650,DL:0.1.0:AT.1.0.0,2022-3-4 15:23:45,43.75,0.00,0.00,18.135,-1.696,-5.776,12.359,16.440,0.00,0.00,0.00,0.00,0.00,0.00,0.00,0.00,0.00,0.00,0.00,0.00,0.00,0.00,0.00,0.00,0.00
20650,DL:0.1.0:AT.1.0.0,2022-3-4 15:23:50,43.75,0.00,0.00,18.140,-1.702,-5.782,12.358,16.438,0.00,0.00,0.00,0.00,0.00,0.00,0.00,0.00,0.00,0.00,0.00,0.00,0.00,0.00,0.00,0.00,0.00
20650,DL:0.1.0:AT.1.0.0,2022-3-4 15:23:55,43.75,0.00,0.00,18.124,-1.687,-5.767,12.358,16.437,0.00,0.00,0.00,0.00,0.00,0.00,0.00,0.00,0.00,0.00,0.00,0.00,0.00,0.00,0.00,0.00,0.00
20650,DL:0.1.0:AT.1.0.0,2022-3-4 15:24:0,43.75,0.00,0.00,18.145,-1.708,-5.786,12.359,16.437,0.00,0.00,0.00,0.00,0.00,0.00,0.00,0.00,0.00,0.00,0.00,0.00,0.00,0.00,0.00,0.00,0.00
20650,DL:0.1.0:AT.1.0.0,2022-3-4 15:24:5,43.75,0.00,0.00,18.127,-1.689,-5.769,12.358,16.437,0.00,0.00,0.00,0.00,0.00,0.00,0.00,0.00,0.00,0.00,0.00,0.00,0.00,0.00,0.00,0.00,0.00
20650,DL:0.1.0:AT.1.0.0,2022-3-4 15:24:10,43.75,0.00,0.00,18.118,-1.681,-5.759,12.359,16.437,0.00,0.00,0.00,0.00,0.00,0.00,0.00,0.00,0.00,0.00,0.00,0.00,0.00,0.00,0.00,0.00,0.00
20650,DL:0.1.0:AT.1.0.0,2022-3-4 15:24:15,43.75,0.00,0.00,18.113,-1.677,-5.755,12.359,16.436,0.00,0.00,0.00,0.00,0.00,0.00,0.00,0.00,0.00,0.00,0.00,0.00,0.00,0.00,0.00,0.00,0.00
20650,DL:0.1.0:AT.1.0.0,2022-3-4 15:24:20,43.75,0.00,0.00,18.127,-1.692,-5.768,12.359,16.435,0.00,0.00,0.00,0.00,0.00,0.00,0.00,0.00,0.00,0.00,0.00,0.00,0.00,0.00,0.00,0.00,0.00
20650,DL:0.1.0:AT.1.0.0,2022-3-4 15:24:25,43.75,0.00,0.00,18.127,-1.692,-5.768,12.359,16.435,0.00,0.00,0.00,0.00,0.00,0.00,0.00,0.00,0.00,0.00,0.00,0.00,0.00,0.00,0.00,0.00,0.00
20650,DL:0.1.0:AT.1.0.0,2022-3-4 15:24:30,43.75,0.00,0.00,18.147,-1.712,-5.787,12.360,16.435,0.00,0.00,0.00,0.00,0.00,0.00,0.00,0.00,0.00,0.00,0.00,0.00,0.00,0.00,0.00,0.00,0.00
20650,DL:0.1.0:AT.1.0.0,2022-3-4 15:24:35,43.75,0.00,0.00,18.119,-1.682,-5.761,12.359,16.437,0.00,0.00,0.00,0.00,0.00,0.00,0.00,0.00,0.00,0.00,0.00,0.00,0.00,0.00,0.00,0.00,0.00
20650,DL:0.1.0:AT.1.0.0,2022-3-4 15:24:40,43.75,0.00,0.00,18.110,-1.673,-5.750,12.360,16.437,0.00,0.00,0.00,0.00,0.00,0.00,0.00,0.00,0.00,0.00,0.00,0.00,0.00,0.00,0.00,0.00,0.00
20650,DL:0.1.0:AT.1.0.0,2022-3-4 15:24:45,43.75,0.00,0.00,18.101,-1.665,-5.741,12.360,16.436,0.00,0.00,0.00,0.00,0.00,0.00,0.00,0.00,0.00,0.00,0.00,0.00,0.00,0.00,0.00,0.00,0.00
20650,DL:0.1.0:AT.1.0.0,2022-3-4 15:24:50,43.75,0.00,0.00,18.100,-1.665,-5.740,12.360,16.435,0.00,0.00,0.00,0.00,0.00,0.00,0.00,0.00,0.00,0.00,0.00,0.00,0.00,0.00,0.00,0.00,0.00
20650,DL:0.1.0:AT.1.0.0,2022-3-4 15:24:55,43.75,0.00,0.00,18.071,-1.638,-5.711,12.360,16.434,0.00,0.00,0.00,0.00,0.00,0.00,0.00,0.00,0.00,0.00,0.00,0.00,0.00,0.00,0.00,0.00,0.00
20650,DL:0.1.0:AT.1.0.0,2022-3-4 15:25:0,43.75,0.00,0.00,18.100,-1.668,-5.740,12.360,16.432,0.00,0.00,0.00,0.00,0.00,0.00,0.00,0.00,0.00,0.00,0.00,0.00,0.00,0.00,0.00,0.00,0.00
20650,DL:0.1.0:AT.1.0.0,2022-3-4 15:25:5,43.75,0.00,0.00,18.103,-1.670,-5.743,12.360,16.432,0.00,0.00,0.00,0.00,0.00,0.00,0.00,0.00,0.00,0.00,0.00,0.00,0.00,0.00,0.00,0.00,0.00
20650,DL:0.1.0:AT.1.0.0,2022-3-4 15:25:10,43.75,0.00,0.00,18.112,-1.681,-5.752,12.360,16.431,0.00,0.00,0.00,0.00,0.00,0.00,0.00,0.00,0.00,0.00,0.00,0.00,0.00,0.00,0.00,0.00,0.00
20650,DL:0.1.0:AT.1.0.0,2022-3-4 15:25:15,43.75,0.00,0.00,18.111,-1.681,-5.750,12.361,16.430,0.00,0.00,0.00,0.00,0.00,0.00,0.00,0.00,0.00,0.00,0.00,0.00,0.00,0.00,0.00,0.00,0.00
20650,DL:0.1.0:AT.1.0.0,2022-3-4 15:25:20,43.75,0.00,0.00,18.113,-1.683,-5.752,12.361,16.430,0.00,0.00,0.00,0.00,0.00,0.00,0.00,0.00,0.00,0.00,0.00,0.00,0.00,0.00,0.00,0.00,0.00
20650,DL:0.1.0:AT.1.0.0,2022-3-4 15:25:25,43.75,0.00,0.00,18.116,-1.687,-5.755,12.361,16.429,0.00,0.00,0.00,0.00,0.00,0.00,0.00,0.00,0.00,0.00,0.00,0.00,0.00,0.00,0.00,0.00,0.00
20650,DL:0.1.0:AT.1.0.0,2022-3-4 15:25:30,43.75,0.00,0.00,18.098,-1.670,-5.738,12.360,16.428,0.00,0.00,0.00,0.00,0.00,0.00,0.00,0.00,0.00,0.00,0.00,0.00,0.00,0.00,0.00,0.00,0.00
20650,DL:0.1.0:AT.1.0.0,2022-3-4 15:25:35,43.75,0.00,0.00,18.103,-1.676,-5.741,12.361,16.426,0.00,0.00,0.00,0.00,0.00,0.00,0.00,0.00,0.00,0.00,0.00,0.00,0.00,0.00,0.00,0.00,0.00
20650,DL:0.1.0:AT.1.0.0,2022-3-4 15:25:40,43.75,0.00,0.00,18.100,-1.674,-5.739,12.361,16.426,0.00,0.00,0.00,0.00,0.00,0.00,0.00,0.00,0.00,0.00,0.00,0.00,0.00,0.00,0.00,0.00,0.00
20650,DL:0.1.0:AT.1.0.0,2022-3-4 15:25:45,43.75,0.00,0.00,18.092,-1.667,-5.731,12.361,16.425,0.00,0.00,0.00,0.00,0.00,0.00,0.00,0.00,0.00,0.00,0.00,0.00,0.00,0.00,0.00,0.00,0.00
20650,DL:0.1.0:AT.1.0.0,2022-3-4 15:25:50,43.75,0.00,0.00,18.107,-1.682,-5.745,12.362,16.425,0.00,0.00,0.00,0.00,0.00,0.00,0.00,0.00,0.00,0.00,0.00,0.00,0.00,0.00,0.00,0.00,0.00
20650,DL:0.1.0:AT.1.0.0,2022-3-4 15:25:55,43.75,0.00,0.00,18.080,-1.656,-5.717,12.362,16.424,0.00,0.00,0.00,0.00,0.00,0.00,0.00,0.00,0.00,0.00,0.00,0.00,0.00,0.00,0.00,0.00,0.00
20650,DL:0.1.0:AT.1.0.0,2022-3-4 15:26:0,43.75,0.00,0.00,18.107,-1.683,-5.745,12.362,16.424,0.00,0.00,0.00,0.00,0.00,0.00,0.00,0.00,0.00,0.00,0.00,0.00,0.00,0.00,0.00,0.00,0.00
20650,DL:0.1.0:AT.1.0.0,2022-3-4 15:26:5,43.75,0.00,0.00,18.106,-1.683,-5.744,12.362,16.423,0.00,0.00,0.00,0.00,0.00,0.00,0.00,0.00,0.00,0.00,0.00,0.00,0.00,0.00,0.00,0.00,0.00
20650,DL:0.1.0:AT.1.0.0,2022-3-4 15:26:10,43.75,0.00,0.00,18.107,-1.686,-5.745,12.362,16.422,0.00,0.00,0.00,0.00,0.00,0.00,0.00,0.00,0.00,0.00,0.00,0.00,0.00,0.00,0.00,0.00,0.00
20650,DL:0.1.0:AT.1.0.0,2022-3-4 15:26:15,43.75,0.00,0.00,18.083,-1.663,-5.720,12.364,16.420,0.00,0.00,0.00,0.00,0.00,0.00,0.00,0.00,0.00,0.00,0.00,0.00,0.00,0.00,0.00,0.00,0.00
20650,DL:0.1.0:AT.1.0.0,2022-3-4 15:26:20,43.75,0.00,0.00,18.122,-1.704,-5.758,12.364,16.418,0.00,0.00,0.00,0.00,0.00,0.00,0.00,0.00,0.00,0.00,0.00,0.00,0.00,0.00,0.00,0.00,0.00
20650,DL:0.1.0:AT.1.0.0,2022-3-4 15:26:25,43.75,0.00,0.00,18.130,-1.714,-5.767,12.364,16.417,0.00,0.00,0.00,0.00,0.00,0.00,0.00,0.00,0.00,0.00,0.00,0.00,0.00,0.00,0.00,0.00,0.00
20650,DL:0.1.0:AT.1.0.0,2022-3-4 15:26:30,43.75,0.00,0.00,18.111,-1.694,-5.747,12.364,16.417,0.00,0.00,0.00,0.00,0.00,0.00,0.00,0.00,0.00,0.00,0.00,0.00,0.00,0.00,0.00,0.00,0.00
20650,DL:0.1.0:AT.1.0.0,2022-3-4 15:26:35,43.75,0.00,0.00,18.121,-1.705,-5.758,12.362,16.416,0.00,0.00,0.00,0.00,0.00,0.00,0.00,0.00,0.00,0.00,0.00,0.00,0.00,0.00,0.00,0.00,0.00
20650,DL:0.1.0:AT.1.0.0,2022-3-4 15:26:40,43.75,0.00,0.00,18.127,-1.712,-5.763,12.364,16.414,0.00,0.00,0.00,0.00,0.00,0.00,0.00,0.00,0.00,0.00,0.00,0.00,0.00,0.00,0.00,0.00,0.00
20650,DL:0.1.0:AT.1.0.0,2022-3-4 15:26:45,43.75,0.00,0.00,18.117,-1.703,-5.755,12.362,16.414,0.00,0.00,0.00,0.00,0.00,0.00,0.00,0.00,0.00,0.00,0.00,0.00,0.00,0.00,0.00,0.00,0.00
20650,DL:0.1.0:AT.1.0.0,2022-3-4 15:26:50,43.75,0.00,0.00,18.116,-1.703,-5.752,12.364,16.413,0.00,0.00,0.00,0.00,0.00,0.00,0.00,0.00,0.00,0.00,0.00,0.00,0.00,0.00,0.00,0.00,0.00
20650,DL:0.1.0:AT.1.0.0,2022-3-4 15:26:55,43.75,0.00,0.00,18.131,-1.720,-5.767,12.365,16.412,0.00,0.00,0.00,0.00,0.00,0.00,0.00,0.00,0.00,0.00,0.00,0.00,0.00,0.00,0.00,0.00,0.00
20650,DL:0.1.0:AT.1.0.0,2022-3-4 15:27:0,43.75,0.00,0.00,18.124,-1.712,-5.761,12.364,16.412,0.00,0.00,0.00,0.00,0.00,0.00,0.00,0.00,0.00,0.00,0.00,0.00,0.00,0.00,0.00,0.00,0.00
20650,DL:0.1.0:AT.1.0.0,2022-3-4 15:27:5,43.75,0.00,0.00,18.099,-1.688,-5.735,12.364,16.411,0.00,0.00,0.00,0.00,0.00,0.00,0.00,0.00,0.00,0.00,0.00,0.00,0.00,0.00,0.00,0.00,0.00
20650,DL:0.1.0:AT.1.0.0,2022-3-4 15:27:10,43.75,0.00,0.00,18.140,-1.729,-5.776,12.364,16.411,0.00,0.00,0.00,0.00,0.00,0.00,0.00,0.00,0.00,0.00,0.00,0.00,0.00,0.00,0.00,0.00,0.00
20650,DL:0.1.0:AT.1.0.0,2022-3-4 15:27:15,43.75,0.00,0.00,18.093,-1.683,-5.729,12.364,16.410,0.00,0.00,0.00,0.00,0.00,0.00,0.00,0.00,0.00,0.00,0.00,0.00,0.00,0.00,0.00,0.00,0.00
20650,DL:0.1.0:AT.1.0.0,2022-3-4 15:27:20,43.75,0.00,0.00,18.101,-1.687,-5.738,12.364,16.414,0.00,0.00,0.00,0.00,0.00,0.00,0.00,0.00,0.00,0.00,0.00,0.00,0.00,0.00,0.00,0.00,0.00
20650,DL:0.1.0:AT.1.0.0,2022-3-4 15:27:25,43.75,0.00,0.00,18.101,-1.688,-5.738,12.364,16.413,0.00,0.00,0.00,0.00,0.00,0.00,0.00,0.00,0.00,0.00,0.00,0.00,0.00,0.00,0.00,0.00,0.00
20650,DL:0.1.0:AT.1.0.0,2022-3-4 15:27:30,43.75,0.00,0.00,18.143,-1.732,-5.779,12.365,16.412,0.00,0.00,0.00,0.00,0.00,0.00,0.00,0.00,0.00,0.00,0.00,0.00,0.00,0.00,0.00,0.00,0.00
20650,DL:0.1.0:AT.1.0.0,2022-3-4 15:27:35,43.75,0.00,0.00,18.088,-1.676,-5.723,12.365,16.412,0.00,0.00,0.00,0.00,0.00,0.00,0.00,0.00,0.00,0.00,0.00,0.00,0.00,0.00,0.00,0.00,0.00
20650,DL:0.1.0:AT.1.0.0,2022-3-4 15:27:40,43.75,0.00,0.00,18.116,-1.704,-5.751,12.365,16.412,0.00,0.00,0.00,0.00,0.00,0.00,0.00,0.00,0.00,0.00,0.00,0.00,0.00,0.00,0.00,0.00,0.00
20650,DL:0.1.0:AT.1.0.0,2022-3-4 15:27:45,43.75,0.00,0.00,18.105,-1.694,-5.740,12.365,16.411,0.00,0.00,0.00,0.00,0.00,0.00,0.00,0.00,0.00,0.00,0.00,0.00,0.00,0.00,0.00,0.00,0.00
20650,DL:0.1.0:AT.1.0.0,2022-3-4 15:27:50,43.75,0.00,0.00,18.099,-1.688,-5.733,12.366,16.411,0.00,0.00,0.00,0.00,0.00,0.00,0.00,0.00,0.00,0.00,0.00,0.00,0.00,0.00,0.00,0.00,0.00
20650,DL:0.1.0:AT.1.0.0,2022-3-4 15:27:55,43.75,0.00,0.00,18.119,-1.710,-5.755,12.365,16.410,0.00,0.00,0.00,0.00,0.00,0.00,0.00,0.00,0.00,0.00,0.00,0.00,0.00,0.00,0.00,0.00,0.00
20650,DL:0.1.0:AT.1.0.0,2022-3-4 15:28:0,43.75,0.00,0.00,18.119,-1.710,-5.755,12.365,16.410,0.00,0.00,0.00,0.00,0.00,0.00,0.00,0.00,0.00,0.00,0.00,0.00,0.00,0.00,0.00,0.00,0.00
20650,DL:0.1.0:AT.1.0.0,2022-3-4 15:28:5,43.50,0.00,0.00,18.129,-1.720,-5.764,12.365,16.410,0.00,0.00,0.00,0.00,0.00,0.00,0.00,0.00,0.00,0.00,0.00,0.00,0.00,0.00,0.00,0.00,0.00
20650,DL:0.1.0:AT.1.0.0,2022-3-4 15:28:10,43.50,0.00,0.00,18.107,-1.699,-5.740,12.367,16.408,0.00,0.00,0.00,0.00,0.00,0.00,0.00,0.00,0.00,0.00,0.00,0.00,0.00,0.00,0.00,0.00,0.00
20650,DL:0.1.0:AT.1.0.0,2022-3-4 15:28:15,43.50,0.00,0.00,18.131,-1.724,-5.765,12.366,16.407,0.00,0.00,0.00,0.00,0.00,0.00,0.00,0.00,0.00,0.00,0.00,0.00,0.00,0.00,0.00,0.00,0.00
20650,DL:0.1.0:AT.1.0.0,2022-3-4 15:28:20,43.50,0.00,0.00,18.116,-1.709,-5.750,12.366,16.407,0.00,0.00,0.00,0.00,0.00,0.00,0.00,0.00,0.00,0.00,0.00,0.00,0.00,0.00,0.00,0.00,0.00
20650,DL:0.1.0:AT.1.0.0,2022-3-4 15:28:25,43.50,0.00,0.00,18.094,-1.687,-5.728,12.366,16.407,0.00,0.00,0.00,0.00,0.00,0.00,0.00,0.00,0.00,0.00,0.00,0.00,0.00,0.00,0.00,0.00,0.00
20650,DL:0.1.0:AT.1.0.0,2022-3-4 15:28:30,43.50,0.00,0.00,18.093,-1.687,-5.728,12.365,16.406,0.00,0.00,0.00,0.00,0.00,0.00,0.00,0.00,0.00,0.00,0.00,0.00,0.00,0.00,0.00,0.00,0.00
20650,DL:0.1.0:AT.1.0.0,2022-3-4 15:28:35,43.50,0.00,0.00,18.109,-1.703,-5.743,12.366,16.406,0.00,0.00,0.00,0.00,0.00,0.00,0.00,0.00,0.00,0.00,0.00,0.00,0.00,0.00,0.00,0.00,0.00
20650,DL:0.1.0:AT.1.0.0,2022-3-4 15:28:40,43.50,0.00,0.00,18.133,-1.727,-5.767,12.366,16.406,0.00,0.00,0.00,0.00,0.00,0.00,0.00,0.00,0.00,0.00,0.00,0.00,0.00,0.00,0.00,0.00,0.00
20650,DL:0.1.0:AT.1.0.0,2022-3-4 15:28:45,43.50,0.00,0.00,18.129,-1.724,-5.762,12.367,16.405,0.00,0.00,0.00,0.00,0.00,0.00,0.00,0.00,0.00,0.00,0.00,0.00,0.00,0.00,0.00,0.00,0.00
20650,DL:0.1.0:AT.1.0.0,2022-3-4 15:28:50,43.50,0.00,0.00,18.112,-1.708,-5.746,12.366,16.405,0.00,0.00,0.00,0.00,0.00,0.00,0.00,0.00,0.00,0.00,0.00,0.00,0.00,0.00,0.00,0.00,0.00
20650,DL:0.1.0:AT.1.0.0,2022-3-4 15:28:55,43.50,0.00,0.00,18.118,-1.715,-5.751,12.367,16.404,0.00,0.00,0.00,0.00,0.00,0.00,0.00,0.00,0.00,0.00,0.00,0.00,0.00,0.00,0.00,0.00,0.00
20650,DL:0.1.0:AT.1.0.0,2022-3-4 15:29:0,43.50,0.00,0.00,18.128,-1.724,-5.762,12.366,16.404,0.00,0.00,0.00,0.00,0.00,0.00,0.00,0.00,0.00,0.00,0.00,0.00,0.00,0.00,0.00,0.00,0.00
20650,DL:0.1.0:AT.1.0.0,2022-3-4 15:29:5,43.75,0.00,0.00,18.127,-1.724,-5.759,12.367,16.402,0.00,0.00,0.00,0.00,0.00,0.00,0.00,0.00,0.00,0.00,0.00,0.00,0.00,0.00,0.00,0.00,0.00
20650,DL:0.1.0:AT.1.0.0,2022-3-4 15:29:10,43.75,0.00,0.00,18.137,-1.735,-5.770,12.367,16.402,0.00,0.00,0.00,0.00,0.00,0.00,0.00,0.00,0.00,0.00,0.00,0.00,0.00,0.00,0.00,0.00,0.00
20650,DL:0.1.0:AT.1.0.0,2022-3-4 15:29:15,43.75,0.00,0.00,18.124,-1.723,-5.757,12.367,16.401,0.00,0.00,0.00,0.00,0.00,0.00,0.00,0.00,0.00,0.00,0.00,0.00,0.00,0.00,0.00,0.00,0.00
20650,DL:0.1.0:AT.1.0.0,2022-3-4 15:29:20,43.75,0.00,0.00,18.149,-1.748,-5.782,12.367,16.401,0.00,0.00,0.00,0.00,0.00,0.00,0.00,0.00,0.00,0.00,0.00,0.00,0.00,0.00,0.00,0.00,0.00
20650,DL:0.1.0:AT.1.0.0,2022-3-4 15:29:25,43.75,0.00,0.00,18.125,-1.726,-5.758,12.367,16.400,0.00,0.00,0.00,0.00,0.00,0.00,0.00,0.00,0.00,0.00,0.00,0.00,0.00,0.00,0.00,0.00,0.00
20650,DL:0.1.0:AT.1.0.0,2022-3-4 15:29:30,43.75,0.00,0.00,18.130,-1.730,-5.763,12.367,16.400,0.00,0.00,0.00,0.00,0.00,0.00,0.00,0.00,0.00,0.00,0.00,0.00,0.00,0.00,0.00,0.00,0.00
20650,DL:0.1.0:AT.1.0.0,2022-3-4 15:29:35,43.75,0.00,0.00,18.116,-1.717,-5.749,12.367,16.399,0.00,0.00,0.00,0.00,0.00,0.00,0.00,0.00,0.00,0.00,0.00,0.00,0.00,0.00,0.00,0.00,0.00
20650,DL:0.1.0:AT.1.0.0,2022-3-4 15:29:40,43.75,0.00,0.00,18.117,-1.717,-5.750,12.367,16.400,0.00,0.00,0.00,0.00,0.00,0.00,0.00,0.00,0.00,0.00,0.00,0.00,0.00,0.00,0.00,0.00,0.00
20650,DL:0.1.0:AT.1.0.0,2022-3-4 15:29:45,43.75,0.00,0.00,18.097,-1.698,-5.728,12.368,16.399,0.00,0.00,0.00,0.00,0.00,0.00,0.00,0.00,0.00,0.00,0.00,0.00,0.00,0.00,0.00,0.00,0.00
20650,DL:0.1.0:AT.1.0.0,2022-3-4 15:29:50,43.75,0.00,0.00,18.128,-1.730,-5.759,12.368,16.397,0.00,0.00,0.00,0.00,0.00,0.00,0.00,0.00,0.00,0.00,0.00,0.00,0.00,0.00,0.00,0.00,0.00
20650,DL:0.1.0:AT.1.0.0,2022-3-4 15:29:55,43.75,0.00,0.00,18.113,-1.716,-5.745,12.368,16.397,0.00,0.00,0.00,0.00,0.00,0.00,0.00,0.00,0.00,0.00,0.00,0.00,0.00,0.00,0.00,0.00,0.00
20650,DL:0.1.0:AT.1.0.0,2022-3-4 15:30:0,43.75,0.00,0.00,18.105,-1.709,-5.738,12.367,16.396,0.00,0.00,0.00,0.00,0.00,0.00,0.00,0.00,0.00,0.00,0.00,0.00,0.00,0.00,0.00,0.00,0.00
20650,DL:0.1.0:AT.1.0.0,2022-3-4 15:30:5,43.75,0.00,0.00,18.101,-1.706,-5.732,12.370,16.395,0.00,0.00,0.00,0.00,0.00,0.00,0.00,0.00,0.00,0.00,0.00,0.00,0.00,0.00,0.00,0.00,0.00
20650,DL:0.1.0:AT.1.0.0,2022-3-4 15:30:10,43.75,0.00,0.00,18.121,-1.726,-5.752,12.368,16.395,0.00,0.00,0.00,0.00,0.00,0.00,0.00,0.00,0.00,0.00,0.00,0.00,0.00,0.00,0.00,0.00,0.00
20650,DL:0.1.0:AT.1.0.0,2022-3-4 15:30:15,43.75,0.00,0.00,18.101,-1.703,-5.733,12.368,16.399,0.00,0.00,0.00,0.00,0.00,0.00,0.00,0.00,0.00,0.00,0.00,0.00,0.00,0.00,0.00,0.00,0.00
20650,DL:0.1.0:AT.1.0.0,2022-3-4 15:30:20,43.75,0.00,0.00,18.127,-1.729,-5.757,12.370,16.397,0.00,0.00,0.00,0.00,0.00,0.00,0.00,0.00,0.00,0.00,0.00,0.00,0.00,0.00,0.00,0.00,0.00
20650,DL:0.1.0:AT.1.0.0,2022-3-4 15:30:25,43.75,0.00,0.00,18.105,-1.708,-5.737,12.368,16.397,0.00,0.00,0.00,0.00,0.00,0.00,0.00,0.00,0.00,0.00,0.00,0.00,0.00,0.00,0.00,0.00,0.00
20650,DL:0.1.0:AT.1.0.0,2022-3-4 15:30:30,43.75,0.00,0.00,18.118,-1.722,-5.749,12.370,16.396,0.00,0.00,0.00,0.00,0.00,0.00,0.00,0.00,0.00,0.00,0.00,0.00,0.00,0.00,0.00,0.00,0.00
20650,DL:0.1.0:AT.1.0.0,2022-3-4 15:30:35,43.75,0.00,0.00,18.118,-1.723,-5.749,12.370,16.395,0.00,0.00,0.00,0.00,0.00,0.00,0.00,0.00,0.00,0.00,0.00,0.00,0.00,0.00,0.00,0.00,0.00
20650,DL:0.1.0:AT.1.0.0,2022-3-4 15:30:40,43.75,0.00,0.00,18.134,-1.739,-5.764,12.370,16.395,0.00,0.00,0.00,0.00,0.00,0.00,0.00,0.00,0.00,0.00,0.00,0.00,0.00,0.00,0.00,0.00,0.00
20650,DL:0.1.0:AT.1.0.0,2022-3-4 15:30:45,43.75,0.00,0.00,18.137,-1.742,-5.769,12.368,16.395,0.00,0.00,0.00,0.00,0.00,0.00,0.00,0.00,0.00,0.00,0.00,0.00,0.00,0.00,0.00,0.00,0.00
20650,DL:0.1.0:AT.1.0.0,2022-3-4 15:30:50,43.75,0.00,0.00,18.130,-1.736,-5.761,12.370,16.394,0.00,0.00,0.00,0.00,0.00,0.00,0.00,0.00,0.00,0.00,0.00,0.00,0.00,0.00,0.00,0.00,0.00
20650,DL:0.1.0:AT.1.0.0,2022-3-4 15:30:55,43.75,0.00,0.00,18.147,-1.754,-5.777,12.370,16.393,0.00,0.00,0.00,0.00,0.00,0.00,0.00,0.00,0.00,0.00,0.00,0.00,0.00,0.00,0.00,0.00,0.00
20650,DL:0.1.0:AT.1.0.0,2022-3-4 15:31:0,43.75,0.00,0.00,18.137,-1.745,-5.768,12.370,16.393,0.00,0.00,0.00,0.00,0.00,0.00,0.00,0.00,0.00,0.00,0.00,0.00,0.00,0.00,0.00,0.00,0.00
20650,DL:0.1.0:AT.1.0.0,2022-3-4 15:31:5,43.75,0.00,0.00,18.146,-1.754,-5.777,12.368,16.391,0.00,0.00,0.00,0.00,0.00,0.00,0.00,0.00,0.00,0.00,0.00,0.00,0.00,0.00,0.00,0.00,0.00
20650,DL:0.1.0:AT.1.0.0,2022-3-4 15:31:10,43.75,0.00,0.00,18.146,-1.754,-5.775,12.371,16.391,0.00,0.00,0.00,0.00,0.00,0.00,0.00,0.00,0.00,0.00,0.00,0.00,0.00,0.00,0.00,0.00,0.00
20650,DL:0.1.0:AT.1.0.0,2022-3-4 15:31:15,43.75,0.00,0.00,18.145,-1.754,-5.774,12.371,16.390,0.00,0.00,0.00,0.00,0.00,0.00,0.00,0.00,0.00,0.00,0.00,0.00,0.00,0.00,0.00,0.00,0.00
20650,DL:0.1.0:AT.1.0.0,2022-3-4 15:31:20,43.75,0.00,0.00,18.148,-1.759,-5.777,12.371,16.389,0.00,0.00,0.00,0.00,0.00,0.00,0.00,0.00,0.00,0.00,0.00,0.00,0.00,0.00,0.00,0.00,0.00
20650,DL:0.1.0:AT.1.0.0,2022-3-4 15:31:25,43.75,0.00,0.00,18.160,-1.771,-5.789,12.371,16.389,0.00,0.00,0.00,0.00,0.00,0.00,0.00,0.00,0.00,0.00,0.00,0.00,0.00,0.00,0.00,0.00,0.00
20650,DL:0.1.0:AT.1.0.0,2022-3-4 15:31:30,43.75,0.00,0.00,18.139,-1.751,-5.767,12.372,16.388,0.00,0.00,0.00,0.00,0.00,0.00,0.00,0.00,0.00,0.00,0.00,0.00,0.00,0.00,0.00,0.00,0.00
20650,DL:0.1.0:AT.1.0.0,2022-3-4 15:31:35,43.75,0.00,0.00,18.155,-1.769,-5.783,12.372,16.387,0.00,0.00,0.00,0.00,0.00,0.00,0.00,0.00,0.00,0.00,0.00,0.00,0.00,0.00,0.00,0.00,0.00
20650,DL:0.1.0:AT.1.0.0,2022-3-4 15:31:40,43.75,0.00,0.00,18.145,-1.759,-5.771,12.373,16.385,0.00,0.00,0.00,0.00,0.00,0.00,0.00,0.00,0.00,0.00,0.00,0.00,0.00,0.00,0.00,0.00,0.00
20650,DL:0.1.0:AT.1.0.0,2022-3-4 15:31:45,43.75,0.00,0.00,18.163,-1.778,-5.789,12.373,16.384,0.00,0.00,0.00,0.00,0.00,0.00,0.00,0.00,0.00,0.00,0.00,0.00,0.00,0.00,0.00,0.00,0.00
20650,DL:0.1.0:AT.1.0.0,2022-3-4 15:31:50,43.75,0.00,0.00,18.182,-1.798,-5.809,12.373,16.384,0.00,0.00,0.00,0.00,0.00,0.00,0.00,0.00,0.00,0.00,0.00,0.00,0.00,0.00,0.00,0.00,0.00
20650,DL:0.1.0:AT.1.0.0,2022-3-4 15:31:55,43.75,0.00,0.00,18.166,-1.783,-5.793,12.373,16.383,0.00,0.00,0.00,0.00,0.00,0.00,0.00,0.00,0.00,0.00,0.00,0.00,0.00,0.00,0.00,0.00,0.00
20650,DL:0.1.0:AT.1.0.0,2022-3-4 15:32:0,43.75,0.00,0.00,18.183,-1.801,-5.810,12.373,16.382,0.00,0.00,0.00,0.00,0.00,0.00,0.00,0.00,0.00,0.00,0.00,0.00,0.00,0.00,0.00,0.00,0.00
20650,DL:0.1.0:AT.1.0.0,2022-3-4 15:32:5,43.75,0.00,0.00,18.192,-1.811,-5.818,12.373,16.381,0.00,0.00,0.00,0.00,0.00,0.00,0.00,0.00,0.00,0.00,0.00,0.00,0.00,0.00,0.00,0.00,0.00
20650,DL:0.1.0:AT.1.0.0,2022-3-4 15:32:10,43.75,0.00,0.00,18.182,-1.802,-5.809,12.373,16.379,0.00,0.00,0.00,0.00,0.00,0.00,0.00,0.00,0.00,0.00,0.00,0.00,0.00,0.00,0.00,0.00,0.00
20650,DL:0.1.0:AT.1.0.0,2022-3-4 15:32:15,43.75,0.00,0.00,18.174,-1.794,-5.800,12.373,16.379,0.00,0.00,0.00,0.00,0.00,0.00,0.00,0.00,0.00,0.00,0.00,0.00,0.00,0.00,0.00,0.00,0.00
20650,DL:0.1.0:AT.1.0.0,2022-3-4 15:32:20,43.75,0.00,0.00,18.159,-1.781,-5.786,12.373,16.378,0.00,0.00,0.00,0.00,0.00,0.00,0.00,0.00,0.00,0.00,0.00,0.00,0.00,0.00,0.00,0.00,0.00
20650,DL:0.1.0:AT.1.0.0,2022-3-4 15:32:25,43.75,0.00,0.00,18.139,-1.762,-5.765,12.373,16.377,0.00,0.00,0.00,0.00,0.00,0.00,0.00,0.00,0.00,0.00,0.00,0.00,0.00,0.00,0.00,0.00,0.00
20650,DL:0.1.0:AT.1.0.0,2022-3-4 15:32:30,43.75,0.00,0.00,18.158,-1.781,-5.783,12.374,16.377,0.00,0.00,0.00,0.00,0.00,0.00,0.00,0.00,0.00,0.00,0.00,0.00,0.00,0.00,0.00,0.00,0.00
20650,DL:0.1.0:AT.1.0.0,2022-3-4 15:32:35,43.75,0.00,0.00,18.177,-1.801,-5.804,12.373,16.376,0.00,0.00,0.00,0.00,0.00,0.00,0.00,0.00,0.00,0.00,0.00,0.00,0.00,0.00,0.00,0.00,0.00
20650,DL:0.1.0:AT.1.0.0,2022-3-4 15:32:40,43.75,0.00,0.00,18.178,-1.802,-5.804,12.374,16.376,0.00,0.00,0.00,0.00,0.00,0.00,0.00,0.00,0.00,0.00,0.00,0.00,0.00,0.00,0.00,0.00,0.00
20650,DL:0.1.0:AT.1.0.0,2022-3-4 15:32:45,43.75,0.00,0.00,18.175,-1.795,-5.800,12.374,16.379,0.00,0.00,0.00,0.00,0.00,0.00,0.00,0.00,0.00,0.00,0.00,0.00,0.00,0.00,0.00,0.00,0.00
20650,DL:0.1.0:AT.1.0.0,2022-3-4 15:32:50,43.75,0.00,0.00,18.206,-1.828,-5.833,12.373,16.378,0.00,0.00,0.00,0.00,0.00,0.00,0.00,0.00,0.00,0.00,0.00,0.00,0.00,0.00,0.00,0.00,0.00
20650,DL:0.1.0:AT.1.0.0,2022-3-4 15:32:55,43.75,0.00,0.00,18.186,-1.808,-5.811,12.374,16.377,0.00,0.00,0.00,0.00,0.00,0.00,0.00,0.00,0.00,0.00,0.00,0.00,0.00,0.00,0.00,0.00,0.00
20650,DL:0.1.0:AT.1.0.0,2022-3-4 15:33:0,43.75,0.00,0.00,18.168,-1.792,-5.792,12.376,16.376,0.00,0.00,0.00,0.00,0.00,0.00,0.00,0.00,0.00,0.00,0.00,0.00,0.00,0.00,0.00,0.00,0.00
20650,DL:0.1.0:AT.1.0.0,2022-3-4 15:33:5,43.75,0.00,0.00,18.200,-1.824,-5.826,12.374,16.376,0.00,0.00,0.00,0.00,0.00,0.00,0.00,0.00,0.00,0.00,0.00,0.00,0.00,0.00,0.00,0.00,0.00
20650,DL:0.1.0:AT.1.0.0,2022-3-4 15:33:10,43.75,0.00,0.00,18.190,-1.816,-5.816,12.374,16.375,0.00,0.00,0.00,0.00,0.00,0.00,0.00,0.00,0.00,0.00,0.00,0.00,0.00,0.00,0.00,0.00,0.00
20650,DL:0.1.0:AT.1.0.0,2022-3-4 15:33:15,43.75,0.00,0.00,18.166,-1.793,-5.791,12.376,16.373,0.00,0.00,0.00,0.00,0.00,0.00,0.00,0.00,0.00,0.00,0.00,0.00,0.00,0.00,0.00,0.00,0.00
20650,DL:0.1.0:AT.1.0.0,2022-3-4 15:33:20,43.75,0.00,0.00,18.205,-1.831,-5.830,12.374,16.373,0.00,0.00,0.00,0.00,0.00,0.00,0.00,0.00,0.00,0.00,0.00,0.00,0.00,0.00,0.00,0.00,0.00
20650,DL:0.1.0:AT.1.0.0,2022-3-4 15:33:25,43.75,0.00,0.00,18.171,-1.799,-5.797,12.374,16.372,0.00,0.00,0.00,0.00,0.00,0.00,0.00,0.00,0.00,0.00,0.00,0.00,0.00,0.00,0.00,0.00,0.00
20650,DL:0.1.0:AT.1.0.0,2022-3-4 15:33:30,43.75,0.00,0.00,18.169,-1.798,-5.793,12.376,16.371,0.00,0.00,0.00,0.00,0.00,0.00,0.00,0.00,0.00,0.00,0.00,0.00,0.00,0.00,0.00,0.00,0.00
20650,DL:0.1.0:AT.1.0.0,2022-3-4 15:33:36,43.75,0.00,0.00,18.193,-1.822,-5.817,12.376,16.371,0.00,0.00,0.00,0.00,0.00,0.00,0.00,0.00,0.00,0.00,0.00,0.00,0.00,0.00,0.00,0.00,0.00
20650,DL:0.1.0:AT.1.0.0,2022-3-4 15:33:41,43.75,0.00,0.00,18.164,-1.794,-5.788,12.376,16.370,0.00,0.00,0.00,0.00,0.00,0.00,0.00,0.00,0.00,0.00,0.00,0.00,0.00,0.00,0.00,0.00,0.00
20650,DL:0.1.0:AT.1.0.0,2022-3-4 15:33:46,43.75,0.00,0.00,18.190,-1.820,-5.815,12.376,16.370,0.00,0.00,0.00,0.00,0.00,0.00,0.00,0.00,0.00,0.00,0.00,0.00,0.00,0.00,0.00,0.00,0.00
20650,DL:0.1.0:AT.1.0.0,2022-3-4 15:33:51,43.75,0.00,0.00,18.161,-1.793,-5.785,12.377,16.369,0.00,0.00,0.00,0.00,0.00,0.00,0.00,0.00,0.00,0.00,0.00,0.00,0.00,0.00,0.00,0.00,0.00
20650,DL:0.1.0:AT.1.0.0,2022-3-4 15:33:56,43.75,0.00,0.00,18.152,-1.783,-5.776,12.376,16.369,0.00,0.00,0.00,0.00,0.00,0.00,0.00,0.00,0.00,0.00,0.00,0.00,0.00,0.00,0.00,0.00,0.00
20650,DL:0.1.0:AT.1.0.0,2022-3-4 15:34:1,43.75,0.00,0.00,18.175,-1.807,-5.799,12.376,16.367,0.00,0.00,0.00,0.00,0.00,0.00,0.00,0.00,0.00,0.00,0.00,0.00,0.00,0.00,0.00,0.00,0.00
20650,DL:0.1.0:AT.1.0.0,2022-3-4 15:34:6,43.75,0.00,0.00,18.175,-1.808,-5.798,12.377,16.366,0.00,0.00,0.00,0.00,0.00,0.00,0.00,0.00,0.00,0.00,0.00,0.00,0.00,0.00,0.00,0.00,0.00
20650,DL:0.1.0:AT.1.0.0,2022-3-4 15:34:11,43.75,0.00,0.00,18.195,-1.829,-5.818,12.377,16.366,0.00,0.00,0.00,0.00,0.00,0.00,0.00,0.00,0.00,0.00,0.00,0.00,0.00,0.00,0.00,0.00,0.00
20650,DL:0.1.0:AT.1.0.0,2022-3-4 15:34:16,43.75,0.00,0.00,18.181,-1.816,-5.805,12.376,16.365,0.00,0.00,0.00,0.00,0.00,0.00,0.00,0.00,0.00,0.00,0.00,0.00,0.00,0.00,0.00,0.00,0.00
20650,DL:0.1.0:AT.1.0.0,2022-3-4 15:34:21,43.75,0.00,0.00,18.184,-1.820,-5.807,12.377,16.364,0.00,0.00,0.00,0.00,0.00,0.00,0.00,0.00,0.00,0.00,0.00,0.00,0.00,0.00,0.00,0.00,0.00
20650,DL:0.1.0:AT.1.0.0,2022-3-4 15:34:26,43.75,0.00,0.00,18.202,-1.840,-5.826,12.377,16.363,0.00,0.00,0.00,0.00,0.00,0.00,0.00,0.00,0.00,0.00,0.00,0.00,0.00,0.00,0.00,0.00,0.00
20650,DL:0.1.0:AT.1.0.0,2022-3-4 15:34:31,43.75,0.00,0.00,18.192,-1.829,-5.816,12.376,16.363,0.00,0.00,0.00,0.00,0.00,0.00,0.00,0.00,0.00,0.00,0.00,0.00,0.00,0.00,0.00,0.00,0.00
20650,DL:0.1.0:AT.1.0.0,2022-3-4 15:34:36,43.75,0.00,0.00,18.161,-1.800,-5.785,12.377,16.361,0.00,0.00,0.00,0.00,0.00,0.00,0.00,0.00,0.00,0.00,0.00,0.00,0.00,0.00,0.00,0.00,0.00
20650,DL:0.1.0:AT.1.0.0,2022-3-4 15:34:41,43.75,0.00,0.00,18.182,-1.820,-5.805,12.377,16.361,0.00,0.00,0.00,0.00,0.00,0.00,0.00,0.00,0.00,0.00,0.00,0.00,0.00,0.00,0.00,0.00,0.00
20650,DL:0.1.0:AT.1.0.0,2022-3-4 15:34:46,43.75,0.00,0.00,18.193,-1.832,-5.816,12.377,16.360,0.00,0.00,0.00,0.00,0.00,0.00,0.00,0.00,0.00,0.00,0.00,0.00,0.00,0.00,0.00,0.00,0.00
20650,DL:0.1.0:AT.1.0.0,2022-3-4 15:34:51,43.75,0.00,0.00,18.214,-1.855,-5.838,12.377,16.359,0.00,0.00,0.00,0.00,0.00,0.00,0.00,0.00,0.00,0.00,0.00,0.00,0.00,0.00,0.00,0.00,0.00
20650,DL:0.1.0:AT.1.0.0,2022-3-4 15:34:56,43.75,0.00,0.00,18.180,-1.816,-5.803,12.377,16.364,0.00,0.00,0.00,0.00,0.00,0.00,0.00,0.00,0.00,0.00,0.00,0.00,0.00,0.00,0.00,0.00,0.00
20650,DL:0.1.0:AT.1.0.0,2022-3-4 15:35:1,43.75,0.00,0.00,18.170,-1.807,-5.793,12.377,16.363,0.00,0.00,0.00,0.00,0.00,0.00,0.00,0.00,0.00,0.00,0.00,0.00,0.00,0.00,0.00,0.00,0.00
20650,DL:0.1.0:AT.1.0.0,2022-3-4 15:35:6,43.75,0.00,0.00,18.184,-1.823,-5.806,12.378,16.361,0.00,0.00,0.00,0.00,0.00,0.00,0.00,0.00,0.00,0.00,0.00,0.00,0.00,0.00,0.00,0.00,0.00
20650,DL:0.1.0:AT.1.0.0,2022-3-4 15:35:11,43.75,0.00,0.00,18.213,-1.852,-5.836,12.377,16.361,0.00,0.00,0.00,0.00,0.00,0.00,0.00,0.00,0.00,0.00,0.00,0.00,0.00,0.00,0.00,0.00,0.00
20650,DL:0.1.0:AT.1.0.0,2022-3-4 15:35:16,43.75,0.00,0.00,18.198,-1.839,-5.821,12.377,16.359,0.00,0.00,0.00,0.00,0.00,0.00,0.00,0.00,0.00,0.00,0.00,0.00,0.00,0.00,0.00,0.00,0.00
20650,DL:0.1.0:AT.1.0.0,2022-3-4 15:35:21,43.75,0.00,0.00,18.180,-1.820,-5.801,12.378,16.359,0.00,0.00,0.00,0.00,0.00,0.00,0.00,0.00,0.00,0.00,0.00,0.00,0.00,0.00,0.00,0.00,0.00
20650,DL:0.1.0:AT.1.0.0,2022-3-4 15:35:26,43.75,0.00,0.00,18.183,-1.825,-5.805,12.378,16.358,0.00,0.00,0.00,0.00,0.00,0.00,0.00,0.00,0.00,0.00,0.00,0.00,0.00,0.00,0.00,0.00,0.00
20650,DL:0.1.0:AT.1.0.0,2022-3-4 15:35:31,43.75,0.00,0.00,18.190,-1.832,-5.812,12.378,16.358,0.00,0.00,0.00,0.00,0.00,0.00,0.00,0.00,0.00,0.00,0.00,0.00,0.00,0.00,0.00,0.00,0.00
20650,DL:0.1.0:AT.1.0.0,2022-3-4 15:35:36,43.75,0.00,0.00,18.188,-1.831,-5.810,12.378,16.357,0.00,0.00,0.00,0.00,0.00,0.00,0.00,0.00,0.00,0.00,0.00,0.00,0.00,0.00,0.00,0.00,0.00
20650,DL:0.1.0:AT.1.0.0,2022-3-4 15:35:41,43.75,0.00,0.00,18.188,-1.832,-5.810,12.378,16.355,0.00,0.00,0.00,0.00,0.00,0.00,0.00,0.00,0.00,0.00,0.00,0.00,0.00,0.00,0.00,0.00,0.00
20650,DL:0.1.0:AT.1.0.0,2022-3-4 15:35:46,43.75,0.00,0.00,18.190,-1.835,-5.812,12.378,16.355,0.00,0.00,0.00,0.00,0.00,0.00,0.00,0.00,0.00,0.00,0.00,0.00,0.00,0.00,0.00,0.00,0.00
20650,DL:0.1.0:AT.1.0.0,2022-3-4 15:35:51,43.75,0.00,0.00,18.164,-1.810,-5.786,12.378,16.354,0.00,0.00,0.00,0.00,0.00,0.00,0.00,0.00,0.00,0.00,0.00,0.00,0.00,0.00,0.00,0.00,0.00
20650,DL:0.1.0:AT.1.0.0,2022-3-4 15:35:56,43.75,0.00,0.00,18.193,-1.840,-5.815,12.378,16.353,0.00,0.00,0.00,0.00,0.00,0.00,0.00,0.00,0.00,0.00,0.00,0.00,0.00,0.00,0.00,0.00,0.00
20650,DL:0.1.0:AT.1.0.0,2022-3-4 15:36:1,43.75,0.00,0.00,18.206,-1.853,-5.828,12.378,16.353,0.00,0.00,0.00,0.00,0.00,0.00,0.00,0.00,0.00,0.00,0.00,0.00,0.00,0.00,0.00,0.00,0.00
20650,DL:0.1.0:AT.1.0.0,2022-3-4 15:36:6,43.75,0.00,0.00,18.187,-1.835,-5.807,12.379,16.352,0.00,0.00,0.00,0.00,0.00,0.00,0.00,0.00,0.00,0.00,0.00,0.00,0.00,0.00,0.00,0.00,0.00
20650,DL:0.1.0:AT.1.0.0,2022-3-4 15:36:11,43.75,0.00,0.00,18.208,-1.857,-5.829,12.379,16.352,0.00,0.00,0.00,0.00,0.00,0.00,0.00,0.00,0.00,0.00,0.00,0.00,0.00,0.00,0.00,0.00,0.00
20650,DL:0.1.0:AT.1.0.0,2022-3-4 15:36:16,43.75,0.00,0.00,18.193,-1.842,-5.812,12.380,16.351,0.00,0.00,0.00,0.00,0.00,0.00,0.00,0.00,0.00,0.00,0.00,0.00,0.00,0.00,0.00,0.00,0.00
20650,DL:0.1.0:AT.1.0.0,2022-3-4 15:36:21,43.75,0.00,0.00,18.193,-1.843,-5.814,12.379,16.349,0.00,0.00,0.00,0.00,0.00,0.00,0.00,0.00,0.00,0.00,0.00,0.00,0.00,0.00,0.00,0.00,0.00
20650,DL:0.1.0:AT.1.0.0,2022-3-4 15:36:26,43.75,0.00,0.00,18.207,-1.859,-5.828,12.379,16.348,0.00,0.00,0.00,0.00,0.00,0.00,0.00,0.00,0.00,0.00,0.00,0.00,0.00,0.00,0.00,0.00,0.00
20650,DL:0.1.0:AT.1.0.0,2022-3-4 15:36:31,43.75,0.00,0.00,18.212,-1.865,-5.833,12.379,16.347,0.00,0.00,0.00,0.00,0.00,0.00,0.00,0.00,0.00,0.00,0.00,0.00,0.00,0.00,0.00,0.00,0.00
20650,DL:0.1.0:AT.1.0.0,2022-3-4 15:36:36,43.75,0.00,0.00,18.218,-1.872,-5.839,12.379,16.346,0.00,0.00,0.00,0.00,0.00,0.00,0.00,0.00,0.00,0.00,0.00,0.00,0.00,0.00,0.00,0.00,0.00
20650,DL:0.1.0:AT.1.0.0,2022-3-4 15:36:41,43.75,0.00,0.00,18.187,-1.842,-5.807,12.379,16.345,0.00,0.00,0.00,0.00,0.00,0.00,0.00,0.00,0.00,0.00,0.00,0.00,0.00,0.00,0.00,0.00,0.00
20650,DL:0.1.0:AT.1.0.0,2022-3-4 15:36:46,43.75,0.00,0.00,18.193,-1.848,-5.812,12.380,16.345,0.00,0.00,0.00,0.00,0.00,0.00,0.00,0.00,0.00,0.00,0.00,0.00,0.00,0.00,0.00,0.00,0.00
20650,DL:0.1.0:AT.1.0.0,2022-3-4 15:36:51,43.75,0.00,0.00,18.220,-1.877,-5.841,12.379,16.343,0.00,0.00,0.00,0.00,0.00,0.00,0.00,0.00,0.00,0.00,0.00,0.00,0.00,0.00,0.00,0.00,0.00
20650,DL:0.1.0:AT.1.0.0,2022-3-4 15:36:56,43.75,0.00,0.00,18.204,-1.861,-5.823,12.380,16.342,0.00,0.00,0.00,0.00,0.00,0.00,0.00,0.00,0.00,0.00,0.00,0.00,0.00,0.00,0.00,0.00,0.00
20650,DL:0.1.0:AT.1.0.0,2022-3-4 15:37:1,43.75,0.00,0.00,18.207,-1.866,-5.827,12.380,16.341,0.00,0.00,0.00,0.00,0.00,0.00,0.00,0.00,0.00,0.00,0.00,0.00,0.00,0.00,0.00,0.00,0.00
20650,DL:0.1.0:AT.1.0.0,2022-3-4 15:37:6,43.75,0.00,0.00,18.219,-1.875,-5.840,12.379,16.345,0.00,0.00,0.00,0.00,0.00,0.00,0.00,0.00,0.00,0.00,0.00,0.00,0.00,0.00,0.00,0.00,0.00
20650,DL:0.1.0:AT.1.0.0,2022-3-4 15:37:11,43.75,0.00,0.00,18.174,-1.830,-5.794,12.379,16.343,0.00,0.00,0.00,0.00,0.00,0.00,0.00,0.00,0.00,0.00,0.00,0.00,0.00,0.00,0.00,0.00,0.00
20650,DL:0.1.0:AT.1.0.0,2022-3-4 15:37:16,43.75,0.00,0.00,18.169,-1.826,-5.788,12.380,16.342,0.00,0.00,0.00,0.00,0.00,0.00,0.00,0.00,0.00,0.00,0.00,0.00,0.00,0.00,0.00,0.00,0.00
20650,DL:0.1.0:AT.1.0.0,2022-3-4 15:37:21,43.75,0.00,0.00,18.178,-1.837,-5.798,12.380,16.341,0.00,0.00,0.00,0.00,0.00,0.00,0.00,0.00,0.00,0.00,0.00,0.00,0.00,0.00,0.00,0.00,0.00
20650,DL:0.1.0:AT.1.0.0,2022-3-4 15:37:26,43.75,0.00,0.00,18.165,-1.825,-5.785,12.380,16.340,0.00,0.00,0.00,0.00,0.00,0.00,0.00,0.00,0.00,0.00,0.00,0.00,0.00,0.00,0.00,0.00,0.00
20650,DL:0.1.0:AT.1.0.0,2022-3-4 15:37:31,43.75,0.00,0.00,18.158,-1.818,-5.777,12.380,16.340,0.00,0.00,0.00,0.00,0.00,0.00,0.00,0.00,0.00,0.00,0.00,0.00,0.00,0.00,0.00,0.00,0.00
20650,DL:0.1.0:AT.1.0.0,2022-3-4 15:37:36,43.75,0.00,0.00,18.177,-1.839,-5.797,12.380,16.339,0.00,0.00,0.00,0.00,0.00,0.00,0.00,0.00,0.00,0.00,0.00,0.00,0.00,0.00,0.00,0.00,0.00
20650,DL:0.1.0:AT.1.0.0,2022-3-4 15:37:41,43.75,0.00,0.00,18.155,-1.817,-5.775,12.380,16.339,0.00,0.00,0.00,0.00,0.00,0.00,0.00,0.00,0.00,0.00,0.00,0.00,0.00,0.00,0.00,0.00,0.00
20650,DL:0.1.0:AT.1.0.0,2022-3-4 15:37:46,43.75,0.00,0.00,18.165,-1.828,-5.783,12.382,16.337,0.00,0.00,0.00,0.00,0.00,0.00,0.00,0.00,0.00,0.00,0.00,0.00,0.00,0.00,0.00,0.00,0.00
20650,DL:0.1.0:AT.1.0.0,2022-3-4 15:37:51,43.75,0.00,0.00,18.176,-1.840,-5.794,12.382,16.336,0.00,0.00,0.00,0.00,0.00,0.00,0.00,0.00,0.00,0.00,0.00,0.00,0.00,0.00,0.00,0.00,0.00
20650,DL:0.1.0:AT.1.0.0,2022-3-4 15:37:56,43.75,0.00,0.00,18.176,-1.841,-5.794,12.382,16.335,0.00,0.00,0.00,0.00,0.00,0.00,0.00,0.00,0.00,0.00,0.00,0.00,0.00,0.00,0.00,0.00,0.00
20650,DL:0.1.0:AT.1.0.0,2022-3-4 15:38:1,43.75,0.00,0.00,18.174,-1.839,-5.792,12.382,16.335,0.00,0.00,0.00,0.00,0.00,0.00,0.00,0.00,0.00,0.00,0.00,0.00,0.00,0.00,0.00,0.00,0.00
20650,DL:0.1.0:AT.1.0.0,2022-3-4 15:38:6,43.75,0.00,0.00,18.176,-1.843,-5.793,12.383,16.333,0.00,0.00,0.00,0.00,0.00,0.00,0.00,0.00,0.00,0.00,0.00,0.00,0.00,0.00,0.00,0.00,0.00
20650,DL:0.1.0:AT.1.0.0,2022-3-4 15:38:11,43.75,0.00,0.00,18.131,-1.799,-5.750,12.382,16.333,0.00,0.00,0.00,0.00,0.00,0.00,0.00,0.00,0.00,0.00,0.00,0.00,0.00,0.00,0.00,0.00,0.00
20650,DL:0.1.0:AT.1.0.0,2022-3-4 15:38:16,43.75,0.00,0.00,18.142,-1.811,-5.761,12.382,16.331,0.00,0.00,0.00,0.00,0.00,0.00,0.00,0.00,0.00,0.00,0.00,0.00,0.00,0.00,0.00,0.00,0.00
20650,DL:0.1.0:AT.1.0.0,2022-3-4 15:38:21,43.75,0.00,0.00,18.142,-1.812,-5.761,12.382,16.330,0.00,0.00,0.00,0.00,0.00,0.00,0.00,0.00,0.00,0.00,0.00,0.00,0.00,0.00,0.00,0.00,0.00
20650,DL:0.1.0:AT.1.0.0,2022-3-4 15:38:26,43.75,0.00,0.00,18.158,-1.829,-5.775,12.383,16.329,0.00,0.00,0.00,0.00,0.00,0.00,0.00,0.00,0.00,0.00,0.00,0.00,0.00,0.00,0.00,0.00,0.00
20650,DL:0.1.0:AT.1.0.0,2022-3-4 15:38:31,43.75,0.00,0.00,18.182,-1.854,-5.799,12.383,16.328,0.00,0.00,0.00,0.00,0.00,0.00,0.00,0.00,0.00,0.00,0.00,0.00,0.00,0.00,0.00,0.00,0.00
20650,DL:0.1.0:AT.1.0.0,2022-3-4 15:38:36,43.75,0.00,0.00,18.149,-1.822,-5.767,12.383,16.328,0.00,0.00,0.00,0.00,0.00,0.00,0.00,0.00,0.00,0.00,0.00,0.00,0.00,0.00,0.00,0.00,0.00
20650,DL:0.1.0:AT.1.0.0,2022-3-4 15:38:41,43.75,0.00,0.00,18.154,-1.826,-5.771,12.383,16.328,0.00,0.00,0.00,0.00,0.00,0.00,0.00,0.00,0.00,0.00,0.00,0.00,0.00,0.00,0.00,0.00,0.00
20650,DL:0.1.0:AT.1.0.0,2022-3-4 15:38:46,43.75,0.00,0.00,18.136,-1.810,-5.753,12.383,16.327,0.00,0.00,0.00,0.00,0.00,0.00,0.00,0.00,0.00,0.00,0.00,0.00,0.00,0.00,0.00,0.00,0.00
20650,DL:0.1.0:AT.1.0.0,2022-3-4 15:38:51,43.75,0.00,0.00,18.148,-1.822,-5.765,12.383,16.327,0.00,0.00,0.00,0.00,0.00,0.00,0.00,0.00,0.00,0.00,0.00,0.00,0.00,0.00,0.00,0.00,0.00
20650,DL:0.1.0:AT.1.0.0,2022-3-4 15:38:56,43.75,0.00,0.00,18.142,-1.817,-5.759,12.383,16.325,0.00,0.00,0.00,0.00,0.00,0.00,0.00,0.00,0.00,0.00,0.00,0.00,0.00,0.00,0.00,0.00,0.00
20650,DL:0.1.0:AT.1.0.0,2022-3-4 15:39:1,43.75,0.00,0.00,18.171,-1.847,-5.789,12.382,16.324,0.00,0.00,0.00,0.00,0.00,0.00,0.00,0.00,0.00,0.00,0.00,0.00,0.00,0.00,0.00,0.00,0.00
20650,DL:0.1.0:AT.1.0.0,2022-3-4 15:39:6,43.75,0.00,0.00,18.152,-1.829,-5.769,12.383,16.323,0.00,0.00,0.00,0.00,0.00,0.00,0.00,0.00,0.00,0.00,0.00,0.00,0.00,0.00,0.00,0.00,0.00
20650,DL:0.1.0:AT.1.0.0,2022-3-4 15:39:11,43.75,0.00,0.00,18.169,-1.846,-5.787,12.382,16.323,0.00,0.00,0.00,0.00,0.00,0.00,0.00,0.00,0.00,0.00,0.00,0.00,0.00,0.00,0.00,0.00,0.00
20650,DL:0.1.0:AT.1.0.0,2022-3-4 15:39:16,43.75,0.00,0.00,18.172,-1.849,-5.791,12.382,16.323,0.00,0.00,0.00,0.00,0.00,0.00,0.00,0.00,0.00,0.00,0.00,0.00,0.00,0.00,0.00,0.00,0.00
20650,DL:0.1.0:AT.1.0.0,2022-3-4 15:39:21,43.75,0.00,0.00,18.145,-1.823,-5.762,12.383,16.322,0.00,0.00,0.00,0.00,0.00,0.00,0.00,0.00,0.00,0.00,0.00,0.00,0.00,0.00,0.00,0.00,0.00
20650,DL:0.1.0:AT.1.0.0,2022-3-4 15:39:26,43.75,0.00,0.00,18.135,-1.813,-5.752,12.383,16.322,0.00,0.00,0.00,0.00,0.00,0.00,0.00,0.00,0.00,0.00,0.00,0.00,0.00,0.00,0.00,0.00,0.00
20650,DL:0.1.0:AT.1.0.0,2022-3-4 15:39:31,43.75,0.00,0.00,18.146,-1.824,-5.764,12.382,16.322,0.00,0.00,0.00,0.00,0.00,0.00,0.00,0.00,0.00,0.00,0.00,0.00,0.00,0.00,0.00,0.00,0.00
20650,DL:0.1.0:AT.1.0.0,2022-3-4 15:39:36,43.75,0.00,0.00,18.137,-1.813,-5.756,12.382,16.324,0.00,0.00,0.00,0.00,0.00,0.00,0.00,0.00,0.00,0.00,0.00,0.00,0.00,0.00,0.00,0.00,0.00
20650,DL:0.1.0:AT.1.0.0,2022-3-4 15:39:41,43.75,0.00,0.00,18.178,-1.855,-5.797,12.382,16.323,0.00,0.00,0.00,0.00,0.00,0.00,0.00,0.00,0.00,0.00,0.00,0.00,0.00,0.00,0.00,0.00,0.00
20650,DL:0.1.0:AT.1.0.0,2022-3-4 15:39:46,43.75,0.00,0.00,18.135,-1.812,-5.753,12.382,16.323,0.00,0.00,0.00,0.00,0.00,0.00,0.00,0.00,0.00,0.00,0.00,0.00,0.00,0.00,0.00,0.00,0.00
20650,DL:0.1.0:AT.1.0.0,2022-3-4 15:39:51,43.75,0.00,0.00,18.158,-1.836,-5.775,12.383,16.322,0.00,0.00,0.00,0.00,0.00,0.00,0.00,0.00,0.00,0.00,0.00,0.00,0.00,0.00,0.00,0.00,0.00
20650,DL:0.1.0:AT.1.0.0,2022-3-4 15:39:56,43.75,0.00,0.00,18.154,-1.834,-5.771,12.383,16.321,0.00,0.00,0.00,0.00,0.00,0.00,0.00,0.00,0.00,0.00,0.00,0.00,0.00,0.00,0.00,0.00,0.00
20650,DL:0.1.0:AT.1.0.0,2022-3-4 15:40:1,43.75,0.00,0.00,18.116,-1.795,-5.733,12.383,16.321,0.00,0.00,0.00,0.00,0.00,0.00,0.00,0.00,0.00,0.00,0.00,0.00,0.00,0.00,0.00,0.00,0.00
20650,DL:0.1.0:AT.1.0.0,2022-3-4 15:40:6,43.75,0.00,0.00,18.128,-1.808,-5.745,12.383,16.319,0.00,0.00,0.00,0.00,0.00,0.00,0.00,0.00,0.00,0.00,0.00,0.00,0.00,0.00,0.00,0.00,0.00
20650,DL:0.1.0:AT.1.0.0,2022-3-4 15:40:11,43.75,0.00,0.00,18.113,-1.794,-5.731,12.383,16.319,0.00,0.00,0.00,0.00,0.00,0.00,0.00,0.00,0.00,0.00,0.00,0.00,0.00,0.00,0.00,0.00,0.00
20650,DL:0.1.0:AT.1.0.0,2022-3-4 15:40:16,43.75,0.00,0.00,18.149,-1.831,-5.767,12.383,16.318,0.00,0.00,0.00,0.00,0.00,0.00,0.00,0.00,0.00,0.00,0.00,0.00,0.00,0.00,0.00,0.00,0.00
20650,DL:0.1.0:AT.1.0.0,2022-3-4 15:40:21,43.75,0.00,0.00,18.155,-1.837,-5.773,12.383,16.318,0.00,0.00,0.00,0.00,0.00,0.00,0.00,0.00,0.00,0.00,0.00,0.00,0.00,0.00,0.00,0.00,0.00
20650,DL:0.1.0:AT.1.0.0,2022-3-4 15:40:26,43.75,0.00,0.00,18.130,-1.813,-5.747,12.383,16.317,0.00,0.00,0.00,0.00,0.00,0.00,0.00,0.00,0.00,0.00,0.00,0.00,0.00,0.00,0.00,0.00,0.00
20650,DL:0.1.0:AT.1.0.0,2022-3-4 15:40:31,43.75,0.00,0.00,18.125,-1.808,-5.743,12.383,16.317,0.00,0.00,0.00,0.00,0.00,0.00,0.00,0.00,0.00,0.00,0.00,0.00,0.00,0.00,0.00,0.00,0.00
20650,DL:0.1.0:AT.1.0.0,2022-3-4 15:40:36,43.75,0.00,0.00,18.164,-1.848,-5.780,12.384,16.316,0.00,0.00,0.00,0.00,0.00,0.00,0.00,0.00,0.00,0.00,0.00,0.00,0.00,0.00,0.00,0.00,0.00
20650,DL:0.1.0:AT.1.0.0,2022-3-4 15:40:41,43.75,0.00,0.00,18.160,-1.845,-5.777,12.383,16.316,0.00,0.00,0.00,0.00,0.00,0.00,0.00,0.00,0.00,0.00,0.00,0.00,0.00,0.00,0.00,0.00,0.00
20650,DL:0.1.0:AT.1.0.0,2022-3-4 15:40:46,43.75,0.00,0.00,18.149,-1.835,-5.765,12.384,16.315,0.00,0.00,0.00,0.00,0.00,0.00,0.00,0.00,0.00,0.00,0.00,0.00,0.00,0.00,0.00,0.00,0.00
20650,DL:0.1.0:AT.1.0.0,2022-3-4 15:40:51,43.75,0.00,0.00,18.153,-1.840,-5.768,12.385,16.313,0.00,0.00,0.00,0.00,0.00,0.00,0.00,0.00,0.00,0.00,0.00,0.00,0.00,0.00,0.00,0.00,0.00
20650,DL:0.1.0:AT.1.0.0,2022-3-4 15:40:56,43.75,0.00,0.00,18.149,-1.836,-5.764,12.385,16.313,0.00,0.00,0.00,0.00,0.00,0.00,0.00,0.00,0.00,0.00,0.00,0.00,0.00,0.00,0.00,0.00,0.00
20650,DL:0.1.0:AT.1.0.0,2022-3-4 15:41:1,43.75,0.00,0.00,18.127,-1.814,-5.743,12.384,16.312,0.00,0.00,0.00,0.00,0.00,0.00,0.00,0.00,0.00,0.00,0.00,0.00,0.00,0.00,0.00,0.00,0.00
20650,DL:0.1.0:AT.1.0.0,2022-3-4 15:41:6,43.75,0.00,0.00,18.160,-1.848,-5.776,12.384,16.312,0.00,0.00,0.00,0.00,0.00,0.00,0.00,0.00,0.00,0.00,0.00,0.00,0.00,0.00,0.00,0.00,0.00
20650,DL:0.1.0:AT.1.0.0,2022-3-4 15:41:11,43.75,0.00,0.00,18.131,-1.819,-5.747,12.384,16.312,0.00,0.00,0.00,0.00,0.00,0.00,0.00,0.00,0.00,0.00,0.00,0.00,0.00,0.00,0.00,0.00,0.00
20650,DL:0.1.0:AT.1.0.0,2022-3-4 15:41:16,43.75,0.00,0.00,18.146,-1.835,-5.761,12.385,16.311,0.00,0.00,0.00,0.00,0.00,0.00,0.00,0.00,0.00,0.00,0.00,0.00,0.00,0.00,0.00,0.00,0.00
20650,DL:0.1.0:AT.1.0.0,2022-3-4 15:41:21,43.75,0.00,0.00,18.168,-1.857,-5.781,12.386,16.311,0.00,0.00,0.00,0.00,0.00,0.00,0.00,0.00,0.00,0.00,0.00,0.00,0.00,0.00,0.00,0.00,0.00
20650,DL:0.1.0:AT.1.0.0,2022-3-4 15:41:26,43.75,0.00,0.00,18.151,-1.840,-5.767,12.384,16.311,0.00,0.00,0.00,0.00,0.00,0.00,0.00,0.00,0.00,0.00,0.00,0.00,0.00,0.00,0.00,0.00,0.00
20650,DL:0.1.0:AT.1.0.0,2022-3-4 15:41:31,43.75,0.00,0.00,18.141,-1.831,-5.756,12.385,16.310,0.00,0.00,0.00,0.00,0.00,0.00,0.00,0.00,0.00,0.00,0.00,0.00,0.00,0.00,0.00,0.00,0.00
20650,DL:0.1.0:AT.1.0.0,2022-3-4 15:41:36,43.75,0.00,0.00,18.136,-1.826,-5.751,12.385,16.310,0.00,0.00,0.00,0.00,0.00,0.00,0.00,0.00,0.00,0.00,0.00,0.00,0.00,0.00,0.00,0.00,0.00
20650,DL:0.1.0:AT.1.0.0,2022-3-4 15:41:41,43.75,0.00,0.00,18.174,-1.864,-5.788,12.385,16.310,0.00,0.00,0.00,0.00,0.00,0.00,0.00,0.00,0.00,0.00,0.00,0.00,0.00,0.00,0.00,0.00,0.00
20650,DL:0.1.0:AT.1.0.0,2022-3-4 15:41:46,43.75,0.00,0.00,18.119,-1.810,-5.734,12.385,16.310,0.00,0.00,0.00,0.00,0.00,0.00,0.00,0.00,0.00,0.00,0.00,0.00,0.00,0.00,0.00,0.00,0.00
20650,DL:0.1.0:AT.1.0.0,2022-3-4 15:41:51,43.75,0.00,0.00,18.164,-1.855,-5.780,12.384,16.309,0.00,0.00,0.00,0.00,0.00,0.00,0.00,0.00,0.00,0.00,0.00,0.00,0.00,0.00,0.00,0.00,0.00
20650,DL:0.1.0:AT.1.0.0,2022-3-4 15:41:56,43.75,0.00,0.00,18.143,-1.835,-5.758,12.385,16.309,0.00,0.00,0.00,0.00,0.00,0.00,0.00,0.00,0.00,0.00,0.00,0.00,0.00,0.00,0.00,0.00,0.00
20650,DL:0.1.0:AT.1.0.0,2022-3-4 15:42:1,43.75,0.00,0.00,18.143,-1.835,-5.758,12.385,16.309,0.00,0.00,0.00,0.00,0.00,0.00,0.00,0.00,0.00,0.00,0.00,0.00,0.00,0.00,0.00,0.00,0.00
20650,DL:0.1.0:AT.1.0.0,2022-3-4 15:42:6,43.75,0.00,0.00,18.142,-1.834,-5.758,12.384,16.309,0.00,0.00,0.00,0.00,0.00,0.00,0.00,0.00,0.00,0.00,0.00,0.00,0.00,0.00,0.00,0.00,0.00
20650,DL:0.1.0:AT.1.0.0,2022-3-4 15:42:11,43.75,0.00,0.00,18.141,-1.832,-5.757,12.384,16.309,0.00,0.00,0.00,0.00,0.00,0.00,0.00,0.00,0.00,0.00,0.00,0.00,0.00,0.00,0.00,0.00,0.00
20650,DL:0.1.0:AT.1.0.0,2022-3-4 15:42:16,43.75,0.00,0.00,18.147,-1.839,-5.762,12.385,16.309,0.00,0.00,0.00,0.00,0.00,0.00,0.00,0.00,0.00,0.00,0.00,0.00,0.00,0.00,0.00,0.00,0.00
20650,DL:0.1.0:AT.1.0.0,2022-3-4 15:42:21,43.75,0.00,0.00,18.133,-1.824,-5.749,12.384,16.309,0.00,0.00,0.00,0.00,0.00,0.00,0.00,0.00,0.00,0.00,0.00,0.00,0.00,0.00,0.00,0.00,0.00
20650,DL:0.1.0:AT.1.0.0,2022-3-4 15:42:26,43.75,0.00,0.00,18.135,-1.828,-5.751,12.384,16.307,0.00,0.00,0.00,0.00,0.00,0.00,0.00,0.00,0.00,0.00,0.00,0.00,0.00,0.00,0.00,0.00,0.00
20650,DL:0.1.0:AT.1.0.0,2022-3-4 15:42:31,43.75,0.00,0.00,18.152,-1.845,-5.768,12.384,16.307,0.00,0.00,0.00,0.00,0.00,0.00,0.00,0.00,0.00,0.00,0.00,0.00,0.00,0.00,0.00,0.00,0.00
20650,DL:0.1.0:AT.1.0.0,2022-3-4 15:42:36,43.75,0.00,0.00,18.113,-1.806,-5.728,12.385,16.307,0.00,0.00,0.00,0.00,0.00,0.00,0.00,0.00,0.00,0.00,0.00,0.00,0.00,0.00,0.00,0.00,0.00
20650,DL:0.1.0:AT.1.0.0,2022-3-4 15:42:41,43.75,0.00,0.00,18.136,-1.825,-5.751,12.385,16.311,0.00,0.00,0.00,0.00,0.00,0.00,0.00,0.00,0.00,0.00,0.00,0.00,0.00,0.00,0.00,0.00,0.00
20650,DL:0.1.0:AT.1.0.0,2022-3-4 15:42:46,43.75,0.00,0.00,18.133,-1.824,-5.749,12.384,16.309,0.00,0.00,0.00,0.00,0.00,0.00,0.00,0.00,0.00,0.00,0.00,0.00,0.00,0.00,0.00,0.00,0.00
20650,DL:0.1.0:AT.1.0.0,2022-3-4 15:42:51,43.75,0.00,0.00,18.130,-1.822,-5.746,12.384,16.309,0.00,0.00,0.00,0.00,0.00,0.00,0.00,0.00,0.00,0.00,0.00,0.00,0.00,0.00,0.00,0.00,0.00
20650,DL:0.1.0:AT.1.0.0,2022-3-4 15:42:56,43.75,0.00,0.00,18.129,-1.820,-5.744,12.385,16.309,0.00,0.00,0.00,0.00,0.00,0.00,0.00,0.00,0.00,0.00,0.00,0.00,0.00,0.00,0.00,0.00,0.00
20650,DL:0.1.0:AT.1.0.0,2022-3-4 15:43:1,43.75,0.00,0.00,18.149,-1.842,-5.764,12.385,16.307,0.00,0.00,0.00,0.00,0.00,0.00,0.00,0.00,0.00,0.00,0.00,0.00,0.00,0.00,0.00,0.00,0.00
20650,DL:0.1.0:AT.1.0.0,2022-3-4 15:43:6,43.75,0.00,0.00,18.149,-1.842,-5.765,12.384,16.307,0.00,0.00,0.00,0.00,0.00,0.00,0.00,0.00,0.00,0.00,0.00,0.00,0.00,0.00,0.00,0.00,0.00
20650,DL:0.1.0:AT.1.0.0,2022-3-4 15:43:11,43.75,0.00,0.00,18.137,-1.830,-5.752,12.385,16.307,0.00,0.00,0.00,0.00,0.00,0.00,0.00,0.00,0.00,0.00,0.00,0.00,0.00,0.00,0.00,0.00,0.00
20650,DL:0.1.0:AT.1.0.0,2022-3-4 15:43:16,43.75,0.00,0.00,18.155,-1.849,-5.770,12.385,16.306,0.00,0.00,0.00,0.00,0.00,0.00,0.00,0.00,0.00,0.00,0.00,0.00,0.00,0.00,0.00,0.00,0.00
20650,DL:0.1.0:AT.1.0.0,2022-3-4 15:43:21,43.75,0.00,0.00,18.151,-1.845,-5.764,12.386,16.306,0.00,0.00,0.00,0.00,0.00,0.00,0.00,0.00,0.00,0.00,0.00,0.00,0.00,0.00,0.00,0.00,0.00
20650,DL:0.1.0:AT.1.0.0,2022-3-4 15:43:26,43.75,0.00,0.00,18.146,-1.840,-5.759,12.386,16.306,0.00,0.00,0.00,0.00,0.00,0.00,0.00,0.00,0.00,0.00,0.00,0.00,0.00,0.00,0.00,0.00,0.00
20650,DL:0.1.0:AT.1.0.0,2022-3-4 15:43:31,43.75,0.00,0.00,18.151,-1.845,-5.764,12.386,16.306,0.00,0.00,0.00,0.00,0.00,0.00,0.00,0.00,0.00,0.00,0.00,0.00,0.00,0.00,0.00,0.00,0.00
20650,DL:0.1.0:AT.1.0.0,2022-3-4 15:43:36,43.75,0.00,0.00,18.092,-1.787,-5.705,12.386,16.305,0.00,0.00,0.00,0.00,0.00,0.00,0.00,0.00,0.00,0.00,0.00,0.00,0.00,0.00,0.00,0.00,0.00
20650,DL:0.1.0:AT.1.0.0,2022-3-4 15:43:41,43.75,0.00,0.00,18.154,-1.849,-5.769,12.385,16.305,0.00,0.00,0.00,0.00,0.00,0.00,0.00,0.00,0.00,0.00,0.00,0.00,0.00,0.00,0.00,0.00,0.00
20650,DL:0.1.0:AT.1.0.0,2022-3-4 15:43:46,43.75,0.00,0.00,18.113,-1.808,-5.727,12.386,16.305,0.00,0.00,0.00,0.00,0.00,0.00,0.00,0.00,0.00,0.00,0.00,0.00,0.00,0.00,0.00,0.00,0.00
20650,DL:0.1.0:AT.1.0.0,2022-3-4 15:43:51,43.75,0.00,0.00,18.130,-1.825,-5.744,12.386,16.305,0.00,0.00,0.00,0.00,0.00,0.00,0.00,0.00,0.00,0.00,0.00,0.00,0.00,0.00,0.00,0.00,0.00
20650,DL:0.1.0:AT.1.0.0,2022-3-4 15:43:56,43.75,0.00,0.00,18.142,-1.839,-5.757,12.385,16.304,0.00,0.00,0.00,0.00,0.00,0.00,0.00,0.00,0.00,0.00,0.00,0.00,0.00,0.00,0.00,0.00,0.00
20650,DL:0.1.0:AT.1.0.0,2022-3-4 15:44:1,43.75,0.00,0.00,18.136,-1.832,-5.750,12.386,16.304,0.00,0.00,0.00,0.00,0.00,0.00,0.00,0.00,0.00,0.00,0.00,0.00,0.00,0.00,0.00,0.00,0.00
20650,DL:0.1.0:AT.1.0.0,2022-3-4 15:44:6,43.75,0.00,0.00,18.143,-1.840,-5.757,12.386,16.304,0.00,0.00,0.00,0.00,0.00,0.00,0.00,0.00,0.00,0.00,0.00,0.00,0.00,0.00,0.00,0.00,0.00
20650,DL:0.1.0:AT.1.0.0,2022-3-4 15:44:11,43.75,0.00,0.00,18.145,-1.842,-5.759,12.385,16.303,0.00,0.00,0.00,0.00,0.00,0.00,0.00,0.00,0.00,0.00,0.00,0.00,0.00,0.00,0.00,0.00,0.00
20650,DL:0.1.0:AT.1.0.0,2022-3-4 15:44:16,43.75,0.00,0.00,18.143,-1.841,-5.756,12.388,16.303,0.00,0.00,0.00,0.00,0.00,0.00,0.00,0.00,0.00,0.00,0.00,0.00,0.00,0.00,0.00,0.00,0.00
20650,DL:0.1.0:AT.1.0.0,2022-3-4 15:44:21,43.75,0.00,0.00,18.127,-1.825,-5.740,12.386,16.301,0.00,0.00,0.00,0.00,0.00,0.00,0.00,0.00,0.00,0.00,0.00,0.00,0.00,0.00,0.00,0.00,0.00
20650,DL:0.1.0:AT.1.0.0,2022-3-4 15:44:26,43.75,0.00,0.00,18.135,-1.834,-5.749,12.386,16.301,0.00,0.00,0.00,0.00,0.00,0.00,0.00,0.00,0.00,0.00,0.00,0.00,0.00,0.00,0.00,0.00,0.00
20650,DL:0.1.0:AT.1.0.0,2022-3-4 15:44:31,43.75,0.00,0.00,18.149,-1.848,-5.762,12.388,16.301,0.00,0.00,0.00,0.00,0.00,0.00,0.00,0.00,0.00,0.00,0.00,0.00,0.00,0.00,0.00,0.00,0.00
20650,DL:0.1.0:AT.1.0.0,2022-3-4 15:44:36,43.75,0.00,0.00,18.133,-1.832,-5.746,12.386,16.300,0.00,0.00,0.00,0.00,0.00,0.00,0.00,0.00,0.00,0.00,0.00,0.00,0.00,0.00,0.00,0.00,0.00
20650,DL:0.1.0:AT.1.0.0,2022-3-4 15:44:41,43.75,0.00,0.00,18.127,-1.826,-5.739,12.388,16.300,0.00,0.00,0.00,0.00,0.00,0.00,0.00,0.00,0.00,0.00,0.00,0.00,0.00,0.00,0.00,0.00,0.00
20650,DL:0.1.0:AT.1.0.0,2022-3-4 15:44:46,43.75,0.00,0.00,18.141,-1.842,-5.753,12.388,16.299,0.00,0.00,0.00,0.00,0.00,0.00,0.00,0.00,0.00,0.00,0.00,0.00,0.00,0.00,0.00,0.00,0.00
20650,DL:0.1.0:AT.1.0.0,2022-3-4 15:44:51,43.75,0.00,0.00,18.143,-1.845,-5.757,12.386,16.299,0.00,0.00,0.00,0.00,0.00,0.00,0.00,0.00,0.00,0.00,0.00,0.00,0.00,0.00,0.00,0.00,0.00
20650,DL:0.1.0:AT.1.0.0,2022-3-4 15:44:56,43.75,0.00,0.00,18.147,-1.848,-5.759,12.388,16.299,0.00,0.00,0.00,0.00,0.00,0.00,0.00,0.00,0.00,0.00,0.00,0.00,0.00,0.00,0.00,0.00,0.00
20650,DL:0.1.0:AT.1.0.0,2022-3-4 15:45:1,43.75,0.00,0.00,18.163,-1.865,-5.776,12.386,16.298,0.00,0.00,0.00,0.00,0.00,0.00,0.00,0.00,0.00,0.00,0.00,0.00,0.00,0.00,0.00,0.00,0.00
20650,DL:0.1.0:AT.1.0.0,2022-3-4 15:45:6,43.75,0.00,0.00,18.153,-1.855,-5.767,12.386,16.298,0.00,0.00,0.00,0.00,0.00,0.00,0.00,0.00,0.00,0.00,0.00,0.00,0.00,0.00,0.00,0.00,0.00
20650,DL:0.1.0:AT.1.0.0,2022-3-4 15:45:11,43.75,0.00,0.00,18.154,-1.858,-5.768,12.386,16.297,0.00,0.00,0.00,0.00,0.00,0.00,0.00,0.00,0.00,0.00,0.00,0.00,0.00,0.00,0.00,0.00,0.00
20650,DL:0.1.0:AT.1.0.0,2022-3-4 15:45:16,43.75,0.00,0.00,18.165,-1.869,-5.780,12.385,16.297,0.00,0.00,0.00,0.00,0.00,0.00,0.00,0.00,0.00,0.00,0.00,0.00,0.00,0.00,0.00,0.00,0.00
20650,DL:0.1.0:AT.1.0.0,2022-3-4 15:45:21,43.75,0.00,0.00,18.154,-1.859,-5.769,12.385,16.295,0.00,0.00,0.00,0.00,0.00,0.00,0.00,0.00,0.00,0.00,0.00,0.00,0.00,0.00,0.00,0.00,0.00
20650,DL:0.1.0:AT.1.0.0,2022-3-4 15:45:26,43.75,0.00,0.00,18.122,-1.826,-5.737,12.385,16.295,0.00,0.00,0.00,0.00,0.00,0.00,0.00,0.00,0.00,0.00,0.00,0.00,0.00,0.00,0.00,0.00,0.00
20650,DL:0.1.0:AT.1.0.0,2022-3-4 15:45:31,43.75,0.00,0.00,18.134,-1.837,-5.749,12.385,16.297,0.00,0.00,0.00,0.00,0.00,0.00,0.00,0.00,0.00,0.00,0.00,0.00,0.00,0.00,0.00,0.00,0.00
20650,DL:0.1.0:AT.1.0.0,2022-3-4 15:45:36,43.75,0.00,0.00,18.141,-1.846,-5.756,12.385,16.295,0.00,0.00,0.00,0.00,0.00,0.00,0.00,0.00,0.00,0.00,0.00,0.00,0.00,0.00,0.00,0.00,0.00
20650,DL:0.1.0:AT.1.0.0,2022-3-4 15:45:41,43.75,0.00,0.00,18.127,-1.830,-5.741,12.385,16.297,0.00,0.00,0.00,0.00,0.00,0.00,0.00,0.00,0.00,0.00,0.00,0.00,0.00,0.00,0.00,0.00,0.00
20650,DL:0.1.0:AT.1.0.0,2022-3-4 15:45:46,43.75,0.00,0.00,18.147,-1.852,-5.762,12.385,16.295,0.00,0.00,0.00,0.00,0.00,0.00,0.00,0.00,0.00,0.00,0.00,0.00,0.00,0.00,0.00,0.00,0.00
20650,DL:0.1.0:AT.1.0.0,2022-3-4 15:45:51,43.75,0.00,0.00,18.134,-1.840,-5.749,12.385,16.294,0.00,0.00,0.00,0.00,0.00,0.00,0.00,0.00,0.00,0.00,0.00,0.00,0.00,0.00,0.00,0.00,0.00
20650,DL:0.1.0:AT.1.0.0,2022-3-4 15:45:56,43.75,0.00,0.00,18.131,-1.839,-5.747,12.384,16.293,0.00,0.00,0.00,0.00,0.00,0.00,0.00,0.00,0.00,0.00,0.00,0.00,0.00,0.00,0.00,0.00,0.00
20650,DL:0.1.0:AT.1.0.0,2022-3-4 15:46:1,43.75,0.00,0.00,18.147,-1.853,-5.762,12.385,16.294,0.00,0.00,0.00,0.00,0.00,0.00,0.00,0.00,0.00,0.00,0.00,0.00,0.00,0.00,0.00,0.00,0.00
20650,DL:0.1.0:AT.1.0.0,2022-3-4 15:46:6,43.75,0.00,0.00,18.112,-1.818,-5.727,12.385,16.294,0.00,0.00,0.00,0.00,0.00,0.00,0.00,0.00,0.00,0.00,0.00,0.00,0.00,0.00,0.00,0.00,0.00
20650,DL:0.1.0:AT.1.0.0,2022-3-4 15:46:11,43.75,0.00,0.00,18.131,-1.837,-5.746,12.385,16.294,0.00,0.00,0.00,0.00,0.00,0.00,0.00,0.00,0.00,0.00,0.00,0.00,0.00,0.00,0.00,0.00,0.00
20650,DL:0.1.0:AT.1.0.0,2022-3-4 15:46:16,43.75,0.00,0.00,18.117,-1.824,-5.733,12.384,16.293,0.00,0.00,0.00,0.00,0.00,0.00,0.00,0.00,0.00,0.00,0.00,0.00,0.00,0.00,0.00,0.00,0.00
20650,DL:0.1.0:AT.1.0.0,2022-3-4 15:46:21,43.75,0.00,0.00,18.137,-1.845,-5.755,12.383,16.293,0.00,0.00,0.00,0.00,0.00,0.00,0.00,0.00,0.00,0.00,0.00,0.00,0.00,0.00,0.00,0.00,0.00
20650,DL:0.1.0:AT.1.0.0,2022-3-4 15:46:26,43.75,0.00,0.00,18.115,-1.822,-5.731,12.384,16.293,0.00,0.00,0.00,0.00,0.00,0.00,0.00,0.00,0.00,0.00,0.00,0.00,0.00,0.00,0.00,0.00,0.00
20650,DL:0.1.0:AT.1.0.0,2022-3-4 15:46:31,43.75,0.00,0.00,18.137,-1.846,-5.755,12.383,16.292,0.00,0.00,0.00,0.00,0.00,0.00,0.00,0.00,0.00,0.00,0.00,0.00,0.00,0.00,0.00,0.00,0.00
20650,DL:0.1.0:AT.1.0.0,2022-3-4 15:46:36,43.75,0.00,0.00,18.135,-1.843,-5.751,12.384,16.292,0.00,0.00,0.00,0.00,0.00,0.00,0.00,0.00,0.00,0.00,0.00,0.00,0.00,0.00,0.00,0.00,0.00
20650,DL:0.1.0:AT.1.0.0,2022-3-4 15:46:41,43.75,0.00,0.00,18.135,-1.845,-5.753,12.382,16.291,0.00,0.00,0.00,0.00,0.00,0.00,0.00,0.00,0.00,0.00,0.00,0.00,0.00,0.00,0.00,0.00,0.00
20650,DL:0.1.0:AT.1.0.0,2022-3-4 15:46:46,43.75,0.00,0.00,18.118,-1.828,-5.735,12.383,16.291,0.00,0.00,0.00,0.00,0.00,0.00,0.00,0.00,0.00,0.00,0.00,0.00,0.00,0.00,0.00,0.00,0.00
20650,DL:0.1.0:AT.1.0.0,2022-3-4 15:46:51,43.75,0.00,0.00,18.146,-1.854,-5.763,12.383,16.292,0.00,0.00,0.00,0.00,0.00,0.00,0.00,0.00,0.00,0.00,0.00,0.00,0.00,0.00,0.00,0.00,0.00
20650,DL:0.1.0:AT.1.0.0,2022-3-4 15:46:56,43.75,0.00,0.00,18.127,-1.835,-5.744,12.383,16.292,0.00,0.00,0.00,0.00,0.00,0.00,0.00,0.00,0.00,0.00,0.00,0.00,0.00,0.00,0.00,0.00,0.00
20650,DL:0.1.0:AT.1.0.0,2022-3-4 15:47:1,43.75,0.00,0.00,18.139,-1.848,-5.756,12.383,16.291,0.00,0.00,0.00,0.00,0.00,0.00,0.00,0.00,0.00,0.00,0.00,0.00,0.00,0.00,0.00,0.00,0.00
20650,DL:0.1.0:AT.1.0.0,2022-3-4 15:47:6,43.75,0.00,0.00,18.135,-1.845,-5.752,12.383,16.291,0.00,0.00,0.00,0.00,0.00,0.00,0.00,0.00,0.00,0.00,0.00,0.00,0.00,0.00,0.00,0.00,0.00
20650,DL:0.1.0:AT.1.0.0,2022-3-4 15:47:11,43.75,0.00,0.00,18.124,-1.834,-5.741,12.383,16.291,0.00,0.00,0.00,0.00,0.00,0.00,0.00,0.00,0.00,0.00,0.00,0.00,0.00,0.00,0.00,0.00,0.00
20650,DL:0.1.0:AT.1.0.0,2022-3-4 15:47:16,43.75,0.00,0.00,18.134,-1.843,-5.751,12.383,16.291,0.00,0.00,0.00,0.00,0.00,0.00,0.00,0.00,0.00,0.00,0.00,0.00,0.00,0.00,0.00,0.00,0.00
20650,DL:0.1.0:AT.1.0.0,2022-3-4 15:47:21,43.75,0.00,0.00,18.127,-1.837,-5.744,12.383,16.289,0.00,0.00,0.00,0.00,0.00,0.00,0.00,0.00,0.00,0.00,0.00,0.00,0.00,0.00,0.00,0.00,0.00
20650,DL:0.1.0:AT.1.0.0,2022-3-4 15:47:26,43.75,0.00,0.00,18.121,-1.832,-5.738,12.383,16.288,0.00,0.00,0.00,0.00,0.00,0.00,0.00,0.00,0.00,0.00,0.00,0.00,0.00,0.00,0.00,0.00,0.00
20650,DL:0.1.0:AT.1.0.0,2022-3-4 15:47:31,43.75,0.00,0.00,18.128,-1.839,-5.745,12.383,16.289,0.00,0.00,0.00,0.00,0.00,0.00,0.00,0.00,0.00,0.00,0.00,0.00,0.00,0.00,0.00,0.00,0.00
20650,DL:0.1.0:AT.1.0.0,2022-3-4 15:47:36,43.75,0.00,0.00,18.107,-1.818,-5.726,12.382,16.289,0.00,0.00,0.00,0.00,0.00,0.00,0.00,0.00,0.00,0.00,0.00,0.00,0.00,0.00,0.00,0.00,0.00
20650,DL:0.1.0:AT.1.0.0,2022-3-4 15:47:41,43.75,0.00,0.00,18.122,-1.832,-5.740,12.382,16.289,0.00,0.00,0.00,0.00,0.00,0.00,0.00,0.00,0.00,0.00,0.00,0.00,0.00,0.00,0.00,0.00,0.00
20650,DL:0.1.0:AT.1.0.0,2022-3-4 15:47:46,43.75,0.00,0.00,18.112,-1.823,-5.731,12.382,16.289,0.00,0.00,0.00,0.00,0.00,0.00,0.00,0.00,0.00,0.00,0.00,0.00,0.00,0.00,0.00,0.00,0.00
20650,DL:0.1.0:AT.1.0.0,2022-3-4 15:47:51,43.75,0.00,0.00,18.099,-1.808,-5.719,12.380,16.291,0.00,0.00,0.00,0.00,0.00,0.00,0.00,0.00,0.00,0.00,0.00,0.00,0.00,0.00,0.00,0.00,0.00
20650,DL:0.1.0:AT.1.0.0,2022-3-4 15:47:56,43.75,0.00,0.00,18.121,-1.830,-5.740,12.380,16.291,0.00,0.00,0.00,0.00,0.00,0.00,0.00,0.00,0.00,0.00,0.00,0.00,0.00,0.00,0.00,0.00,0.00
20650,DL:0.1.0:AT.1.0.0,2022-3-4 15:48:1,43.75,0.00,0.00,18.074,-1.782,-5.695,12.379,16.292,0.00,0.00,0.00,0.00,0.00,0.00,0.00,0.00,0.00,0.00,0.00,0.00,0.00,0.00,0.00,0.00,0.00
20650,DL:0.1.0:AT.1.0.0,2022-3-4 15:48:6,43.75,0.00,0.00,18.087,-1.796,-5.707,12.380,16.291,0.00,0.00,0.00,0.00,0.00,0.00,0.00,0.00,0.00,0.00,0.00,0.00,0.00,0.00,0.00,0.00,0.00
20650,DL:0.1.0:AT.1.0.0,2022-3-4 15:48:11,43.75,0.00,0.00,18.127,-1.836,-5.747,12.379,16.291,0.00,0.00,0.00,0.00,0.00,0.00,0.00,0.00,0.00,0.00,0.00,0.00,0.00,0.00,0.00,0.00,0.00
20650,DL:0.1.0:AT.1.0.0,2022-3-4 15:48:16,43.75,0.00,0.00,18.094,-1.804,-5.715,12.379,16.291,0.00,0.00,0.00,0.00,0.00,0.00,0.00,0.00,0.00,0.00,0.00,0.00,0.00,0.00,0.00,0.00,0.00
20650,DL:0.1.0:AT.1.0.0,2022-3-4 15:48:21,43.75,0.00,0.00,18.118,-1.826,-5.740,12.378,16.292,0.00,0.00,0.00,0.00,0.00,0.00,0.00,0.00,0.00,0.00,0.00,0.00,0.00,0.00,0.00,0.00,0.00
20650,DL:0.1.0:AT.1.0.0,2022-3-4 15:48:26,43.75,0.00,0.00,18.119,-1.828,-5.741,12.378,16.292,0.00,0.00,0.00,0.00,0.00,0.00,0.00,0.00,0.00,0.00,0.00,0.00,0.00,0.00,0.00,0.00,0.00
20650,DL:0.1.0:AT.1.0.0,2022-3-4 15:48:31,43.75,0.00,0.00,18.095,-1.804,-5.719,12.377,16.292,0.00,0.00,0.00,0.00,0.00,0.00,0.00,0.00,0.00,0.00,0.00,0.00,0.00,0.00,0.00,0.00,0.00
20650,DL:0.1.0:AT.1.0.0,2022-3-4 15:48:36,43.75,0.00,0.00,18.119,-1.828,-5.743,12.377,16.292,0.00,0.00,0.00,0.00,0.00,0.00,0.00,0.00,0.00,0.00,0.00,0.00,0.00,0.00,0.00,0.00,0.00
20650,DL:0.1.0:AT.1.0.0,2022-3-4 15:48:41,43.75,0.00,0.00,18.105,-1.813,-5.728,12.377,16.292,0.00,0.00,0.00,0.00,0.00,0.00,0.00,0.00,0.00,0.00,0.00,0.00,0.00,0.00,0.00,0.00,0.00
20650,DL:0.1.0:AT.1.0.0,2022-3-4 15:48:46,43.75,0.00,0.00,18.106,-1.816,-5.728,12.378,16.291,0.00,0.00,0.00,0.00,0.00,0.00,0.00,0.00,0.00,0.00,0.00,0.00,0.00,0.00,0.00,0.00,0.00
20650,DL:0.1.0:AT.1.0.0,2022-3-4 15:48:51,43.75,0.00,0.00,18.124,-1.832,-5.747,12.377,16.292,0.00,0.00,0.00,0.00,0.00,0.00,0.00,0.00,0.00,0.00,0.00,0.00,0.00,0.00,0.00,0.00,0.00
20650,DL:0.1.0:AT.1.0.0,2022-3-4 15:48:56,43.75,0.00,0.00,18.117,-1.826,-5.740,12.377,16.291,0.00,0.00,0.00,0.00,0.00,0.00,0.00,0.00,0.00,0.00,0.00,0.00,0.00,0.00,0.00,0.00,0.00
20650,DL:0.1.0:AT.1.0.0,2022-3-4 15:49:1,43.75,0.00,0.00,18.122,-1.830,-5.746,12.376,16.292,0.00,0.00,0.00,0.00,0.00,0.00,0.00,0.00,0.00,0.00,0.00,0.00,0.00,0.00,0.00,0.00,0.00
20650,DL:0.1.0:AT.1.0.0,2022-3-4 15:49:6,43.75,0.00,0.00,18.085,-1.793,-5.708,12.377,16.292,0.00,0.00,0.00,0.00,0.00,0.00,0.00,0.00,0.00,0.00,0.00,0.00,0.00,0.00,0.00,0.00,0.00
20650,DL:0.1.0:AT.1.0.0,2022-3-4 15:49:11,43.75,0.00,0.00,18.119,-1.828,-5.743,12.377,16.292,0.00,0.00,0.00,0.00,0.00,0.00,0.00,0.00,0.00,0.00,0.00,0.00,0.00,0.00,0.00,0.00,0.00
20650,DL:0.1.0:AT.1.0.0,2022-3-4 15:49:16,43.75,0.00,0.00,18.111,-1.819,-5.734,12.377,16.292,0.00,0.00,0.00,0.00,0.00,0.00,0.00,0.00,0.00,0.00,0.00,0.00,0.00,0.00,0.00,0.00,0.00
20650,DL:0.1.0:AT.1.0.0,2022-3-4 15:49:21,43.75,0.00,0.00,18.098,-1.806,-5.721,12.377,16.292,0.00,0.00,0.00,0.00,0.00,0.00,0.00,0.00,0.00,0.00,0.00,0.00,0.00,0.00,0.00,0.00,0.00
20650,DL:0.1.0:AT.1.0.0,2022-3-4 15:49:26,43.75,0.00,0.00,18.095,-1.804,-5.719,12.377,16.292,0.00,0.00,0.00,0.00,0.00,0.00,0.00,0.00,0.00,0.00,0.00,0.00,0.00,0.00,0.00,0.00,0.00
20650,DL:0.1.0:AT.1.0.0,2022-3-4 15:49:31,43.75,0.00,0.00,18.087,-1.794,-5.709,12.378,16.293,0.00,0.00,0.00,0.00,0.00,0.00,0.00,0.00,0.00,0.00,0.00,0.00,0.00,0.00,0.00,0.00,0.00
20650,DL:0.1.0:AT.1.0.0,2022-3-4 15:49:36,43.75,0.00,0.00,18.079,-1.786,-5.702,12.377,16.293,0.00,0.00,0.00,0.00,0.00,0.00,0.00,0.00,0.00,0.00,0.00,0.00,0.00,0.00,0.00,0.00,0.00
20650,DL:0.1.0:AT.1.0.0,2022-3-4 15:49:41,43.75,0.00,0.00,18.118,-1.825,-5.743,12.376,16.293,0.00,0.00,0.00,0.00,0.00,0.00,0.00,0.00,0.00,0.00,0.00,0.00,0.00,0.00,0.00,0.00,0.00
20650,DL:0.1.0:AT.1.0.0,2022-3-4 15:49:46,43.75,0.00,0.00,18.088,-1.795,-5.711,12.377,16.293,0.00,0.00,0.00,0.00,0.00,0.00,0.00,0.00,0.00,0.00,0.00,0.00,0.00,0.00,0.00,0.00,0.00
20650,DL:0.1.0:AT.1.0.0,2022-3-4 15:49:51,43.75,0.00,0.00,18.116,-1.822,-5.739,12.377,16.294,0.00,0.00,0.00,0.00,0.00,0.00,0.00,0.00,0.00,0.00,0.00,0.00,0.00,0.00,0.00,0.00,0.00
20650,DL:0.1.0:AT.1.0.0,2022-3-4 15:49:56,43.75,0.00,0.00,18.094,-1.801,-5.717,12.377,16.293,0.00,0.00,0.00,0.00,0.00,0.00,0.00,0.00,0.00,0.00,0.00,0.00,0.00,0.00,0.00,0.00,0.00
20650,DL:0.1.0:AT.1.0.0,2022-3-4 15:50:1,43.75,0.00,0.00,18.068,-1.775,-5.691,12.377,16.293,0.00,0.00,0.00,0.00,0.00,0.00,0.00,0.00,0.00,0.00,0.00,0.00,0.00,0.00,0.00,0.00,0.00
20650,DL:0.1.0:AT.1.0.0,2022-3-4 15:50:6,43.75,0.00,0.00,18.104,-1.811,-5.726,12.378,16.293,0.00,0.00,0.00,0.00,0.00,0.00,0.00,0.00,0.00,0.00,0.00,0.00,0.00,0.00,0.00,0.00,0.00
20650,DL:0.1.0:AT.1.0.0,2022-3-4 15:50:11,43.75,0.00,0.00,18.095,-1.801,-5.717,12.378,16.294,0.00,0.00,0.00,0.00,0.00,0.00,0.00,0.00,0.00,0.00,0.00,0.00,0.00,0.00,0.00,0.00,0.00
20650,DL:0.1.0:AT.1.0.0,2022-3-4 15:50:16,43.75,0.00,0.00,18.109,-1.814,-5.731,12.378,16.294,0.00,0.00,0.00,0.00,0.00,0.00,0.00,0.00,0.00,0.00,0.00,0.00,0.00,0.00,0.00,0.00,0.00
20650,DL:0.1.0:AT.1.0.0,2022-3-4 15:50:21,43.75,0.00,0.00,18.064,-1.771,-5.686,12.378,16.293,0.00,0.00,0.00,0.00,0.00,0.00,0.00,0.00,0.00,0.00,0.00,0.00,0.00,0.00,0.00,0.00,0.00
20650,DL:0.1.0:AT.1.0.0,2022-3-4 15:50:26,43.75,0.00,0.00,18.106,-1.808,-5.728,12.378,16.298,0.00,0.00,0.00,0.00,0.00,0.00,0.00,0.00,0.00,0.00,0.00,0.00,0.00,0.00,0.00,0.00,0.00
20650,DL:0.1.0:AT.1.0.0,2022-3-4 15:50:31,43.75,0.00,0.00,18.094,-1.796,-5.716,12.378,16.298,0.00,0.00,0.00,0.00,0.00,0.00,0.00,0.00,0.00,0.00,0.00,0.00,0.00,0.00,0.00,0.00,0.00
20650,DL:0.1.0:AT.1.0.0,2022-3-4 15:50:36,43.75,0.00,0.00,18.051,-1.753,-5.672,12.379,16.298,0.00,0.00,0.00,0.00,0.00,0.00,0.00,0.00,0.00,0.00,0.00,0.00,0.00,0.00,0.00,0.00,0.00
20650,DL:0.1.0:AT.1.0.0,2022-3-4 15:50:41,43.75,0.00,0.00,18.092,-1.794,-5.714,12.378,16.298,0.00,0.00,0.00,0.00,0.00,0.00,0.00,0.00,0.00,0.00,0.00,0.00,0.00,0.00,0.00,0.00,0.00
20650,DL:0.1.0:AT.1.0.0,2022-3-4 15:50:46,43.75,0.00,0.00,18.075,-1.776,-5.696,12.379,16.299,0.00,0.00,0.00,0.00,0.00,0.00,0.00,0.00,0.00,0.00,0.00,0.00,0.00,0.00,0.00,0.00,0.00
20650,DL:0.1.0:AT.1.0.0,2022-3-4 15:50:51,43.75,0.00,0.00,18.092,-1.793,-5.713,12.379,16.299,0.00,0.00,0.00,0.00,0.00,0.00,0.00,0.00,0.00,0.00,0.00,0.00,0.00,0.00,0.00,0.00,0.00
20650,DL:0.1.0:AT.1.0.0,2022-3-4 15:50:56,43.75,0.00,0.00,18.097,-1.799,-5.717,12.379,16.298,0.00,0.00,0.00,0.00,0.00,0.00,0.00,0.00,0.00,0.00,0.00,0.00,0.00,0.00,0.00,0.00,0.00
20650,DL:0.1.0:AT.1.0.0,2022-3-4 15:51:1,43.75,0.00,0.00,18.077,-1.780,-5.698,12.379,16.298,0.00,0.00,0.00,0.00,0.00,0.00,0.00,0.00,0.00,0.00,0.00,0.00,0.00,0.00,0.00,0.00,0.00
20650,DL:0.1.0:AT.1.0.0,2022-3-4 15:51:6,43.75,0.00,0.00,18.094,-1.795,-5.714,12.380,16.299,0.00,0.00,0.00,0.00,0.00,0.00,0.00,0.00,0.00,0.00,0.00,0.00,0.00,0.00,0.00,0.00,0.00
20650,DL:0.1.0:AT.1.0.0,2022-3-4 15:51:11,43.75,0.00,0.00,18.121,-1.823,-5.741,12.379,16.298,0.00,0.00,0.00,0.00,0.00,0.00,0.00,0.00,0.00,0.00,0.00,0.00,0.00,0.00,0.00,0.00,0.00
20650,DL:0.1.0:AT.1.0.0,2022-3-4 15:51:16,43.75,0.00,0.00,18.095,-1.798,-5.715,12.380,16.298,0.00,0.00,0.00,0.00,0.00,0.00,0.00,0.00,0.00,0.00,0.00,0.00,0.00,0.00,0.00,0.00,0.00
20650,DL:0.1.0:AT.1.0.0,2022-3-4 15:51:21,43.75,0.00,0.00,18.101,-1.804,-5.721,12.380,16.298,0.00,0.00,0.00,0.00,0.00,0.00,0.00,0.00,0.00,0.00,0.00,0.00,0.00,0.00,0.00,0.00,0.00
20650,DL:0.1.0:AT.1.0.0,2022-3-4 15:51:26,43.75,0.00,0.00,18.079,-1.781,-5.699,12.379,16.298,0.00,0.00,0.00,0.00,0.00,0.00,0.00,0.00,0.00,0.00,0.00,0.00,0.00,0.00,0.00,0.00,0.00
20650,DL:0.1.0:AT.1.0.0,2022-3-4 15:51:31,43.75,0.00,0.00,18.103,-1.805,-5.722,12.380,16.298,0.00,0.00,0.00,0.00,0.00,0.00,0.00,0.00,0.00,0.00,0.00,0.00,0.00,0.00,0.00,0.00,0.00
20650,DL:0.1.0:AT.1.0.0,2022-3-4 15:51:36,43.75,0.00,0.00,18.088,-1.790,-5.708,12.380,16.298,0.00,0.00,0.00,0.00,0.00,0.00,0.00,0.00,0.00,0.00,0.00,0.00,0.00,0.00,0.00,0.00,0.00
20650,DL:0.1.0:AT.1.0.0,2022-3-4 15:51:41,43.75,0.00,0.00,18.081,-1.783,-5.699,12.382,16.298,0.00,0.00,0.00,0.00,0.00,0.00,0.00,0.00,0.00,0.00,0.00,0.00,0.00,0.00,0.00,0.00,0.00
20650,DL:0.1.0:AT.1.0.0,2022-3-4 15:51:46,43.75,0.00,0.00,18.057,-1.759,-5.677,12.380,16.298,0.00,0.00,0.00,0.00,0.00,0.00,0.00,0.00,0.00,0.00,0.00,0.00,0.00,0.00,0.00,0.00,0.00
20650,DL:0.1.0:AT.1.0.0,2022-3-4 15:51:51,43.75,0.00,0.00,18.085,-1.787,-5.703,12.382,16.298,0.00,0.00,0.00,0.00,0.00,0.00,0.00,0.00,0.00,0.00,0.00,0.00,0.00,0.00,0.00,0.00,0.00
20650,DL:0.1.0:AT.1.0.0,2022-3-4 15:51:56,43.75,0.00,0.00,18.110,-1.812,-5.728,12.382,16.298,0.00,0.00,0.00,0.00,0.00,0.00,0.00,0.00,0.00,0.00,0.00,0.00,0.00,0.00,0.00,0.00,0.00
20650,DL:0.1.0:AT.1.0.0,2022-3-4 15:52:1,43.75,0.00,0.00,18.128,-1.831,-5.747,12.380,16.297,0.00,0.00,0.00,0.00,0.00,0.00,0.00,0.00,0.00,0.00,0.00,0.00,0.00,0.00,0.00,0.00,0.00
20650,DL:0.1.0:AT.1.0.0,2022-3-4 15:52:6,43.75,0.00,0.00,18.110,-1.814,-5.729,12.380,16.295,0.00,0.00,0.00,0.00,0.00,0.00,0.00,0.00,0.00,0.00,0.00,0.00,0.00,0.00,0.00,0.00,0.00
20650,DL:0.1.0:AT.1.0.0,2022-3-4 15:52:11,43.75,0.00,0.00,18.095,-1.799,-5.714,12.382,16.297,0.00,0.00,0.00,0.00,0.00,0.00,0.00,0.00,0.00,0.00,0.00,0.00,0.00,0.00,0.00,0.00,0.00
20650,DL:0.1.0:AT.1.0.0,2022-3-4 15:52:16,43.75,0.00,0.00,18.119,-1.824,-5.738,12.382,16.295,0.00,0.00,0.00,0.00,0.00,0.00,0.00,0.00,0.00,0.00,0.00,0.00,0.00,0.00,0.00,0.00,0.00
20650,DL:0.1.0:AT.1.0.0,2022-3-4 15:52:21,43.75,0.00,0.00,18.089,-1.795,-5.709,12.380,16.294,0.00,0.00,0.00,0.00,0.00,0.00,0.00,0.00,0.00,0.00,0.00,0.00,0.00,0.00,0.00,0.00,0.00
20650,DL:0.1.0:AT.1.0.0,2022-3-4 15:52:26,43.75,0.00,0.00,18.080,-1.786,-5.698,12.382,16.294,0.00,0.00,0.00,0.00,0.00,0.00,0.00,0.00,0.00,0.00,0.00,0.00,0.00,0.00,0.00,0.00,0.00
20650,DL:0.1.0:AT.1.0.0,2022-3-4 15:52:31,43.75,0.00,0.00,18.103,-1.808,-5.722,12.380,16.294,0.00,0.00,0.00,0.00,0.00,0.00,0.00,0.00,0.00,0.00,0.00,0.00,0.00,0.00,0.00,0.00,0.00
20650,DL:0.1.0:AT.1.0.0,2022-3-4 15:52:36,43.75,0.00,0.00,18.065,-1.771,-5.684,12.382,16.294,0.00,0.00,0.00,0.00,0.00,0.00,0.00,0.00,0.00,0.00,0.00,0.00,0.00,0.00,0.00,0.00,0.00
20650,DL:0.1.0:AT.1.0.0,2022-3-4 15:52:41,43.75,0.00,0.00,18.074,-1.781,-5.693,12.380,16.293,0.00,0.00,0.00,0.00,0.00,0.00,0.00,0.00,0.00,0.00,0.00,0.00,0.00,0.00,0.00,0.00,0.00
20650,DL:0.1.0:AT.1.0.0,2022-3-4 15:52:46,43.75,0.00,0.00,18.098,-1.806,-5.717,12.380,16.292,0.00,0.00,0.00,0.00,0.00,0.00,0.00,0.00,0.00,0.00,0.00,0.00,0.00,0.00,0.00,0.00,0.00
20650,DL:0.1.0:AT.1.0.0,2022-3-4 15:52:51,43.75,0.00,0.00,18.121,-1.828,-5.740,12.380,16.293,0.00,0.00,0.00,0.00,0.00,0.00,0.00,0.00,0.00,0.00,0.00,0.00,0.00,0.00,0.00,0.00,0.00
20650,DL:0.1.0:AT.1.0.0,2022-3-4 15:52:56,43.75,0.00,0.00,18.094,-1.802,-5.714,12.380,16.292,0.00,0.00,0.00,0.00,0.00,0.00,0.00,0.00,0.00,0.00,0.00,0.00,0.00,0.00,0.00,0.00,0.00
20650,DL:0.1.0:AT.1.0.0,2022-3-4 15:53:1,43.75,0.00,0.00,18.077,-1.786,-5.697,12.380,16.292,0.00,0.00,0.00,0.00,0.00,0.00,0.00,0.00,0.00,0.00,0.00,0.00,0.00,0.00,0.00,0.00,0.00
20650,DL:0.1.0:AT.1.0.0,2022-3-4 15:53:6,43.75,0.00,0.00,18.115,-1.824,-5.735,12.379,16.291,0.00,0.00,0.00,0.00,0.00,0.00,0.00,0.00,0.00,0.00,0.00,0.00,0.00,0.00,0.00,0.00,0.00
20650,DL:0.1.0:AT.1.0.0,2022-3-4 15:53:11,43.75,0.00,0.00,18.099,-1.810,-5.719,12.380,16.289,0.00,0.00,0.00,0.00,0.00,0.00,0.00,0.00,0.00,0.00,0.00,0.00,0.00,0.00,0.00,0.00,0.00
20650,DL:0.1.0:AT.1.0.0,2022-3-4 15:53:16,43.75,0.00,0.00,18.099,-1.810,-5.719,12.380,16.289,0.00,0.00,0.00,0.00,0.00,0.00,0.00,0.00,0.00,0.00,0.00,0.00,0.00,0.00,0.00,0.00,0.00
20650,DL:0.1.0:AT.1.0.0,2022-3-4 15:53:21,43.75,0.00,0.00,18.100,-1.812,-5.720,12.380,16.288,0.00,0.00,0.00,0.00,0.00,0.00,0.00,0.00,0.00,0.00,0.00,0.00,0.00,0.00,0.00,0.00,0.00
20650,DL:0.1.0:AT.1.0.0,2022-3-4 15:53:26,43.75,0.00,0.00,18.086,-1.798,-5.707,12.379,16.288,0.00,0.00,0.00,0.00,0.00,0.00,0.00,0.00,0.00,0.00,0.00,0.00,0.00,0.00,0.00,0.00,0.00
20650,DL:0.1.0:AT.1.0.0,2022-3-4 15:53:31,43.75,0.00,0.00,18.070,-1.783,-5.691,12.379,16.287,0.00,0.00,0.00,0.00,0.00,0.00,0.00,0.00,0.00,0.00,0.00,0.00,0.00,0.00,0.00,0.00,0.00
20650,DL:0.1.0:AT.1.0.0,2022-3-4 15:53:36,43.75,0.00,0.00,18.091,-1.804,-5.710,12.380,16.287,0.00,0.00,0.00,0.00,0.00,0.00,0.00,0.00,0.00,0.00,0.00,0.00,0.00,0.00,0.00,0.00,0.00
20650,DL:0.1.0:AT.1.0.0,2022-3-4 15:53:41,43.75,0.00,0.00,18.100,-1.814,-5.720,12.380,16.286,0.00,0.00,0.00,0.00,0.00,0.00,0.00,0.00,0.00,0.00,0.00,0.00,0.00,0.00,0.00,0.00,0.00
20650,DL:0.1.0:AT.1.0.0,2022-3-4 15:53:46,43.75,0.00,0.00,18.111,-1.825,-5.731,12.380,16.286,0.00,0.00,0.00,0.00,0.00,0.00,0.00,0.00,0.00,0.00,0.00,0.00,0.00,0.00,0.00,0.00,0.00
20650,DL:0.1.0:AT.1.0.0,2022-3-4 15:53:51,43.75,0.00,0.00,18.106,-1.822,-5.727,12.379,16.285,0.00,0.00,0.00,0.00,0.00,0.00,0.00,0.00,0.00,0.00,0.00,0.00,0.00,0.00,0.00,0.00,0.00
20650,DL:0.1.0:AT.1.0.0,2022-3-4 15:53:56,43.75,0.00,0.00,18.079,-1.794,-5.699,12.379,16.285,0.00,0.00,0.00,0.00,0.00,0.00,0.00,0.00,0.00,0.00,0.00,0.00,0.00,0.00,0.00,0.00,0.00
20650,DL:0.1.0:AT.1.0.0,2022-3-4 15:54:1,43.75,0.00,0.00,18.116,-1.832,-5.737,12.379,16.283,0.00,0.00,0.00,0.00,0.00,0.00,0.00,0.00,0.00,0.00,0.00,0.00,0.00,0.00,0.00,0.00,0.00
20650,DL:0.1.0:AT.1.0.0,2022-3-4 15:54:6,43.75,0.00,0.00,18.070,-1.783,-5.691,12.379,16.287,0.00,0.00,0.00,0.00,0.00,0.00,0.00,0.00,0.00,0.00,0.00,0.00,0.00,0.00,0.00,0.00,0.00
20650,DL:0.1.0:AT.1.0.0,2022-3-4 15:54:11,43.75,0.00,0.00,18.104,-1.817,-5.725,12.379,16.287,0.00,0.00,0.00,0.00,0.00,0.00,0.00,0.00,0.00,0.00,0.00,0.00,0.00,0.00,0.00,0.00,0.00
20650,DL:0.1.0:AT.1.0.0,2022-3-4 15:54:16,43.75,0.00,0.00,18.119,-1.834,-5.740,12.379,16.286,0.00,0.00,0.00,0.00,0.00,0.00,0.00,0.00,0.00,0.00,0.00,0.00,0.00,0.00,0.00,0.00,0.00
20650,DL:0.1.0:AT.1.0.0,2022-3-4 15:54:21,43.75,0.00,0.00,18.086,-1.802,-5.707,12.379,16.283,0.00,0.00,0.00,0.00,0.00,0.00,0.00,0.00,0.00,0.00,0.00,0.00,0.00,0.00,0.00,0.00,0.00
20650,DL:0.1.0:AT.1.0.0,2022-3-4 15:54:26,43.75,0.00,0.00,18.077,-1.794,-5.699,12.378,16.283,0.00,0.00,0.00,0.00,0.00,0.00,0.00,0.00,0.00,0.00,0.00,0.00,0.00,0.00,0.00,0.00,0.00
20650,DL:0.1.0:AT.1.0.0,2022-3-4 15:54:31,43.75,0.00,0.00,18.081,-1.799,-5.704,12.377,16.282,0.00,0.00,0.00,0.00,0.00,0.00,0.00,0.00,0.00,0.00,0.00,0.00,0.00,0.00,0.00,0.00,0.00
20650,DL:0.1.0:AT.1.0.0,2022-3-4 15:54:36,43.75,0.00,0.00,18.098,-1.817,-5.720,12.378,16.281,0.00,0.00,0.00,0.00,0.00,0.00,0.00,0.00,0.00,0.00,0.00,0.00,0.00,0.00,0.00,0.00,0.00
20650,DL:0.1.0:AT.1.0.0,2022-3-4 15:54:41,43.75,0.00,0.00,18.100,-1.819,-5.722,12.378,16.281,0.00,0.00,0.00,0.00,0.00,0.00,0.00,0.00,0.00,0.00,0.00,0.00,0.00,0.00,0.00,0.00,0.00
20650,DL:0.1.0:AT.1.0.0,2022-3-4 15:54:46,43.75,0.00,0.00,18.124,-1.846,-5.746,12.378,16.279,0.00,0.00,0.00,0.00,0.00,0.00,0.00,0.00,0.00,0.00,0.00,0.00,0.00,0.00,0.00,0.00,0.00
20650,DL:0.1.0:AT.1.0.0,2022-3-4 15:54:51,43.75,0.00,0.00,18.123,-1.846,-5.747,12.376,16.277,0.00,0.00,0.00,0.00,0.00,0.00,0.00,0.00,0.00,0.00,0.00,0.00,0.00,0.00,0.00,0.00,0.00
20650,DL:0.1.0:AT.1.0.0,2022-3-4 15:54:56,43.75,0.00,0.00,18.099,-1.822,-5.723,12.376,16.277,0.00,0.00,0.00,0.00,0.00,0.00,0.00,0.00,0.00,0.00,0.00,0.00,0.00,0.00,0.00,0.00,0.00
20650,DL:0.1.0:AT.1.0.0,2022-3-4 15:55:1,43.75,0.00,0.00,18.097,-1.820,-5.721,12.376,16.276,0.00,0.00,0.00,0.00,0.00,0.00,0.00,0.00,0.00,0.00,0.00,0.00,0.00,0.00,0.00,0.00,0.00
20650,DL:0.1.0:AT.1.0.0,2022-3-4 15:55:6,43.75,0.00,0.00,18.123,-1.848,-5.747,12.376,16.275,0.00,0.00,0.00,0.00,0.00,0.00,0.00,0.00,0.00,0.00,0.00,0.00,0.00,0.00,0.00,0.00,0.00
20650,DL:0.1.0:AT.1.0.0,2022-3-4 15:55:11,43.75,0.00,0.00,18.110,-1.836,-5.734,12.376,16.274,0.00,0.00,0.00,0.00,0.00,0.00,0.00,0.00,0.00,0.00,0.00,0.00,0.00,0.00,0.00,0.00,0.00
20650,DL:0.1.0:AT.1.0.0,2022-3-4 15:55:16,43.75,0.00,0.00,18.087,-1.814,-5.713,12.374,16.273,0.00,0.00,0.00,0.00,0.00,0.00,0.00,0.00,0.00,0.00,0.00,0.00,0.00,0.00,0.00,0.00,0.00
20650,DL:0.1.0:AT.1.0.0,2022-3-4 15:55:21,43.75,0.00,0.00,18.100,-1.829,-5.727,12.373,16.271,0.00,0.00,0.00,0.00,0.00,0.00,0.00,0.00,0.00,0.00,0.00,0.00,0.00,0.00,0.00,0.00,0.00
20650,DL:0.1.0:AT.1.0.0,2022-3-4 15:55:26,43.75,0.00,0.00,18.098,-1.826,-5.725,12.373,16.271,0.00,0.00,0.00,0.00,0.00,0.00,0.00,0.00,0.00,0.00,0.00,0.00,0.00,0.00,0.00,0.00,0.00
20650,DL:0.1.0:AT.1.0.0,2022-3-4 15:55:31,43.75,0.00,0.00,18.073,-1.802,-5.699,12.373,16.270,0.00,0.00,0.00,0.00,0.00,0.00,0.00,0.00,0.00,0.00,0.00,0.00,0.00,0.00,0.00,0.00,0.00
20650,DL:0.1.0:AT.1.0.0,2022-3-4 15:55:36,43.75,0.00,0.00,18.089,-1.819,-5.715,12.374,16.270,0.00,0.00,0.00,0.00,0.00,0.00,0.00,0.00,0.00,0.00,0.00,0.00,0.00,0.00,0.00,0.00,0.00
20650,DL:0.1.0:AT.1.0.0,2022-3-4 15:55:41,43.75,0.00,0.00,18.105,-1.836,-5.731,12.374,16.269,0.00,0.00,0.00,0.00,0.00,0.00,0.00,0.00,0.00,0.00,0.00,0.00,0.00,0.00,0.00,0.00,0.00
20650,DL:0.1.0:AT.1.0.0,2022-3-4 15:55:46,43.75,0.00,0.00,18.097,-1.828,-5.723,12.373,16.269,0.00,0.00,0.00,0.00,0.00,0.00,0.00,0.00,0.00,0.00,0.00,0.00,0.00,0.00,0.00,0.00,0.00
20650,DL:0.1.0:AT.1.0.0,2022-3-4 15:55:51,43.75,0.00,0.00,18.118,-1.851,-5.746,12.372,16.268,0.00,0.00,0.00,0.00,0.00,0.00,0.00,0.00,0.00,0.00,0.00,0.00,0.00,0.00,0.00,0.00,0.00
20650,DL:0.1.0:AT.1.0.0,2022-3-4 15:55:56,43.75,0.00,0.00,18.076,-1.810,-5.702,12.374,16.267,0.00,0.00,0.00,0.00,0.00,0.00,0.00,0.00,0.00,0.00,0.00,0.00,0.00,0.00,0.00,0.00,0.00
20650,DL:0.1.0:AT.1.0.0,2022-3-4 15:56:1,43.75,0.00,0.00,18.094,-1.829,-5.721,12.373,16.265,0.00,0.00,0.00,0.00,0.00,0.00,0.00,0.00,0.00,0.00,0.00,0.00,0.00,0.00,0.00,0.00,0.00
20650,DL:0.1.0:AT.1.0.0,2022-3-4 15:56:6,43.75,0.00,0.00,18.128,-1.864,-5.755,12.373,16.264,0.00,0.00,0.00,0.00,0.00,0.00,0.00,0.00,0.00,0.00,0.00,0.00,0.00,0.00,0.00,0.00,0.00
20650,DL:0.1.0:AT.1.0.0,2022-3-4 15:56:11,43.75,0.00,0.00,18.071,-1.806,-5.698,12.373,16.265,0.00,0.00,0.00,0.00,0.00,0.00,0.00,0.00,0.00,0.00,0.00,0.00,0.00,0.00,0.00,0.00,0.00
20650,DL:0.1.0:AT.1.0.0,2022-3-4 15:56:16,43.75,0.00,0.00,18.097,-1.832,-5.723,12.373,16.264,0.00,0.00,0.00,0.00,0.00,0.00,0.00,0.00,0.00,0.00,0.00,0.00,0.00,0.00,0.00,0.00,0.00
20650,DL:0.1.0:AT.1.0.0,2022-3-4 15:56:21,43.75,0.00,0.00,18.099,-1.835,-5.726,12.373,16.264,0.00,0.00,0.00,0.00,0.00,0.00,0.00,0.00,0.00,0.00,0.00,0.00,0.00,0.00,0.00,0.00,0.00
20650,DL:0.1.0:AT.1.0.0,2022-3-4 15:56:26,43.75,0.00,0.00,18.082,-1.818,-5.708,12.374,16.264,0.00,0.00,0.00,0.00,0.00,0.00,0.00,0.00,0.00,0.00,0.00,0.00,0.00,0.00,0.00,0.00,0.00
20650,DL:0.1.0:AT.1.0.0,2022-3-4 15:56:31,43.75,0.00,0.00,18.110,-1.846,-5.735,12.374,16.264,0.00,0.00,0.00,0.00,0.00,0.00,0.00,0.00,0.00,0.00,0.00,0.00,0.00,0.00,0.00,0.00,0.00
20650,DL:0.1.0:AT.1.0.0,2022-3-4 15:56:36,43.75,0.00,0.00,18.088,-1.824,-5.714,12.374,16.264,0.00,0.00,0.00,0.00,0.00,0.00,0.00,0.00,0.00,0.00,0.00,0.00,0.00,0.00,0.00,0.00,0.00
20650,DL:0.1.0:AT.1.0.0,2022-3-4 15:56:41,43.75,0.00,0.00,18.091,-1.826,-5.716,12.374,16.264,0.00,0.00,0.00,0.00,0.00,0.00,0.00,0.00,0.00,0.00,0.00,0.00,0.00,0.00,0.00,0.00,0.00
20650,DL:0.1.0:AT.1.0.0,2022-3-4 15:56:46,43.75,0.00,0.00,18.123,-1.859,-5.750,12.373,16.264,0.00,0.00,0.00,0.00,0.00,0.00,0.00,0.00,0.00,0.00,0.00,0.00,0.00,0.00,0.00,0.00,0.00
20650,DL:0.1.0:AT.1.0.0,2022-3-4 15:56:51,43.75,0.00,0.00,18.094,-1.831,-5.721,12.373,16.263,0.00,0.00,0.00,0.00,0.00,0.00,0.00,0.00,0.00,0.00,0.00,0.00,0.00,0.00,0.00,0.00,0.00
20650,DL:0.1.0:AT.1.0.0,2022-3-4 15:56:56,43.75,0.00,0.00,18.101,-1.839,-5.728,12.373,16.263,0.00,0.00,0.00,0.00,0.00,0.00,0.00,0.00,0.00,0.00,0.00,0.00,0.00,0.00,0.00,0.00,0.00
20650,DL:0.1.0:AT.1.0.0,2022-3-4 15:57:1,43.75,0.00,0.00,18.123,-1.860,-5.750,12.373,16.263,0.00,0.00,0.00,0.00,0.00,0.00,0.00,0.00,0.00,0.00,0.00,0.00,0.00,0.00,0.00,0.00,0.00
20650,DL:0.1.0:AT.1.0.0,2022-3-4 15:57:6,43.75,0.00,0.00,18.095,-1.831,-5.721,12.374,16.264,0.00,0.00,0.00,0.00,0.00,0.00,0.00,0.00,0.00,0.00,0.00,0.00,0.00,0.00,0.00,0.00,0.00
20650,DL:0.1.0:AT.1.0.0,2022-3-4 15:57:11,43.75,0.00,0.00,18.121,-1.857,-5.746,12.374,16.264,0.00,0.00,0.00,0.00,0.00,0.00,0.00,0.00,0.00,0.00,0.00,0.00,0.00,0.00,0.00,0.00,0.00
20650,DL:0.1.0:AT.1.0.0,2022-3-4 15:57:16,43.75,0.00,0.00,18.106,-1.842,-5.732,12.374,16.264,0.00,0.00,0.00,0.00,0.00,0.00,0.00,0.00,0.00,0.00,0.00,0.00,0.00,0.00,0.00,0.00,0.00
20650,DL:0.1.0:AT.1.0.0,2022-3-4 15:57:21,43.75,0.00,0.00,18.100,-1.836,-5.726,12.374,16.264,0.00,0.00,0.00,0.00,0.00,0.00,0.00,0.00,0.00,0.00,0.00,0.00,0.00,0.00,0.00,0.00,0.00
20650,DL:0.1.0:AT.1.0.0,2022-3-4 15:57:26,43.75,0.00,0.00,18.089,-1.826,-5.716,12.373,16.263,0.00,0.00,0.00,0.00,0.00,0.00,0.00,0.00,0.00,0.00,0.00,0.00,0.00,0.00,0.00,0.00,0.00
20650,DL:0.1.0:AT.1.0.0,2022-3-4 15:57:31,43.75,0.00,0.00,18.115,-1.852,-5.740,12.374,16.263,0.00,0.00,0.00,0.00,0.00,0.00,0.00,0.00,0.00,0.00,0.00,0.00,0.00,0.00,0.00,0.00,0.00
20650,DL:0.1.0:AT.1.0.0,2022-3-4 15:57:36,43.75,0.00,0.00,18.123,-1.859,-5.749,12.374,16.264,0.00,0.00,0.00,0.00,0.00,0.00,0.00,0.00,0.00,0.00,0.00,0.00,0.00,0.00,0.00,0.00,0.00
20650,DL:0.1.0:AT.1.0.0,2022-3-4 15:57:41,43.75,0.00,0.00,18.095,-1.832,-5.720,12.376,16.263,0.00,0.00,0.00,0.00,0.00,0.00,0.00,0.00,0.00,0.00,0.00,0.00,0.00,0.00,0.00,0.00,0.00
20650,DL:0.1.0:AT.1.0.0,2022-3-4 15:57:46,43.75,0.00,0.00,18.111,-1.848,-5.735,12.376,16.263,0.00,0.00,0.00,0.00,0.00,0.00,0.00,0.00,0.00,0.00,0.00,0.00,0.00,0.00,0.00,0.00,0.00
20650,DL:0.1.0:AT.1.0.0,2022-3-4 15:57:51,43.75,0.00,0.00,18.131,-1.869,-5.756,12.376,16.263,0.00,0.00,0.00,0.00,0.00,0.00,0.00,0.00,0.00,0.00,0.00,0.00,0.00,0.00,0.00,0.00,0.00
20650,DL:0.1.0:AT.1.0.0,2022-3-4 15:57:56,43.75,0.00,0.00,18.123,-1.860,-5.747,12.376,16.263,0.00,0.00,0.00,0.00,0.00,0.00,0.00,0.00,0.00,0.00,0.00,0.00,0.00,0.00,0.00,0.00,0.00
20650,DL:0.1.0:AT.1.0.0,2022-3-4 15:58:1,43.75,0.00,0.00,18.123,-1.860,-5.747,12.376,16.263,0.00,0.00,0.00,0.00,0.00,0.00,0.00,0.00,0.00,0.00,0.00,0.00,0.00,0.00,0.00,0.00,0.00
20650,DL:0.1.0:AT.1.0.0,2022-3-4 15:58:6,43.75,0.00,0.00,18.111,-1.848,-5.735,12.376,16.263,0.00,0.00,0.00,0.00,0.00,0.00,0.00,0.00,0.00,0.00,0.00,0.00,0.00,0.00,0.00,0.00,0.00
20650,DL:0.1.0:AT.1.0.0,2022-3-4 15:58:11,43.75,0.00,0.00,18.103,-1.836,-5.726,12.377,16.267,0.00,0.00,0.00,0.00,0.00,0.00,0.00,0.00,0.00,0.00,0.00,0.00,0.00,0.00,0.00,0.00,0.00
20650,DL:0.1.0:AT.1.0.0,2022-3-4 15:58:16,43.75,0.00,0.00,18.110,-1.845,-5.734,12.376,16.265,0.00,0.00,0.00,0.00,0.00,0.00,0.00,0.00,0.00,0.00,0.00,0.00,0.00,0.00,0.00,0.00,0.00
20650,DL:0.1.0:AT.1.0.0,2022-3-4 15:58:21,43.75,0.00,0.00,18.100,-1.835,-5.723,12.377,16.265,0.00,0.00,0.00,0.00,0.00,0.00,0.00,0.00,0.00,0.00,0.00,0.00,0.00,0.00,0.00,0.00,0.00
20650,DL:0.1.0:AT.1.0.0,2022-3-4 15:58:26,43.75,0.00,0.00,18.103,-1.837,-5.726,12.377,16.265,0.00,0.00,0.00,0.00,0.00,0.00,0.00,0.00,0.00,0.00,0.00,0.00,0.00,0.00,0.00,0.00,0.00
20650,DL:0.1.0:AT.1.0.0,2022-3-4 15:58:31,43.75,0.00,0.00,18.117,-1.853,-5.741,12.376,16.264,0.00,0.00,0.00,0.00,0.00,0.00,0.00,0.00,0.00,0.00,0.00,0.00,0.00,0.00,0.00,0.00,0.00
20650,DL:0.1.0:AT.1.0.0,2022-3-4 15:58:36,43.75,0.00,0.00,18.128,-1.864,-5.752,12.376,16.264,0.00,0.00,0.00,0.00,0.00,0.00,0.00,0.00,0.00,0.00,0.00,0.00,0.00,0.00,0.00,0.00,0.00
20650,DL:0.1.0:AT.1.0.0,2022-3-4 15:58:41,43.75,0.00,0.00,18.103,-1.840,-5.726,12.377,16.263,0.00,0.00,0.00,0.00,0.00,0.00,0.00,0.00,0.00,0.00,0.00,0.00,0.00,0.00,0.00,0.00,0.00
20650,DL:0.1.0:AT.1.0.0,2022-3-4 15:58:46,43.75,0.00,0.00,18.136,-1.873,-5.761,12.376,16.263,0.00,0.00,0.00,0.00,0.00,0.00,0.00,0.00,0.00,0.00,0.00,0.00,0.00,0.00,0.00,0.00,0.00
20650,DL:0.1.0:AT.1.0.0,2022-3-4 15:58:51,43.75,0.00,0.00,18.127,-1.864,-5.751,12.376,16.263,0.00,0.00,0.00,0.00,0.00,0.00,0.00,0.00,0.00,0.00,0.00,0.00,0.00,0.00,0.00,0.00,0.00
20650,DL:0.1.0:AT.1.0.0,2022-3-4 15:58:56,43.75,0.00,0.00,18.113,-1.851,-5.738,12.376,16.263,0.00,0.00,0.00,0.00,0.00,0.00,0.00,0.00,0.00,0.00,0.00,0.00,0.00,0.00,0.00,0.00,0.00
20650,DL:0.1.0:AT.1.0.0,2022-3-4 15:59:1,43.75,0.00,0.00,18.115,-1.853,-5.738,12.377,16.262,0.00,0.00,0.00,0.00,0.00,0.00,0.00,0.00,0.00,0.00,0.00,0.00,0.00,0.00,0.00,0.00,0.00
20650,DL:0.1.0:AT.1.0.0,2022-3-4 15:59:7,43.75,0.00,0.00,18.101,-1.839,-5.726,12.376,16.263,0.00,0.00,0.00,0.00,0.00,0.00,0.00,0.00,0.00,0.00,0.00,0.00,0.00,0.00,0.00,0.00,0.00
20650,DL:0.1.0:AT.1.0.0,2022-3-4 15:59:12,43.75,0.00,0.00,18.142,-1.881,-5.765,12.377,16.262,0.00,0.00,0.00,0.00,0.00,0.00,0.00,0.00,0.00,0.00,0.00,0.00,0.00,0.00,0.00,0.00,0.00
20650,DL:0.1.0:AT.1.0.0,2022-3-4 15:59:17,43.75,0.00,0.00,18.155,-1.894,-5.779,12.377,16.262,0.00,0.00,0.00,0.00,0.00,0.00,0.00,0.00,0.00,0.00,0.00,0.00,0.00,0.00,0.00,0.00,0.00
20650,DL:0.1.0:AT.1.0.0,2022-3-4 15:59:22,43.75,0.00,0.00,18.143,-1.883,-5.767,12.377,16.261,0.00,0.00,0.00,0.00,0.00,0.00,0.00,0.00,0.00,0.00,0.00,0.00,0.00,0.00,0.00,0.00,0.00
20650,DL:0.1.0:AT.1.0.0,2022-3-4 15:59:27,43.75,0.00,0.00,18.146,-1.885,-5.769,12.377,16.261,0.00,0.00,0.00,0.00,0.00,0.00,0.00,0.00,0.00,0.00,0.00,0.00,0.00,0.00,0.00,0.00,0.00
20650,DL:0.1.0:AT.1.0.0,2022-3-4 15:59:32,43.75,0.00,0.00,18.158,-1.897,-5.781,12.377,16.261,0.00,0.00,0.00,0.00,0.00,0.00,0.00,0.00,0.00,0.00,0.00,0.00,0.00,0.00,0.00,0.00,0.00
20650,DL:0.1.0:AT.1.0.0,2022-3-4 15:59:37,43.75,0.00,0.00,18.113,-1.853,-5.737,12.377,16.261,0.00,0.00,0.00,0.00,0.00,0.00,0.00,0.00,0.00,0.00,0.00,0.00,0.00,0.00,0.00,0.00,0.00
20650,DL:0.1.0:AT.1.0.0,2022-3-4 15:59:42,43.75,0.00,0.00,18.130,-1.870,-5.753,12.377,16.261,0.00,0.00,0.00,0.00,0.00,0.00,0.00,0.00,0.00,0.00,0.00,0.00,0.00,0.00,0.00,0.00,0.00
20650,DL:0.1.0:AT.1.0.0,2022-3-4 15:59:47,43.75,0.00,0.00,18.146,-1.885,-5.768,12.378,16.261,0.00,0.00,0.00,0.00,0.00,0.00,0.00,0.00,0.00,0.00,0.00,0.00,0.00,0.00,0.00,0.00,0.00
20650,DL:0.1.0:AT.1.0.0,2022-3-4 15:59:52,43.75,0.00,0.00,18.146,-1.885,-5.768,12.378,16.261,0.00,0.00,0.00,0.00,0.00,0.00,0.00,0.00,0.00,0.00,0.00,0.00,0.00,0.00,0.00,0.00,0.00
20650,DL:0.1.0:AT.1.0.0,2022-3-4 15:59:57,43.75,0.00,0.00,18.146,-1.887,-5.768,12.378,16.259,0.00,0.00,0.00,0.00,0.00,0.00,0.00,0.00,0.00,0.00,0.00,0.00,0.00,0.00,0.00,0.00,0.00
20650,DL:0.1.0:AT.1.0.0,2022-3-4 16:0:2,43.75,0.00,0.00,18.141,-1.883,-5.763,12.378,16.258,0.00,0.00,0.00,0.00,0.00,0.00,0.00,0.00,0.00,0.00,0.00,0.00,0.00,0.00,0.00,0.00,0.00
20650,DL:0.1.0:AT.1.0.0,2022-3-4 16:0:7,43.75,0.00,0.00,18.183,-1.924,-5.806,12.377,16.259,0.00,0.00,0.00,0.00,0.00,0.00,0.00,0.00,0.00,0.00,0.00,0.00,0.00,0.00,0.00,0.00,0.00
20650,DL:0.1.0:AT.1.0.0,2022-3-4 16:0:12,43.75,0.00,0.00,18.161,-1.905,-5.782,12.379,16.257,0.00,0.00,0.00,0.00,0.00,0.00,0.00,0.00,0.00,0.00,0.00,0.00,0.00,0.00,0.00,0.00,0.00
20650,DL:0.1.0:AT.1.0.0,2022-3-4 16:0:17,43.75,0.00,0.00,18.151,-1.894,-5.767,12.384,16.257,0.00,0.00,0.00,0.00,0.00,0.00,0.00,0.00,0.00,0.00,0.00,0.00,0.00,0.00,0.00,0.00,0.00
20650,DL:0.1.0:AT.1.0.0,2022-3-4 16:0:22,43.75,0.00,0.00,18.153,-1.896,-5.765,12.388,16.257,0.00,0.00,0.00,0.00,0.00,0.00,0.00,0.00,0.00,0.00,0.00,0.00,0.00,0.00,0.00,0.00,0.00
20650,DL:0.1.0:AT.1.0.0,2022-3-4 16:0:27,43.75,0.00,0.00,18.164,-1.908,-5.775,12.389,16.256,0.00,0.00,0.00,0.00,0.00,0.00,0.00,0.00,0.00,0.00,0.00,0.00,0.00,0.00,0.00,0.00,0.00
20650,DL:0.1.0:AT.1.0.0,2022-3-4 16:0:32,43.75,0.00,0.00,18.143,-1.887,-5.755,12.389,16.257,0.00,0.00,0.00,0.00,0.00,0.00,0.00,0.00,0.00,0.00,0.00,0.00,0.00,0.00,0.00,0.00,0.00
20650,DL:0.1.0:AT.1.0.0,2022-3-4 16:0:37,43.75,0.00,0.00,18.127,-1.871,-5.738,12.389,16.256,0.00,0.00,0.00,0.00,0.00,0.00,0.00,0.00,0.00,0.00,0.00,0.00,0.00,0.00,0.00,0.00,0.00
20650,DL:0.1.0:AT.1.0.0,2022-3-4 16:0:42,43.75,0.00,0.00,18.122,-1.867,-5.732,12.390,16.255,0.00,0.00,0.00,0.00,0.00,0.00,0.00,0.00,0.00,0.00,0.00,0.00,0.00,0.00,0.00,0.00,0.00
20650,DL:0.1.0:AT.1.0.0,2022-3-4 16:0:47,43.75,0.00,0.00,18.143,-1.889,-5.755,12.389,16.255,0.00,0.00,0.00,0.00,0.00,0.00,0.00,0.00,0.00,0.00,0.00,0.00,0.00,0.00,0.00,0.00,0.00
20650,DL:0.1.0:AT.1.0.0,2022-3-4 16:0:52,43.75,0.00,0.00,18.140,-1.887,-5.751,12.389,16.253,0.00,0.00,0.00,0.00,0.00,0.00,0.00,0.00,0.00,0.00,0.00,0.00,0.00,0.00,0.00,0.00,0.00
20650,DL:0.1.0:AT.1.0.0,2022-3-4 16:0:57,43.75,0.00,0.00,18.177,-1.924,-5.788,12.389,16.253,0.00,0.00,0.00,0.00,0.00,0.00,0.00,0.00,0.00,0.00,0.00,0.00,0.00,0.00,0.00,0.00,0.00
20650,DL:0.1.0:AT.1.0.0,2022-3-4 16:1:2,43.75,0.00,0.00,18.141,-1.883,-5.752,12.389,16.258,0.00,0.00,0.00,0.00,0.00,0.00,0.00,0.00,0.00,0.00,0.00,0.00,0.00,0.00,0.00,0.00,0.00
20650,DL:0.1.0:AT.1.0.0,2022-3-4 16:1:7,43.75,0.00,0.00,18.154,-1.896,-5.765,12.389,16.258,0.00,0.00,0.00,0.00,0.00,0.00,0.00,0.00,0.00,0.00,0.00,0.00,0.00,0.00,0.00,0.00,0.00
20650,DL:0.1.0:AT.1.0.0,2022-3-4 16:1:12,43.75,0.00,0.00,18.135,-1.878,-5.745,12.390,16.257,0.00,0.00,0.00,0.00,0.00,0.00,0.00,0.00,0.00,0.00,0.00,0.00,0.00,0.00,0.00,0.00,0.00
20650,DL:0.1.0:AT.1.0.0,2022-3-4 16:1:17,43.75,0.00,0.00,18.122,-1.865,-5.732,12.390,16.257,0.00,0.00,0.00,0.00,0.00,0.00,0.00,0.00,0.00,0.00,0.00,0.00,0.00,0.00,0.00,0.00,0.00
20650,DL:0.1.0:AT.1.0.0,2022-3-4 16:1:22,43.75,0.00,0.00,18.128,-1.871,-5.738,12.390,16.257,0.00,0.00,0.00,0.00,0.00,0.00,0.00,0.00,0.00,0.00,0.00,0.00,0.00,0.00,0.00,0.00,0.00
20650,DL:0.1.0:AT.1.0.0,2022-3-4 16:1:27,43.75,0.00,0.00,18.115,-1.859,-5.725,12.390,16.256,0.00,0.00,0.00,0.00,0.00,0.00,0.00,0.00,0.00,0.00,0.00,0.00,0.00,0.00,0.00,0.00,0.00
20650,DL:0.1.0:AT.1.0.0,2022-3-4 16:1:32,43.75,0.00,0.00,18.103,-1.847,-5.711,12.391,16.256,0.00,0.00,0.00,0.00,0.00,0.00,0.00,0.00,0.00,0.00,0.00,0.00,0.00,0.00,0.00,0.00,0.00
20650,DL:0.1.0:AT.1.0.0,2022-3-4 16:1:37,43.75,0.00,0.00,18.100,-1.846,-5.709,12.391,16.255,0.00,0.00,0.00,0.00,0.00,0.00,0.00,0.00,0.00,0.00,0.00,0.00,0.00,0.00,0.00,0.00,0.00
20650,DL:0.1.0:AT.1.0.0,2022-3-4 16:1:42,43.75,0.00,0.00,18.119,-1.865,-5.728,12.391,16.255,0.00,0.00,0.00,0.00,0.00,0.00,0.00,0.00,0.00,0.00,0.00,0.00,0.00,0.00,0.00,0.00,0.00
20650,DL:0.1.0:AT.1.0.0,2022-3-4 16:1:47,43.75,0.00,0.00,18.122,-1.869,-5.731,12.391,16.253,0.00,0.00,0.00,0.00,0.00,0.00,0.00,0.00,0.00,0.00,0.00,0.00,0.00,0.00,0.00,0.00,0.00
20650,DL:0.1.0:AT.1.0.0,2022-3-4 16:1:52,43.75,0.00,0.00,18.136,-1.883,-5.746,12.390,16.253,0.00,0.00,0.00,0.00,0.00,0.00,0.00,0.00,0.00,0.00,0.00,0.00,0.00,0.00,0.00,0.00,0.00
20650,DL:0.1.0:AT.1.0.0,2022-3-4 16:1:57,43.75,0.00,0.00,18.139,-1.887,-5.749,12.390,16.252,0.00,0.00,0.00,0.00,0.00,0.00,0.00,0.00,0.00,0.00,0.00,0.00,0.00,0.00,0.00,0.00,0.00
20650,DL:0.1.0:AT.1.0.0,2022-3-4 16:2:2,43.75,0.00,0.00,18.153,-1.901,-5.762,12.391,16.252,0.00,0.00,0.00,0.00,0.00,0.00,0.00,0.00,0.00,0.00,0.00,0.00,0.00,0.00,0.00,0.00,0.00
20650,DL:0.1.0:AT.1.0.0,2022-3-4 16:2:7,43.75,0.00,0.00,18.106,-1.857,-5.715,12.391,16.250,0.00,0.00,0.00,0.00,0.00,0.00,0.00,0.00,0.00,0.00,0.00,0.00,0.00,0.00,0.00,0.00,0.00
20650,DL:0.1.0:AT.1.0.0,2022-3-4 16:2:12,43.75,0.00,0.00,18.160,-1.911,-5.769,12.391,16.250,0.00,0.00,0.00,0.00,0.00,0.00,0.00,0.00,0.00,0.00,0.00,0.00,0.00,0.00,0.00,0.00,0.00
20650,DL:0.1.0:AT.1.0.0,2022-3-4 16:2:17,43.75,0.00,0.00,18.151,-1.902,-5.759,12.391,16.248,0.00,0.00,0.00,0.00,0.00,0.00,0.00,0.00,0.00,0.00,0.00,0.00,0.00,0.00,0.00,0.00,0.00
20650,DL:0.1.0:AT.1.0.0,2022-3-4 16:2:22,43.75,0.00,0.00,18.123,-1.876,-5.732,12.391,16.247,0.00,0.00,0.00,0.00,0.00,0.00,0.00,0.00,0.00,0.00,0.00,0.00,0.00,0.00,0.00,0.00,0.00
20650,DL:0.1.0:AT.1.0.0,2022-3-4 16:2:27,43.75,0.00,0.00,18.143,-1.897,-5.752,12.391,16.246,0.00,0.00,0.00,0.00,0.00,0.00,0.00,0.00,0.00,0.00,0.00,0.00,0.00,0.00,0.00,0.00,0.00
20650,DL:0.1.0:AT.1.0.0,2022-3-4 16:2:32,43.75,0.00,0.00,18.147,-1.902,-5.755,12.392,16.245,0.00,0.00,0.00,0.00,0.00,0.00,0.00,0.00,0.00,0.00,0.00,0.00,0.00,0.00,0.00,0.00,0.00
20650,DL:0.1.0:AT.1.0.0,2022-3-4 16:2:37,43.75,0.00,0.00,18.124,-1.879,-5.732,12.392,16.245,0.00,0.00,0.00,0.00,0.00,0.00,0.00,0.00,0.00,0.00,0.00,0.00,0.00,0.00,0.00,0.00,0.00
20650,DL:0.1.0:AT.1.0.0,2022-3-4 16:2:42,43.75,0.00,0.00,18.127,-1.884,-5.734,12.392,16.242,0.00,0.00,0.00,0.00,0.00,0.00,0.00,0.00,0.00,0.00,0.00,0.00,0.00,0.00,0.00,0.00,0.00
20650,DL:0.1.0:AT.1.0.0,2022-3-4 16:2:47,43.75,0.00,0.00,18.124,-1.883,-5.732,12.392,16.241,0.00,0.00,0.00,0.00,0.00,0.00,0.00,0.00,0.00,0.00,0.00,0.00,0.00,0.00,0.00,0.00,0.00
20650,DL:0.1.0:AT.1.0.0,2022-3-4 16:2:52,43.75,0.00,0.00,18.110,-1.870,-5.719,12.391,16.240,0.00,0.00,0.00,0.00,0.00,0.00,0.00,0.00,0.00,0.00,0.00,0.00,0.00,0.00,0.00,0.00,0.00
20650,DL:0.1.0:AT.1.0.0,2022-3-4 16:2:57,43.75,0.00,0.00,18.131,-1.893,-5.740,12.391,16.239,0.00,0.00,0.00,0.00,0.00,0.00,0.00,0.00,0.00,0.00,0.00,0.00,0.00,0.00,0.00,0.00,0.00
20650,DL:0.1.0:AT.1.0.0,2022-3-4 16:3:2,43.75,0.00,0.00,18.152,-1.913,-5.762,12.390,16.239,0.00,0.00,0.00,0.00,0.00,0.00,0.00,0.00,0.00,0.00,0.00,0.00,0.00,0.00,0.00,0.00,0.00
20650,DL:0.1.0:AT.1.0.0,2022-3-4 16:3:7,43.75,0.00,0.00,18.131,-1.895,-5.740,12.391,16.236,0.00,0.00,0.00,0.00,0.00,0.00,0.00,0.00,0.00,0.00,0.00,0.00,0.00,0.00,0.00,0.00,0.00
20650,DL:0.1.0:AT.1.0.0,2022-3-4 16:3:12,43.75,0.00,0.00,18.106,-1.870,-5.714,12.392,16.236,0.00,0.00,0.00,0.00,0.00,0.00,0.00,0.00,0.00,0.00,0.00,0.00,0.00,0.00,0.00,0.00,0.00
20650,DL:0.1.0:AT.1.0.0,2022-3-4 16:3:17,43.75,0.00,0.00,18.141,-1.906,-5.749,12.392,16.235,0.00,0.00,0.00,0.00,0.00,0.00,0.00,0.00,0.00,0.00,0.00,0.00,0.00,0.00,0.00,0.00,0.00
20650,DL:0.1.0:AT.1.0.0,2022-3-4 16:3:22,43.75,0.00,0.00,18.125,-1.893,-5.734,12.391,16.233,0.00,0.00,0.00,0.00,0.00,0.00,0.00,0.00,0.00,0.00,0.00,0.00,0.00,0.00,0.00,0.00,0.00
20650,DL:0.1.0:AT.1.0.0,2022-3-4 16:3:27,43.75,0.00,0.00,18.139,-1.902,-5.747,12.391,16.236,0.00,0.00,0.00,0.00,0.00,0.00,0.00,0.00,0.00,0.00,0.00,0.00,0.00,0.00,0.00,0.00,0.00
20650,DL:0.1.0:AT.1.0.0,2022-3-4 16:3:32,43.75,0.00,0.00,18.119,-1.884,-5.728,12.391,16.235,0.00,0.00,0.00,0.00,0.00,0.00,0.00,0.00,0.00,0.00,0.00,0.00,0.00,0.00,0.00,0.00,0.00
20650,DL:0.1.0:AT.1.0.0,2022-3-4 16:3:37,43.75,0.00,0.00,18.122,-1.887,-5.732,12.390,16.235,0.00,0.00,0.00,0.00,0.00,0.00,0.00,0.00,0.00,0.00,0.00,0.00,0.00,0.00,0.00,0.00,0.00
20650,DL:0.1.0:AT.1.0.0,2022-3-4 16:3:42,43.75,0.00,0.00,18.113,-1.879,-5.723,12.390,16.234,0.00,0.00,0.00,0.00,0.00,0.00,0.00,0.00,0.00,0.00,0.00,0.00,0.00,0.00,0.00,0.00,0.00
20650,DL:0.1.0:AT.1.0.0,2022-3-4 16:3:47,43.75,0.00,0.00,18.117,-1.883,-5.727,12.390,16.234,0.00,0.00,0.00,0.00,0.00,0.00,0.00,0.00,0.00,0.00,0.00,0.00,0.00,0.00,0.00,0.00,0.00
20650,DL:0.1.0:AT.1.0.0,2022-3-4 16:3:52,43.75,0.00,0.00,18.134,-1.901,-5.744,12.390,16.233,0.00,0.00,0.00,0.00,0.00,0.00,0.00,0.00,0.00,0.00,0.00,0.00,0.00,0.00,0.00,0.00,0.00
20650,DL:0.1.0:AT.1.0.0,2022-3-4 16:3:57,43.75,0.00,0.00,18.118,-1.887,-5.727,12.391,16.232,0.00,0.00,0.00,0.00,0.00,0.00,0.00,0.00,0.00,0.00,0.00,0.00,0.00,0.00,0.00,0.00,0.00
20650,DL:0.1.0:AT.1.0.0,2022-3-4 16:4:2,43.75,0.00,0.00,18.104,-1.873,-5.714,12.390,16.230,0.00,0.00,0.00,0.00,0.00,0.00,0.00,0.00,0.00,0.00,0.00,0.00,0.00,0.00,0.00,0.00,0.00
20650,DL:0.1.0:AT.1.0.0,2022-3-4 16:4:7,43.75,0.00,0.00,18.123,-1.893,-5.733,12.390,16.230,0.00,0.00,0.00,0.00,0.00,0.00,0.00,0.00,0.00,0.00,0.00,0.00,0.00,0.00,0.00,0.00,0.00
20650,DL:0.1.0:AT.1.0.0,2022-3-4 16:4:12,43.75,0.00,0.00,18.113,-1.884,-5.723,12.390,16.229,0.00,0.00,0.00,0.00,0.00,0.00,0.00,0.00,0.00,0.00,0.00,0.00,0.00,0.00,0.00,0.00,0.00
20650,DL:0.1.0:AT.1.0.0,2022-3-4 16:4:17,43.75,0.00,0.00,18.139,-1.911,-5.750,12.389,16.228,0.00,0.00,0.00,0.00,0.00,0.00,0.00,0.00,0.00,0.00,0.00,0.00,0.00,0.00,0.00,0.00,0.00
20650,DL:0.1.0:AT.1.0.0,2022-3-4 16:4:22,43.75,0.00,0.00,18.119,-1.891,-5.729,12.390,16.228,0.00,0.00,0.00,0.00,0.00,0.00,0.00,0.00,0.00,0.00,0.00,0.00,0.00,0.00,0.00,0.00,0.00
20650,DL:0.1.0:AT.1.0.0,2022-3-4 16:4:27,43.75,0.00,0.00,18.128,-1.901,-5.739,12.389,16.227,0.00,0.00,0.00,0.00,0.00,0.00,0.00,0.00,0.00,0.00,0.00,0.00,0.00,0.00,0.00,0.00,0.00
20650,DL:0.1.0:AT.1.0.0,2022-3-4 16:4:32,43.75,0.00,0.00,18.124,-1.897,-5.735,12.389,16.227,0.00,0.00,0.00,0.00,0.00,0.00,0.00,0.00,0.00,0.00,0.00,0.00,0.00,0.00,0.00,0.00,0.00
20650,DL:0.1.0:AT.1.0.0,2022-3-4 16:4:37,43.75,0.00,0.00,18.137,-1.912,-5.747,12.390,16.226,0.00,0.00,0.00,0.00,0.00,0.00,0.00,0.00,0.00,0.00,0.00,0.00,0.00,0.00,0.00,0.00,0.00
20650,DL:0.1.0:AT.1.0.0,2022-3-4 16:4:42,43.75,0.00,0.00,18.115,-1.890,-5.726,12.389,16.224,0.00,0.00,0.00,0.00,0.00,0.00,0.00,0.00,0.00,0.00,0.00,0.00,0.00,0.00,0.00,0.00,0.00
20650,DL:0.1.0:AT.1.0.0,2022-3-4 16:4:47,43.75,0.00,0.00,18.139,-1.915,-5.750,12.389,16.223,0.00,0.00,0.00,0.00,0.00,0.00,0.00,0.00,0.00,0.00,0.00,0.00,0.00,0.00,0.00,0.00,0.00
20650,DL:0.1.0:AT.1.0.0,2022-3-4 16:4:52,43.75,0.00,0.00,18.079,-1.855,-5.690,12.389,16.223,0.00,0.00,0.00,0.00,0.00,0.00,0.00,0.00,0.00,0.00,0.00,0.00,0.00,0.00,0.00,0.00,0.00
20650,DL:0.1.0:AT.1.0.0,2022-3-4 16:4:57,43.75,0.00,0.00,18.087,-1.865,-5.698,12.389,16.222,0.00,0.00,0.00,0.00,0.00,0.00,0.00,0.00,0.00,0.00,0.00,0.00,0.00,0.00,0.00,0.00,0.00
20650,DL:0.1.0:AT.1.0.0,2022-3-4 16:5:2,43.75,0.00,0.00,18.077,-1.857,-5.689,12.389,16.221,0.00,0.00,0.00,0.00,0.00,0.00,0.00,0.00,0.00,0.00,0.00,0.00,0.00,0.00,0.00,0.00,0.00
20650,DL:0.1.0:AT.1.0.0,2022-3-4 16:5:7,43.75,0.00,0.00,18.105,-1.884,-5.716,12.389,16.221,0.00,0.00,0.00,0.00,0.00,0.00,0.00,0.00,0.00,0.00,0.00,0.00,0.00,0.00,0.00,0.00,0.00
20650,DL:0.1.0:AT.1.0.0,2022-3-4 16:5:12,43.75,0.00,0.00,18.116,-1.896,-5.727,12.389,16.220,0.00,0.00,0.00,0.00,0.00,0.00,0.00,0.00,0.00,0.00,0.00,0.00,0.00,0.00,0.00,0.00,0.00
20650,DL:0.1.0:AT.1.0.0,2022-3-4 16:5:17,43.75,0.00,0.00,18.103,-1.884,-5.714,12.389,16.218,0.00,0.00,0.00,0.00,0.00,0.00,0.00,0.00,0.00,0.00,0.00,0.00,0.00,0.00,0.00,0.00,0.00
20650,DL:0.1.0:AT.1.0.0,2022-3-4 16:5:22,43.75,0.00,0.00,18.105,-1.888,-5.716,12.389,16.217,0.00,0.00,0.00,0.00,0.00,0.00,0.00,0.00,0.00,0.00,0.00,0.00,0.00,0.00,0.00,0.00,0.00
20650,DL:0.1.0:AT.1.0.0,2022-3-4 16:5:27,43.75,0.00,0.00,18.130,-1.914,-5.741,12.389,16.216,0.00,0.00,0.00,0.00,0.00,0.00,0.00,0.00,0.00,0.00,0.00,0.00,0.00,0.00,0.00,0.00,0.00
20650,DL:0.1.0:AT.1.0.0,2022-3-4 16:5:32,43.75,0.00,0.00,18.154,-1.939,-5.765,12.389,16.215,0.00,0.00,0.00,0.00,0.00,0.00,0.00,0.00,0.00,0.00,0.00,0.00,0.00,0.00,0.00,0.00,0.00
20650,DL:0.1.0:AT.1.0.0,2022-3-4 16:5:37,43.75,0.00,0.00,18.104,-1.890,-5.714,12.390,16.214,0.00,0.00,0.00,0.00,0.00,0.00,0.00,0.00,0.00,0.00,0.00,0.00,0.00,0.00,0.00,0.00,0.00
20650,DL:0.1.0:AT.1.0.0,2022-3-4 16:5:42,43.75,0.00,0.00,18.122,-1.908,-5.733,12.389,16.214,0.00,0.00,0.00,0.00,0.00,0.00,0.00,0.00,0.00,0.00,0.00,0.00,0.00,0.00,0.00,0.00,0.00
20650,DL:0.1.0:AT.1.0.0,2022-3-4 16:5:47,43.75,0.00,0.00,18.116,-1.902,-5.726,12.390,16.214,0.00,0.00,0.00,0.00,0.00,0.00,0.00,0.00,0.00,0.00,0.00,0.00,0.00,0.00,0.00,0.00,0.00
20650,DL:0.1.0:AT.1.0.0,2022-3-4 16:5:52,43.75,0.00,0.00,18.134,-1.921,-5.744,12.390,16.212,0.00,0.00,0.00,0.00,0.00,0.00,0.00,0.00,0.00,0.00,0.00,0.00,0.00,0.00,0.00,0.00,0.00
20650,DL:0.1.0:AT.1.0.0,2022-3-4 16:5:57,43.75,0.00,0.00,18.135,-1.924,-5.746,12.389,16.211,0.00,0.00,0.00,0.00,0.00,0.00,0.00,0.00,0.00,0.00,0.00,0.00,0.00,0.00,0.00,0.00,0.00
20650,DL:0.1.0:AT.1.0.0,2022-3-4 16:6:2,43.75,0.00,0.00,18.133,-1.919,-5.743,12.390,16.214,0.00,0.00,0.00,0.00,0.00,0.00,0.00,0.00,0.00,0.00,0.00,0.00,0.00,0.00,0.00,0.00,0.00
20650,DL:0.1.0:AT.1.0.0,2022-3-4 16:6:7,43.75,0.00,0.00,18.135,-1.923,-5.745,12.390,16.212,0.00,0.00,0.00,0.00,0.00,0.00,0.00,0.00,0.00,0.00,0.00,0.00,0.00,0.00,0.00,0.00,0.00
20650,DL:0.1.0:AT.1.0.0,2022-3-4 16:6:12,43.75,0.00,0.00,18.112,-1.902,-5.722,12.390,16.210,0.00,0.00,0.00,0.00,0.00,0.00,0.00,0.00,0.00,0.00,0.00,0.00,0.00,0.00,0.00,0.00,0.00
20650,DL:0.1.0:AT.1.0.0,2022-3-4 16:6:17,43.75,0.00,0.00,18.121,-1.911,-5.729,12.391,16.210,0.00,0.00,0.00,0.00,0.00,0.00,0.00,0.00,0.00,0.00,0.00,0.00,0.00,0.00,0.00,0.00,0.00
20650,DL:0.1.0:AT.1.0.0,2022-3-4 16:6:22,43.75,0.00,0.00,18.098,-1.889,-5.707,12.391,16.209,0.00,0.00,0.00,0.00,0.00,0.00,0.00,0.00,0.00,0.00,0.00,0.00,0.00,0.00,0.00,0.00,0.00
20650,DL:0.1.0:AT.1.0.0,2022-3-4 16:6:27,43.75,0.00,0.00,18.141,-1.932,-5.751,12.390,16.209,0.00,0.00,0.00,0.00,0.00,0.00,0.00,0.00,0.00,0.00,0.00,0.00,0.00,0.00,0.00,0.00,0.00
20650,DL:0.1.0:AT.1.0.0,2022-3-4 16:6:32,43.75,0.00,0.00,18.105,-1.897,-5.714,12.391,16.208,0.00,0.00,0.00,0.00,0.00,0.00,0.00,0.00,0.00,0.00,0.00,0.00,0.00,0.00,0.00,0.00,0.00
20650,DL:0.1.0:AT.1.0.0,2022-3-4 16:6:37,43.75,0.00,0.00,18.094,-1.888,-5.703,12.391,16.206,0.00,0.00,0.00,0.00,0.00,0.00,0.00,0.00,0.00,0.00,0.00,0.00,0.00,0.00,0.00,0.00,0.00
20650,DL:0.1.0:AT.1.0.0,2022-3-4 16:6:42,43.75,0.00,0.00,18.121,-1.914,-5.731,12.390,16.206,0.00,0.00,0.00,0.00,0.00,0.00,0.00,0.00,0.00,0.00,0.00,0.00,0.00,0.00,0.00,0.00,0.00
20650,DL:0.1.0:AT.1.0.0,2022-3-4 16:6:47,43.75,0.00,0.00,18.104,-1.899,-5.713,12.391,16.205,0.00,0.00,0.00,0.00,0.00,0.00,0.00,0.00,0.00,0.00,0.00,0.00,0.00,0.00,0.00,0.00,0.00
20650,DL:0.1.0:AT.1.0.0,2022-3-4 16:6:52,43.75,0.00,0.00,18.115,-1.911,-5.725,12.390,16.204,0.00,0.00,0.00,0.00,0.00,0.00,0.00,0.00,0.00,0.00,0.00,0.00,0.00,0.00,0.00,0.00,0.00
20650,DL:0.1.0:AT.1.0.0,2022-3-4 16:6:57,43.75,0.00,0.00,18.094,-1.891,-5.704,12.390,16.203,0.00,0.00,0.00,0.00,0.00,0.00,0.00,0.00,0.00,0.00,0.00,0.00,0.00,0.00,0.00,0.00,0.00
20650,DL:0.1.0:AT.1.0.0,2022-3-4 16:7:2,43.75,0.00,0.00,18.123,-1.921,-5.733,12.390,16.202,0.00,0.00,0.00,0.00,0.00,0.00,0.00,0.00,0.00,0.00,0.00,0.00,0.00,0.00,0.00,0.00,0.00
20650,DL:0.1.0:AT.1.0.0,2022-3-4 16:7:7,43.75,0.00,0.00,18.125,-1.925,-5.737,12.389,16.200,0.00,0.00,0.00,0.00,0.00,0.00,0.00,0.00,0.00,0.00,0.00,0.00,0.00,0.00,0.00,0.00,0.00
20650,DL:0.1.0:AT.1.0.0,2022-3-4 16:7:12,43.75,0.00,0.00,18.088,-1.889,-5.699,12.389,16.199,0.00,0.00,0.00,0.00,0.00,0.00,0.00,0.00,0.00,0.00,0.00,0.00,0.00,0.00,0.00,0.00,0.00
20650,DL:0.1.0:AT.1.0.0,2022-3-4 16:7:17,43.75,0.00,0.00,18.117,-1.918,-5.728,12.389,16.199,0.00,0.00,0.00,0.00,0.00,0.00,0.00,0.00,0.00,0.00,0.00,0.00,0.00,0.00,0.00,0.00,0.00
20650,DL:0.1.0:AT.1.0.0,2022-3-4 16:7:22,43.75,0.00,0.00,18.097,-1.899,-5.708,12.389,16.198,0.00,0.00,0.00,0.00,0.00,0.00,0.00,0.00,0.00,0.00,0.00,0.00,0.00,0.00,0.00,0.00,0.00
20650,DL:0.1.0:AT.1.0.0,2022-3-4 16:7:27,43.75,0.00,0.00,18.086,-1.889,-5.696,12.390,16.197,0.00,0.00,0.00,0.00,0.00,0.00,0.00,0.00,0.00,0.00,0.00,0.00,0.00,0.00,0.00,0.00,0.00
20650,DL:0.1.0:AT.1.0.0,2022-3-4 16:7:32,43.75,0.00,0.00,18.119,-1.924,-5.731,12.389,16.196,0.00,0.00,0.00,0.00,0.00,0.00,0.00,0.00,0.00,0.00,0.00,0.00,0.00,0.00,0.00,0.00,0.00
20650,DL:0.1.0:AT.1.0.0,2022-3-4 16:7:37,43.75,0.00,0.00,18.095,-1.901,-5.707,12.389,16.194,0.00,0.00,0.00,0.00,0.00,0.00,0.00,0.00,0.00,0.00,0.00,0.00,0.00,0.00,0.00,0.00,0.00
20650,DL:0.1.0:AT.1.0.0,2022-3-4 16:7:42,43.75,0.00,0.00,18.098,-1.905,-5.709,12.389,16.193,0.00,0.00,0.00,0.00,0.00,0.00,0.00,0.00,0.00,0.00,0.00,0.00,0.00,0.00,0.00,0.00,0.00
20650,DL:0.1.0:AT.1.0.0,2022-3-4 16:7:47,43.75,0.00,0.00,18.125,-1.932,-5.737,12.389,16.193,0.00,0.00,0.00,0.00,0.00,0.00,0.00,0.00,0.00,0.00,0.00,0.00,0.00,0.00,0.00,0.00,0.00
20650,DL:0.1.0:AT.1.0.0,2022-3-4 16:7:52,43.75,0.00,0.00,18.117,-1.926,-5.728,12.389,16.191,0.00,0.00,0.00,0.00,0.00,0.00,0.00,0.00,0.00,0.00,0.00,0.00,0.00,0.00,0.00,0.00,0.00
20650,DL:0.1.0:AT.1.0.0,2022-3-4 16:7:57,43.75,0.00,0.00,18.124,-1.933,-5.737,12.388,16.191,0.00,0.00,0.00,0.00,0.00,0.00,0.00,0.00,0.00,0.00,0.00,0.00,0.00,0.00,0.00,0.00,0.00
20650,DL:0.1.0:AT.1.0.0,2022-3-4 16:8:2,43.75,0.00,0.00,18.109,-1.919,-5.721,12.388,16.190,0.00,0.00,0.00,0.00,0.00,0.00,0.00,0.00,0.00,0.00,0.00,0.00,0.00,0.00,0.00,0.00,0.00
20650,DL:0.1.0:AT.1.0.0,2022-3-4 16:8:7,43.75,0.00,0.00,18.101,-1.912,-5.714,12.388,16.190,0.00,0.00,0.00,0.00,0.00,0.00,0.00,0.00,0.00,0.00,0.00,0.00,0.00,0.00,0.00,0.00,0.00
20650,DL:0.1.0:AT.1.0.0,2022-3-4 16:8:12,43.75,0.00,0.00,18.083,-1.895,-5.695,12.389,16.188,0.00,0.00,0.00,0.00,0.00,0.00,0.00,0.00,0.00,0.00,0.00,0.00,0.00,0.00,0.00,0.00,0.00
20650,DL:0.1.0:AT.1.0.0,2022-3-4 16:8:17,43.75,0.00,0.00,18.119,-1.929,-5.732,12.388,16.191,0.00,0.00,0.00,0.00,0.00,0.00,0.00,0.00,0.00,0.00,0.00,0.00,0.00,0.00,0.00,0.00,0.00
20650,DL:0.1.0:AT.1.0.0,2022-3-4 16:8:22,43.75,0.00,0.00,18.113,-1.923,-5.726,12.388,16.191,0.00,0.00,0.00,0.00,0.00,0.00,0.00,0.00,0.00,0.00,0.00,0.00,0.00,0.00,0.00,0.00,0.00
20650,DL:0.1.0:AT.1.0.0,2022-3-4 16:8:27,43.75,0.00,0.00,18.112,-1.923,-5.723,12.389,16.190,0.00,0.00,0.00,0.00,0.00,0.00,0.00,0.00,0.00,0.00,0.00,0.00,0.00,0.00,0.00,0.00,0.00
20650,DL:0.1.0:AT.1.0.0,2022-3-4 16:8:32,43.75,0.00,0.00,18.134,-1.944,-5.744,12.390,16.190,0.00,0.00,0.00,0.00,0.00,0.00,0.00,0.00,0.00,0.00,0.00,0.00,0.00,0.00,0.00,0.00,0.00
20650,DL:0.1.0:AT.1.0.0,2022-3-4 16:8:37,43.75,0.00,0.00,18.104,-1.914,-5.714,12.390,16.190,0.00,0.00,0.00,0.00,0.00,0.00,0.00,0.00,0.00,0.00,0.00,0.00,0.00,0.00,0.00,0.00,0.00
20650,DL:0.1.0:AT.1.0.0,2022-3-4 16:8:42,43.75,0.00,0.00,18.110,-1.921,-5.721,12.389,16.188,0.00,0.00,0.00,0.00,0.00,0.00,0.00,0.00,0.00,0.00,0.00,0.00,0.00,0.00,0.00,0.00,0.00
20650,DL:0.1.0:AT.1.0.0,2022-3-4 16:8:47,43.75,0.00,0.00,18.117,-1.930,-5.728,12.389,16.187,0.00,0.00,0.00,0.00,0.00,0.00,0.00,0.00,0.00,0.00,0.00,0.00,0.00,0.00,0.00,0.00,0.00
20650,DL:0.1.0:AT.1.0.0,2022-3-4 16:8:52,43.75,0.00,0.00,18.093,-1.906,-5.703,12.390,16.187,0.00,0.00,0.00,0.00,0.00,0.00,0.00,0.00,0.00,0.00,0.00,0.00,0.00,0.00,0.00,0.00,0.00
20650,DL:0.1.0:AT.1.0.0,2022-3-4 16:8:57,43.75,0.00,0.00,18.107,-1.921,-5.719,12.389,16.186,0.00,0.00,0.00,0.00,0.00,0.00,0.00,0.00,0.00,0.00,0.00,0.00,0.00,0.00,0.00,0.00,0.00
20650,DL:0.1.0:AT.1.0.0,2022-3-4 16:9:2,43.75,0.00,0.00,18.111,-1.925,-5.721,12.390,16.186,0.00,0.00,0.00,0.00,0.00,0.00,0.00,0.00,0.00,0.00,0.00,0.00,0.00,0.00,0.00,0.00,0.00
20650,DL:0.1.0:AT.1.0.0,2022-3-4 16:9:7,43.75,0.00,0.00,18.100,-1.915,-5.710,12.390,16.185,0.00,0.00,0.00,0.00,0.00,0.00,0.00,0.00,0.00,0.00,0.00,0.00,0.00,0.00,0.00,0.00,0.00
20650,DL:0.1.0:AT.1.0.0,2022-3-4 16:9:12,43.75,0.00,0.00,18.143,-1.959,-5.753,12.390,16.185,0.00,0.00,0.00,0.00,0.00,0.00,0.00,0.00,0.00,0.00,0.00,0.00,0.00,0.00,0.00,0.00,0.00
20650,DL:0.1.0:AT.1.0.0,2022-3-4 16:9:17,43.75,0.00,0.00,18.125,-1.941,-5.735,12.390,16.185,0.00,0.00,0.00,0.00,0.00,0.00,0.00,0.00,0.00,0.00,0.00,0.00,0.00,0.00,0.00,0.00,0.00
20650,DL:0.1.0:AT.1.0.0,2022-3-4 16:9:22,43.75,0.00,0.00,18.127,-1.944,-5.737,12.390,16.182,0.00,0.00,0.00,0.00,0.00,0.00,0.00,0.00,0.00,0.00,0.00,0.00,0.00,0.00,0.00,0.00,0.00
20650,DL:0.1.0:AT.1.0.0,2022-3-4 16:9:27,43.75,0.00,0.00,18.119,-1.937,-5.729,12.390,16.182,0.00,0.00,0.00,0.00,0.00,0.00,0.00,0.00,0.00,0.00,0.00,0.00,0.00,0.00,0.00,0.00,0.00
20650,DL:0.1.0:AT.1.0.0,2022-3-4 16:9:32,43.75,0.00,0.00,18.121,-1.939,-5.731,12.390,16.181,0.00,0.00,0.00,0.00,0.00,0.00,0.00,0.00,0.00,0.00,0.00,0.00,0.00,0.00,0.00,0.00,0.00
20650,DL:0.1.0:AT.1.0.0,2022-3-4 16:9:37,43.75,0.00,0.00,18.129,-1.949,-5.739,12.390,16.180,0.00,0.00,0.00,0.00,0.00,0.00,0.00,0.00,0.00,0.00,0.00,0.00,0.00,0.00,0.00,0.00,0.00
20650,DL:0.1.0:AT.1.0.0,2022-3-4 16:9:42,43.75,0.00,0.00,18.107,-1.927,-5.719,12.389,16.180,0.00,0.00,0.00,0.00,0.00,0.00,0.00,0.00,0.00,0.00,0.00,0.00,0.00,0.00,0.00,0.00,0.00
20650,DL:0.1.0:AT.1.0.0,2022-3-4 16:9:47,43.75,0.00,0.00,18.140,-1.961,-5.750,12.390,16.179,0.00,0.00,0.00,0.00,0.00,0.00,0.00,0.00,0.00,0.00,0.00,0.00,0.00,0.00,0.00,0.00,0.00
20650,DL:0.1.0:AT.1.0.0,2022-3-4 16:9:52,43.75,0.00,0.00,18.122,-1.944,-5.732,12.390,16.178,0.00,0.00,0.00,0.00,0.00,0.00,0.00,0.00,0.00,0.00,0.00,0.00,0.00,0.00,0.00,0.00,0.00
20650,DL:0.1.0:AT.1.0.0,2022-3-4 16:9:57,43.75,0.00,0.00,18.133,-1.956,-5.744,12.389,16.176,0.00,0.00,0.00,0.00,0.00,0.00,0.00,0.00,0.00,0.00,0.00,0.00,0.00,0.00,0.00,0.00,0.00
20650,DL:0.1.0:AT.1.0.0,2022-3-4 16:10:2,43.75,0.00,0.00,18.134,-1.959,-5.745,12.389,16.175,0.00,0.00,0.00,0.00,0.00,0.00,0.00,0.00,0.00,0.00,0.00,0.00,0.00,0.00,0.00,0.00,0.00
20650,DL:0.1.0:AT.1.0.0,2022-3-4 16:10:7,43.75,0.00,0.00,18.145,-1.971,-5.756,12.389,16.174,0.00,0.00,0.00,0.00,0.00,0.00,0.00,0.00,0.00,0.00,0.00,0.00,0.00,0.00,0.00,0.00,0.00
20650,DL:0.1.0:AT.1.0.0,2022-3-4 16:10:12,43.75,0.00,0.00,18.111,-1.937,-5.721,12.390,16.174,0.00,0.00,0.00,0.00,0.00,0.00,0.00,0.00,0.00,0.00,0.00,0.00,0.00,0.00,0.00,0.00,0.00
20650,DL:0.1.0:AT.1.0.0,2022-3-4 16:10:17,43.75,0.00,0.00,18.088,-1.914,-5.699,12.389,16.174,0.00,0.00,0.00,0.00,0.00,0.00,0.00,0.00,0.00,0.00,0.00,0.00,0.00,0.00,0.00,0.00,0.00
20650,DL:0.1.0:AT.1.0.0,2022-3-4 16:10:22,43.75,0.00,0.00,18.128,-1.955,-5.739,12.389,16.173,0.00,0.00,0.00,0.00,0.00,0.00,0.00,0.00,0.00,0.00,0.00,0.00,0.00,0.00,0.00,0.00,0.00
20650,DL:0.1.0:AT.1.0.0,2022-3-4 16:10:27,43.75,0.00,0.00,18.110,-1.937,-5.721,12.389,16.173,0.00,0.00,0.00,0.00,0.00,0.00,0.00,0.00,0.00,0.00,0.00,0.00,0.00,0.00,0.00,0.00,0.00
20650,DL:0.1.0:AT.1.0.0,2022-3-4 16:10:32,43.75,0.00,0.00,18.115,-1.943,-5.726,12.389,16.172,0.00,0.00,0.00,0.00,0.00,0.00,0.00,0.00,0.00,0.00,0.00,0.00,0.00,0.00,0.00,0.00,0.00
20650,DL:0.1.0:AT.1.0.0,2022-3-4 16:10:37,43.75,0.00,0.00,18.123,-1.950,-5.734,12.389,16.173,0.00,0.00,0.00,0.00,0.00,0.00,0.00,0.00,0.00,0.00,0.00,0.00,0.00,0.00,0.00,0.00,0.00
20650,DL:0.1.0:AT.1.0.0,2022-3-4 16:10:42,43.75,0.00,0.00,18.112,-1.942,-5.723,12.389,16.170,0.00,0.00,0.00,0.00,0.00,0.00,0.00,0.00,0.00,0.00,0.00,0.00,0.00,0.00,0.00,0.00,0.00
20650,DL:0.1.0:AT.1.0.0,2022-3-4 16:10:47,43.75,0.00,0.00,18.099,-1.929,-5.709,12.390,16.170,0.00,0.00,0.00,0.00,0.00,0.00,0.00,0.00,0.00,0.00,0.00,0.00,0.00,0.00,0.00,0.00,0.00
20650,DL:0.1.0:AT.1.0.0,2022-3-4 16:10:52,43.75,0.00,0.00,18.106,-1.937,-5.717,12.389,16.169,0.00,0.00,0.00,0.00,0.00,0.00,0.00,0.00,0.00,0.00,0.00,0.00,0.00,0.00,0.00,0.00,0.00
20650,DL:0.1.0:AT.1.0.0,2022-3-4 16:10:57,43.75,0.00,0.00,18.116,-1.947,-5.727,12.389,16.169,0.00,0.00,0.00,0.00,0.00,0.00,0.00,0.00,0.00,0.00,0.00,0.00,0.00,0.00,0.00,0.00,0.00
20650,DL:0.1.0:AT.1.0.0,2022-3-4 16:11:2,43.75,0.00,0.00,18.109,-1.939,-5.720,12.389,16.169,0.00,0.00,0.00,0.00,0.00,0.00,0.00,0.00,0.00,0.00,0.00,0.00,0.00,0.00,0.00,0.00,0.00
20650,DL:0.1.0:AT.1.0.0,2022-3-4 16:11:7,43.75,0.00,0.00,18.131,-1.963,-5.741,12.390,16.168,0.00,0.00,0.00,0.00,0.00,0.00,0.00,0.00,0.00,0.00,0.00,0.00,0.00,0.00,0.00,0.00,0.00
20650,DL:0.1.0:AT.1.0.0,2022-3-4 16:11:12,43.75,0.00,0.00,18.076,-1.908,-5.687,12.389,16.168,0.00,0.00,0.00,0.00,0.00,0.00,0.00,0.00,0.00,0.00,0.00,0.00,0.00,0.00,0.00,0.00,0.00
20650,DL:0.1.0:AT.1.0.0,2022-3-4 16:11:17,43.75,0.00,0.00,18.089,-1.920,-5.701,12.389,16.169,0.00,0.00,0.00,0.00,0.00,0.00,0.00,0.00,0.00,0.00,0.00,0.00,0.00,0.00,0.00,0.00,0.00
20650,DL:0.1.0:AT.1.0.0,2022-3-4 16:11:22,43.75,0.00,0.00,18.087,-1.917,-5.698,12.389,16.170,0.00,0.00,0.00,0.00,0.00,0.00,0.00,0.00,0.00,0.00,0.00,0.00,0.00,0.00,0.00,0.00,0.00
20650,DL:0.1.0:AT.1.0.0,2022-3-4 16:11:27,43.75,0.00,0.00,18.107,-1.937,-5.717,12.390,16.170,0.00,0.00,0.00,0.00,0.00,0.00,0.00,0.00,0.00,0.00,0.00,0.00,0.00,0.00,0.00,0.00,0.00
20650,DL:0.1.0:AT.1.0.0,2022-3-4 16:11:32,43.75,0.00,0.00,18.097,-1.926,-5.707,12.390,16.170,0.00,0.00,0.00,0.00,0.00,0.00,0.00,0.00,0.00,0.00,0.00,0.00,0.00,0.00,0.00,0.00,0.00
20650,DL:0.1.0:AT.1.0.0,2022-3-4 16:11:37,43.75,0.00,0.00,18.105,-1.936,-5.715,12.390,16.169,0.00,0.00,0.00,0.00,0.00,0.00,0.00,0.00,0.00,0.00,0.00,0.00,0.00,0.00,0.00,0.00,0.00
20650,DL:0.1.0:AT.1.0.0,2022-3-4 16:11:42,43.75,0.00,0.00,18.076,-1.908,-5.686,12.390,16.168,0.00,0.00,0.00,0.00,0.00,0.00,0.00,0.00,0.00,0.00,0.00,0.00,0.00,0.00,0.00,0.00,0.00
20650,DL:0.1.0:AT.1.0.0,2022-3-4 16:11:47,43.75,0.00,0.00,18.101,-1.933,-5.711,12.390,16.168,0.00,0.00,0.00,0.00,0.00,0.00,0.00,0.00,0.00,0.00,0.00,0.00,0.00,0.00,0.00,0.00,0.00
20650,DL:0.1.0:AT.1.0.0,2022-3-4 16:11:52,43.75,0.00,0.00,18.065,-1.899,-5.674,12.391,16.167,0.00,0.00,0.00,0.00,0.00,0.00,0.00,0.00,0.00,0.00,0.00,0.00,0.00,0.00,0.00,0.00,0.00
20650,DL:0.1.0:AT.1.0.0,2022-3-4 16:11:57,43.75,0.00,0.00,18.080,-1.913,-5.690,12.390,16.167,0.00,0.00,0.00,0.00,0.00,0.00,0.00,0.00,0.00,0.00,0.00,0.00,0.00,0.00,0.00,0.00,0.00
20650,DL:0.1.0:AT.1.0.0,2022-3-4 16:12:2,43.75,0.00,0.00,18.109,-1.943,-5.719,12.390,16.166,0.00,0.00,0.00,0.00,0.00,0.00,0.00,0.00,0.00,0.00,0.00,0.00,0.00,0.00,0.00,0.00,0.00
20650,DL:0.1.0:AT.1.0.0,2022-3-4 16:12:7,43.75,0.00,0.00,18.085,-1.919,-5.693,12.391,16.166,0.00,0.00,0.00,0.00,0.00,0.00,0.00,0.00,0.00,0.00,0.00,0.00,0.00,0.00,0.00,0.00,0.00
20650,DL:0.1.0:AT.1.0.0,2022-3-4 16:12:12,43.75,0.00,0.00,18.101,-1.937,-5.710,12.391,16.164,0.00,0.00,0.00,0.00,0.00,0.00,0.00,0.00,0.00,0.00,0.00,0.00,0.00,0.00,0.00,0.00,0.00
20650,DL:0.1.0:AT.1.0.0,2022-3-4 16:12:17,43.75,0.00,0.00,18.105,-1.941,-5.714,12.391,16.164,0.00,0.00,0.00,0.00,0.00,0.00,0.00,0.00,0.00,0.00,0.00,0.00,0.00,0.00,0.00,0.00,0.00
20650,DL:0.1.0:AT.1.0.0,2022-3-4 16:12:22,43.75,0.00,0.00,18.103,-1.939,-5.711,12.391,16.163,0.00,0.00,0.00,0.00,0.00,0.00,0.00,0.00,0.00,0.00,0.00,0.00,0.00,0.00,0.00,0.00,0.00
20650,DL:0.1.0:AT.1.0.0,2022-3-4 16:12:27,43.75,0.00,0.00,18.122,-1.959,-5.729,12.392,16.163,0.00,0.00,0.00,0.00,0.00,0.00,0.00,0.00,0.00,0.00,0.00,0.00,0.00,0.00,0.00,0.00,0.00
20650,DL:0.1.0:AT.1.0.0,2022-3-4 16:12:32,43.75,0.00,0.00,18.109,-1.947,-5.716,12.392,16.162,0.00,0.00,0.00,0.00,0.00,0.00,0.00,0.00,0.00,0.00,0.00,0.00,0.00,0.00,0.00,0.00,0.00
20650,DL:0.1.0:AT.1.0.0,2022-3-4 16:12:37,43.75,0.00,0.00,18.099,-1.936,-5.707,12.392,16.163,0.00,0.00,0.00,0.00,0.00,0.00,0.00,0.00,0.00,0.00,0.00,0.00,0.00,0.00,0.00,0.00,0.00
20650,DL:0.1.0:AT.1.0.0,2022-3-4 16:12:42,43.75,0.00,0.00,18.100,-1.938,-5.709,12.391,16.162,0.00,0.00,0.00,0.00,0.00,0.00,0.00,0.00,0.00,0.00,0.00,0.00,0.00,0.00,0.00,0.00,0.00
20650,DL:0.1.0:AT.1.0.0,2022-3-4 16:12:47,43.75,0.00,0.00,18.099,-1.937,-5.707,12.392,16.162,0.00,0.00,0.00,0.00,0.00,0.00,0.00,0.00,0.00,0.00,0.00,0.00,0.00,0.00,0.00,0.00,0.00
20650,DL:0.1.0:AT.1.0.0,2022-3-4 16:12:52,43.75,0.00,0.00,18.104,-1.943,-5.711,12.392,16.161,0.00,0.00,0.00,0.00,0.00,0.00,0.00,0.00,0.00,0.00,0.00,0.00,0.00,0.00,0.00,0.00,0.00
20650,DL:0.1.0:AT.1.0.0,2022-3-4 16:12:57,43.75,0.00,0.00,18.121,-1.961,-5.728,12.392,16.160,0.00,0.00,0.00,0.00,0.00,0.00,0.00,0.00,0.00,0.00,0.00,0.00,0.00,0.00,0.00,0.00,0.00
20650,DL:0.1.0:AT.1.0.0,2022-3-4 16:13:2,43.75,0.00,0.00,18.122,-1.962,-5.729,12.392,16.160,0.00,0.00,0.00,0.00,0.00,0.00,0.00,0.00,0.00,0.00,0.00,0.00,0.00,0.00,0.00,0.00,0.00
20650,DL:0.1.0:AT.1.0.0,2022-3-4 16:13:7,43.75,0.00,0.00,18.143,-1.985,-5.749,12.395,16.158,0.00,0.00,0.00,0.00,0.00,0.00,0.00,0.00,0.00,0.00,0.00,0.00,0.00,0.00,0.00,0.00,0.00
20650,DL:0.1.0:AT.1.0.0,2022-3-4 16:13:12,43.75,0.00,0.00,18.113,-1.955,-5.720,12.394,16.158,0.00,0.00,0.00,0.00,0.00,0.00,0.00,0.00,0.00,0.00,0.00,0.00,0.00,0.00,0.00,0.00,0.00
20650,DL:0.1.0:AT.1.0.0,2022-3-4 16:13:17,43.75,0.00,0.00,18.129,-1.972,-5.735,12.394,16.157,0.00,0.00,0.00,0.00,0.00,0.00,0.00,0.00,0.00,0.00,0.00,0.00,0.00,0.00,0.00,0.00,0.00
20650,DL:0.1.0:AT.1.0.0,2022-3-4 16:13:22,43.75,0.00,0.00,18.116,-1.956,-5.722,12.394,16.160,0.00,0.00,0.00,0.00,0.00,0.00,0.00,0.00,0.00,0.00,0.00,0.00,0.00,0.00,0.00,0.00,0.00
20650,DL:0.1.0:AT.1.0.0,2022-3-4 16:13:27,43.75,0.00,0.00,18.137,-1.979,-5.744,12.394,16.158,0.00,0.00,0.00,0.00,0.00,0.00,0.00,0.00,0.00,0.00,0.00,0.00,0.00,0.00,0.00,0.00,0.00
20650,DL:0.1.0:AT.1.0.0,2022-3-4 16:13:32,43.75,0.00,0.00,18.121,-1.963,-5.727,12.394,16.157,0.00,0.00,0.00,0.00,0.00,0.00,0.00,0.00,0.00,0.00,0.00,0.00,0.00,0.00,0.00,0.00,0.00
20650,DL:0.1.0:AT.1.0.0,2022-3-4 16:13:37,43.75,0.00,0.00,18.109,-1.953,-5.715,12.394,16.156,0.00,0.00,0.00,0.00,0.00,0.00,0.00,0.00,0.00,0.00,0.00,0.00,0.00,0.00,0.00,0.00,0.00
20650,DL:0.1.0:AT.1.0.0,2022-3-4 16:13:42,43.75,0.00,0.00,18.117,-1.962,-5.725,12.392,16.155,0.00,0.00,0.00,0.00,0.00,0.00,0.00,0.00,0.00,0.00,0.00,0.00,0.00,0.00,0.00,0.00,0.00
20650,DL:0.1.0:AT.1.0.0,2022-3-4 16:13:47,43.75,0.00,0.00,18.116,-1.962,-5.722,12.394,16.154,0.00,0.00,0.00,0.00,0.00,0.00,0.00,0.00,0.00,0.00,0.00,0.00,0.00,0.00,0.00,0.00,0.00
20650,DL:0.1.0:AT.1.0.0,2022-3-4 16:13:52,43.75,0.00,0.00,18.125,-1.972,-5.732,12.394,16.154,0.00,0.00,0.00,0.00,0.00,0.00,0.00,0.00,0.00,0.00,0.00,0.00,0.00,0.00,0.00,0.00,0.00
20650,DL:0.1.0:AT.1.0.0,2022-3-4 16:13:57,43.75,0.00,0.00,18.124,-1.972,-5.731,12.394,16.152,0.00,0.00,0.00,0.00,0.00,0.00,0.00,0.00,0.00,0.00,0.00,0.00,0.00,0.00,0.00,0.00,0.00
20650,DL:0.1.0:AT.1.0.0,2022-3-4 16:14:2,43.75,0.00,0.00,18.149,-1.997,-5.756,12.394,16.152,0.00,0.00,0.00,0.00,0.00,0.00,0.00,0.00,0.00,0.00,0.00,0.00,0.00,0.00,0.00,0.00,0.00
20650,DL:0.1.0:AT.1.0.0,2022-3-4 16:14:7,43.75,0.00,0.00,18.134,-1.983,-5.740,12.394,16.151,0.00,0.00,0.00,0.00,0.00,0.00,0.00,0.00,0.00,0.00,0.00,0.00,0.00,0.00,0.00,0.00,0.00
20650,DL:0.1.0:AT.1.0.0,2022-3-4 16:14:12,43.75,0.00,0.00,18.121,-1.969,-5.726,12.395,16.151,0.00,0.00,0.00,0.00,0.00,0.00,0.00,0.00,0.00,0.00,0.00,0.00,0.00,0.00,0.00,0.00,0.00
20650,DL:0.1.0:AT.1.0.0,2022-3-4 16:14:17,43.75,0.00,0.00,18.142,-1.992,-5.749,12.394,16.150,0.00,0.00,0.00,0.00,0.00,0.00,0.00,0.00,0.00,0.00,0.00,0.00,0.00,0.00,0.00,0.00,0.00
20650,DL:0.1.0:AT.1.0.0,2022-3-4 16:14:22,43.75,0.00,0.00,18.130,-1.980,-5.737,12.394,16.150,0.00,0.00,0.00,0.00,0.00,0.00,0.00,0.00,0.00,0.00,0.00,0.00,0.00,0.00,0.00,0.00,0.00
20650,DL:0.1.0:AT.1.0.0,2022-3-4 16:14:27,43.75,0.00,0.00,18.113,-1.963,-5.720,12.394,16.150,0.00,0.00,0.00,0.00,0.00,0.00,0.00,0.00,0.00,0.00,0.00,0.00,0.00,0.00,0.00,0.00,0.00
20650,DL:0.1.0:AT.1.0.0,2022-3-4 16:14:32,43.75,0.00,0.00,18.137,-1.989,-5.744,12.394,16.149,0.00,0.00,0.00,0.00,0.00,0.00,0.00,0.00,0.00,0.00,0.00,0.00,0.00,0.00,0.00,0.00,0.00
20650,DL:0.1.0:AT.1.0.0,2022-3-4 16:14:37,43.75,0.00,0.00,18.101,-1.953,-5.708,12.394,16.149,0.00,0.00,0.00,0.00,0.00,0.00,0.00,0.00,0.00,0.00,0.00,0.00,0.00,0.00,0.00,0.00,0.00
20650,DL:0.1.0:AT.1.0.0,2022-3-4 16:14:42,43.75,0.00,0.00,18.117,-1.969,-5.723,12.394,16.148,0.00,0.00,0.00,0.00,0.00,0.00,0.00,0.00,0.00,0.00,0.00,0.00,0.00,0.00,0.00,0.00,0.00
20650,DL:0.1.0:AT.1.0.0,2022-3-4 16:14:47,43.75,0.00,0.00,18.134,-1.988,-5.741,12.392,16.146,0.00,0.00,0.00,0.00,0.00,0.00,0.00,0.00,0.00,0.00,0.00,0.00,0.00,0.00,0.00,0.00,0.00
20650,DL:0.1.0:AT.1.0.0,2022-3-4 16:14:52,43.75,0.00,0.00,18.159,-2.013,-5.765,12.394,16.146,0.00,0.00,0.00,0.00,0.00,0.00,0.00,0.00,0.00,0.00,0.00,0.00,0.00,0.00,0.00,0.00,0.00
20650,DL:0.1.0:AT.1.0.0,2022-3-4 16:14:57,43.75,0.00,0.00,18.100,-1.953,-5.707,12.394,16.148,0.00,0.00,0.00,0.00,0.00,0.00,0.00,0.00,0.00,0.00,0.00,0.00,0.00,0.00,0.00,0.00,0.00
20650,DL:0.1.0:AT.1.0.0,2022-3-4 16:15:2,43.75,0.00,0.00,18.116,-1.969,-5.722,12.394,16.146,0.00,0.00,0.00,0.00,0.00,0.00,0.00,0.00,0.00,0.00,0.00,0.00,0.00,0.00,0.00,0.00,0.00
20650,DL:0.1.0:AT.1.0.0,2022-3-4 16:15:7,43.75,0.00,0.00,18.124,-1.978,-5.731,12.394,16.146,0.00,0.00,0.00,0.00,0.00,0.00,0.00,0.00,0.00,0.00,0.00,0.00,0.00,0.00,0.00,0.00,0.00
20650,DL:0.1.0:AT.1.0.0,2022-3-4 16:15:12,43.75,0.00,0.00,18.164,-2.019,-5.771,12.392,16.145,0.00,0.00,0.00,0.00,0.00,0.00,0.00,0.00,0.00,0.00,0.00,0.00,0.00,0.00,0.00,0.00,0.00
20650,DL:0.1.0:AT.1.0.0,2022-3-4 16:15:17,43.75,0.00,0.00,18.148,-2.003,-5.755,12.394,16.145,0.00,0.00,0.00,0.00,0.00,0.00,0.00,0.00,0.00,0.00,0.00,0.00,0.00,0.00,0.00,0.00,0.00
20650,DL:0.1.0:AT.1.0.0,2022-3-4 16:15:22,43.75,0.00,0.00,18.136,-1.992,-5.743,12.394,16.144,0.00,0.00,0.00,0.00,0.00,0.00,0.00,0.00,0.00,0.00,0.00,0.00,0.00,0.00,0.00,0.00,0.00
20650,DL:0.1.0:AT.1.0.0,2022-3-4 16:15:27,43.75,0.00,0.00,18.131,-1.988,-5.739,12.392,16.144,0.00,0.00,0.00,0.00,0.00,0.00,0.00,0.00,0.00,0.00,0.00,0.00,0.00,0.00,0.00,0.00,0.00
20650,DL:0.1.0:AT.1.0.0,2022-3-4 16:15:32,43.75,0.00,0.00,18.155,-2.013,-5.761,12.395,16.143,0.00,0.00,0.00,0.00,0.00,0.00,0.00,0.00,0.00,0.00,0.00,0.00,0.00,0.00,0.00,0.00,0.00
20650,DL:0.1.0:AT.1.0.0,2022-3-4 16:15:37,43.75,0.00,0.00,18.115,-1.972,-5.721,12.394,16.143,0.00,0.00,0.00,0.00,0.00,0.00,0.00,0.00,0.00,0.00,0.00,0.00,0.00,0.00,0.00,0.00,0.00
20650,DL:0.1.0:AT.1.0.0,2022-3-4 16:15:42,43.75,0.00,0.00,18.118,-1.977,-5.725,12.394,16.142,0.00,0.00,0.00,0.00,0.00,0.00,0.00,0.00,0.00,0.00,0.00,0.00,0.00,0.00,0.00,0.00,0.00
20650,DL:0.1.0:AT.1.0.0,2022-3-4 16:15:47,43.75,0.00,0.00,18.128,-1.988,-5.733,12.395,16.140,0.00,0.00,0.00,0.00,0.00,0.00,0.00,0.00,0.00,0.00,0.00,0.00,0.00,0.00,0.00,0.00,0.00
20650,DL:0.1.0:AT.1.0.0,2022-3-4 16:15:52,43.75,0.00,0.00,18.124,-1.984,-5.729,12.395,16.140,0.00,0.00,0.00,0.00,0.00,0.00,0.00,0.00,0.00,0.00,0.00,0.00,0.00,0.00,0.00,0.00,0.00
20650,DL:0.1.0:AT.1.0.0,2022-3-4 16:15:57,43.75,0.00,0.00,18.163,-2.022,-5.769,12.394,16.140,0.00,0.00,0.00,0.00,0.00,0.00,0.00,0.00,0.00,0.00,0.00,0.00,0.00,0.00,0.00,0.00,0.00
20650,DL:0.1.0:AT.1.0.0,2022-3-4 16:16:2,43.75,0.00,0.00,18.128,-1.988,-5.733,12.395,16.140,0.00,0.00,0.00,0.00,0.00,0.00,0.00,0.00,0.00,0.00,0.00,0.00,0.00,0.00,0.00,0.00,0.00
20650,DL:0.1.0:AT.1.0.0,2022-3-4 16:16:7,43.75,0.00,0.00,18.137,-1.997,-5.743,12.395,16.140,0.00,0.00,0.00,0.00,0.00,0.00,0.00,0.00,0.00,0.00,0.00,0.00,0.00,0.00,0.00,0.00,0.00
20650,DL:0.1.0:AT.1.0.0,2022-3-4 16:16:12,43.75,0.00,0.00,18.131,-1.992,-5.739,12.392,16.139,0.00,0.00,0.00,0.00,0.00,0.00,0.00,0.00,0.00,0.00,0.00,0.00,0.00,0.00,0.00,0.00,0.00
20650,DL:0.1.0:AT.1.0.0,2022-3-4 16:16:17,43.75,0.00,0.00,18.164,-2.024,-5.770,12.394,16.140,0.00,0.00,0.00,0.00,0.00,0.00,0.00,0.00,0.00,0.00,0.00,0.00,0.00,0.00,0.00,0.00,0.00
20650,DL:0.1.0:AT.1.0.0,2022-3-4 16:16:22,43.75,0.00,0.00,18.122,-1.983,-5.727,12.395,16.139,0.00,0.00,0.00,0.00,0.00,0.00,0.00,0.00,0.00,0.00,0.00,0.00,0.00,0.00,0.00,0.00,0.00
20650,DL:0.1.0:AT.1.0.0,2022-3-4 16:16:27,43.75,0.00,0.00,18.133,-1.992,-5.739,12.394,16.140,0.00,0.00,0.00,0.00,0.00,0.00,0.00,0.00,0.00,0.00,0.00,0.00,0.00,0.00,0.00,0.00,0.00
20650,DL:0.1.0:AT.1.0.0,2022-3-4 16:16:32,43.75,0.00,0.00,18.105,-1.961,-5.711,12.394,16.144,0.00,0.00,0.00,0.00,0.00,0.00,0.00,0.00,0.00,0.00,0.00,0.00,0.00,0.00,0.00,0.00,0.00
20650,DL:0.1.0:AT.1.0.0,2022-3-4 16:16:37,43.75,0.00,0.00,18.141,-1.997,-5.747,12.394,16.144,0.00,0.00,0.00,0.00,0.00,0.00,0.00,0.00,0.00,0.00,0.00,0.00,0.00,0.00,0.00,0.00,0.00
20650,DL:0.1.0:AT.1.0.0,2022-3-4 16:16:42,43.75,0.00,0.00,18.123,-1.979,-5.729,12.394,16.144,0.00,0.00,0.00,0.00,0.00,0.00,0.00,0.00,0.00,0.00,0.00,0.00,0.00,0.00,0.00,0.00,0.00
20650,DL:0.1.0:AT.1.0.0,2022-3-4 16:16:47,43.75,0.00,0.00,18.119,-1.975,-5.725,12.395,16.144,0.00,0.00,0.00,0.00,0.00,0.00,0.00,0.00,0.00,0.00,0.00,0.00,0.00,0.00,0.00,0.00,0.00
20650,DL:0.1.0:AT.1.0.0,2022-3-4 16:16:52,43.75,0.00,0.00,18.131,-1.988,-5.738,12.394,16.144,0.00,0.00,0.00,0.00,0.00,0.00,0.00,0.00,0.00,0.00,0.00,0.00,0.00,0.00,0.00,0.00,0.00
20650,DL:0.1.0:AT.1.0.0,2022-3-4 16:16:57,43.75,0.00,0.00,18.119,-1.974,-5.725,12.395,16.145,0.00,0.00,0.00,0.00,0.00,0.00,0.00,0.00,0.00,0.00,0.00,0.00,0.00,0.00,0.00,0.00,0.00
20650,DL:0.1.0:AT.1.0.0,2022-3-4 16:17:2,43.75,0.00,0.00,18.110,-1.965,-5.716,12.394,16.145,0.00,0.00,0.00,0.00,0.00,0.00,0.00,0.00,0.00,0.00,0.00,0.00,0.00,0.00,0.00,0.00,0.00
20650,DL:0.1.0:AT.1.0.0,2022-3-4 16:17:7,43.75,0.00,0.00,18.170,-2.025,-5.776,12.394,16.145,0.00,0.00,0.00,0.00,0.00,0.00,0.00,0.00,0.00,0.00,0.00,0.00,0.00,0.00,0.00,0.00,0.00
20650,DL:0.1.0:AT.1.0.0,2022-3-4 16:17:12,43.75,0.00,0.00,18.124,-1.979,-5.729,12.395,16.145,0.00,0.00,0.00,0.00,0.00,0.00,0.00,0.00,0.00,0.00,0.00,0.00,0.00,0.00,0.00,0.00,0.00
20650,DL:0.1.0:AT.1.0.0,2022-3-4 16:17:17,43.75,0.00,0.00,18.168,-2.021,-5.773,12.395,16.146,0.00,0.00,0.00,0.00,0.00,0.00,0.00,0.00,0.00,0.00,0.00,0.00,0.00,0.00,0.00,0.00,0.00
20650,DL:0.1.0:AT.1.0.0,2022-3-4 16:17:22,43.75,0.00,0.00,18.148,-2.001,-5.753,12.395,16.148,0.00,0.00,0.00,0.00,0.00,0.00,0.00,0.00,0.00,0.00,0.00,0.00,0.00,0.00,0.00,0.00,0.00
20650,DL:0.1.0:AT.1.0.0,2022-3-4 16:17:27,43.75,0.00,0.00,18.170,-2.024,-5.775,12.395,16.146,0.00,0.00,0.00,0.00,0.00,0.00,0.00,0.00,0.00,0.00,0.00,0.00,0.00,0.00,0.00,0.00,0.00
20650,DL:0.1.0:AT.1.0.0,2022-3-4 16:17:32,43.75,0.00,0.00,18.117,-1.968,-5.721,12.396,16.149,0.00,0.00,0.00,0.00,0.00,0.00,0.00,0.00,0.00,0.00,0.00,0.00,0.00,0.00,0.00,0.00,0.00
20650,DL:0.1.0:AT.1.0.0,2022-3-4 16:17:37,43.75,0.00,0.00,18.131,-1.984,-5.735,12.396,16.148,0.00,0.00,0.00,0.00,0.00,0.00,0.00,0.00,0.00,0.00,0.00,0.00,0.00,0.00,0.00,0.00,0.00
20650,DL:0.1.0:AT.1.0.0,2022-3-4 16:17:42,43.75,0.00,0.00,18.141,-1.994,-5.745,12.396,16.148,0.00,0.00,0.00,0.00,0.00,0.00,0.00,0.00,0.00,0.00,0.00,0.00,0.00,0.00,0.00,0.00,0.00
20650,DL:0.1.0:AT.1.0.0,2022-3-4 16:17:47,43.75,0.00,0.00,18.134,-1.986,-5.738,12.396,16.148,0.00,0.00,0.00,0.00,0.00,0.00,0.00,0.00,0.00,0.00,0.00,0.00,0.00,0.00,0.00,0.00,0.00
20650,DL:0.1.0:AT.1.0.0,2022-3-4 16:17:52,43.75,0.00,0.00,18.164,-2.015,-5.767,12.397,16.149,0.00,0.00,0.00,0.00,0.00,0.00,0.00,0.00,0.00,0.00,0.00,0.00,0.00,0.00,0.00,0.00,0.00
20650,DL:0.1.0:AT.1.0.0,2022-3-4 16:17:57,43.75,0.00,0.00,18.155,-2.007,-5.759,12.396,16.149,0.00,0.00,0.00,0.00,0.00,0.00,0.00,0.00,0.00,0.00,0.00,0.00,0.00,0.00,0.00,0.00,0.00
20650,DL:0.1.0:AT.1.0.0,2022-3-4 16:18:2,43.75,0.00,0.00,18.146,-1.997,-5.749,12.397,16.149,0.00,0.00,0.00,0.00,0.00,0.00,0.00,0.00,0.00,0.00,0.00,0.00,0.00,0.00,0.00,0.00,0.00
20650,DL:0.1.0:AT.1.0.0,2022-3-4 16:18:7,43.75,0.00,0.00,18.146,-1.998,-5.747,12.398,16.148,0.00,0.00,0.00,0.00,0.00,0.00,0.00,0.00,0.00,0.00,0.00,0.00,0.00,0.00,0.00,0.00,0.00
20650,DL:0.1.0:AT.1.0.0,2022-3-4 16:18:12,43.75,0.00,0.00,18.128,-1.980,-5.731,12.397,16.148,0.00,0.00,0.00,0.00,0.00,0.00,0.00,0.00,0.00,0.00,0.00,0.00,0.00,0.00,0.00,0.00,0.00
20650,DL:0.1.0:AT.1.0.0,2022-3-4 16:18:17,43.75,0.00,0.00,18.136,-1.989,-5.738,12.398,16.148,0.00,0.00,0.00,0.00,0.00,0.00,0.00,0.00,0.00,0.00,0.00,0.00,0.00,0.00,0.00,0.00,0.00
20650,DL:0.1.0:AT.1.0.0,2022-3-4 16:18:22,43.75,0.00,0.00,18.127,-1.979,-5.729,12.397,16.148,0.00,0.00,0.00,0.00,0.00,0.00,0.00,0.00,0.00,0.00,0.00,0.00,0.00,0.00,0.00,0.00,0.00
20650,DL:0.1.0:AT.1.0.0,2022-3-4 16:18:27,43.75,0.00,0.00,18.127,-1.979,-5.731,12.396,16.148,0.00,0.00,0.00,0.00,0.00,0.00,0.00,0.00,0.00,0.00,0.00,0.00,0.00,0.00,0.00,0.00,0.00
20650,DL:0.1.0:AT.1.0.0,2022-3-4 16:18:32,43.75,0.00,0.00,18.141,-1.994,-5.744,12.397,16.148,0.00,0.00,0.00,0.00,0.00,0.00,0.00,0.00,0.00,0.00,0.00,0.00,0.00,0.00,0.00,0.00,0.00
20650,DL:0.1.0:AT.1.0.0,2022-3-4 16:18:37,43.75,0.00,0.00,18.123,-1.977,-5.726,12.397,16.146,0.00,0.00,0.00,0.00,0.00,0.00,0.00,0.00,0.00,0.00,0.00,0.00,0.00,0.00,0.00,0.00,0.00
20650,DL:0.1.0:AT.1.0.0,2022-3-4 16:18:42,43.75,0.00,0.00,18.112,-1.966,-5.715,12.397,16.146,0.00,0.00,0.00,0.00,0.00,0.00,0.00,0.00,0.00,0.00,0.00,0.00,0.00,0.00,0.00,0.00,0.00
20650,DL:0.1.0:AT.1.0.0,2022-3-4 16:18:47,43.75,0.00,0.00,18.134,-1.986,-5.737,12.397,16.148,0.00,0.00,0.00,0.00,0.00,0.00,0.00,0.00,0.00,0.00,0.00,0.00,0.00,0.00,0.00,0.00,0.00
20650,DL:0.1.0:AT.1.0.0,2022-3-4 16:18:52,43.75,0.00,0.00,18.128,-1.981,-5.731,12.397,16.146,0.00,0.00,0.00,0.00,0.00,0.00,0.00,0.00,0.00,0.00,0.00,0.00,0.00,0.00,0.00,0.00,0.00
20650,DL:0.1.0:AT.1.0.0,2022-3-4 16:18:57,43.75,0.00,0.00,18.112,-1.966,-5.715,12.397,16.146,0.00,0.00,0.00,0.00,0.00,0.00,0.00,0.00,0.00,0.00,0.00,0.00,0.00,0.00,0.00,0.00,0.00
20650,DL:0.1.0:AT.1.0.0,2022-3-4 16:19:2,43.75,0.00,0.00,18.147,-2.001,-5.750,12.397,16.146,0.00,0.00,0.00,0.00,0.00,0.00,0.00,0.00,0.00,0.00,0.00,0.00,0.00,0.00,0.00,0.00,0.00
20650,DL:0.1.0:AT.1.0.0,2022-3-4 16:19:7,43.75,0.00,0.00,18.136,-1.991,-5.738,12.398,16.145,0.00,0.00,0.00,0.00,0.00,0.00,0.00,0.00,0.00,0.00,0.00,0.00,0.00,0.00,0.00,0.00,0.00
20650,DL:0.1.0:AT.1.0.0,2022-3-4 16:19:12,43.75,0.00,0.00,18.134,-1.988,-5.735,12.398,16.146,0.00,0.00,0.00,0.00,0.00,0.00,0.00,0.00,0.00,0.00,0.00,0.00,0.00,0.00,0.00,0.00,0.00
20650,DL:0.1.0:AT.1.0.0,2022-3-4 16:19:17,43.75,0.00,0.00,18.145,-1.998,-5.746,12.398,16.146,0.00,0.00,0.00,0.00,0.00,0.00,0.00,0.00,0.00,0.00,0.00,0.00,0.00,0.00,0.00,0.00,0.00
20650,DL:0.1.0:AT.1.0.0,2022-3-4 16:19:22,43.75,0.00,0.00,18.137,-1.991,-5.739,12.398,16.146,0.00,0.00,0.00,0.00,0.00,0.00,0.00,0.00,0.00,0.00,0.00,0.00,0.00,0.00,0.00,0.00,0.00
20650,DL:0.1.0:AT.1.0.0,2022-3-4 16:19:27,43.75,0.00,0.00,18.181,-2.034,-5.783,12.397,16.146,0.00,0.00,0.00,0.00,0.00,0.00,0.00,0.00,0.00,0.00,0.00,0.00,0.00,0.00,0.00,0.00,0.00
20650,DL:0.1.0:AT.1.0.0,2022-3-4 16:19:32,43.75,0.00,0.00,18.135,-1.990,-5.737,12.398,16.145,0.00,0.00,0.00,0.00,0.00,0.00,0.00,0.00,0.00,0.00,0.00,0.00,0.00,0.00,0.00,0.00,0.00
20650,DL:0.1.0:AT.1.0.0,2022-3-4 16:19:37,43.75,0.00,0.00,18.146,-2.001,-5.749,12.397,16.145,0.00,0.00,0.00,0.00,0.00,0.00,0.00,0.00,0.00,0.00,0.00,0.00,0.00,0.00,0.00,0.00,0.00
20650,DL:0.1.0:AT.1.0.0,2022-3-4 16:19:42,43.75,0.00,0.00,18.146,-2.001,-5.747,12.398,16.145,0.00,0.00,0.00,0.00,0.00,0.00,0.00,0.00,0.00,0.00,0.00,0.00,0.00,0.00,0.00,0.00,0.00
20650,DL:0.1.0:AT.1.0.0,2022-3-4 16:19:47,43.75,0.00,0.00,18.175,-2.030,-5.776,12.398,16.145,0.00,0.00,0.00,0.00,0.00,0.00,0.00,0.00,0.00,0.00,0.00,0.00,0.00,0.00,0.00,0.00,0.00
20650,DL:0.1.0:AT.1.0.0,2022-3-4 16:19:52,43.75,0.00,0.00,18.175,-2.030,-5.776,12.398,16.145,0.00,0.00,0.00,0.00,0.00,0.00,0.00,0.00,0.00,0.00,0.00,0.00,0.00,0.00,0.00,0.00,0.00
20650,DL:0.1.0:AT.1.0.0,2022-3-4 16:19:57,43.75,0.00,0.00,18.145,-2.000,-5.746,12.398,16.145,0.00,0.00,0.00,0.00,0.00,0.00,0.00,0.00,0.00,0.00,0.00,0.00,0.00,0.00,0.00,0.00,0.00
20650,DL:0.1.0:AT.1.0.0,2022-3-4 16:20:2,43.75,0.00,0.00,18.169,-2.025,-5.769,12.400,16.144,0.00,0.00,0.00,0.00,0.00,0.00,0.00,0.00,0.00,0.00,0.00,0.00,0.00,0.00,0.00,0.00,0.00
20650,DL:0.1.0:AT.1.0.0,2022-3-4 16:20:7,43.75,0.00,0.00,18.165,-2.021,-5.765,12.400,16.144,0.00,0.00,0.00,0.00,0.00,0.00,0.00,0.00,0.00,0.00,0.00,0.00,0.00,0.00,0.00,0.00,0.00
20650,DL:0.1.0:AT.1.0.0,2022-3-4 16:20:12,43.75,0.00,0.00,18.134,-1.990,-5.734,12.400,16.144,0.00,0.00,0.00,0.00,0.00,0.00,0.00,0.00,0.00,0.00,0.00,0.00,0.00,0.00,0.00,0.00,0.00
20650,DL:0.1.0:AT.1.0.0,2022-3-4 16:20:17,43.75,0.00,0.00,18.158,-2.014,-5.758,12.400,16.144,0.00,0.00,0.00,0.00,0.00,0.00,0.00,0.00,0.00,0.00,0.00,0.00,0.00,0.00,0.00,0.00,0.00
20650,DL:0.1.0:AT.1.0.0,2022-3-4 16:20:22,43.75,0.00,0.00,18.147,-2.003,-5.747,12.400,16.144,0.00,0.00,0.00,0.00,0.00,0.00,0.00,0.00,0.00,0.00,0.00,0.00,0.00,0.00,0.00,0.00,0.00
20650,DL:0.1.0:AT.1.0.0,2022-3-4 16:20:27,43.75,0.00,0.00,18.154,-2.010,-5.755,12.400,16.144,0.00,0.00,0.00,0.00,0.00,0.00,0.00,0.00,0.00,0.00,0.00,0.00,0.00,0.00,0.00,0.00,0.00
20650,DL:0.1.0:AT.1.0.0,2022-3-4 16:20:32,43.75,0.00,0.00,18.130,-1.988,-5.731,12.400,16.143,0.00,0.00,0.00,0.00,0.00,0.00,0.00,0.00,0.00,0.00,0.00,0.00,0.00,0.00,0.00,0.00,0.00
20650,DL:0.1.0:AT.1.0.0,2022-3-4 16:20:37,43.75,0.00,0.00,18.093,-1.950,-5.692,12.401,16.143,0.00,0.00,0.00,0.00,0.00,0.00,0.00,0.00,0.00,0.00,0.00,0.00,0.00,0.00,0.00,0.00,0.00
20650,DL:0.1.0:AT.1.0.0,2022-3-4 16:20:42,43.75,0.00,0.00,18.157,-2.015,-5.757,12.400,16.142,0.00,0.00,0.00,0.00,0.00,0.00,0.00,0.00,0.00,0.00,0.00,0.00,0.00,0.00,0.00,0.00,0.00
20650,DL:0.1.0:AT.1.0.0,2022-3-4 16:20:47,43.75,0.00,0.00,18.112,-1.971,-5.713,12.400,16.142,0.00,0.00,0.00,0.00,0.00,0.00,0.00,0.00,0.00,0.00,0.00,0.00,0.00,0.00,0.00,0.00,0.00
20650,DL:0.1.0:AT.1.0.0,2022-3-4 16:20:52,43.75,0.00,0.00,18.122,-1.980,-5.722,12.400,16.142,0.00,0.00,0.00,0.00,0.00,0.00,0.00,0.00,0.00,0.00,0.00,0.00,0.00,0.00,0.00,0.00,0.00
20650,DL:0.1.0:AT.1.0.0,2022-3-4 16:20:57,43.75,0.00,0.00,18.131,-1.991,-5.732,12.400,16.140,0.00,0.00,0.00,0.00,0.00,0.00,0.00,0.00,0.00,0.00,0.00,0.00,0.00,0.00,0.00,0.00,0.00
20650,DL:0.1.0:AT.1.0.0,2022-3-4 16:21:2,43.75,0.00,0.00,18.130,-1.989,-5.731,12.400,16.142,0.00,0.00,0.00,0.00,0.00,0.00,0.00,0.00,0.00,0.00,0.00,0.00,0.00,0.00,0.00,0.00,0.00
20650,DL:0.1.0:AT.1.0.0,2022-3-4 16:21:7,43.75,0.00,0.00,18.121,-1.979,-5.721,12.400,16.142,0.00,0.00,0.00,0.00,0.00,0.00,0.00,0.00,0.00,0.00,0.00,0.00,0.00,0.00,0.00,0.00,0.00
20650,DL:0.1.0:AT.1.0.0,2022-3-4 16:21:12,43.75,0.00,0.00,18.112,-1.971,-5.713,12.400,16.142,0.00,0.00,0.00,0.00,0.00,0.00,0.00,0.00,0.00,0.00,0.00,0.00,0.00,0.00,0.00,0.00,0.00
20650,DL:0.1.0:AT.1.0.0,2022-3-4 16:21:17,43.75,0.00,0.00,18.116,-1.974,-5.716,12.400,16.142,0.00,0.00,0.00,0.00,0.00,0.00,0.00,0.00,0.00,0.00,0.00,0.00,0.00,0.00,0.00,0.00,0.00
20650,DL:0.1.0:AT.1.0.0,2022-3-4 16:21:22,43.75,0.00,0.00,18.097,-1.957,-5.697,12.400,16.139,0.00,0.00,0.00,0.00,0.00,0.00,0.00,0.00,0.00,0.00,0.00,0.00,0.00,0.00,0.00,0.00,0.00
20650,DL:0.1.0:AT.1.0.0,2022-3-4 16:21:27,43.75,0.00,0.00,18.129,-1.990,-5.729,12.400,16.139,0.00,0.00,0.00,0.00,0.00,0.00,0.00,0.00,0.00,0.00,0.00,0.00,0.00,0.00,0.00,0.00,0.00
20650,DL:0.1.0:AT.1.0.0,2022-3-4 16:21:32,43.75,0.00,0.00,18.119,-1.980,-5.720,12.400,16.139,0.00,0.00,0.00,0.00,0.00,0.00,0.00,0.00,0.00,0.00,0.00,0.00,0.00,0.00,0.00,0.00,0.00
20650,DL:0.1.0:AT.1.0.0,2022-3-4 16:21:37,43.75,0.00,0.00,18.112,-1.975,-5.713,12.400,16.137,0.00,0.00,0.00,0.00,0.00,0.00,0.00,0.00,0.00,0.00,0.00,0.00,0.00,0.00,0.00,0.00,0.00
20650,DL:0.1.0:AT.1.0.0,2022-3-4 16:21:42,43.75,0.00,0.00,18.109,-1.972,-5.710,12.398,16.137,0.00,0.00,0.00,0.00,0.00,0.00,0.00,0.00,0.00,0.00,0.00,0.00,0.00,0.00,0.00,0.00,0.00
20650,DL:0.1.0:AT.1.0.0,2022-3-4 16:21:47,43.75,0.00,0.00,18.107,-1.972,-5.708,12.400,16.136,0.00,0.00,0.00,0.00,0.00,0.00,0.00,0.00,0.00,0.00,0.00,0.00,0.00,0.00,0.00,0.00,0.00
20650,DL:0.1.0:AT.1.0.0,2022-3-4 16:21:52,43.75,0.00,0.00,18.083,-1.948,-5.685,12.398,16.136,0.00,0.00,0.00,0.00,0.00,0.00,0.00,0.00,0.00,0.00,0.00,0.00,0.00,0.00,0.00,0.00,0.00
20650,DL:0.1.0:AT.1.0.0,2022-3-4 16:21:57,43.75,0.00,0.00,18.135,-2.001,-5.735,12.400,16.134,0.00,0.00,0.00,0.00,0.00,0.00,0.00,0.00,0.00,0.00,0.00,0.00,0.00,0.00,0.00,0.00,0.00
20650,DL:0.1.0:AT.1.0.0,2022-3-4 16:22:2,43.75,0.00,0.00,18.113,-1.981,-5.714,12.400,16.132,0.00,0.00,0.00,0.00,0.00,0.00,0.00,0.00,0.00,0.00,0.00,0.00,0.00,0.00,0.00,0.00,0.00
20650,DL:0.1.0:AT.1.0.0,2022-3-4 16:22:7,43.75,0.00,0.00,18.113,-1.981,-5.714,12.400,16.132,0.00,0.00,0.00,0.00,0.00,0.00,0.00,0.00,0.00,0.00,0.00,0.00,0.00,0.00,0.00,0.00,0.00
20650,DL:0.1.0:AT.1.0.0,2022-3-4 16:22:12,43.75,0.00,0.00,18.118,-1.988,-5.719,12.400,16.131,0.00,0.00,0.00,0.00,0.00,0.00,0.00,0.00,0.00,0.00,0.00,0.00,0.00,0.00,0.00,0.00,0.00
20650,DL:0.1.0:AT.1.0.0,2022-3-4 16:22:17,43.75,0.00,0.00,18.111,-1.981,-5.713,12.398,16.130,0.00,0.00,0.00,0.00,0.00,0.00,0.00,0.00,0.00,0.00,0.00,0.00,0.00,0.00,0.00,0.00,0.00
20650,DL:0.1.0:AT.1.0.0,2022-3-4 16:22:23,43.75,0.00,0.00,18.088,-1.959,-5.689,12.400,16.130,0.00,0.00,0.00,0.00,0.00,0.00,0.00,0.00,0.00,0.00,0.00,0.00,0.00,0.00,0.00,0.00,0.00
20650,DL:0.1.0:AT.1.0.0,2022-3-4 16:22:28,43.75,0.00,0.00,18.103,-1.974,-5.702,12.401,16.128,0.00,0.00,0.00,0.00,0.00,0.00,0.00,0.00,0.00,0.00,0.00,0.00,0.00,0.00,0.00,0.00,0.00
20650,DL:0.1.0:AT.1.0.0,2022-3-4 16:22:33,43.75,0.00,0.00,18.094,-1.967,-5.693,12.401,16.127,0.00,0.00,0.00,0.00,0.00,0.00,0.00,0.00,0.00,0.00,0.00,0.00,0.00,0.00,0.00,0.00,0.00
20650,DL:0.1.0:AT.1.0.0,2022-3-4 16:22:38,43.75,0.00,0.00,18.112,-1.985,-5.711,12.401,16.127,0.00,0.00,0.00,0.00,0.00,0.00,0.00,0.00,0.00,0.00,0.00,0.00,0.00,0.00,0.00,0.00,0.00
20650,DL:0.1.0:AT.1.0.0,2022-3-4 16:22:43,43.75,0.00,0.00,18.086,-1.960,-5.686,12.400,16.126,0.00,0.00,0.00,0.00,0.00,0.00,0.00,0.00,0.00,0.00,0.00,0.00,0.00,0.00,0.00,0.00,0.00
20650,DL:0.1.0:AT.1.0.0,2022-3-4 16:22:48,43.75,0.00,0.00,18.088,-1.962,-5.687,12.401,16.126,0.00,0.00,0.00,0.00,0.00,0.00,0.00,0.00,0.00,0.00,0.00,0.00,0.00,0.00,0.00,0.00,0.00
20650,DL:0.1.0:AT.1.0.0,2022-3-4 16:22:53,43.75,0.00,0.00,18.105,-1.979,-5.704,12.401,16.126,0.00,0.00,0.00,0.00,0.00,0.00,0.00,0.00,0.00,0.00,0.00,0.00,0.00,0.00,0.00,0.00,0.00
20650,DL:0.1.0:AT.1.0.0,2022-3-4 16:22:58,43.75,0.00,0.00,18.098,-1.973,-5.696,12.402,16.125,0.00,0.00,0.00,0.00,0.00,0.00,0.00,0.00,0.00,0.00,0.00,0.00,0.00,0.00,0.00,0.00,0.00
20650,DL:0.1.0:AT.1.0.0,2022-3-4 16:23:3,43.75,0.00,0.00,18.086,-1.961,-5.685,12.401,16.125,0.00,0.00,0.00,0.00,0.00,0.00,0.00,0.00,0.00,0.00,0.00,0.00,0.00,0.00,0.00,0.00,0.00
20650,DL:0.1.0:AT.1.0.0,2022-3-4 16:23:8,43.75,0.00,0.00,18.100,-1.977,-5.698,12.402,16.124,0.00,0.00,0.00,0.00,0.00,0.00,0.00,0.00,0.00,0.00,0.00,0.00,0.00,0.00,0.00,0.00,0.00
20650,DL:0.1.0:AT.1.0.0,2022-3-4 16:23:13,43.75,0.00,0.00,18.123,-2.001,-5.721,12.402,16.122,0.00,0.00,0.00,0.00,0.00,0.00,0.00,0.00,0.00,0.00,0.00,0.00,0.00,0.00,0.00,0.00,0.00
20650,DL:0.1.0:AT.1.0.0,2022-3-4 16:23:18,43.75,0.00,0.00,18.123,-2.001,-5.720,12.403,16.122,0.00,0.00,0.00,0.00,0.00,0.00,0.00,0.00,0.00,0.00,0.00,0.00,0.00,0.00,0.00,0.00,0.00
20650,DL:0.1.0:AT.1.0.0,2022-3-4 16:23:23,43.75,0.00,0.00,18.116,-1.995,-5.714,12.402,16.121,0.00,0.00,0.00,0.00,0.00,0.00,0.00,0.00,0.00,0.00,0.00,0.00,0.00,0.00,0.00,0.00,0.00
20650,DL:0.1.0:AT.1.0.0,2022-3-4 16:23:28,43.75,0.00,0.00,18.074,-1.953,-5.671,12.403,16.121,0.00,0.00,0.00,0.00,0.00,0.00,0.00,0.00,0.00,0.00,0.00,0.00,0.00,0.00,0.00,0.00,0.00
20650,DL:0.1.0:AT.1.0.0,2022-3-4 16:23:33,43.75,0.00,0.00,18.074,-1.953,-5.671,12.403,16.121,0.00,0.00,0.00,0.00,0.00,0.00,0.00,0.00,0.00,0.00,0.00,0.00,0.00,0.00,0.00,0.00,0.00
20650,DL:0.1.0:AT.1.0.0,2022-3-4 16:23:38,43.75,0.00,0.00,18.065,-1.943,-5.661,12.404,16.122,0.00,0.00,0.00,0.00,0.00,0.00,0.00,0.00,0.00,0.00,0.00,0.00,0.00,0.00,0.00,0.00,0.00
20650,DL:0.1.0:AT.1.0.0,2022-3-4 16:23:43,43.75,0.00,0.00,18.122,-2.000,-5.717,12.404,16.122,0.00,0.00,0.00,0.00,0.00,0.00,0.00,0.00,0.00,0.00,0.00,0.00,0.00,0.00,0.00,0.00,0.00
20650,DL:0.1.0:AT.1.0.0,2022-3-4 16:23:48,43.75,0.00,0.00,18.094,-1.973,-5.690,12.404,16.121,0.00,0.00,0.00,0.00,0.00,0.00,0.00,0.00,0.00,0.00,0.00,0.00,0.00,0.00,0.00,0.00,0.00
20650,DL:0.1.0:AT.1.0.0,2022-3-4 16:23:53,43.75,0.00,0.00,18.105,-1.985,-5.701,12.404,16.120,0.00,0.00,0.00,0.00,0.00,0.00,0.00,0.00,0.00,0.00,0.00,0.00,0.00,0.00,0.00,0.00,0.00
20650,DL:0.1.0:AT.1.0.0,2022-3-4 16:23:58,43.75,0.00,0.00,18.118,-1.998,-5.713,12.406,16.120,0.00,0.00,0.00,0.00,0.00,0.00,0.00,0.00,0.00,0.00,0.00,0.00,0.00,0.00,0.00,0.00,0.00
20650,DL:0.1.0:AT.1.0.0,2022-3-4 16:24:3,43.75,0.00,0.00,18.119,-2.000,-5.714,12.406,16.120,0.00,0.00,0.00,0.00,0.00,0.00,0.00,0.00,0.00,0.00,0.00,0.00,0.00,0.00,0.00,0.00,0.00
20650,DL:0.1.0:AT.1.0.0,2022-3-4 16:24:8,43.75,0.00,0.00,18.106,-1.989,-5.701,12.406,16.118,0.00,0.00,0.00,0.00,0.00,0.00,0.00,0.00,0.00,0.00,0.00,0.00,0.00,0.00,0.00,0.00,0.00
20650,DL:0.1.0:AT.1.0.0,2022-3-4 16:24:13,43.75,0.00,0.00,18.099,-1.981,-5.693,12.406,16.118,0.00,0.00,0.00,0.00,0.00,0.00,0.00,0.00,0.00,0.00,0.00,0.00,0.00,0.00,0.00,0.00,0.00
20650,DL:0.1.0:AT.1.0.0,2022-3-4 16:24:18,43.75,0.00,0.00,18.121,-2.004,-5.715,12.406,16.116,0.00,0.00,0.00,0.00,0.00,0.00,0.00,0.00,0.00,0.00,0.00,0.00,0.00,0.00,0.00,0.00,0.00
20650,DL:0.1.0:AT.1.0.0,2022-3-4 16:24:23,43.75,0.00,0.00,18.107,-1.992,-5.702,12.406,16.115,0.00,0.00,0.00,0.00,0.00,0.00,0.00,0.00,0.00,0.00,0.00,0.00,0.00,0.00,0.00,0.00,0.00
20650,DL:0.1.0:AT.1.0.0,2022-3-4 16:24:28,43.75,0.00,0.00,18.100,-1.985,-5.695,12.406,16.115,0.00,0.00,0.00,0.00,0.00,0.00,0.00,0.00,0.00,0.00,0.00,0.00,0.00,0.00,0.00,0.00,0.00
20650,DL:0.1.0:AT.1.0.0,2022-3-4 16:24:33,43.75,0.00,0.00,18.133,-2.019,-5.726,12.407,16.114,0.00,0.00,0.00,0.00,0.00,0.00,0.00,0.00,0.00,0.00,0.00,0.00,0.00,0.00,0.00,0.00,0.00
20650,DL:0.1.0:AT.1.0.0,2022-3-4 16:24:38,43.75,0.00,0.00,18.098,-1.985,-5.692,12.406,16.113,0.00,0.00,0.00,0.00,0.00,0.00,0.00,0.00,0.00,0.00,0.00,0.00,0.00,0.00,0.00,0.00,0.00
20650,DL:0.1.0:AT.1.0.0,2022-3-4 16:24:43,43.75,0.00,0.00,18.118,-2.007,-5.711,12.407,16.112,0.00,0.00,0.00,0.00,0.00,0.00,0.00,0.00,0.00,0.00,0.00,0.00,0.00,0.00,0.00,0.00,0.00
20650,DL:0.1.0:AT.1.0.0,2022-3-4 16:24:48,43.75,0.00,0.00,18.135,-2.025,-5.728,12.407,16.110,0.00,0.00,0.00,0.00,0.00,0.00,0.00,0.00,0.00,0.00,0.00,0.00,0.00,0.00,0.00,0.00,0.00
20650,DL:0.1.0:AT.1.0.0,2022-3-4 16:24:53,43.75,0.00,0.00,18.133,-2.025,-5.726,12.407,16.108,0.00,0.00,0.00,0.00,0.00,0.00,0.00,0.00,0.00,0.00,0.00,0.00,0.00,0.00,0.00,0.00,0.00
20650,DL:0.1.0:AT.1.0.0,2022-3-4 16:24:58,43.75,0.00,0.00,18.100,-1.994,-5.693,12.407,16.107,0.00,0.00,0.00,0.00,0.00,0.00,0.00,0.00,0.00,0.00,0.00,0.00,0.00,0.00,0.00,0.00,0.00
20650,DL:0.1.0:AT.1.0.0,2022-3-4 16:25:3,43.75,0.00,0.00,18.082,-1.977,-5.674,12.408,16.106,0.00,0.00,0.00,0.00,0.00,0.00,0.00,0.00,0.00,0.00,0.00,0.00,0.00,0.00,0.00,0.00,0.00
20650,DL:0.1.0:AT.1.0.0,2022-3-4 16:25:8,43.75,0.00,0.00,18.115,-2.009,-5.708,12.407,16.106,0.00,0.00,0.00,0.00,0.00,0.00,0.00,0.00,0.00,0.00,0.00,0.00,0.00,0.00,0.00,0.00,0.00
20650,DL:0.1.0:AT.1.0.0,2022-3-4 16:25:13,43.75,0.00,0.00,18.080,-1.975,-5.673,12.407,16.104,0.00,0.00,0.00,0.00,0.00,0.00,0.00,0.00,0.00,0.00,0.00,0.00,0.00,0.00,0.00,0.00,0.00
20650,DL:0.1.0:AT.1.0.0,2022-3-4 16:25:18,43.75,0.00,0.00,18.077,-1.974,-5.669,12.408,16.103,0.00,0.00,0.00,0.00,0.00,0.00,0.00,0.00,0.00,0.00,0.00,0.00,0.00,0.00,0.00,0.00,0.00
20650,DL:0.1.0:AT.1.0.0,2022-3-4 16:25:23,43.75,0.00,0.00,18.100,-1.997,-5.693,12.407,16.103,0.00,0.00,0.00,0.00,0.00,0.00,0.00,0.00,0.00,0.00,0.00,0.00,0.00,0.00,0.00,0.00,0.00
20650,DL:0.1.0:AT.1.0.0,2022-3-4 16:25:28,43.75,0.00,0.00,18.089,-1.984,-5.681,12.408,16.106,0.00,0.00,0.00,0.00,0.00,0.00,0.00,0.00,0.00,0.00,0.00,0.00,0.00,0.00,0.00,0.00,0.00
20650,DL:0.1.0:AT.1.0.0,2022-3-4 16:25:33,43.75,0.00,0.00,18.113,-2.010,-5.705,12.408,16.103,0.00,0.00,0.00,0.00,0.00,0.00,0.00,0.00,0.00,0.00,0.00,0.00,0.00,0.00,0.00,0.00,0.00
20650,DL:0.1.0:AT.1.0.0,2022-3-4 16:25:38,43.75,0.00,0.00,18.110,-2.007,-5.702,12.408,16.103,0.00,0.00,0.00,0.00,0.00,0.00,0.00,0.00,0.00,0.00,0.00,0.00,0.00,0.00,0.00,0.00,0.00
20650,DL:0.1.0:AT.1.0.0,2022-3-4 16:25:43,43.75,0.00,0.00,18.111,-2.010,-5.703,12.408,16.101,0.00,0.00,0.00,0.00,0.00,0.00,0.00,0.00,0.00,0.00,0.00,0.00,0.00,0.00,0.00,0.00,0.00
20650,DL:0.1.0:AT.1.0.0,2022-3-4 16:25:48,43.75,0.00,0.00,18.085,-1.985,-5.675,12.409,16.099,0.00,0.00,0.00,0.00,0.00,0.00,0.00,0.00,0.00,0.00,0.00,0.00,0.00,0.00,0.00,0.00,0.00
20650,DL:0.1.0:AT.1.0.0,2022-3-4 16:25:53,43.75,0.00,0.00,18.103,-2.003,-5.693,12.409,16.099,0.00,0.00,0.00,0.00,0.00,0.00,0.00,0.00,0.00,0.00,0.00,0.00,0.00,0.00,0.00,0.00,0.00
20650,DL:0.1.0:AT.1.0.0,2022-3-4 16:25:58,43.75,0.00,0.00,18.101,-2.006,-5.693,12.408,16.096,0.00,0.00,0.00,0.00,0.00,0.00,0.00,0.00,0.00,0.00,0.00,0.00,0.00,0.00,0.00,0.00,0.00
20650,DL:0.1.0:AT.1.0.0,2022-3-4 16:26:3,43.75,0.00,0.00,18.142,-2.046,-5.733,12.409,16.096,0.00,0.00,0.00,0.00,0.00,0.00,0.00,0.00,0.00,0.00,0.00,0.00,0.00,0.00,0.00,0.00,0.00
20650,DL:0.1.0:AT.1.0.0,2022-3-4 16:26:8,43.75,0.00,0.00,18.148,-2.054,-5.740,12.408,16.095,0.00,0.00,0.00,0.00,0.00,0.00,0.00,0.00,0.00,0.00,0.00,0.00,0.00,0.00,0.00,0.00,0.00
20650,DL:0.1.0:AT.1.0.0,2022-3-4 16:26:13,43.75,0.00,0.00,18.118,-2.025,-5.710,12.408,16.093,0.00,0.00,0.00,0.00,0.00,0.00,0.00,0.00,0.00,0.00,0.00,0.00,0.00,0.00,0.00,0.00,0.00
20650,DL:0.1.0:AT.1.0.0,2022-3-4 16:26:18,43.75,0.00,0.00,18.119,-2.027,-5.710,12.409,16.092,0.00,0.00,0.00,0.00,0.00,0.00,0.00,0.00,0.00,0.00,0.00,0.00,0.00,0.00,0.00,0.00,0.00
20650,DL:0.1.0:AT.1.0.0,2022-3-4 16:26:23,43.75,0.00,0.00,18.109,-2.018,-5.699,12.409,16.091,0.00,0.00,0.00,0.00,0.00,0.00,0.00,0.00,0.00,0.00,0.00,0.00,0.00,0.00,0.00,0.00,0.00
20650,DL:0.1.0:AT.1.0.0,2022-3-4 16:26:28,43.75,0.00,0.00,18.116,-2.026,-5.707,12.409,16.090,0.00,0.00,0.00,0.00,0.00,0.00,0.00,0.00,0.00,0.00,0.00,0.00,0.00,0.00,0.00,0.00,0.00
20650,DL:0.1.0:AT.1.0.0,2022-3-4 16:26:33,43.75,0.00,0.00,18.129,-2.040,-5.719,12.410,16.089,0.00,0.00,0.00,0.00,0.00,0.00,0.00,0.00,0.00,0.00,0.00,0.00,0.00,0.00,0.00,0.00,0.00
20650,DL:0.1.0:AT.1.0.0,2022-3-4 16:26:38,43.75,0.00,0.00,18.130,-2.042,-5.721,12.409,16.089,0.00,0.00,0.00,0.00,0.00,0.00,0.00,0.00,0.00,0.00,0.00,0.00,0.00,0.00,0.00,0.00,0.00
20650,DL:0.1.0:AT.1.0.0,2022-3-4 16:26:43,43.75,0.00,0.00,18.124,-2.037,-5.714,12.410,16.087,0.00,0.00,0.00,0.00,0.00,0.00,0.00,0.00,0.00,0.00,0.00,0.00,0.00,0.00,0.00,0.00,0.00
20650,DL:0.1.0:AT.1.0.0,2022-3-4 16:26:48,43.75,0.00,0.00,18.130,-2.044,-5.720,12.410,16.086,0.00,0.00,0.00,0.00,0.00,0.00,0.00,0.00,0.00,0.00,0.00,0.00,0.00,0.00,0.00,0.00,0.00
20650,DL:0.1.0:AT.1.0.0,2022-3-4 16:26:53,43.75,0.00,0.00,18.115,-2.028,-5.704,12.410,16.086,0.00,0.00,0.00,0.00,0.00,0.00,0.00,0.00,0.00,0.00,0.00,0.00,0.00,0.00,0.00,0.00,0.00
20650,DL:0.1.0:AT.1.0.0,2022-3-4 16:26:58,43.75,0.00,0.00,18.129,-2.044,-5.719,12.410,16.085,0.00,0.00,0.00,0.00,0.00,0.00,0.00,0.00,0.00,0.00,0.00,0.00,0.00,0.00,0.00,0.00,0.00
20650,DL:0.1.0:AT.1.0.0,2022-3-4 16:27:3,43.75,0.00,0.00,18.139,-2.055,-5.728,12.410,16.084,0.00,0.00,0.00,0.00,0.00,0.00,0.00,0.00,0.00,0.00,0.00,0.00,0.00,0.00,0.00,0.00,0.00
20650,DL:0.1.0:AT.1.0.0,2022-3-4 16:27:8,43.75,0.00,0.00,18.109,-2.026,-5.698,12.410,16.083,0.00,0.00,0.00,0.00,0.00,0.00,0.00,0.00,0.00,0.00,0.00,0.00,0.00,0.00,0.00,0.00,0.00
20650,DL:0.1.0:AT.1.0.0,2022-3-4 16:27:13,43.75,0.00,0.00,18.104,-2.022,-5.692,12.412,16.081,0.00,0.00,0.00,0.00,0.00,0.00,0.00,0.00,0.00,0.00,0.00,0.00,0.00,0.00,0.00,0.00,0.00
20650,DL:0.1.0:AT.1.0.0,2022-3-4 16:27:18,43.75,0.00,0.00,18.112,-2.027,-5.701,12.412,16.085,0.00,0.00,0.00,0.00,0.00,0.00,0.00,0.00,0.00,0.00,0.00,0.00,0.00,0.00,0.00,0.00,0.00
20650,DL:0.1.0:AT.1.0.0,2022-3-4 16:27:23,43.75,0.00,0.00,18.122,-2.038,-5.709,12.413,16.084,0.00,0.00,0.00,0.00,0.00,0.00,0.00,0.00,0.00,0.00,0.00,0.00,0.00,0.00,0.00,0.00,0.00
20650,DL:0.1.0:AT.1.0.0,2022-3-4 16:27:28,43.75,0.00,0.00,18.139,-2.056,-5.726,12.413,16.083,0.00,0.00,0.00,0.00,0.00,0.00,0.00,0.00,0.00,0.00,0.00,0.00,0.00,0.00,0.00,0.00,0.00
20650,DL:0.1.0:AT.1.0.0,2022-3-4 16:27:33,43.75,0.00,0.00,18.110,-2.028,-5.697,12.413,16.081,0.00,0.00,0.00,0.00,0.00,0.00,0.00,0.00,0.00,0.00,0.00,0.00,0.00,0.00,0.00,0.00,0.00
20650,DL:0.1.0:AT.1.0.0,2022-3-4 16:27:38,43.75,0.00,0.00,18.092,-2.012,-5.679,12.413,16.080,0.00,0.00,0.00,0.00,0.00,0.00,0.00,0.00,0.00,0.00,0.00,0.00,0.00,0.00,0.00,0.00,0.00
20650,DL:0.1.0:AT.1.0.0,2022-3-4 16:27:43,43.75,0.00,0.00,18.155,-2.076,-5.743,12.413,16.079,0.00,0.00,0.00,0.00,0.00,0.00,0.00,0.00,0.00,0.00,0.00,0.00,0.00,0.00,0.00,0.00,0.00
20650,DL:0.1.0:AT.1.0.0,2022-3-4 16:27:48,43.75,0.00,0.00,18.115,-2.036,-5.702,12.413,16.079,0.00,0.00,0.00,0.00,0.00,0.00,0.00,0.00,0.00,0.00,0.00,0.00,0.00,0.00,0.00,0.00,0.00
20650,DL:0.1.0:AT.1.0.0,2022-3-4 16:27:53,43.75,0.00,0.00,18.098,-2.020,-5.684,12.414,16.078,0.00,0.00,0.00,0.00,0.00,0.00,0.00,0.00,0.00,0.00,0.00,0.00,0.00,0.00,0.00,0.00,0.00
20650,DL:0.1.0:AT.1.0.0,2022-3-4 16:27:58,43.75,0.00,0.00,18.111,-2.034,-5.697,12.414,16.077,0.00,0.00,0.00,0.00,0.00,0.00,0.00,0.00,0.00,0.00,0.00,0.00,0.00,0.00,0.00,0.00,0.00
20650,DL:0.1.0:AT.1.0.0,2022-3-4 16:28:3,43.75,0.00,0.00,18.104,-2.027,-5.690,12.414,16.077,0.00,0.00,0.00,0.00,0.00,0.00,0.00,0.00,0.00,0.00,0.00,0.00,0.00,0.00,0.00,0.00,0.00
20650,DL:0.1.0:AT.1.0.0,2022-3-4 16:28:8,43.75,0.00,0.00,18.141,-2.066,-5.728,12.413,16.075,0.00,0.00,0.00,0.00,0.00,0.00,0.00,0.00,0.00,0.00,0.00,0.00,0.00,0.00,0.00,0.00,0.00
20650,DL:0.1.0:AT.1.0.0,2022-3-4 16:28:13,43.75,0.00,0.00,18.124,-2.050,-5.709,12.415,16.074,0.00,0.00,0.00,0.00,0.00,0.00,0.00,0.00,0.00,0.00,0.00,0.00,0.00,0.00,0.00,0.00,0.00
20650,DL:0.1.0:AT.1.0.0,2022-3-4 16:28:18,43.75,0.00,0.00,18.107,-2.033,-5.692,12.415,16.074,0.00,0.00,0.00,0.00,0.00,0.00,0.00,0.00,0.00,0.00,0.00,0.00,0.00,0.00,0.00,0.00,0.00
20650,DL:0.1.0:AT.1.0.0,2022-3-4 16:28:23,43.75,0.00,0.00,18.115,-2.043,-5.701,12.414,16.072,0.00,0.00,0.00,0.00,0.00,0.00,0.00,0.00,0.00,0.00,0.00,0.00,0.00,0.00,0.00,0.00,0.00
20650,DL:0.1.0:AT.1.0.0,2022-3-4 16:28:28,43.75,0.00,0.00,18.104,-2.032,-5.689,12.415,16.072,0.00,0.00,0.00,0.00,0.00,0.00,0.00,0.00,0.00,0.00,0.00,0.00,0.00,0.00,0.00,0.00,0.00
20650,DL:0.1.0:AT.1.0.0,2022-3-4 16:28:33,43.75,0.00,0.00,18.153,-2.082,-5.739,12.414,16.071,0.00,0.00,0.00,0.00,0.00,0.00,0.00,0.00,0.00,0.00,0.00,0.00,0.00,0.00,0.00,0.00,0.00
20650,DL:0.1.0:AT.1.0.0,2022-3-4 16:28:38,43.75,0.00,0.00,18.122,-2.054,-5.707,12.415,16.068,0.00,0.00,0.00,0.00,0.00,0.00,0.00,0.00,0.00,0.00,0.00,0.00,0.00,0.00,0.00,0.00,0.00
20650,DL:0.1.0:AT.1.0.0,2022-3-4 16:28:43,43.75,0.00,0.00,18.125,-2.057,-5.710,12.415,16.068,0.00,0.00,0.00,0.00,0.00,0.00,0.00,0.00,0.00,0.00,0.00,0.00,0.00,0.00,0.00,0.00,0.00
20650,DL:0.1.0:AT.1.0.0,2022-3-4 16:28:48,43.75,0.00,0.00,18.104,-2.037,-5.689,12.415,16.067,0.00,0.00,0.00,0.00,0.00,0.00,0.00,0.00,0.00,0.00,0.00,0.00,0.00,0.00,0.00,0.00,0.00
20650,DL:0.1.0:AT.1.0.0,2022-3-4 16:28:53,43.75,0.00,0.00,18.116,-2.050,-5.702,12.414,16.066,0.00,0.00,0.00,0.00,0.00,0.00,0.00,0.00,0.00,0.00,0.00,0.00,0.00,0.00,0.00,0.00,0.00
20650,DL:0.1.0:AT.1.0.0,2022-3-4 16:28:58,43.75,0.00,0.00,18.140,-2.075,-5.725,12.415,16.065,0.00,0.00,0.00,0.00,0.00,0.00,0.00,0.00,0.00,0.00,0.00,0.00,0.00,0.00,0.00,0.00,0.00
20650,DL:0.1.0:AT.1.0.0,2022-3-4 16:29:3,43.75,0.00,0.00,18.157,-2.092,-5.740,12.416,16.065,0.00,0.00,0.00,0.00,0.00,0.00,0.00,0.00,0.00,0.00,0.00,0.00,0.00,0.00,0.00,0.00,0.00
20650,DL:0.1.0:AT.1.0.0,2022-3-4 16:29:8,43.75,0.00,0.00,18.148,-2.085,-5.733,12.415,16.063,0.00,0.00,0.00,0.00,0.00,0.00,0.00,0.00,0.00,0.00,0.00,0.00,0.00,0.00,0.00,0.00,0.00
20650,DL:0.1.0:AT.1.0.0,2022-3-4 16:29:13,43.75,0.00,0.00,18.129,-2.063,-5.715,12.414,16.066,0.00,0.00,0.00,0.00,0.00,0.00,0.00,0.00,0.00,0.00,0.00,0.00,0.00,0.00,0.00,0.00,0.00
20650,DL:0.1.0:AT.1.0.0,2022-3-4 16:29:18,43.75,0.00,0.00,18.110,-2.045,-5.695,12.415,16.065,0.00,0.00,0.00,0.00,0.00,0.00,0.00,0.00,0.00,0.00,0.00,0.00,0.00,0.00,0.00,0.00,0.00
20650,DL:0.1.0:AT.1.0.0,2022-3-4 16:29:23,43.75,0.00,0.00,18.124,-2.060,-5.709,12.415,16.065,0.00,0.00,0.00,0.00,0.00,0.00,0.00,0.00,0.00,0.00,0.00,0.00,0.00,0.00,0.00,0.00,0.00
20650,DL:0.1.0:AT.1.0.0,2022-3-4 16:29:28,43.75,0.00,0.00,18.149,-2.086,-5.735,12.414,16.063,0.00,0.00,0.00,0.00,0.00,0.00,0.00,0.00,0.00,0.00,0.00,0.00,0.00,0.00,0.00,0.00,0.00
20650,DL:0.1.0:AT.1.0.0,2022-3-4 16:29:33,43.75,0.00,0.00,18.163,-2.100,-5.749,12.414,16.062,0.00,0.00,0.00,0.00,0.00,0.00,0.00,0.00,0.00,0.00,0.00,0.00,0.00,0.00,0.00,0.00,0.00
20650,DL:0.1.0:AT.1.0.0,2022-3-4 16:29:38,43.75,0.00,0.00,18.121,-2.058,-5.707,12.414,16.062,0.00,0.00,0.00,0.00,0.00,0.00,0.00,0.00,0.00,0.00,0.00,0.00,0.00,0.00,0.00,0.00,0.00
20650,DL:0.1.0:AT.1.0.0,2022-3-4 16:29:43,43.75,0.00,0.00,18.147,-2.086,-5.733,12.414,16.061,0.00,0.00,0.00,0.00,0.00,0.00,0.00,0.00,0.00,0.00,0.00,0.00,0.00,0.00,0.00,0.00,0.00
20650,DL:0.1.0:AT.1.0.0,2022-3-4 16:29:48,43.75,0.00,0.00,18.158,-2.097,-5.744,12.414,16.061,0.00,0.00,0.00,0.00,0.00,0.00,0.00,0.00,0.00,0.00,0.00,0.00,0.00,0.00,0.00,0.00,0.00
20650,DL:0.1.0:AT.1.0.0,2022-3-4 16:29:53,43.75,0.00,0.00,18.146,-2.085,-5.731,12.415,16.061,0.00,0.00,0.00,0.00,0.00,0.00,0.00,0.00,0.00,0.00,0.00,0.00,0.00,0.00,0.00,0.00,0.00
20650,DL:0.1.0:AT.1.0.0,2022-3-4 16:29:58,43.75,0.00,0.00,18.154,-2.093,-5.739,12.415,16.061,0.00,0.00,0.00,0.00,0.00,0.00,0.00,0.00,0.00,0.00,0.00,0.00,0.00,0.00,0.00,0.00,0.00
20650,DL:0.1.0:AT.1.0.0,2022-3-4 16:30:3,43.75,0.00,0.00,18.148,-2.088,-5.734,12.414,16.060,0.00,0.00,0.00,0.00,0.00,0.00,0.00,0.00,0.00,0.00,0.00,0.00,0.00,0.00,0.00,0.00,0.00
20650,DL:0.1.0:AT.1.0.0,2022-3-4 16:30:8,43.75,0.00,0.00,18.155,-2.097,-5.740,12.415,16.059,0.00,0.00,0.00,0.00,0.00,0.00,0.00,0.00,0.00,0.00,0.00,0.00,0.00,0.00,0.00,0.00,0.00
20650,DL:0.1.0:AT.1.0.0,2022-3-4 16:30:13,43.75,0.00,0.00,18.158,-2.100,-5.743,12.415,16.057,0.00,0.00,0.00,0.00,0.00,0.00,0.00,0.00,0.00,0.00,0.00,0.00,0.00,0.00,0.00,0.00,0.00
20650,DL:0.1.0:AT.1.0.0,2022-3-4 16:30:18,43.75,0.00,0.00,18.154,-2.097,-5.738,12.416,16.057,0.00,0.00,0.00,0.00,0.00,0.00,0.00,0.00,0.00,0.00,0.00,0.00,0.00,0.00,0.00,0.00,0.00
20650,DL:0.1.0:AT.1.0.0,2022-3-4 16:30:23,43.75,0.00,0.00,18.163,-2.105,-5.747,12.415,16.057,0.00,0.00,0.00,0.00,0.00,0.00,0.00,0.00,0.00,0.00,0.00,0.00,0.00,0.00,0.00,0.00,0.00
20650,DL:0.1.0:AT.1.0.0,2022-3-4 16:30:28,43.75,0.00,0.00,18.180,-2.123,-5.764,12.415,16.056,0.00,0.00,0.00,0.00,0.00,0.00,0.00,0.00,0.00,0.00,0.00,0.00,0.00,0.00,0.00,0.00,0.00
20650,DL:0.1.0:AT.1.0.0,2022-3-4 16:30:33,43.75,0.00,0.00,18.181,-2.124,-5.765,12.415,16.056,0.00,0.00,0.00,0.00,0.00,0.00,0.00,0.00,0.00,0.00,0.00,0.00,0.00,0.00,0.00,0.00,0.00
20650,DL:0.1.0:AT.1.0.0,2022-3-4 16:30:38,43.75,0.00,0.00,18.178,-2.123,-5.762,12.416,16.055,0.00,0.00,0.00,0.00,0.00,0.00,0.00,0.00,0.00,0.00,0.00,0.00,0.00,0.00,0.00,0.00,0.00
20650,DL:0.1.0:AT.1.0.0,2022-3-4 16:30:43,43.75,0.00,0.00,18.183,-2.128,-5.768,12.415,16.055,0.00,0.00,0.00,0.00,0.00,0.00,0.00,0.00,0.00,0.00,0.00,0.00,0.00,0.00,0.00,0.00,0.00
20650,DL:0.1.0:AT.1.0.0,2022-3-4 16:30:48,43.75,0.00,0.00,18.181,-2.127,-5.765,12.415,16.054,0.00,0.00,0.00,0.00,0.00,0.00,0.00,0.00,0.00,0.00,0.00,0.00,0.00,0.00,0.00,0.00,0.00
20650,DL:0.1.0:AT.1.0.0,2022-3-4 16:30:53,43.75,0.00,0.00,18.219,-2.165,-5.805,12.414,16.054,0.00,0.00,0.00,0.00,0.00,0.00,0.00,0.00,0.00,0.00,0.00,0.00,0.00,0.00,0.00,0.00,0.00
20650,DL:0.1.0:AT.1.0.0,2022-3-4 16:30:58,43.75,0.00,0.00,18.182,-2.129,-5.767,12.415,16.053,0.00,0.00,0.00,0.00,0.00,0.00,0.00,0.00,0.00,0.00,0.00,0.00,0.00,0.00,0.00,0.00,0.00
20650,DL:0.1.0:AT.1.0.0,2022-3-4 16:31:3,43.75,0.00,0.00,18.195,-2.143,-5.780,12.415,16.053,0.00,0.00,0.00,0.00,0.00,0.00,0.00,0.00,0.00,0.00,0.00,0.00,0.00,0.00,0.00,0.00,0.00
20650,DL:0.1.0:AT.1.0.0,2022-3-4 16:31:8,43.75,0.00,0.00,18.169,-2.116,-5.753,12.415,16.053,0.00,0.00,0.00,0.00,0.00,0.00,0.00,0.00,0.00,0.00,0.00,0.00,0.00,0.00,0.00,0.00,0.00
20650,DL:0.1.0:AT.1.0.0,2022-3-4 16:31:13,43.75,0.00,0.00,18.199,-2.146,-5.785,12.414,16.053,0.00,0.00,0.00,0.00,0.00,0.00,0.00,0.00,0.00,0.00,0.00,0.00,0.00,0.00,0.00,0.00,0.00
20650,DL:0.1.0:AT.1.0.0,2022-3-4 16:31:18,43.75,0.00,0.00,18.195,-2.143,-5.781,12.414,16.053,0.00,0.00,0.00,0.00,0.00,0.00,0.00,0.00,0.00,0.00,0.00,0.00,0.00,0.00,0.00,0.00,0.00
20650,DL:0.1.0:AT.1.0.0,2022-3-4 16:31:23,43.75,0.00,0.00,18.192,-2.140,-5.776,12.415,16.051,0.00,0.00,0.00,0.00,0.00,0.00,0.00,0.00,0.00,0.00,0.00,0.00,0.00,0.00,0.00,0.00,0.00
20650,DL:0.1.0:AT.1.0.0,2022-3-4 16:31:28,43.75,0.00,0.00,18.183,-2.133,-5.768,12.415,16.050,0.00,0.00,0.00,0.00,0.00,0.00,0.00,0.00,0.00,0.00,0.00,0.00,0.00,0.00,0.00,0.00,0.00
20650,DL:0.1.0:AT.1.0.0,2022-3-4 16:31:33,43.75,0.00,0.00,18.183,-2.133,-5.768,12.415,16.050,0.00,0.00,0.00,0.00,0.00,0.00,0.00,0.00,0.00,0.00,0.00,0.00,0.00,0.00,0.00,0.00,0.00
20650,DL:0.1.0:AT.1.0.0,2022-3-4 16:31:38,43.75,0.00,0.00,18.202,-2.153,-5.788,12.414,16.049,0.00,0.00,0.00,0.00,0.00,0.00,0.00,0.00,0.00,0.00,0.00,0.00,0.00,0.00,0.00,0.00,0.00
20650,DL:0.1.0:AT.1.0.0,2022-3-4 16:31:43,43.75,0.00,0.00,18.168,-2.114,-5.752,12.415,16.054,0.00,0.00,0.00,0.00,0.00,0.00,0.00,0.00,0.00,0.00,0.00,0.00,0.00,0.00,0.00,0.00,0.00
20650,DL:0.1.0:AT.1.0.0,2022-3-4 16:31:48,43.75,0.00,0.00,18.174,-2.122,-5.758,12.415,16.051,0.00,0.00,0.00,0.00,0.00,0.00,0.00,0.00,0.00,0.00,0.00,0.00,0.00,0.00,0.00,0.00,0.00
20650,DL:0.1.0:AT.1.0.0,2022-3-4 16:31:53,43.75,0.00,0.00,18.143,-2.092,-5.729,12.414,16.051,0.00,0.00,0.00,0.00,0.00,0.00,0.00,0.00,0.00,0.00,0.00,0.00,0.00,0.00,0.00,0.00,0.00
20650,DL:0.1.0:AT.1.0.0,2022-3-4 16:31:58,43.75,0.00,0.00,18.192,-2.140,-5.777,12.414,16.051,0.00,0.00,0.00,0.00,0.00,0.00,0.00,0.00,0.00,0.00,0.00,0.00,0.00,0.00,0.00,0.00,0.00
20650,DL:0.1.0:AT.1.0.0,2022-3-4 16:32:3,43.75,0.00,0.00,18.181,-2.130,-5.767,12.414,16.050,0.00,0.00,0.00,0.00,0.00,0.00,0.00,0.00,0.00,0.00,0.00,0.00,0.00,0.00,0.00,0.00,0.00
20650,DL:0.1.0:AT.1.0.0,2022-3-4 16:32:8,43.75,0.00,0.00,18.181,-2.130,-5.767,12.414,16.050,0.00,0.00,0.00,0.00,0.00,0.00,0.00,0.00,0.00,0.00,0.00,0.00,0.00,0.00,0.00,0.00,0.00
20650,DL:0.1.0:AT.1.0.0,2022-3-4 16:32:13,43.75,0.00,0.00,18.202,-2.152,-5.788,12.414,16.050,0.00,0.00,0.00,0.00,0.00,0.00,0.00,0.00,0.00,0.00,0.00,0.00,0.00,0.00,0.00,0.00,0.00
20650,DL:0.1.0:AT.1.0.0,2022-3-4 16:32:18,43.75,0.00,0.00,18.171,-2.122,-5.757,12.414,16.049,0.00,0.00,0.00,0.00,0.00,0.00,0.00,0.00,0.00,0.00,0.00,0.00,0.00,0.00,0.00,0.00,0.00
20650,DL:0.1.0:AT.1.0.0,2022-3-4 16:32:23,43.75,0.00,0.00,18.184,-2.135,-5.769,12.415,16.049,0.00,0.00,0.00,0.00,0.00,0.00,0.00,0.00,0.00,0.00,0.00,0.00,0.00,0.00,0.00,0.00,0.00
20650,DL:0.1.0:AT.1.0.0,2022-3-4 16:32:28,43.75,0.00,0.00,18.189,-2.141,-5.774,12.415,16.048,0.00,0.00,0.00,0.00,0.00,0.00,0.00,0.00,0.00,0.00,0.00,0.00,0.00,0.00,0.00,0.00,0.00
20650,DL:0.1.0:AT.1.0.0,2022-3-4 16:32:33,43.75,0.00,0.00,18.194,-2.145,-5.779,12.415,16.049,0.00,0.00,0.00,0.00,0.00,0.00,0.00,0.00,0.00,0.00,0.00,0.00,0.00,0.00,0.00,0.00,0.00
20650,DL:0.1.0:AT.1.0.0,2022-3-4 16:32:38,43.75,0.00,0.00,18.198,-2.150,-5.783,12.414,16.048,0.00,0.00,0.00,0.00,0.00,0.00,0.00,0.00,0.00,0.00,0.00,0.00,0.00,0.00,0.00,0.00,0.00
20650,DL:0.1.0:AT.1.0.0,2022-3-4 16:32:43,43.75,0.00,0.00,18.217,-2.169,-5.803,12.414,16.048,0.00,0.00,0.00,0.00,0.00,0.00,0.00,0.00,0.00,0.00,0.00,0.00,0.00,0.00,0.00,0.00,0.00
20650,DL:0.1.0:AT.1.0.0,2022-3-4 16:32:48,43.75,0.00,0.00,18.229,-2.182,-5.815,12.414,16.047,0.00,0.00,0.00,0.00,0.00,0.00,0.00,0.00,0.00,0.00,0.00,0.00,0.00,0.00,0.00,0.00,0.00
20650,DL:0.1.0:AT.1.0.0,2022-3-4 16:32:53,43.75,0.00,0.00,18.225,-2.180,-5.811,12.414,16.045,0.00,0.00,0.00,0.00,0.00,0.00,0.00,0.00,0.00,0.00,0.00,0.00,0.00,0.00,0.00,0.00,0.00
20650,DL:0.1.0:AT.1.0.0,2022-3-4 16:32:58,43.75,0.00,0.00,18.204,-2.158,-5.789,12.414,16.045,0.00,0.00,0.00,0.00,0.00,0.00,0.00,0.00,0.00,0.00,0.00,0.00,0.00,0.00,0.00,0.00,0.00
20650,DL:0.1.0:AT.1.0.0,2022-3-4 16:33:3,43.75,0.00,0.00,18.207,-2.162,-5.793,12.414,16.045,0.00,0.00,0.00,0.00,0.00,0.00,0.00,0.00,0.00,0.00,0.00,0.00,0.00,0.00,0.00,0.00,0.00
20650,DL:0.1.0:AT.1.0.0,2022-3-4 16:33:8,43.75,0.00,0.00,18.216,-2.171,-5.803,12.413,16.044,0.00,0.00,0.00,0.00,0.00,0.00,0.00,0.00,0.00,0.00,0.00,0.00,0.00,0.00,0.00,0.00,0.00
20650,DL:0.1.0:AT.1.0.0,2022-3-4 16:33:13,43.75,0.00,0.00,18.210,-2.165,-5.797,12.413,16.044,0.00,0.00,0.00,0.00,0.00,0.00,0.00,0.00,0.00,0.00,0.00,0.00,0.00,0.00,0.00,0.00,0.00
20650,DL:0.1.0:AT.1.0.0,2022-3-4 16:33:18,43.75,0.00,0.00,18.235,-2.192,-5.821,12.414,16.043,0.00,0.00,0.00,0.00,0.00,0.00,0.00,0.00,0.00,0.00,0.00,0.00,0.00,0.00,0.00,0.00,0.00
20650,DL:0.1.0:AT.1.0.0,2022-3-4 16:33:23,43.75,0.00,0.00,18.211,-2.168,-5.797,12.414,16.043,0.00,0.00,0.00,0.00,0.00,0.00,0.00,0.00,0.00,0.00,0.00,0.00,0.00,0.00,0.00,0.00,0.00
20650,DL:0.1.0:AT.1.0.0,2022-3-4 16:33:28,43.75,0.00,0.00,18.207,-2.163,-5.793,12.414,16.044,0.00,0.00,0.00,0.00,0.00,0.00,0.00,0.00,0.00,0.00,0.00,0.00,0.00,0.00,0.00,0.00,0.00
20650,DL:0.1.0:AT.1.0.0,2022-3-4 16:33:33,43.75,0.00,0.00,18.229,-2.186,-5.815,12.414,16.043,0.00,0.00,0.00,0.00,0.00,0.00,0.00,0.00,0.00,0.00,0.00,0.00,0.00,0.00,0.00,0.00,0.00
20650,DL:0.1.0:AT.1.0.0,2022-3-4 16:33:38,43.75,0.00,0.00,18.246,-2.203,-5.832,12.414,16.043,0.00,0.00,0.00,0.00,0.00,0.00,0.00,0.00,0.00,0.00,0.00,0.00,0.00,0.00,0.00,0.00,0.00
20650,DL:0.1.0:AT.1.0.0,2022-3-4 16:33:43,43.75,0.00,0.00,18.229,-2.186,-5.815,12.414,16.043,0.00,0.00,0.00,0.00,0.00,0.00,0.00,0.00,0.00,0.00,0.00,0.00,0.00,0.00,0.00,0.00,0.00
20650,DL:0.1.0:AT.1.0.0,2022-3-4 16:33:48,43.75,0.00,0.00,18.210,-2.168,-5.795,12.414,16.042,0.00,0.00,0.00,0.00,0.00,0.00,0.00,0.00,0.00,0.00,0.00,0.00,0.00,0.00,0.00,0.00,0.00
20650,DL:0.1.0:AT.1.0.0,2022-3-4 16:33:53,43.75,0.00,0.00,18.243,-2.201,-5.829,12.414,16.042,0.00,0.00,0.00,0.00,0.00,0.00,0.00,0.00,0.00,0.00,0.00,0.00,0.00,0.00,0.00,0.00,0.00
20650,DL:0.1.0:AT.1.0.0,2022-3-4 16:33:58,43.75,0.00,0.00,18.234,-2.192,-5.820,12.414,16.042,0.00,0.00,0.00,0.00,0.00,0.00,0.00,0.00,0.00,0.00,0.00,0.00,0.00,0.00,0.00,0.00,0.00
20650,DL:0.1.0:AT.1.0.0,2022-3-4 16:34:3,43.75,0.00,0.00,18.225,-2.185,-5.812,12.413,16.041,0.00,0.00,0.00,0.00,0.00,0.00,0.00,0.00,0.00,0.00,0.00,0.00,0.00,0.00,0.00,0.00,0.00
20650,DL:0.1.0:AT.1.0.0,2022-3-4 16:34:8,43.75,0.00,0.00,18.204,-2.163,-5.789,12.414,16.041,0.00,0.00,0.00,0.00,0.00,0.00,0.00,0.00,0.00,0.00,0.00,0.00,0.00,0.00,0.00,0.00,0.00
20650,DL:0.1.0:AT.1.0.0,2022-3-4 16:34:13,43.75,0.00,0.00,18.229,-2.188,-5.816,12.413,16.041,0.00,0.00,0.00,0.00,0.00,0.00,0.00,0.00,0.00,0.00,0.00,0.00,0.00,0.00,0.00,0.00,0.00
20650,DL:0.1.0:AT.1.0.0,2022-3-4 16:34:18,43.75,0.00,0.00,18.267,-2.227,-5.853,12.414,16.041,0.00,0.00,0.00,0.00,0.00,0.00,0.00,0.00,0.00,0.00,0.00,0.00,0.00,0.00,0.00,0.00,0.00
20650,DL:0.1.0:AT.1.0.0,2022-3-4 16:34:23,43.75,0.00,0.00,18.241,-2.200,-5.827,12.414,16.041,0.00,0.00,0.00,0.00,0.00,0.00,0.00,0.00,0.00,0.00,0.00,0.00,0.00,0.00,0.00,0.00,0.00
20650,DL:0.1.0:AT.1.0.0,2022-3-4 16:34:28,43.75,0.00,0.00,18.248,-2.209,-5.834,12.414,16.039,0.00,0.00,0.00,0.00,0.00,0.00,0.00,0.00,0.00,0.00,0.00,0.00,0.00,0.00,0.00,0.00,0.00
20650,DL:0.1.0:AT.1.0.0,2022-3-4 16:34:33,43.75,0.00,0.00,18.261,-2.222,-5.847,12.414,16.039,0.00,0.00,0.00,0.00,0.00,0.00,0.00,0.00,0.00,0.00,0.00,0.00,0.00,0.00,0.00,0.00,0.00
20650,DL:0.1.0:AT.1.0.0,2022-3-4 16:34:38,43.75,0.00,0.00,18.283,-2.245,-5.868,12.415,16.038,0.00,0.00,0.00,0.00,0.00,0.00,0.00,0.00,0.00,0.00,0.00,0.00,0.00,0.00,0.00,0.00,0.00
20650,DL:0.1.0:AT.1.0.0,2022-3-4 16:34:43,43.75,0.00,0.00,18.258,-2.219,-5.844,12.414,16.038,0.00,0.00,0.00,0.00,0.00,0.00,0.00,0.00,0.00,0.00,0.00,0.00,0.00,0.00,0.00,0.00,0.00
20650,DL:0.1.0:AT.1.0.0,2022-3-4 16:34:48,43.75,0.00,0.00,18.267,-2.230,-5.853,12.414,16.037,0.00,0.00,0.00,0.00,0.00,0.00,0.00,0.00,0.00,0.00,0.00,0.00,0.00,0.00,0.00,0.00,0.00
20650,DL:0.1.0:AT.1.0.0,2022-3-4 16:34:53,43.75,0.00,0.00,18.244,-2.205,-5.830,12.414,16.039,0.00,0.00,0.00,0.00,0.00,0.00,0.00,0.00,0.00,0.00,0.00,0.00,0.00,0.00,0.00,0.00,0.00
20650,DL:0.1.0:AT.1.0.0,2022-3-4 16:34:58,43.75,0.00,0.00,18.256,-2.216,-5.842,12.414,16.041,0.00,0.00,0.00,0.00,0.00,0.00,0.00,0.00,0.00,0.00,0.00,0.00,0.00,0.00,0.00,0.00,0.00
20650,DL:0.1.0:AT.1.0.0,2022-3-4 16:35:3,43.75,0.00,0.00,18.264,-2.224,-5.850,12.414,16.039,0.00,0.00,0.00,0.00,0.00,0.00,0.00,0.00,0.00,0.00,0.00,0.00,0.00,0.00,0.00,0.00,0.00
20650,DL:0.1.0:AT.1.0.0,2022-3-4 16:35:8,43.75,0.00,0.00,18.264,-2.223,-5.850,12.414,16.041,0.00,0.00,0.00,0.00,0.00,0.00,0.00,0.00,0.00,0.00,0.00,0.00,0.00,0.00,0.00,0.00,0.00
20650,DL:0.1.0:AT.1.0.0,2022-3-4 16:35:13,43.75,0.00,0.00,18.254,-2.216,-5.841,12.413,16.038,0.00,0.00,0.00,0.00,0.00,0.00,0.00,0.00,0.00,0.00,0.00,0.00,0.00,0.00,0.00,0.00,0.00
20650,DL:0.1.0:AT.1.0.0,2022-3-4 16:35:18,43.75,0.00,0.00,18.240,-2.203,-5.826,12.414,16.037,0.00,0.00,0.00,0.00,0.00,0.00,0.00,0.00,0.00,0.00,0.00,0.00,0.00,0.00,0.00,0.00,0.00
20650,DL:0.1.0:AT.1.0.0,2022-3-4 16:35:23,43.75,0.00,0.00,18.248,-2.212,-5.835,12.413,16.036,0.00,0.00,0.00,0.00,0.00,0.00,0.00,0.00,0.00,0.00,0.00,0.00,0.00,0.00,0.00,0.00,0.00
20650,DL:0.1.0:AT.1.0.0,2022-3-4 16:35:28,43.75,0.00,0.00,18.273,-2.239,-5.859,12.414,16.035,0.00,0.00,0.00,0.00,0.00,0.00,0.00,0.00,0.00,0.00,0.00,0.00,0.00,0.00,0.00,0.00,0.00
20650,DL:0.1.0:AT.1.0.0,2022-3-4 16:35:33,43.75,0.00,0.00,18.255,-2.221,-5.841,12.414,16.035,0.00,0.00,0.00,0.00,0.00,0.00,0.00,0.00,0.00,0.00,0.00,0.00,0.00,0.00,0.00,0.00,0.00
20650,DL:0.1.0:AT.1.0.0,2022-3-4 16:35:38,43.75,0.00,0.00,18.246,-2.212,-5.833,12.413,16.033,0.00,0.00,0.00,0.00,0.00,0.00,0.00,0.00,0.00,0.00,0.00,0.00,0.00,0.00,0.00,0.00,0.00
20650,DL:0.1.0:AT.1.0.0,2022-3-4 16:35:43,43.75,0.00,0.00,18.252,-2.218,-5.838,12.414,16.033,0.00,0.00,0.00,0.00,0.00,0.00,0.00,0.00,0.00,0.00,0.00,0.00,0.00,0.00,0.00,0.00,0.00
20650,DL:0.1.0:AT.1.0.0,2022-3-4 16:35:48,43.75,0.00,0.00,18.235,-2.203,-5.822,12.413,16.032,0.00,0.00,0.00,0.00,0.00,0.00,0.00,0.00,0.00,0.00,0.00,0.00,0.00,0.00,0.00,0.00,0.00
20650,DL:0.1.0:AT.1.0.0,2022-3-4 16:35:53,43.75,0.00,0.00,18.268,-2.236,-5.856,12.413,16.032,0.00,0.00,0.00,0.00,0.00,0.00,0.00,0.00,0.00,0.00,0.00,0.00,0.00,0.00,0.00,0.00,0.00
20650,DL:0.1.0:AT.1.0.0,2022-3-4 16:35:58,43.75,0.00,0.00,18.253,-2.222,-5.841,12.412,16.031,0.00,0.00,0.00,0.00,0.00,0.00,0.00,0.00,0.00,0.00,0.00,0.00,0.00,0.00,0.00,0.00,0.00
20650,DL:0.1.0:AT.1.0.0,2022-3-4 16:36:3,43.75,0.00,0.00,18.250,-2.221,-5.839,12.412,16.030,0.00,0.00,0.00,0.00,0.00,0.00,0.00,0.00,0.00,0.00,0.00,0.00,0.00,0.00,0.00,0.00,0.00
20650,DL:0.1.0:AT.1.0.0,2022-3-4 16:36:8,43.75,0.00,0.00,18.223,-2.193,-5.811,12.412,16.030,0.00,0.00,0.00,0.00,0.00,0.00,0.00,0.00,0.00,0.00,0.00,0.00,0.00,0.00,0.00,0.00,0.00
20650,DL:0.1.0:AT.1.0.0,2022-3-4 16:36:13,43.75,0.00,0.00,18.248,-2.219,-5.836,12.412,16.029,0.00,0.00,0.00,0.00,0.00,0.00,0.00,0.00,0.00,0.00,0.00,0.00,0.00,0.00,0.00,0.00,0.00
20650,DL:0.1.0:AT.1.0.0,2022-3-4 16:36:18,43.75,0.00,0.00,18.265,-2.236,-5.852,12.413,16.029,0.00,0.00,0.00,0.00,0.00,0.00,0.00,0.00,0.00,0.00,0.00,0.00,0.00,0.00,0.00,0.00,0.00
20650,DL:0.1.0:AT.1.0.0,2022-3-4 16:36:23,43.75,0.00,0.00,18.283,-2.255,-5.871,12.412,16.027,0.00,0.00,0.00,0.00,0.00,0.00,0.00,0.00,0.00,0.00,0.00,0.00,0.00,0.00,0.00,0.00,0.00
20650,DL:0.1.0:AT.1.0.0,2022-3-4 16:36:28,43.75,0.00,0.00,18.256,-2.230,-5.844,12.413,16.026,0.00,0.00,0.00,0.00,0.00,0.00,0.00,0.00,0.00,0.00,0.00,0.00,0.00,0.00,0.00,0.00,0.00
20650,DL:0.1.0:AT.1.0.0,2022-3-4 16:36:33,43.75,0.00,0.00,18.266,-2.240,-5.853,12.413,16.026,0.00,0.00,0.00,0.00,0.00,0.00,0.00,0.00,0.00,0.00,0.00,0.00,0.00,0.00,0.00,0.00,0.00
20650,DL:0.1.0:AT.1.0.0,2022-3-4 16:36:38,43.75,0.00,0.00,18.258,-2.231,-5.844,12.414,16.026,0.00,0.00,0.00,0.00,0.00,0.00,0.00,0.00,0.00,0.00,0.00,0.00,0.00,0.00,0.00,0.00,0.00
20650,DL:0.1.0:AT.1.0.0,2022-3-4 16:36:43,43.75,0.00,0.00,18.289,-2.263,-5.876,12.413,16.026,0.00,0.00,0.00,0.00,0.00,0.00,0.00,0.00,0.00,0.00,0.00,0.00,0.00,0.00,0.00,0.00,0.00
20650,DL:0.1.0:AT.1.0.0,2022-3-4 16:36:48,43.75,0.00,0.00,18.250,-2.225,-5.839,12.412,16.025,0.00,0.00,0.00,0.00,0.00,0.00,0.00,0.00,0.00,0.00,0.00,0.00,0.00,0.00,0.00,0.00,0.00
20650,DL:0.1.0:AT.1.0.0,2022-3-4 16:36:53,43.75,0.00,0.00,18.230,-2.205,-5.818,12.412,16.025,0.00,0.00,0.00,0.00,0.00,0.00,0.00,0.00,0.00,0.00,0.00,0.00,0.00,0.00,0.00,0.00,0.00
20650,DL:0.1.0:AT.1.0.0,2022-3-4 16:36:58,43.75,0.00,0.00,18.243,-2.219,-5.832,12.412,16.024,0.00,0.00,0.00,0.00,0.00,0.00,0.00,0.00,0.00,0.00,0.00,0.00,0.00,0.00,0.00,0.00,0.00
20650,DL:0.1.0:AT.1.0.0,2022-3-4 16:37:3,43.75,0.00,0.00,18.243,-2.221,-5.832,12.412,16.023,0.00,0.00,0.00,0.00,0.00,0.00,0.00,0.00,0.00,0.00,0.00,0.00,0.00,0.00,0.00,0.00,0.00
20650,DL:0.1.0:AT.1.0.0,2022-3-4 16:37:8,43.75,0.00,0.00,18.247,-2.225,-5.835,12.412,16.021,0.00,0.00,0.00,0.00,0.00,0.00,0.00,0.00,0.00,0.00,0.00,0.00,0.00,0.00,0.00,0.00,0.00
20650,DL:0.1.0:AT.1.0.0,2022-3-4 16:37:13,43.75,0.00,0.00,18.264,-2.242,-5.852,12.412,16.021,0.00,0.00,0.00,0.00,0.00,0.00,0.00,0.00,0.00,0.00,0.00,0.00,0.00,0.00,0.00,0.00,0.00
20650,DL:0.1.0:AT.1.0.0,2022-3-4 16:37:18,43.75,0.00,0.00,18.224,-2.204,-5.812,12.412,16.020,0.00,0.00,0.00,0.00,0.00,0.00,0.00,0.00,0.00,0.00,0.00,0.00,0.00,0.00,0.00,0.00,0.00
20650,DL:0.1.0:AT.1.0.0,2022-3-4 16:37:23,43.75,0.00,0.00,18.252,-2.233,-5.841,12.410,16.019,0.00,0.00,0.00,0.00,0.00,0.00,0.00,0.00,0.00,0.00,0.00,0.00,0.00,0.00,0.00,0.00,0.00
20650,DL:0.1.0:AT.1.0.0,2022-3-4 16:37:28,43.75,0.00,0.00,18.252,-2.235,-5.841,12.410,16.017,0.00,0.00,0.00,0.00,0.00,0.00,0.00,0.00,0.00,0.00,0.00,0.00,0.00,0.00,0.00,0.00,0.00
20650,DL:0.1.0:AT.1.0.0,2022-3-4 16:37:33,43.75,0.00,0.00,18.248,-2.231,-5.838,12.410,16.017,0.00,0.00,0.00,0.00,0.00,0.00,0.00,0.00,0.00,0.00,0.00,0.00,0.00,0.00,0.00,0.00,0.00
20650,DL:0.1.0:AT.1.0.0,2022-3-4 16:37:38,43.75,0.00,0.00,18.232,-2.217,-5.822,12.410,16.015,0.00,0.00,0.00,0.00,0.00,0.00,0.00,0.00,0.00,0.00,0.00,0.00,0.00,0.00,0.00,0.00,0.00
20650,DL:0.1.0:AT.1.0.0,2022-3-4 16:37:43,43.75,0.00,0.00,18.222,-2.207,-5.811,12.410,16.014,0.00,0.00,0.00,0.00,0.00,0.00,0.00,0.00,0.00,0.00,0.00,0.00,0.00,0.00,0.00,0.00,0.00
20650,DL:0.1.0:AT.1.0.0,2022-3-4 16:37:48,43.75,0.00,0.00,18.220,-2.201,-5.810,12.410,16.019,0.00,0.00,0.00,0.00,0.00,0.00,0.00,0.00,0.00,0.00,0.00,0.00,0.00,0.00,0.00,0.00,0.00
20650,DL:0.1.0:AT.1.0.0,2022-3-4 16:37:53,43.75,0.00,0.00,18.255,-2.239,-5.845,12.410,16.017,0.00,0.00,0.00,0.00,0.00,0.00,0.00,0.00,0.00,0.00,0.00,0.00,0.00,0.00,0.00,0.00,0.00
20650,DL:0.1.0:AT.1.0.0,2022-3-4 16:37:58,43.75,0.00,0.00,18.242,-2.227,-5.833,12.409,16.015,0.00,0.00,0.00,0.00,0.00,0.00,0.00,0.00,0.00,0.00,0.00,0.00,0.00,0.00,0.00,0.00,0.00
20650,DL:0.1.0:AT.1.0.0,2022-3-4 16:38:3,43.75,0.00,0.00,18.230,-2.216,-5.821,12.409,16.014,0.00,0.00,0.00,0.00,0.00,0.00,0.00,0.00,0.00,0.00,0.00,0.00,0.00,0.00,0.00,0.00,0.00
20650,DL:0.1.0:AT.1.0.0,2022-3-4 16:38:8,43.75,0.00,0.00,18.186,-2.174,-5.776,12.409,16.012,0.00,0.00,0.00,0.00,0.00,0.00,0.00,0.00,0.00,0.00,0.00,0.00,0.00,0.00,0.00,0.00,0.00
20650,DL:0.1.0:AT.1.0.0,2022-3-4 16:38:13,43.75,0.00,0.00,18.213,-2.201,-5.805,12.408,16.012,0.00,0.00,0.00,0.00,0.00,0.00,0.00,0.00,0.00,0.00,0.00,0.00,0.00,0.00,0.00,0.00,0.00
20650,DL:0.1.0:AT.1.0.0,2022-3-4 16:38:18,43.75,0.00,0.00,18.204,-2.193,-5.795,12.408,16.011,0.00,0.00,0.00,0.00,0.00,0.00,0.00,0.00,0.00,0.00,0.00,0.00,0.00,0.00,0.00,0.00,0.00
20650,DL:0.1.0:AT.1.0.0,2022-3-4 16:38:23,43.75,0.00,0.00,18.189,-2.179,-5.781,12.408,16.011,0.00,0.00,0.00,0.00,0.00,0.00,0.00,0.00,0.00,0.00,0.00,0.00,0.00,0.00,0.00,0.00,0.00
20650,DL:0.1.0:AT.1.0.0,2022-3-4 16:38:28,44.00,0.00,0.00,18.207,-2.199,-5.799,12.408,16.008,0.00,0.00,0.00,0.00,0.00,0.00,0.00,0.00,0.00,0.00,0.00,0.00,0.00,0.00,0.00,0.00,0.00
20650,DL:0.1.0:AT.1.0.0,2022-3-4 16:38:33,44.00,0.00,0.00,18.192,-2.183,-5.785,12.407,16.008,0.00,0.00,0.00,0.00,0.00,0.00,0.00,0.00,0.00,0.00,0.00,0.00,0.00,0.00,0.00,0.00,0.00
20650,DL:0.1.0:AT.1.0.0,2022-3-4 16:38:38,44.00,0.00,0.00,18.178,-2.171,-5.771,12.407,16.007,0.00,0.00,0.00,0.00,0.00,0.00,0.00,0.00,0.00,0.00,0.00,0.00,0.00,0.00,0.00,0.00,0.00
20650,DL:0.1.0:AT.1.0.0,2022-3-4 16:38:43,44.00,0.00,0.00,18.200,-2.193,-5.793,12.407,16.007,0.00,0.00,0.00,0.00,0.00,0.00,0.00,0.00,0.00,0.00,0.00,0.00,0.00,0.00,0.00,0.00,0.00
20650,DL:0.1.0:AT.1.0.0,2022-3-4 16:38:48,44.00,0.00,0.00,18.205,-2.200,-5.798,12.407,16.005,0.00,0.00,0.00,0.00,0.00,0.00,0.00,0.00,0.00,0.00,0.00,0.00,0.00,0.00,0.00,0.00,0.00
20650,DL:0.1.0:AT.1.0.0,2022-3-4 16:38:53,44.00,0.00,0.00,18.216,-2.211,-5.809,12.407,16.005,0.00,0.00,0.00,0.00,0.00,0.00,0.00,0.00,0.00,0.00,0.00,0.00,0.00,0.00,0.00,0.00,0.00
20650,DL:0.1.0:AT.1.0.0,2022-3-4 16:38:58,44.00,0.00,0.00,18.193,-2.189,-5.786,12.407,16.003,0.00,0.00,0.00,0.00,0.00,0.00,0.00,0.00,0.00,0.00,0.00,0.00,0.00,0.00,0.00,0.00,0.00
20650,DL:0.1.0:AT.1.0.0,2022-3-4 16:39:3,44.00,0.00,0.00,18.174,-2.171,-5.768,12.406,16.002,0.00,0.00,0.00,0.00,0.00,0.00,0.00,0.00,0.00,0.00,0.00,0.00,0.00,0.00,0.00,0.00,0.00
20650,DL:0.1.0:AT.1.0.0,2022-3-4 16:39:8,44.00,0.00,0.00,18.194,-2.193,-5.787,12.407,16.001,0.00,0.00,0.00,0.00,0.00,0.00,0.00,0.00,0.00,0.00,0.00,0.00,0.00,0.00,0.00,0.00,0.00
20650,DL:0.1.0:AT.1.0.0,2022-3-4 16:39:13,44.00,0.00,0.00,18.195,-2.194,-5.789,12.406,16.001,0.00,0.00,0.00,0.00,0.00,0.00,0.00,0.00,0.00,0.00,0.00,0.00,0.00,0.00,0.00,0.00,0.00
20650,DL:0.1.0:AT.1.0.0,2022-3-4 16:39:18,44.00,0.00,0.00,18.193,-2.193,-5.787,12.406,16.000,0.00,0.00,0.00,0.00,0.00,0.00,0.00,0.00,0.00,0.00,0.00,0.00,0.00,0.00,0.00,0.00,0.00
20650,DL:0.1.0:AT.1.0.0,2022-3-4 16:39:23,44.00,0.00,0.00,18.198,-2.199,-5.791,12.407,15.999,0.00,0.00,0.00,0.00,0.00,0.00,0.00,0.00,0.00,0.00,0.00,0.00,0.00,0.00,0.00,0.00,0.00
20650,DL:0.1.0:AT.1.0.0,2022-3-4 16:39:28,44.00,0.00,0.00,18.216,-2.218,-5.809,12.407,15.997,0.00,0.00,0.00,0.00,0.00,0.00,0.00,0.00,0.00,0.00,0.00,0.00,0.00,0.00,0.00,0.00,0.00
20650,DL:0.1.0:AT.1.0.0,2022-3-4 16:39:33,44.00,0.00,0.00,18.201,-2.205,-5.795,12.406,15.996,0.00,0.00,0.00,0.00,0.00,0.00,0.00,0.00,0.00,0.00,0.00,0.00,0.00,0.00,0.00,0.00,0.00
20650,DL:0.1.0:AT.1.0.0,2022-3-4 16:39:38,44.00,0.00,0.00,18.180,-2.185,-5.774,12.406,15.995,0.00,0.00,0.00,0.00,0.00,0.00,0.00,0.00,0.00,0.00,0.00,0.00,0.00,0.00,0.00,0.00,0.00
20650,DL:0.1.0:AT.1.0.0,2022-3-4 16:39:43,44.00,0.00,0.00,18.166,-2.171,-5.761,12.406,15.995,0.00,0.00,0.00,0.00,0.00,0.00,0.00,0.00,0.00,0.00,0.00,0.00,0.00,0.00,0.00,0.00,0.00
20650,DL:0.1.0:AT.1.0.0,2022-3-4 16:39:48,44.00,0.00,0.00,18.171,-2.177,-5.764,12.407,15.994,0.00,0.00,0.00,0.00,0.00,0.00,0.00,0.00,0.00,0.00,0.00,0.00,0.00,0.00,0.00,0.00,0.00
20650,DL:0.1.0:AT.1.0.0,2022-3-4 16:39:53,44.00,0.00,0.00,18.188,-2.194,-5.782,12.406,15.994,0.00,0.00,0.00,0.00,0.00,0.00,0.00,0.00,0.00,0.00,0.00,0.00,0.00,0.00,0.00,0.00,0.00
20650,DL:0.1.0:AT.1.0.0,2022-3-4 16:39:58,44.00,0.00,0.00,18.202,-2.210,-5.797,12.406,15.993,0.00,0.00,0.00,0.00,0.00,0.00,0.00,0.00,0.00,0.00,0.00,0.00,0.00,0.00,0.00,0.00,0.00
20650,DL:0.1.0:AT.1.0.0,2022-3-4 16:40:3,44.00,0.00,0.00,18.199,-2.207,-5.793,12.406,15.991,0.00,0.00,0.00,0.00,0.00,0.00,0.00,0.00,0.00,0.00,0.00,0.00,0.00,0.00,0.00,0.00,0.00
20650,DL:0.1.0:AT.1.0.0,2022-3-4 16:40:8,44.00,0.00,0.00,18.198,-2.206,-5.792,12.406,15.991,0.00,0.00,0.00,0.00,0.00,0.00,0.00,0.00,0.00,0.00,0.00,0.00,0.00,0.00,0.00,0.00,0.00
20650,DL:0.1.0:AT.1.0.0,2022-3-4 16:40:13,44.00,0.00,0.00,18.199,-2.209,-5.793,12.406,15.990,0.00,0.00,0.00,0.00,0.00,0.00,0.00,0.00,0.00,0.00,0.00,0.00,0.00,0.00,0.00,0.00,0.00
20650,DL:0.1.0:AT.1.0.0,2022-3-4 16:40:18,44.00,0.00,0.00,18.168,-2.179,-5.762,12.406,15.989,0.00,0.00,0.00,0.00,0.00,0.00,0.00,0.00,0.00,0.00,0.00,0.00,0.00,0.00,0.00,0.00,0.00
20650,DL:0.1.0:AT.1.0.0,2022-3-4 16:40:23,44.00,0.00,0.00,18.183,-2.194,-5.777,12.406,15.989,0.00,0.00,0.00,0.00,0.00,0.00,0.00,0.00,0.00,0.00,0.00,0.00,0.00,0.00,0.00,0.00,0.00
20650,DL:0.1.0:AT.1.0.0,2022-3-4 16:40:28,44.00,0.00,0.00,18.186,-2.198,-5.780,12.406,15.988,0.00,0.00,0.00,0.00,0.00,0.00,0.00,0.00,0.00,0.00,0.00,0.00,0.00,0.00,0.00,0.00,0.00
20650,DL:0.1.0:AT.1.0.0,2022-3-4 16:40:33,44.00,0.00,0.00,18.189,-2.201,-5.783,12.406,15.988,0.00,0.00,0.00,0.00,0.00,0.00,0.00,0.00,0.00,0.00,0.00,0.00,0.00,0.00,0.00,0.00,0.00
20650,DL:0.1.0:AT.1.0.0,2022-3-4 16:40:38,44.00,0.00,0.00,18.188,-2.201,-5.782,12.406,15.987,0.00,0.00,0.00,0.00,0.00,0.00,0.00,0.00,0.00,0.00,0.00,0.00,0.00,0.00,0.00,0.00,0.00
20650,DL:0.1.0:AT.1.0.0,2022-3-4 16:40:43,44.00,0.00,0.00,18.169,-2.182,-5.763,12.406,15.987,0.00,0.00,0.00,0.00,0.00,0.00,0.00,0.00,0.00,0.00,0.00,0.00,0.00,0.00,0.00,0.00,0.00
20650,DL:0.1.0:AT.1.0.0,2022-3-4 16:40:48,44.00,0.00,0.00,18.186,-2.195,-5.780,12.406,15.990,0.00,0.00,0.00,0.00,0.00,0.00,0.00,0.00,0.00,0.00,0.00,0.00,0.00,0.00,0.00,0.00,0.00
20650,DL:0.1.0:AT.1.0.0,2022-3-4 16:40:53,44.00,0.00,0.00,18.188,-2.199,-5.782,12.406,15.989,0.00,0.00,0.00,0.00,0.00,0.00,0.00,0.00,0.00,0.00,0.00,0.00,0.00,0.00,0.00,0.00,0.00
20650,DL:0.1.0:AT.1.0.0,2022-3-4 16:40:58,44.00,0.00,0.00,18.175,-2.187,-5.770,12.404,15.988,0.00,0.00,0.00,0.00,0.00,0.00,0.00,0.00,0.00,0.00,0.00,0.00,0.00,0.00,0.00,0.00,0.00
20650,DL:0.1.0:AT.1.0.0,2022-3-4 16:41:3,44.00,0.00,0.00,18.154,-2.167,-5.749,12.406,15.988,0.00,0.00,0.00,0.00,0.00,0.00,0.00,0.00,0.00,0.00,0.00,0.00,0.00,0.00,0.00,0.00,0.00
20650,DL:0.1.0:AT.1.0.0,2022-3-4 16:41:8,44.00,0.00,0.00,18.174,-2.186,-5.768,12.406,15.988,0.00,0.00,0.00,0.00,0.00,0.00,0.00,0.00,0.00,0.00,0.00,0.00,0.00,0.00,0.00,0.00,0.00
20650,DL:0.1.0:AT.1.0.0,2022-3-4 16:41:13,44.00,0.00,0.00,18.137,-2.150,-5.732,12.406,15.988,0.00,0.00,0.00,0.00,0.00,0.00,0.00,0.00,0.00,0.00,0.00,0.00,0.00,0.00,0.00,0.00,0.00
20650,DL:0.1.0:AT.1.0.0,2022-3-4 16:41:19,44.00,0.00,0.00,18.151,-2.163,-5.745,12.406,15.988,0.00,0.00,0.00,0.00,0.00,0.00,0.00,0.00,0.00,0.00,0.00,0.00,0.00,0.00,0.00,0.00,0.00
20650,DL:0.1.0:AT.1.0.0,2022-3-4 16:41:24,44.00,0.00,0.00,18.177,-2.191,-5.771,12.406,15.987,0.00,0.00,0.00,0.00,0.00,0.00,0.00,0.00,0.00,0.00,0.00,0.00,0.00,0.00,0.00,0.00,0.00
20650,DL:0.1.0:AT.1.0.0,2022-3-4 16:41:29,44.00,0.00,0.00,18.170,-2.183,-5.764,12.406,15.987,0.00,0.00,0.00,0.00,0.00,0.00,0.00,0.00,0.00,0.00,0.00,0.00,0.00,0.00,0.00,0.00,0.00
20650,DL:0.1.0:AT.1.0.0,2022-3-4 16:41:34,44.00,0.00,0.00,18.136,-2.151,-5.732,12.404,15.985,0.00,0.00,0.00,0.00,0.00,0.00,0.00,0.00,0.00,0.00,0.00,0.00,0.00,0.00,0.00,0.00,0.00
20650,DL:0.1.0:AT.1.0.0,2022-3-4 16:41:39,43.75,0.00,0.00,18.158,-2.171,-5.753,12.404,15.987,0.00,0.00,0.00,0.00,0.00,0.00,0.00,0.00,0.00,0.00,0.00,0.00,0.00,0.00,0.00,0.00,0.00
20650,DL:0.1.0:AT.1.0.0,2022-3-4 16:41:44,43.75,0.00,0.00,18.145,-2.158,-5.740,12.404,15.987,0.00,0.00,0.00,0.00,0.00,0.00,0.00,0.00,0.00,0.00,0.00,0.00,0.00,0.00,0.00,0.00,0.00
20650,DL:0.1.0:AT.1.0.0,2022-3-4 16:41:49,43.75,0.00,0.00,18.193,-2.206,-5.788,12.404,15.987,0.00,0.00,0.00,0.00,0.00,0.00,0.00,0.00,0.00,0.00,0.00,0.00,0.00,0.00,0.00,0.00,0.00
20650,DL:0.1.0:AT.1.0.0,2022-3-4 16:41:54,43.75,0.00,0.00,18.158,-2.173,-5.753,12.404,15.985,0.00,0.00,0.00,0.00,0.00,0.00,0.00,0.00,0.00,0.00,0.00,0.00,0.00,0.00,0.00,0.00,0.00
20650,DL:0.1.0:AT.1.0.0,2022-3-4 16:41:59,43.75,0.00,0.00,18.184,-2.199,-5.780,12.404,15.985,0.00,0.00,0.00,0.00,0.00,0.00,0.00,0.00,0.00,0.00,0.00,0.00,0.00,0.00,0.00,0.00,0.00
20650,DL:0.1.0:AT.1.0.0,2022-3-4 16:42:4,43.75,0.00,0.00,18.163,-2.177,-5.758,12.404,15.985,0.00,0.00,0.00,0.00,0.00,0.00,0.00,0.00,0.00,0.00,0.00,0.00,0.00,0.00,0.00,0.00,0.00
20650,DL:0.1.0:AT.1.0.0,2022-3-4 16:42:9,43.75,0.00,0.00,18.151,-2.165,-5.747,12.403,15.985,0.00,0.00,0.00,0.00,0.00,0.00,0.00,0.00,0.00,0.00,0.00,0.00,0.00,0.00,0.00,0.00,0.00
20650,DL:0.1.0:AT.1.0.0,2022-3-4 16:42:14,43.75,0.00,0.00,18.151,-2.165,-5.746,12.404,15.985,0.00,0.00,0.00,0.00,0.00,0.00,0.00,0.00,0.00,0.00,0.00,0.00,0.00,0.00,0.00,0.00,0.00
20650,DL:0.1.0:AT.1.0.0,2022-3-4 16:42:19,43.75,0.00,0.00,18.164,-2.179,-5.761,12.403,15.985,0.00,0.00,0.00,0.00,0.00,0.00,0.00,0.00,0.00,0.00,0.00,0.00,0.00,0.00,0.00,0.00,0.00
20650,DL:0.1.0:AT.1.0.0,2022-3-4 16:42:24,43.75,0.00,0.00,18.175,-2.191,-5.770,12.404,15.984,0.00,0.00,0.00,0.00,0.00,0.00,0.00,0.00,0.00,0.00,0.00,0.00,0.00,0.00,0.00,0.00,0.00
20650,DL:0.1.0:AT.1.0.0,2022-3-4 16:42:29,43.75,0.00,0.00,18.151,-2.167,-5.746,12.404,15.984,0.00,0.00,0.00,0.00,0.00,0.00,0.00,0.00,0.00,0.00,0.00,0.00,0.00,0.00,0.00,0.00,0.00
20650,DL:0.1.0:AT.1.0.0,2022-3-4 16:42:34,43.75,0.00,0.00,18.180,-2.195,-5.775,12.404,15.984,0.00,0.00,0.00,0.00,0.00,0.00,0.00,0.00,0.00,0.00,0.00,0.00,0.00,0.00,0.00,0.00,0.00
20650,DL:0.1.0:AT.1.0.0,2022-3-4 16:42:39,43.75,0.00,0.00,18.160,-2.176,-5.757,12.403,15.984,0.00,0.00,0.00,0.00,0.00,0.00,0.00,0.00,0.00,0.00,0.00,0.00,0.00,0.00,0.00,0.00,0.00
20650,DL:0.1.0:AT.1.0.0,2022-3-4 16:42:44,44.00,0.00,0.00,18.159,-2.175,-5.755,12.404,15.984,0.00,0.00,0.00,0.00,0.00,0.00,0.00,0.00,0.00,0.00,0.00,0.00,0.00,0.00,0.00,0.00,0.00
20650,DL:0.1.0:AT.1.0.0,2022-3-4 16:42:49,44.00,0.00,0.00,18.171,-2.187,-5.768,12.403,15.984,0.00,0.00,0.00,0.00,0.00,0.00,0.00,0.00,0.00,0.00,0.00,0.00,0.00,0.00,0.00,0.00,0.00
20650,DL:0.1.0:AT.1.0.0,2022-3-4 16:42:54,44.00,0.00,0.00,18.165,-2.181,-5.762,12.403,15.984,0.00,0.00,0.00,0.00,0.00,0.00,0.00,0.00,0.00,0.00,0.00,0.00,0.00,0.00,0.00,0.00,0.00
20650,DL:0.1.0:AT.1.0.0,2022-3-4 16:42:59,44.00,0.00,0.00,18.166,-2.183,-5.762,12.404,15.983,0.00,0.00,0.00,0.00,0.00,0.00,0.00,0.00,0.00,0.00,0.00,0.00,0.00,0.00,0.00,0.00,0.00
20650,DL:0.1.0:AT.1.0.0,2022-3-4 16:43:4,44.00,0.00,0.00,18.177,-2.194,-5.773,12.404,15.983,0.00,0.00,0.00,0.00,0.00,0.00,0.00,0.00,0.00,0.00,0.00,0.00,0.00,0.00,0.00,0.00,0.00
20650,DL:0.1.0:AT.1.0.0,2022-3-4 16:43:9,44.00,0.00,0.00,18.159,-2.176,-5.753,12.406,15.983,0.00,0.00,0.00,0.00,0.00,0.00,0.00,0.00,0.00,0.00,0.00,0.00,0.00,0.00,0.00,0.00,0.00
20650,DL:0.1.0:AT.1.0.0,2022-3-4 16:43:14,44.00,0.00,0.00,18.152,-2.170,-5.747,12.404,15.982,0.00,0.00,0.00,0.00,0.00,0.00,0.00,0.00,0.00,0.00,0.00,0.00,0.00,0.00,0.00,0.00,0.00
20650,DL:0.1.0:AT.1.0.0,2022-3-4 16:43:19,44.00,0.00,0.00,18.154,-2.173,-5.750,12.404,15.982,0.00,0.00,0.00,0.00,0.00,0.00,0.00,0.00,0.00,0.00,0.00,0.00,0.00,0.00,0.00,0.00,0.00
20650,DL:0.1.0:AT.1.0.0,2022-3-4 16:43:24,44.00,0.00,0.00,18.146,-2.165,-5.741,12.404,15.981,0.00,0.00,0.00,0.00,0.00,0.00,0.00,0.00,0.00,0.00,0.00,0.00,0.00,0.00,0.00,0.00,0.00
20650,DL:0.1.0:AT.1.0.0,2022-3-4 16:43:29,44.00,0.00,0.00,18.155,-2.174,-5.751,12.404,15.982,0.00,0.00,0.00,0.00,0.00,0.00,0.00,0.00,0.00,0.00,0.00,0.00,0.00,0.00,0.00,0.00,0.00
20650,DL:0.1.0:AT.1.0.0,2022-3-4 16:43:34,44.00,0.00,0.00,18.164,-2.185,-5.759,12.404,15.979,0.00,0.00,0.00,0.00,0.00,0.00,0.00,0.00,0.00,0.00,0.00,0.00,0.00,0.00,0.00,0.00,0.00
20650,DL:0.1.0:AT.1.0.0,2022-3-4 16:43:39,44.00,0.00,0.00,18.199,-2.219,-5.795,12.403,15.979,0.00,0.00,0.00,0.00,0.00,0.00,0.00,0.00,0.00,0.00,0.00,0.00,0.00,0.00,0.00,0.00,0.00
20650,DL:0.1.0:AT.1.0.0,2022-3-4 16:43:44,44.00,0.00,0.00,18.180,-2.201,-5.776,12.403,15.978,0.00,0.00,0.00,0.00,0.00,0.00,0.00,0.00,0.00,0.00,0.00,0.00,0.00,0.00,0.00,0.00,0.00
20650,DL:0.1.0:AT.1.0.0,2022-3-4 16:43:49,43.75,0.00,0.00,18.153,-2.175,-5.751,12.402,15.978,0.00,0.00,0.00,0.00,0.00,0.00,0.00,0.00,0.00,0.00,0.00,0.00,0.00,0.00,0.00,0.00,0.00
20650,DL:0.1.0:AT.1.0.0,2022-3-4 16:43:54,43.75,0.00,0.00,18.171,-2.193,-5.769,12.402,15.978,0.00,0.00,0.00,0.00,0.00,0.00,0.00,0.00,0.00,0.00,0.00,0.00,0.00,0.00,0.00,0.00,0.00
20650,DL:0.1.0:AT.1.0.0,2022-3-4 16:43:59,43.75,0.00,0.00,18.160,-2.185,-5.758,12.402,15.976,0.00,0.00,0.00,0.00,0.00,0.00,0.00,0.00,0.00,0.00,0.00,0.00,0.00,0.00,0.00,0.00,0.00
20650,DL:0.1.0:AT.1.0.0,2022-3-4 16:44:4,43.75,0.00,0.00,18.175,-2.199,-5.773,12.402,15.976,0.00,0.00,0.00,0.00,0.00,0.00,0.00,0.00,0.00,0.00,0.00,0.00,0.00,0.00,0.00,0.00,0.00
20650,DL:0.1.0:AT.1.0.0,2022-3-4 16:44:9,43.75,0.00,0.00,18.147,-2.171,-5.746,12.401,15.976,0.00,0.00,0.00,0.00,0.00,0.00,0.00,0.00,0.00,0.00,0.00,0.00,0.00,0.00,0.00,0.00,0.00
20650,DL:0.1.0:AT.1.0.0,2022-3-4 16:44:14,43.75,0.00,0.00,18.140,-2.163,-5.738,12.402,15.977,0.00,0.00,0.00,0.00,0.00,0.00,0.00,0.00,0.00,0.00,0.00,0.00,0.00,0.00,0.00,0.00,0.00
20650,DL:0.1.0:AT.1.0.0,2022-3-4 16:44:19,43.75,0.00,0.00,18.147,-2.171,-5.746,12.401,15.976,0.00,0.00,0.00,0.00,0.00,0.00,0.00,0.00,0.00,0.00,0.00,0.00,0.00,0.00,0.00,0.00,0.00
20650,DL:0.1.0:AT.1.0.0,2022-3-4 16:44:24,43.75,0.00,0.00,18.142,-2.167,-5.741,12.401,15.976,0.00,0.00,0.00,0.00,0.00,0.00,0.00,0.00,0.00,0.00,0.00,0.00,0.00,0.00,0.00,0.00,0.00
20650,DL:0.1.0:AT.1.0.0,2022-3-4 16:44:29,43.75,0.00,0.00,18.147,-2.170,-5.746,12.401,15.977,0.00,0.00,0.00,0.00,0.00,0.00,0.00,0.00,0.00,0.00,0.00,0.00,0.00,0.00,0.00,0.00,0.00
20650,DL:0.1.0:AT.1.0.0,2022-3-4 16:44:34,43.75,0.00,0.00,18.165,-2.188,-5.765,12.400,15.977,0.00,0.00,0.00,0.00,0.00,0.00,0.00,0.00,0.00,0.00,0.00,0.00,0.00,0.00,0.00,0.00,0.00
20650,DL:0.1.0:AT.1.0.0,2022-3-4 16:44:39,43.75,0.00,0.00,18.163,-2.186,-5.763,12.400,15.977,0.00,0.00,0.00,0.00,0.00,0.00,0.00,0.00,0.00,0.00,0.00,0.00,0.00,0.00,0.00,0.00,0.00
20650,DL:0.1.0:AT.1.0.0,2022-3-4 16:44:44,43.75,0.00,0.00,18.147,-2.170,-5.746,12.401,15.977,0.00,0.00,0.00,0.00,0.00,0.00,0.00,0.00,0.00,0.00,0.00,0.00,0.00,0.00,0.00,0.00,0.00
20650,DL:0.1.0:AT.1.0.0,2022-3-4 16:44:49,43.75,0.00,0.00,18.175,-2.197,-5.775,12.400,15.978,0.00,0.00,0.00,0.00,0.00,0.00,0.00,0.00,0.00,0.00,0.00,0.00,0.00,0.00,0.00,0.00,0.00
20650,DL:0.1.0:AT.1.0.0,2022-3-4 16:44:54,43.75,0.00,0.00,18.140,-2.162,-5.740,12.400,15.978,0.00,0.00,0.00,0.00,0.00,0.00,0.00,0.00,0.00,0.00,0.00,0.00,0.00,0.00,0.00,0.00,0.00
20650,DL:0.1.0:AT.1.0.0,2022-3-4 16:44:59,43.75,0.00,0.00,18.121,-2.141,-5.721,12.400,15.979,0.00,0.00,0.00,0.00,0.00,0.00,0.00,0.00,0.00,0.00,0.00,0.00,0.00,0.00,0.00,0.00,0.00
20650,DL:0.1.0:AT.1.0.0,2022-3-4 16:45:4,43.75,0.00,0.00,18.171,-2.192,-5.771,12.400,15.979,0.00,0.00,0.00,0.00,0.00,0.00,0.00,0.00,0.00,0.00,0.00,0.00,0.00,0.00,0.00,0.00,0.00
20650,DL:0.1.0:AT.1.0.0,2022-3-4 16:45:9,43.75,0.00,0.00,18.161,-2.183,-5.761,12.401,15.978,0.00,0.00,0.00,0.00,0.00,0.00,0.00,0.00,0.00,0.00,0.00,0.00,0.00,0.00,0.00,0.00,0.00
20650,DL:0.1.0:AT.1.0.0,2022-3-4 16:45:14,43.75,0.00,0.00,18.149,-2.170,-5.750,12.400,15.979,0.00,0.00,0.00,0.00,0.00,0.00,0.00,0.00,0.00,0.00,0.00,0.00,0.00,0.00,0.00,0.00,0.00
20650,DL:0.1.0:AT.1.0.0,2022-3-4 16:45:19,43.75,0.00,0.00,18.121,-2.140,-5.721,12.400,15.981,0.00,0.00,0.00,0.00,0.00,0.00,0.00,0.00,0.00,0.00,0.00,0.00,0.00,0.00,0.00,0.00,0.00
20650,DL:0.1.0:AT.1.0.0,2022-3-4 16:45:24,43.75,0.00,0.00,18.131,-2.150,-5.732,12.400,15.982,0.00,0.00,0.00,0.00,0.00,0.00,0.00,0.00,0.00,0.00,0.00,0.00,0.00,0.00,0.00,0.00,0.00
20650,DL:0.1.0:AT.1.0.0,2022-3-4 16:45:29,43.75,0.00,0.00,18.149,-2.167,-5.750,12.400,15.983,0.00,0.00,0.00,0.00,0.00,0.00,0.00,0.00,0.00,0.00,0.00,0.00,0.00,0.00,0.00,0.00,0.00
20650,DL:0.1.0:AT.1.0.0,2022-3-4 16:45:34,43.75,0.00,0.00,18.115,-2.130,-5.715,12.400,15.984,0.00,0.00,0.00,0.00,0.00,0.00,0.00,0.00,0.00,0.00,0.00,0.00,0.00,0.00,0.00,0.00,0.00
20650,DL:0.1.0:AT.1.0.0,2022-3-4 16:45:39,43.75,0.00,0.00,18.140,-2.155,-5.740,12.400,15.985,0.00,0.00,0.00,0.00,0.00,0.00,0.00,0.00,0.00,0.00,0.00,0.00,0.00,0.00,0.00,0.00,0.00
20650,DL:0.1.0:AT.1.0.0,2022-3-4 16:45:44,43.75,0.00,0.00,18.163,-2.176,-5.764,12.398,15.987,0.00,0.00,0.00,0.00,0.00,0.00,0.00,0.00,0.00,0.00,0.00,0.00,0.00,0.00,0.00,0.00,0.00
20650,DL:0.1.0:AT.1.0.0,2022-3-4 16:45:49,43.75,0.00,0.00,18.166,-2.179,-5.768,12.398,15.988,0.00,0.00,0.00,0.00,0.00,0.00,0.00,0.00,0.00,0.00,0.00,0.00,0.00,0.00,0.00,0.00,0.00
20650,DL:0.1.0:AT.1.0.0,2022-3-4 16:45:54,43.75,0.00,0.00,18.169,-2.179,-5.771,12.397,15.990,0.00,0.00,0.00,0.00,0.00,0.00,0.00,0.00,0.00,0.00,0.00,0.00,0.00,0.00,0.00,0.00,0.00
20650,DL:0.1.0:AT.1.0.0,2022-3-4 16:45:59,43.75,0.00,0.00,18.157,-2.165,-5.759,12.397,15.991,0.00,0.00,0.00,0.00,0.00,0.00,0.00,0.00,0.00,0.00,0.00,0.00,0.00,0.00,0.00,0.00,0.00
20650,DL:0.1.0:AT.1.0.0,2022-3-4 16:46:4,43.75,0.00,0.00,18.130,-2.139,-5.733,12.397,15.991,0.00,0.00,0.00,0.00,0.00,0.00,0.00,0.00,0.00,0.00,0.00,0.00,0.00,0.00,0.00,0.00,0.00
20650,DL:0.1.0:AT.1.0.0,2022-3-4 16:46:9,43.75,0.00,0.00,18.142,-2.149,-5.746,12.396,15.994,0.00,0.00,0.00,0.00,0.00,0.00,0.00,0.00,0.00,0.00,0.00,0.00,0.00,0.00,0.00,0.00,0.00
20650,DL:0.1.0:AT.1.0.0,2022-3-4 16:46:14,43.75,0.00,0.00,18.178,-2.182,-5.782,12.396,15.996,0.00,0.00,0.00,0.00,0.00,0.00,0.00,0.00,0.00,0.00,0.00,0.00,0.00,0.00,0.00,0.00,0.00
20650,DL:0.1.0:AT.1.0.0,2022-3-4 16:46:19,43.75,0.00,0.00,18.166,-2.169,-5.770,12.396,15.997,0.00,0.00,0.00,0.00,0.00,0.00,0.00,0.00,0.00,0.00,0.00,0.00,0.00,0.00,0.00,0.00,0.00
20650,DL:0.1.0:AT.1.0.0,2022-3-4 16:46:24,43.75,0.00,0.00,18.133,-2.133,-5.737,12.396,16.000,0.00,0.00,0.00,0.00,0.00,0.00,0.00,0.00,0.00,0.00,0.00,0.00,0.00,0.00,0.00,0.00,0.00
20650,DL:0.1.0:AT.1.0.0,2022-3-4 16:46:29,43.75,0.00,0.00,18.116,-2.115,-5.721,12.395,16.001,0.00,0.00,0.00,0.00,0.00,0.00,0.00,0.00,0.00,0.00,0.00,0.00,0.00,0.00,0.00,0.00,0.00
20650,DL:0.1.0:AT.1.0.0,2022-3-4 16:46:34,43.75,0.00,0.00,18.137,-2.134,-5.743,12.395,16.003,0.00,0.00,0.00,0.00,0.00,0.00,0.00,0.00,0.00,0.00,0.00,0.00,0.00,0.00,0.00,0.00,0.00
20650,DL:0.1.0:AT.1.0.0,2022-3-4 16:46:39,43.75,0.00,0.00,18.147,-2.141,-5.751,12.396,16.006,0.00,0.00,0.00,0.00,0.00,0.00,0.00,0.00,0.00,0.00,0.00,0.00,0.00,0.00,0.00,0.00,0.00
20650,DL:0.1.0:AT.1.0.0,2022-3-4 16:46:44,43.75,0.00,0.00,18.139,-2.130,-5.744,12.395,16.008,0.00,0.00,0.00,0.00,0.00,0.00,0.00,0.00,0.00,0.00,0.00,0.00,0.00,0.00,0.00,0.00,0.00
20650,DL:0.1.0:AT.1.0.0,2022-3-4 16:46:50,43.75,0.00,0.00,18.147,-2.134,-5.750,12.397,16.013,0.00,0.00,0.00,0.00,0.00,0.00,0.00,0.00,0.00,0.00,0.00,0.00,0.00,0.00,0.00,0.00,0.00
20650,DL:0.1.0:AT.1.0.0,2022-3-4 16:46:55,43.75,0.00,0.00,18.140,-2.124,-5.744,12.396,16.015,0.00,0.00,0.00,0.00,0.00,0.00,0.00,0.00,0.00,0.00,0.00,0.00,0.00,0.00,0.00,0.00,0.00
20650,DL:0.1.0:AT.1.0.0,2022-3-4 16:47:0,43.75,0.00,0.00,18.134,-2.115,-5.737,12.397,16.019,0.00,0.00,0.00,0.00,0.00,0.00,0.00,0.00,0.00,0.00,0.00,0.00,0.00,0.00,0.00,0.00,0.00
20650,DL:0.1.0:AT.1.0.0,2022-3-4 16:47:5,43.75,0.00,0.00,18.130,-2.109,-5.733,12.397,16.021,0.00,0.00,0.00,0.00,0.00,0.00,0.00,0.00,0.00,0.00,0.00,0.00,0.00,0.00,0.00,0.00,0.00
20650,DL:0.1.0:AT.1.0.0,2022-3-4 16:47:10,43.75,0.00,0.00,18.136,-2.112,-5.739,12.397,16.024,0.00,0.00,0.00,0.00,0.00,0.00,0.00,0.00,0.00,0.00,0.00,0.00,0.00,0.00,0.00,0.00,0.00
20650,DL:0.1.0:AT.1.0.0,2022-3-4 16:47:15,43.75,0.00,0.00,18.130,-2.104,-5.733,12.397,16.026,0.00,0.00,0.00,0.00,0.00,0.00,0.00,0.00,0.00,0.00,0.00,0.00,0.00,0.00,0.00,0.00,0.00
20650,DL:0.1.0:AT.1.0.0,2022-3-4 16:47:20,43.75,0.00,0.00,18.153,-2.123,-5.755,12.398,16.030,0.00,0.00,0.00,0.00,0.00,0.00,0.00,0.00,0.00,0.00,0.00,0.00,0.00,0.00,0.00,0.00,0.00
20650,DL:0.1.0:AT.1.0.0,2022-3-4 16:47:25,43.75,0.00,0.00,18.161,-2.129,-5.763,12.398,16.032,0.00,0.00,0.00,0.00,0.00,0.00,0.00,0.00,0.00,0.00,0.00,0.00,0.00,0.00,0.00,0.00,0.00
20650,DL:0.1.0:AT.1.0.0,2022-3-4 16:47:30,43.75,0.00,0.00,18.168,-2.132,-5.768,12.400,16.036,0.00,0.00,0.00,0.00,0.00,0.00,0.00,0.00,0.00,0.00,0.00,0.00,0.00,0.00,0.00,0.00,0.00
20650,DL:0.1.0:AT.1.0.0,2022-3-4 16:47:35,43.75,0.00,0.00,18.176,-2.138,-5.775,12.401,16.038,0.00,0.00,0.00,0.00,0.00,0.00,0.00,0.00,0.00,0.00,0.00,0.00,0.00,0.00,0.00,0.00,0.00
20650,DL:0.1.0:AT.1.0.0,2022-3-4 16:47:40,43.75,0.00,0.00,18.164,-2.122,-5.763,12.401,16.042,0.00,0.00,0.00,0.00,0.00,0.00,0.00,0.00,0.00,0.00,0.00,0.00,0.00,0.00,0.00,0.00,0.00
20650,DL:0.1.0:AT.1.0.0,2022-3-4 16:47:45,43.75,0.00,0.00,18.148,-2.104,-5.747,12.401,16.044,0.00,0.00,0.00,0.00,0.00,0.00,0.00,0.00,0.00,0.00,0.00,0.00,0.00,0.00,0.00,0.00,0.00
20650,DL:0.1.0:AT.1.0.0,2022-3-4 16:47:50,43.75,0.00,0.00,18.125,-2.078,-5.723,12.402,16.048,0.00,0.00,0.00,0.00,0.00,0.00,0.00,0.00,0.00,0.00,0.00,0.00,0.00,0.00,0.00,0.00,0.00
20650,DL:0.1.0:AT.1.0.0,2022-3-4 16:47:55,43.75,0.00,0.00,18.135,-2.085,-5.732,12.403,16.050,0.00,0.00,0.00,0.00,0.00,0.00,0.00,0.00,0.00,0.00,0.00,0.00,0.00,0.00,0.00,0.00,0.00
20650,DL:0.1.0:AT.1.0.0,2022-3-4 16:48:0,43.75,0.00,0.00,18.153,-2.102,-5.750,12.403,16.051,0.00,0.00,0.00,0.00,0.00,0.00,0.00,0.00,0.00,0.00,0.00,0.00,0.00,0.00,0.00,0.00,0.00
20650,DL:0.1.0:AT.1.0.0,2022-3-4 16:48:5,43.75,0.00,0.00,18.149,-2.094,-5.746,12.403,16.055,0.00,0.00,0.00,0.00,0.00,0.00,0.00,0.00,0.00,0.00,0.00,0.00,0.00,0.00,0.00,0.00,0.00
20650,DL:0.1.0:AT.1.0.0,2022-3-4 16:48:10,43.75,0.00,0.00,18.145,-2.088,-5.740,12.404,16.056,0.00,0.00,0.00,0.00,0.00,0.00,0.00,0.00,0.00,0.00,0.00,0.00,0.00,0.00,0.00,0.00,0.00
20650,DL:0.1.0:AT.1.0.0,2022-3-4 16:48:15,43.75,0.00,0.00,18.137,-2.079,-5.733,12.404,16.059,0.00,0.00,0.00,0.00,0.00,0.00,0.00,0.00,0.00,0.00,0.00,0.00,0.00,0.00,0.00,0.00,0.00
20650,DL:0.1.0:AT.1.0.0,2022-3-4 16:48:20,43.75,0.00,0.00,18.141,-2.080,-5.735,12.406,16.061,0.00,0.00,0.00,0.00,0.00,0.00,0.00,0.00,0.00,0.00,0.00,0.00,0.00,0.00,0.00,0.00,0.00
20650,DL:0.1.0:AT.1.0.0,2022-3-4 16:48:25,43.75,0.00,0.00,18.131,-2.069,-5.726,12.406,16.062,0.00,0.00,0.00,0.00,0.00,0.00,0.00,0.00,0.00,0.00,0.00,0.00,0.00,0.00,0.00,0.00,0.00
20650,DL:0.1.0:AT.1.0.0,2022-3-4 16:48:30,43.75,0.00,0.00,18.141,-2.075,-5.734,12.407,16.066,0.00,0.00,0.00,0.00,0.00,0.00,0.00,0.00,0.00,0.00,0.00,0.00,0.00,0.00,0.00,0.00,0.00
20650,DL:0.1.0:AT.1.0.0,2022-3-4 16:48:35,43.75,0.00,0.00,18.112,-2.045,-5.705,12.407,16.067,0.00,0.00,0.00,0.00,0.00,0.00,0.00,0.00,0.00,0.00,0.00,0.00,0.00,0.00,0.00,0.00,0.00
20650,DL:0.1.0:AT.1.0.0,2022-3-4 16:48:40,43.75,0.00,0.00,18.121,-2.051,-5.713,12.408,16.069,0.00,0.00,0.00,0.00,0.00,0.00,0.00,0.00,0.00,0.00,0.00,0.00,0.00,0.00,0.00,0.00,0.00
20650,DL:0.1.0:AT.1.0.0,2022-3-4 16:48:45,43.75,0.00,0.00,18.122,-2.051,-5.714,12.408,16.071,0.00,0.00,0.00,0.00,0.00,0.00,0.00,0.00,0.00,0.00,0.00,0.00,0.00,0.00,0.00,0.00,0.00
20650,DL:0.1.0:AT.1.0.0,2022-3-4 16:48:50,43.75,0.00,0.00,18.147,-2.074,-5.739,12.408,16.073,0.00,0.00,0.00,0.00,0.00,0.00,0.00,0.00,0.00,0.00,0.00,0.00,0.00,0.00,0.00,0.00,0.00
20650,DL:0.1.0:AT.1.0.0,2022-3-4 16:48:55,43.75,0.00,0.00,18.121,-2.046,-5.711,12.409,16.074,0.00,0.00,0.00,0.00,0.00,0.00,0.00,0.00,0.00,0.00,0.00,0.00,0.00,0.00,0.00,0.00,0.00
20650,DL:0.1.0:AT.1.0.0,2022-3-4 16:49:0,43.75,0.00,0.00,18.151,-2.074,-5.741,12.409,16.077,0.00,0.00,0.00,0.00,0.00,0.00,0.00,0.00,0.00,0.00,0.00,0.00,0.00,0.00,0.00,0.00,0.00
20650,DL:0.1.0:AT.1.0.0,2022-3-4 16:49:6,43.75,0.00,0.00,18.121,-2.043,-5.711,12.409,16.078,0.00,0.00,0.00,0.00,0.00,0.00,0.00,0.00,0.00,0.00,0.00,0.00,0.00,0.00,0.00,0.00,0.00
20650,DL:0.1.0:AT.1.0.0,2022-3-4 16:49:11,43.75,0.00,0.00,18.137,-2.058,-5.727,12.410,16.079,0.00,0.00,0.00,0.00,0.00,0.00,0.00,0.00,0.00,0.00,0.00,0.00,0.00,0.00,0.00,0.00,0.00
20650,DL:0.1.0:AT.1.0.0,2022-3-4 16:49:16,43.75,0.00,0.00,18.155,-2.075,-5.745,12.410,16.080,0.00,0.00,0.00,0.00,0.00,0.00,0.00,0.00,0.00,0.00,0.00,0.00,0.00,0.00,0.00,0.00,0.00
20650,DL:0.1.0:AT.1.0.0,2022-3-4 16:49:21,43.75,0.00,0.00,18.136,-2.055,-5.726,12.410,16.081,0.00,0.00,0.00,0.00,0.00,0.00,0.00,0.00,0.00,0.00,0.00,0.00,0.00,0.00,0.00,0.00,0.00
20650,DL:0.1.0:AT.1.0.0,2022-3-4 16:49:26,43.75,0.00,0.00,18.128,-2.045,-5.716,12.412,16.083,0.00,0.00,0.00,0.00,0.00,0.00,0.00,0.00,0.00,0.00,0.00,0.00,0.00,0.00,0.00,0.00,0.00
20650,DL:0.1.0:AT.1.0.0,2022-3-4 16:49:31,43.75,0.00,0.00,18.152,-2.068,-5.740,12.412,16.084,0.00,0.00,0.00,0.00,0.00,0.00,0.00,0.00,0.00,0.00,0.00,0.00,0.00,0.00,0.00,0.00,0.00
20650,DL:0.1.0:AT.1.0.0,2022-3-4 16:49:36,43.75,0.00,0.00,18.131,-2.045,-5.719,12.413,16.086,0.00,0.00,0.00,0.00,0.00,0.00,0.00,0.00,0.00,0.00,0.00,0.00,0.00,0.00,0.00,0.00,0.00
20650,DL:0.1.0:AT.1.0.0,2022-3-4 16:49:41,43.75,0.00,0.00,18.131,-2.044,-5.719,12.413,16.087,0.00,0.00,0.00,0.00,0.00,0.00,0.00,0.00,0.00,0.00,0.00,0.00,0.00,0.00,0.00,0.00,0.00
20650,DL:0.1.0:AT.1.0.0,2022-3-4 16:49:46,43.75,0.00,0.00,18.097,-2.008,-5.683,12.414,16.089,0.00,0.00,0.00,0.00,0.00,0.00,0.00,0.00,0.00,0.00,0.00,0.00,0.00,0.00,0.00,0.00,0.00
20650,DL:0.1.0:AT.1.0.0,2022-3-4 16:49:51,43.75,0.00,0.00,18.118,-2.028,-5.704,12.414,16.090,0.00,0.00,0.00,0.00,0.00,0.00,0.00,0.00,0.00,0.00,0.00,0.00,0.00,0.00,0.00,0.00,0.00
20650,DL:0.1.0:AT.1.0.0,2022-3-4 16:49:56,43.75,0.00,0.00,18.130,-2.038,-5.716,12.414,16.092,0.00,0.00,0.00,0.00,0.00,0.00,0.00,0.00,0.00,0.00,0.00,0.00,0.00,0.00,0.00,0.00,0.00
20650,DL:0.1.0:AT.1.0.0,2022-3-4 16:50:1,43.75,0.00,0.00,18.119,-2.026,-5.704,12.415,16.093,0.00,0.00,0.00,0.00,0.00,0.00,0.00,0.00,0.00,0.00,0.00,0.00,0.00,0.00,0.00,0.00,0.00
20650,DL:0.1.0:AT.1.0.0,2022-3-4 16:50:6,43.75,0.00,0.00,18.115,-2.021,-5.701,12.414,16.093,0.00,0.00,0.00,0.00,0.00,0.00,0.00,0.00,0.00,0.00,0.00,0.00,0.00,0.00,0.00,0.00,0.00
20650,DL:0.1.0:AT.1.0.0,2022-3-4 16:50:11,43.75,0.00,0.00,18.146,-2.052,-5.731,12.415,16.093,0.00,0.00,0.00,0.00,0.00,0.00,0.00,0.00,0.00,0.00,0.00,0.00,0.00,0.00,0.00,0.00,0.00
20650,DL:0.1.0:AT.1.0.0,2022-3-4 16:50:16,43.75,0.00,0.00,18.142,-2.048,-5.726,12.416,16.095,0.00,0.00,0.00,0.00,0.00,0.00,0.00,0.00,0.00,0.00,0.00,0.00,0.00,0.00,0.00,0.00,0.00
20650,DL:0.1.0:AT.1.0.0,2022-3-4 16:50:21,43.75,0.00,0.00,18.123,-2.027,-5.707,12.416,16.096,0.00,0.00,0.00,0.00,0.00,0.00,0.00,0.00,0.00,0.00,0.00,0.00,0.00,0.00,0.00,0.00,0.00
20650,DL:0.1.0:AT.1.0.0,2022-3-4 16:50:26,43.75,0.00,0.00,18.135,-2.038,-5.719,12.416,16.097,0.00,0.00,0.00,0.00,0.00,0.00,0.00,0.00,0.00,0.00,0.00,0.00,0.00,0.00,0.00,0.00,0.00
20650,DL:0.1.0:AT.1.0.0,2022-3-4 16:50:31,43.75,0.00,0.00,18.129,-2.032,-5.713,12.416,16.097,0.00,0.00,0.00,0.00,0.00,0.00,0.00,0.00,0.00,0.00,0.00,0.00,0.00,0.00,0.00,0.00,0.00
20650,DL:0.1.0:AT.1.0.0,2022-3-4 16:50:36,43.75,0.00,0.00,18.146,-2.049,-5.729,12.416,16.097,0.00,0.00,0.00,0.00,0.00,0.00,0.00,0.00,0.00,0.00,0.00,0.00,0.00,0.00,0.00,0.00,0.00
20650,DL:0.1.0:AT.1.0.0,2022-3-4 16:50:41,43.75,0.00,0.00,18.135,-2.038,-5.719,12.416,16.097,0.00,0.00,0.00,0.00,0.00,0.00,0.00,0.00,0.00,0.00,0.00,0.00,0.00,0.00,0.00,0.00,0.00
20650,DL:0.1.0:AT.1.0.0,2022-3-4 16:50:46,43.75,0.00,0.00,18.133,-2.037,-5.715,12.418,16.096,0.00,0.00,0.00,0.00,0.00,0.00,0.00,0.00,0.00,0.00,0.00,0.00,0.00,0.00,0.00,0.00,0.00
20650,DL:0.1.0:AT.1.0.0,2022-3-4 16:50:51,43.75,0.00,0.00,18.157,-2.060,-5.739,12.418,16.097,0.00,0.00,0.00,0.00,0.00,0.00,0.00,0.00,0.00,0.00,0.00,0.00,0.00,0.00,0.00,0.00,0.00
20650,DL:0.1.0:AT.1.0.0,2022-3-4 16:50:56,43.75,0.00,0.00,18.171,-2.075,-5.753,12.418,16.096,0.00,0.00,0.00,0.00,0.00,0.00,0.00,0.00,0.00,0.00,0.00,0.00,0.00,0.00,0.00,0.00,0.00
20650,DL:0.1.0:AT.1.0.0,2022-3-4 16:51:1,43.75,0.00,0.00,18.142,-2.045,-5.725,12.418,16.097,0.00,0.00,0.00,0.00,0.00,0.00,0.00,0.00,0.00,0.00,0.00,0.00,0.00,0.00,0.00,0.00,0.00
20650,DL:0.1.0:AT.1.0.0,2022-3-4 16:51:6,43.75,0.00,0.00,18.169,-2.072,-5.751,12.418,16.097,0.00,0.00,0.00,0.00,0.00,0.00,0.00,0.00,0.00,0.00,0.00,0.00,0.00,0.00,0.00,0.00,0.00
20650,DL:0.1.0:AT.1.0.0,2022-3-4 16:51:11,43.75,0.00,0.00,18.169,-2.073,-5.751,12.418,16.096,0.00,0.00,0.00,0.00,0.00,0.00,0.00,0.00,0.00,0.00,0.00,0.00,0.00,0.00,0.00,0.00,0.00
20650,DL:0.1.0:AT.1.0.0,2022-3-4 16:51:16,43.75,0.00,0.00,18.142,-2.046,-5.725,12.418,16.096,0.00,0.00,0.00,0.00,0.00,0.00,0.00,0.00,0.00,0.00,0.00,0.00,0.00,0.00,0.00,0.00,0.00
20650,DL:0.1.0:AT.1.0.0,2022-3-4 16:51:21,43.75,0.00,0.00,18.146,-2.051,-5.728,12.418,16.095,0.00,0.00,0.00,0.00,0.00,0.00,0.00,0.00,0.00,0.00,0.00,0.00,0.00,0.00,0.00,0.00,0.00
20650,DL:0.1.0:AT.1.0.0,2022-3-4 16:51:26,43.75,0.00,0.00,18.116,-2.020,-5.698,12.418,16.096,0.00,0.00,0.00,0.00,0.00,0.00,0.00,0.00,0.00,0.00,0.00,0.00,0.00,0.00,0.00,0.00,0.00
20650,DL:0.1.0:AT.1.0.0,2022-3-4 16:51:31,43.75,0.00,0.00,18.166,-2.072,-5.749,12.418,16.095,0.00,0.00,0.00,0.00,0.00,0.00,0.00,0.00,0.00,0.00,0.00,0.00,0.00,0.00,0.00,0.00,0.00
20650,DL:0.1.0:AT.1.0.0,2022-3-4 16:51:36,43.75,0.00,0.00,18.142,-2.049,-5.725,12.418,16.093,0.00,0.00,0.00,0.00,0.00,0.00,0.00,0.00,0.00,0.00,0.00,0.00,0.00,0.00,0.00,0.00,0.00
20650,DL:0.1.0:AT.1.0.0,2022-3-4 16:51:41,43.75,0.00,0.00,18.164,-2.070,-5.747,12.416,16.093,0.00,0.00,0.00,0.00,0.00,0.00,0.00,0.00,0.00,0.00,0.00,0.00,0.00,0.00,0.00,0.00,0.00
20650,DL:0.1.0:AT.1.0.0,2022-3-4 16:51:46,43.75,0.00,0.00,18.149,-2.057,-5.732,12.418,16.092,0.00,0.00,0.00,0.00,0.00,0.00,0.00,0.00,0.00,0.00,0.00,0.00,0.00,0.00,0.00,0.00,0.00
20650,DL:0.1.0:AT.1.0.0,2022-3-4 16:51:51,43.75,0.00,0.00,18.145,-2.054,-5.728,12.416,16.091,0.00,0.00,0.00,0.00,0.00,0.00,0.00,0.00,0.00,0.00,0.00,0.00,0.00,0.00,0.00,0.00,0.00
20650,DL:0.1.0:AT.1.0.0,2022-3-4 16:51:56,43.75,0.00,0.00,18.184,-2.093,-5.767,12.418,16.091,0.00,0.00,0.00,0.00,0.00,0.00,0.00,0.00,0.00,0.00,0.00,0.00,0.00,0.00,0.00,0.00,0.00
20650,DL:0.1.0:AT.1.0.0,2022-3-4 16:52:1,43.75,0.00,0.00,18.155,-2.066,-5.739,12.416,16.090,0.00,0.00,0.00,0.00,0.00,0.00,0.00,0.00,0.00,0.00,0.00,0.00,0.00,0.00,0.00,0.00,0.00
20650,DL:0.1.0:AT.1.0.0,2022-3-4 16:52:6,43.75,0.00,0.00,18.159,-2.070,-5.741,12.418,16.089,0.00,0.00,0.00,0.00,0.00,0.00,0.00,0.00,0.00,0.00,0.00,0.00,0.00,0.00,0.00,0.00,0.00
20650,DL:0.1.0:AT.1.0.0,2022-3-4 16:52:11,43.75,0.00,0.00,18.159,-2.070,-5.741,12.418,16.089,0.00,0.00,0.00,0.00,0.00,0.00,0.00,0.00,0.00,0.00,0.00,0.00,0.00,0.00,0.00,0.00,0.00
20650,DL:0.1.0:AT.1.0.0,2022-3-4 16:52:16,43.75,0.00,0.00,18.161,-2.075,-5.744,12.418,16.086,0.00,0.00,0.00,0.00,0.00,0.00,0.00,0.00,0.00,0.00,0.00,0.00,0.00,0.00,0.00,0.00,0.00
20650,DL:0.1.0:AT.1.0.0,2022-3-4 16:52:21,43.75,0.00,0.00,18.187,-2.100,-5.769,12.418,16.086,0.00,0.00,0.00,0.00,0.00,0.00,0.00,0.00,0.00,0.00,0.00,0.00,0.00,0.00,0.00,0.00,0.00
20650,DL:0.1.0:AT.1.0.0,2022-3-4 16:52:26,43.75,0.00,0.00,18.174,-2.087,-5.756,12.418,16.086,0.00,0.00,0.00,0.00,0.00,0.00,0.00,0.00,0.00,0.00,0.00,0.00,0.00,0.00,0.00,0.00,0.00
20650,DL:0.1.0:AT.1.0.0,2022-3-4 16:52:31,43.75,0.00,0.00,18.168,-2.082,-5.749,12.419,16.085,0.00,0.00,0.00,0.00,0.00,0.00,0.00,0.00,0.00,0.00,0.00,0.00,0.00,0.00,0.00,0.00,0.00
20650,DL:0.1.0:AT.1.0.0,2022-3-4 16:52:36,43.75,0.00,0.00,18.145,-2.061,-5.727,12.418,16.084,0.00,0.00,0.00,0.00,0.00,0.00,0.00,0.00,0.00,0.00,0.00,0.00,0.00,0.00,0.00,0.00,0.00
20650,DL:0.1.0:AT.1.0.0,2022-3-4 16:52:42,43.75,0.00,0.00,18.152,-2.069,-5.734,12.418,16.083,0.00,0.00,0.00,0.00,0.00,0.00,0.00,0.00,0.00,0.00,0.00,0.00,0.00,0.00,0.00,0.00,0.00
20650,DL:0.1.0:AT.1.0.0,2022-3-4 16:52:47,43.75,0.00,0.00,18.145,-2.063,-5.726,12.419,16.081,0.00,0.00,0.00,0.00,0.00,0.00,0.00,0.00,0.00,0.00,0.00,0.00,0.00,0.00,0.00,0.00,0.00
20650,DL:0.1.0:AT.1.0.0,2022-3-4 16:52:52,43.75,0.00,0.00,18.182,-2.102,-5.763,12.419,16.080,0.00,0.00,0.00,0.00,0.00,0.00,0.00,0.00,0.00,0.00,0.00,0.00,0.00,0.00,0.00,0.00,0.00
20650,DL:0.1.0:AT.1.0.0,2022-3-4 16:52:57,43.75,0.00,0.00,18.143,-2.064,-5.725,12.419,16.079,0.00,0.00,0.00,0.00,0.00,0.00,0.00,0.00,0.00,0.00,0.00,0.00,0.00,0.00,0.00,0.00,0.00
20650,DL:0.1.0:AT.1.0.0,2022-3-4 16:53:2,43.75,0.00,0.00,18.174,-2.096,-5.755,12.419,16.078,0.00,0.00,0.00,0.00,0.00,0.00,0.00,0.00,0.00,0.00,0.00,0.00,0.00,0.00,0.00,0.00,0.00
20650,DL:0.1.0:AT.1.0.0,2022-3-4 16:53:7,43.75,0.00,0.00,18.147,-2.072,-5.727,12.420,16.075,0.00,0.00,0.00,0.00,0.00,0.00,0.00,0.00,0.00,0.00,0.00,0.00,0.00,0.00,0.00,0.00,0.00
20650,DL:0.1.0:AT.1.0.0,2022-3-4 16:53:12,43.75,0.00,0.00,18.149,-2.075,-5.729,12.420,16.074,0.00,0.00,0.00,0.00,0.00,0.00,0.00,0.00,0.00,0.00,0.00,0.00,0.00,0.00,0.00,0.00,0.00
20650,DL:0.1.0:AT.1.0.0,2022-3-4 16:53:17,43.75,0.00,0.00,18.154,-2.082,-5.734,12.420,16.072,0.00,0.00,0.00,0.00,0.00,0.00,0.00,0.00,0.00,0.00,0.00,0.00,0.00,0.00,0.00,0.00,0.00
20650,DL:0.1.0:AT.1.0.0,2022-3-4 16:53:22,43.75,0.00,0.00,18.183,-2.114,-5.762,12.421,16.069,0.00,0.00,0.00,0.00,0.00,0.00,0.00,0.00,0.00,0.00,0.00,0.00,0.00,0.00,0.00,0.00,0.00
20650,DL:0.1.0:AT.1.0.0,2022-3-4 16:53:27,43.75,0.00,0.00,18.131,-2.063,-5.710,12.421,16.068,0.00,0.00,0.00,0.00,0.00,0.00,0.00,0.00,0.00,0.00,0.00,0.00,0.00,0.00,0.00,0.00,0.00
20650,DL:0.1.0:AT.1.0.0,2022-3-4 16:53:32,43.75,0.00,0.00,18.157,-2.091,-5.737,12.420,16.066,0.00,0.00,0.00,0.00,0.00,0.00,0.00,0.00,0.00,0.00,0.00,0.00,0.00,0.00,0.00,0.00,0.00
20650,DL:0.1.0:AT.1.0.0,2022-3-4 16:53:37,43.75,0.00,0.00,18.149,-2.085,-5.728,12.421,16.065,0.00,0.00,0.00,0.00,0.00,0.00,0.00,0.00,0.00,0.00,0.00,0.00,0.00,0.00,0.00,0.00,0.00
20650,DL:0.1.0:AT.1.0.0,2022-3-4 16:53:42,43.75,0.00,0.00,18.172,-2.110,-5.750,12.422,16.062,0.00,0.00,0.00,0.00,0.00,0.00,0.00,0.00,0.00,0.00,0.00,0.00,0.00,0.00,0.00,0.00,0.00
20650,DL:0.1.0:AT.1.0.0,2022-3-4 16:53:47,43.75,0.00,0.00,18.164,-2.103,-5.741,12.422,16.061,0.00,0.00,0.00,0.00,0.00,0.00,0.00,0.00,0.00,0.00,0.00,0.00,0.00,0.00,0.00,0.00,0.00
20650,DL:0.1.0:AT.1.0.0,2022-3-4 16:53:52,43.75,0.00,0.00,18.161,-2.103,-5.738,12.424,16.059,0.00,0.00,0.00,0.00,0.00,0.00,0.00,0.00,0.00,0.00,0.00,0.00,0.00,0.00,0.00,0.00,0.00
20650,DL:0.1.0:AT.1.0.0,2022-3-4 16:53:57,43.75,0.00,0.00,18.168,-2.112,-5.744,12.424,16.055,0.00,0.00,0.00,0.00,0.00,0.00,0.00,0.00,0.00,0.00,0.00,0.00,0.00,0.00,0.00,0.00,0.00
20650,DL:0.1.0:AT.1.0.0,2022-3-4 16:54:2,43.75,0.00,0.00,18.146,-2.094,-5.722,12.424,16.051,0.00,0.00,0.00,0.00,0.00,0.00,0.00,0.00,0.00,0.00,0.00,0.00,0.00,0.00,0.00,0.00,0.00
20650,DL:0.1.0:AT.1.0.0,2022-3-4 16:54:7,43.75,0.00,0.00,18.154,-2.105,-5.731,12.424,16.049,0.00,0.00,0.00,0.00,0.00,0.00,0.00,0.00,0.00,0.00,0.00,0.00,0.00,0.00,0.00,0.00,0.00
20650,DL:0.1.0:AT.1.0.0,2022-3-4 16:54:12,43.75,0.00,0.00,18.149,-2.103,-5.725,12.425,16.047,0.00,0.00,0.00,0.00,0.00,0.00,0.00,0.00,0.00,0.00,0.00,0.00,0.00,0.00,0.00,0.00,0.00
20650,DL:0.1.0:AT.1.0.0,2022-3-4 16:54:17,43.75,0.00,0.00,18.145,-2.100,-5.720,12.425,16.044,0.00,0.00,0.00,0.00,0.00,0.00,0.00,0.00,0.00,0.00,0.00,0.00,0.00,0.00,0.00,0.00,0.00
20650,DL:0.1.0:AT.1.0.0,2022-3-4 16:54:22,43.75,0.00,0.00,18.152,-2.110,-5.726,12.426,16.042,0.00,0.00,0.00,0.00,0.00,0.00,0.00,0.00,0.00,0.00,0.00,0.00,0.00,0.00,0.00,0.00,0.00
20650,DL:0.1.0:AT.1.0.0,2022-3-4 16:54:27,43.75,0.00,0.00,18.155,-2.116,-5.729,12.426,16.039,0.00,0.00,0.00,0.00,0.00,0.00,0.00,0.00,0.00,0.00,0.00,0.00,0.00,0.00,0.00,0.00,0.00
20650,DL:0.1.0:AT.1.0.0,2022-3-4 16:54:32,43.75,0.00,0.00,18.174,-2.137,-5.747,12.426,16.037,0.00,0.00,0.00,0.00,0.00,0.00,0.00,0.00,0.00,0.00,0.00,0.00,0.00,0.00,0.00,0.00,0.00
20650,DL:0.1.0:AT.1.0.0,2022-3-4 16:54:37,43.75,0.00,0.00,18.143,-2.109,-5.716,12.427,16.035,0.00,0.00,0.00,0.00,0.00,0.00,0.00,0.00,0.00,0.00,0.00,0.00,0.00,0.00,0.00,0.00,0.00
20650,DL:0.1.0:AT.1.0.0,2022-3-4 16:54:42,43.75,0.00,0.00,18.169,-2.137,-5.741,12.427,16.032,0.00,0.00,0.00,0.00,0.00,0.00,0.00,0.00,0.00,0.00,0.00,0.00,0.00,0.00,0.00,0.00,0.00
20650,DL:0.1.0:AT.1.0.0,2022-3-4 16:54:47,43.75,0.00,0.00,18.161,-2.132,-5.734,12.427,16.030,0.00,0.00,0.00,0.00,0.00,0.00,0.00,0.00,0.00,0.00,0.00,0.00,0.00,0.00,0.00,0.00,0.00
20650,DL:0.1.0:AT.1.0.0,2022-3-4 16:54:52,43.75,0.00,0.00,18.130,-2.104,-5.702,12.429,16.026,0.00,0.00,0.00,0.00,0.00,0.00,0.00,0.00,0.00,0.00,0.00,0.00,0.00,0.00,0.00,0.00,0.00
20650,DL:0.1.0:AT.1.0.0,2022-3-4 16:54:57,43.75,0.00,0.00,18.157,-2.133,-5.727,12.430,16.024,0.00,0.00,0.00,0.00,0.00,0.00,0.00,0.00,0.00,0.00,0.00,0.00,0.00,0.00,0.00,0.00,0.00
20650,DL:0.1.0:AT.1.0.0,2022-3-4 16:55:2,43.75,0.00,0.00,18.170,-2.149,-5.740,12.430,16.021,0.00,0.00,0.00,0.00,0.00,0.00,0.00,0.00,0.00,0.00,0.00,0.00,0.00,0.00,0.00,0.00,0.00
20650,DL:0.1.0:AT.1.0.0,2022-3-4 16:55:7,43.75,0.00,0.00,18.154,-2.135,-5.723,12.431,16.019,0.00,0.00,0.00,0.00,0.00,0.00,0.00,0.00,0.00,0.00,0.00,0.00,0.00,0.00,0.00,0.00,0.00
20650,DL:0.1.0:AT.1.0.0,2022-3-4 16:55:12,43.75,0.00,0.00,18.154,-2.133,-5.723,12.431,16.021,0.00,0.00,0.00,0.00,0.00,0.00,0.00,0.00,0.00,0.00,0.00,0.00,0.00,0.00,0.00,0.00,0.00
20650,DL:0.1.0:AT.1.0.0,2022-3-4 16:55:17,43.75,0.00,0.00,18.125,-2.108,-5.693,12.432,16.018,0.00,0.00,0.00,0.00,0.00,0.00,0.00,0.00,0.00,0.00,0.00,0.00,0.00,0.00,0.00,0.00,0.00
20650,DL:0.1.0:AT.1.0.0,2022-3-4 16:55:22,43.75,0.00,0.00,18.151,-2.137,-5.719,12.432,16.014,0.00,0.00,0.00,0.00,0.00,0.00,0.00,0.00,0.00,0.00,0.00,0.00,0.00,0.00,0.00,0.00,0.00
20650,DL:0.1.0:AT.1.0.0,2022-3-4 16:55:27,43.75,0.00,0.00,18.147,-2.135,-5.715,12.432,16.012,0.00,0.00,0.00,0.00,0.00,0.00,0.00,0.00,0.00,0.00,0.00,0.00,0.00,0.00,0.00,0.00,0.00
20650,DL:0.1.0:AT.1.0.0,2022-3-4 16:55:32,43.75,0.00,0.00,18.141,-2.132,-5.708,12.433,16.009,0.00,0.00,0.00,0.00,0.00,0.00,0.00,0.00,0.00,0.00,0.00,0.00,0.00,0.00,0.00,0.00,0.00
20650,DL:0.1.0:AT.1.0.0,2022-3-4 16:55:37,43.75,0.00,0.00,18.165,-2.159,-5.732,12.433,16.006,0.00,0.00,0.00,0.00,0.00,0.00,0.00,0.00,0.00,0.00,0.00,0.00,0.00,0.00,0.00,0.00,0.00
20650,DL:0.1.0:AT.1.0.0,2022-3-4 16:55:42,43.75,0.00,0.00,18.131,-2.129,-5.697,12.435,16.002,0.00,0.00,0.00,0.00,0.00,0.00,0.00,0.00,0.00,0.00,0.00,0.00,0.00,0.00,0.00,0.00,0.00
20650,DL:0.1.0:AT.1.0.0,2022-3-4 16:55:47,43.75,0.00,0.00,18.149,-2.149,-5.715,12.435,16.001,0.00,0.00,0.00,0.00,0.00,0.00,0.00,0.00,0.00,0.00,0.00,0.00,0.00,0.00,0.00,0.00,0.00
20650,DL:0.1.0:AT.1.0.0,2022-3-4 16:55:52,43.75,0.00,0.00,18.165,-2.167,-5.731,12.435,15.999,0.00,0.00,0.00,0.00,0.00,0.00,0.00,0.00,0.00,0.00,0.00,0.00,0.00,0.00,0.00,0.00,0.00
20650,DL:0.1.0:AT.1.0.0,2022-3-4 16:55:57,43.75,0.00,0.00,18.149,-2.155,-5.714,12.436,15.995,0.00,0.00,0.00,0.00,0.00,0.00,0.00,0.00,0.00,0.00,0.00,0.00,0.00,0.00,0.00,0.00,0.00
20650,DL:0.1.0:AT.1.0.0,2022-3-4 16:56:2,43.75,0.00,0.00,18.168,-2.174,-5.731,12.437,15.994,0.00,0.00,0.00,0.00,0.00,0.00,0.00,0.00,0.00,0.00,0.00,0.00,0.00,0.00,0.00,0.00,0.00
20650,DL:0.1.0:AT.1.0.0,2022-3-4 16:56:7,43.75,0.00,0.00,18.164,-2.173,-5.728,12.436,15.991,0.00,0.00,0.00,0.00,0.00,0.00,0.00,0.00,0.00,0.00,0.00,0.00,0.00,0.00,0.00,0.00,0.00
20650,DL:0.1.0:AT.1.0.0,2022-3-4 16:56:12,43.75,0.00,0.00,18.164,-2.171,-5.727,12.437,15.993,0.00,0.00,0.00,0.00,0.00,0.00,0.00,0.00,0.00,0.00,0.00,0.00,0.00,0.00,0.00,0.00,0.00
20650,DL:0.1.0:AT.1.0.0,2022-3-4 16:56:18,43.75,0.00,0.00,18.149,-2.159,-5.713,12.437,15.990,0.00,0.00,0.00,0.00,0.00,0.00,0.00,0.00,0.00,0.00,0.00,0.00,0.00,0.00,0.00,0.00,0.00
20650,DL:0.1.0:AT.1.0.0,2022-3-4 16:56:23,43.75,0.00,0.00,18.174,-2.186,-5.734,12.439,15.988,0.00,0.00,0.00,0.00,0.00,0.00,0.00,0.00,0.00,0.00,0.00,0.00,0.00,0.00,0.00,0.00,0.00
20650,DL:0.1.0:AT.1.0.0,2022-3-4 16:56:28,43.75,0.00,0.00,18.186,-2.201,-5.745,12.441,15.984,0.00,0.00,0.00,0.00,0.00,0.00,0.00,0.00,0.00,0.00,0.00,0.00,0.00,0.00,0.00,0.00,0.00
20650,DL:0.1.0:AT.1.0.0,2022-3-4 16:56:33,43.75,0.00,0.00,18.151,-2.169,-5.711,12.439,15.982,0.00,0.00,0.00,0.00,0.00,0.00,0.00,0.00,0.00,0.00,0.00,0.00,0.00,0.00,0.00,0.00,0.00
20650,DL:0.1.0:AT.1.0.0,2022-3-4 16:56:38,43.75,0.00,0.00,18.133,-2.153,-5.693,12.439,15.979,0.00,0.00,0.00,0.00,0.00,0.00,0.00,0.00,0.00,0.00,0.00,0.00,0.00,0.00,0.00,0.00,0.00
20650,DL:0.1.0:AT.1.0.0,2022-3-4 16:56:43,43.75,0.00,0.00,18.169,-2.193,-5.728,12.441,15.976,0.00,0.00,0.00,0.00,0.00,0.00,0.00,0.00,0.00,0.00,0.00,0.00,0.00,0.00,0.00,0.00,0.00
20650,DL:0.1.0:AT.1.0.0,2022-3-4 16:56:48,43.75,0.00,0.00,18.125,-2.152,-5.684,12.442,15.973,0.00,0.00,0.00,0.00,0.00,0.00,0.00,0.00,0.00,0.00,0.00,0.00,0.00,0.00,0.00,0.00,0.00
20650,DL:0.1.0:AT.1.0.0,2022-3-4 16:56:53,43.75,0.00,0.00,18.136,-2.165,-5.695,12.442,15.971,0.00,0.00,0.00,0.00,0.00,0.00,0.00,0.00,0.00,0.00,0.00,0.00,0.00,0.00,0.00,0.00,0.00
20650,DL:0.1.0:AT.1.0.0,2022-3-4 16:56:58,43.75,0.00,0.00,18.137,-2.168,-5.696,12.442,15.970,0.00,0.00,0.00,0.00,0.00,0.00,0.00,0.00,0.00,0.00,0.00,0.00,0.00,0.00,0.00,0.00,0.00
20650,DL:0.1.0:AT.1.0.0,2022-3-4 16:57:3,43.75,0.00,0.00,18.133,-2.167,-5.691,12.442,15.966,0.00,0.00,0.00,0.00,0.00,0.00,0.00,0.00,0.00,0.00,0.00,0.00,0.00,0.00,0.00,0.00,0.00
20650,DL:0.1.0:AT.1.0.0,2022-3-4 16:57:8,43.75,0.00,0.00,18.137,-2.174,-5.695,12.443,15.964,0.00,0.00,0.00,0.00,0.00,0.00,0.00,0.00,0.00,0.00,0.00,0.00,0.00,0.00,0.00,0.00,0.00
20650,DL:0.1.0:AT.1.0.0,2022-3-4 16:57:13,43.75,0.00,0.00,18.129,-2.168,-5.686,12.443,15.961,0.00,0.00,0.00,0.00,0.00,0.00,0.00,0.00,0.00,0.00,0.00,0.00,0.00,0.00,0.00,0.00,0.00
20650,DL:0.1.0:AT.1.0.0,2022-3-4 16:57:18,43.75,0.00,0.00,18.135,-2.173,-5.691,12.444,15.963,0.00,0.00,0.00,0.00,0.00,0.00,0.00,0.00,0.00,0.00,0.00,0.00,0.00,0.00,0.00,0.00,0.00
20650,DL:0.1.0:AT.1.0.0,2022-3-4 16:57:23,43.75,0.00,0.00,18.125,-2.167,-5.681,12.444,15.959,0.00,0.00,0.00,0.00,0.00,0.00,0.00,0.00,0.00,0.00,0.00,0.00,0.00,0.00,0.00,0.00,0.00
20650,DL:0.1.0:AT.1.0.0,2022-3-4 16:57:28,43.75,0.00,0.00,18.140,-2.183,-5.695,12.445,15.957,0.00,0.00,0.00,0.00,0.00,0.00,0.00,0.00,0.00,0.00,0.00,0.00,0.00,0.00,0.00,0.00,0.00
20650,DL:0.1.0:AT.1.0.0,2022-3-4 16:57:33,43.75,0.00,0.00,18.106,-2.151,-5.661,12.445,15.955,0.00,0.00,0.00,0.00,0.00,0.00,0.00,0.00,0.00,0.00,0.00,0.00,0.00,0.00,0.00,0.00,0.00
20650,DL:0.1.0:AT.1.0.0,2022-3-4 16:57:38,43.75,0.00,0.00,18.172,-2.221,-5.726,12.447,15.952,0.00,0.00,0.00,0.00,0.00,0.00,0.00,0.00,0.00,0.00,0.00,0.00,0.00,0.00,0.00,0.00,0.00
20650,DL:0.1.0:AT.1.0.0,2022-3-4 16:57:43,43.75,0.00,0.00,18.125,-2.176,-5.679,12.447,15.949,0.00,0.00,0.00,0.00,0.00,0.00,0.00,0.00,0.00,0.00,0.00,0.00,0.00,0.00,0.00,0.00,0.00
20650,DL:0.1.0:AT.1.0.0,2022-3-4 16:57:48,43.75,0.00,0.00,18.148,-2.201,-5.702,12.447,15.947,0.00,0.00,0.00,0.00,0.00,0.00,0.00,0.00,0.00,0.00,0.00,0.00,0.00,0.00,0.00,0.00,0.00
20650,DL:0.1.0:AT.1.0.0,2022-3-4 16:57:53,43.75,0.00,0.00,18.098,-2.153,-5.651,12.447,15.944,0.00,0.00,0.00,0.00,0.00,0.00,0.00,0.00,0.00,0.00,0.00,0.00,0.00,0.00,0.00,0.00,0.00
20650,DL:0.1.0:AT.1.0.0,2022-3-4 16:57:58,43.75,0.00,0.00,18.116,-2.175,-5.668,12.448,15.941,0.00,0.00,0.00,0.00,0.00,0.00,0.00,0.00,0.00,0.00,0.00,0.00,0.00,0.00,0.00,0.00,0.00
20650,DL:0.1.0:AT.1.0.0,2022-3-4 16:58:3,43.75,0.00,0.00,18.094,-2.156,-5.646,12.448,15.938,0.00,0.00,0.00,0.00,0.00,0.00,0.00,0.00,0.00,0.00,0.00,0.00,0.00,0.00,0.00,0.00,0.00
20650,DL:0.1.0:AT.1.0.0,2022-3-4 16:58:8,43.75,0.00,0.00,18.112,-2.176,-5.663,12.449,15.936,0.00,0.00,0.00,0.00,0.00,0.00,0.00,0.00,0.00,0.00,0.00,0.00,0.00,0.00,0.00,0.00,0.00
20650,DL:0.1.0:AT.1.0.0,2022-3-4 16:58:13,43.75,0.00,0.00,18.076,-2.143,-5.628,12.448,15.934,0.00,0.00,0.00,0.00,0.00,0.00,0.00,0.00,0.00,0.00,0.00,0.00,0.00,0.00,0.00,0.00,0.00
20650,DL:0.1.0:AT.1.0.0,2022-3-4 16:58:18,43.75,0.00,0.00,18.092,-2.161,-5.643,12.449,15.931,0.00,0.00,0.00,0.00,0.00,0.00,0.00,0.00,0.00,0.00,0.00,0.00,0.00,0.00,0.00,0.00,0.00
20650,DL:0.1.0:AT.1.0.0,2022-3-4 16:58:23,43.75,0.00,0.00,18.110,-2.180,-5.660,12.450,15.930,0.00,0.00,0.00,0.00,0.00,0.00,0.00,0.00,0.00,0.00,0.00,0.00,0.00,0.00,0.00,0.00,0.00
20650,DL:0.1.0:AT.1.0.0,2022-3-4 16:58:28,43.75,0.00,0.00,18.092,-2.161,-5.642,12.450,15.931,0.00,0.00,0.00,0.00,0.00,0.00,0.00,0.00,0.00,0.00,0.00,0.00,0.00,0.00,0.00,0.00,0.00
20650,DL:0.1.0:AT.1.0.0,2022-3-4 16:58:33,43.75,0.00,0.00,18.080,-2.151,-5.628,12.451,15.929,0.00,0.00,0.00,0.00,0.00,0.00,0.00,0.00,0.00,0.00,0.00,0.00,0.00,0.00,0.00,0.00,0.00
20650,DL:0.1.0:AT.1.0.0,2022-3-4 16:58:38,43.75,0.00,0.00,18.124,-2.199,-5.673,12.451,15.925,0.00,0.00,0.00,0.00,0.00,0.00,0.00,0.00,0.00,0.00,0.00,0.00,0.00,0.00,0.00,0.00,0.00
20650,DL:0.1.0:AT.1.0.0,2022-3-4 16:58:43,43.75,0.00,0.00,18.109,-2.186,-5.657,12.451,15.923,0.00,0.00,0.00,0.00,0.00,0.00,0.00,0.00,0.00,0.00,0.00,0.00,0.00,0.00,0.00,0.00,0.00
20650,DL:0.1.0:AT.1.0.0,2022-3-4 16:58:48,43.75,0.00,0.00,18.107,-2.187,-5.655,12.453,15.920,0.00,0.00,0.00,0.00,0.00,0.00,0.00,0.00,0.00,0.00,0.00,0.00,0.00,0.00,0.00,0.00,0.00
20650,DL:0.1.0:AT.1.0.0,2022-3-4 16:58:53,43.75,0.00,0.00,18.098,-2.180,-5.645,12.453,15.918,0.00,0.00,0.00,0.00,0.00,0.00,0.00,0.00,0.00,0.00,0.00,0.00,0.00,0.00,0.00,0.00,0.00
20650,DL:0.1.0:AT.1.0.0,2022-3-4 16:58:58,43.75,0.00,0.00,18.105,-2.189,-5.652,12.453,15.916,0.00,0.00,0.00,0.00,0.00,0.00,0.00,0.00,0.00,0.00,0.00,0.00,0.00,0.00,0.00,0.00,0.00
20650,DL:0.1.0:AT.1.0.0,2022-3-4 16:59:3,43.75,0.00,0.00,18.105,-2.192,-5.651,12.454,15.913,0.00,0.00,0.00,0.00,0.00,0.00,0.00,0.00,0.00,0.00,0.00,0.00,0.00,0.00,0.00,0.00,0.00
20650,DL:0.1.0:AT.1.0.0,2022-3-4 16:59:8,43.75,0.00,0.00,18.112,-2.201,-5.658,12.454,15.911,0.00,0.00,0.00,0.00,0.00,0.00,0.00,0.00,0.00,0.00,0.00,0.00,0.00,0.00,0.00,0.00,0.00
20650,DL:0.1.0:AT.1.0.0,2022-3-4 16:59:13,43.75,0.00,0.00,18.109,-2.200,-5.655,12.454,15.908,0.00,0.00,0.00,0.00,0.00,0.00,0.00,0.00,0.00,0.00,0.00,0.00,0.00,0.00,0.00,0.00,0.00
20650,DL:0.1.0:AT.1.0.0,2022-3-4 16:59:18,43.75,0.00,0.00,18.112,-2.206,-5.657,12.455,15.906,0.00,0.00,0.00,0.00,0.00,0.00,0.00,0.00,0.00,0.00,0.00,0.00,0.00,0.00,0.00,0.00,0.00
20650,DL:0.1.0:AT.1.0.0,2022-3-4 16:59:23,43.75,0.00,0.00,18.119,-2.216,-5.663,12.456,15.904,0.00,0.00,0.00,0.00,0.00,0.00,0.00,0.00,0.00,0.00,0.00,0.00,0.00,0.00,0.00,0.00,0.00
20650,DL:0.1.0:AT.1.0.0,2022-3-4 16:59:28,43.75,0.00,0.00,18.109,-2.207,-5.654,12.455,15.901,0.00,0.00,0.00,0.00,0.00,0.00,0.00,0.00,0.00,0.00,0.00,0.00,0.00,0.00,0.00,0.00,0.00
20650,DL:0.1.0:AT.1.0.0,2022-3-4 16:59:33,43.75,0.00,0.00,18.119,-2.221,-5.662,12.457,15.899,0.00,0.00,0.00,0.00,0.00,0.00,0.00,0.00,0.00,0.00,0.00,0.00,0.00,0.00,0.00,0.00,0.00
20650,DL:0.1.0:AT.1.0.0,2022-3-4 16:59:38,43.75,0.00,0.00,18.098,-2.197,-5.639,12.459,15.901,0.00,0.00,0.00,0.00,0.00,0.00,0.00,0.00,0.00,0.00,0.00,0.00,0.00,0.00,0.00,0.00,0.00
20650,DL:0.1.0:AT.1.0.0,2022-3-4 16:59:43,43.75,0.00,0.00,18.105,-2.207,-5.648,12.457,15.898,0.00,0.00,0.00,0.00,0.00,0.00,0.00,0.00,0.00,0.00,0.00,0.00,0.00,0.00,0.00,0.00,0.00
20650,DL:0.1.0:AT.1.0.0,2022-3-4 16:59:48,43.75,0.00,0.00,18.086,-2.189,-5.626,12.460,15.896,0.00,0.00,0.00,0.00,0.00,0.00,0.00,0.00,0.00,0.00,0.00,0.00,0.00,0.00,0.00,0.00,0.00
20650,DL:0.1.0:AT.1.0.0,2022-3-4 16:59:53,43.75,0.00,0.00,18.083,-2.189,-5.624,12.460,15.894,0.00,0.00,0.00,0.00,0.00,0.00,0.00,0.00,0.00,0.00,0.00,0.00,0.00,0.00,0.00,0.00,0.00
20650,DL:0.1.0:AT.1.0.0,2022-3-4 16:59:58,43.75,0.00,0.00,18.062,-2.170,-5.602,12.460,15.892,0.00,0.00,0.00,0.00,0.00,0.00,0.00,0.00,0.00,0.00,0.00,0.00,0.00,0.00,0.00,0.00,0.00
20650,DL:0.1.0:AT.1.0.0,2022-3-4 17:0:3,43.75,0.00,0.00,18.112,-2.223,-5.651,12.461,15.889,0.00,0.00,0.00,0.00,0.00,0.00,0.00,0.00,0.00,0.00,0.00,0.00,0.00,0.00,0.00,0.00,0.00
20650,DL:0.1.0:AT.1.0.0,2022-3-4 17:0:8,43.75,0.00,0.00,18.098,-2.211,-5.636,12.462,15.887,0.00,0.00,0.00,0.00,0.00,0.00,0.00,0.00,0.00,0.00,0.00,0.00,0.00,0.00,0.00,0.00,0.00
20650,DL:0.1.0:AT.1.0.0,2022-3-4 17:0:13,43.75,0.00,0.00,18.087,-2.203,-5.625,12.462,15.884,0.00,0.00,0.00,0.00,0.00,0.00,0.00,0.00,0.00,0.00,0.00,0.00,0.00,0.00,0.00,0.00,0.00
20650,DL:0.1.0:AT.1.0.0,2022-3-4 17:0:19,43.75,0.00,0.00,18.093,-2.211,-5.631,12.462,15.882,0.00,0.00,0.00,0.00,0.00,0.00,0.00,0.00,0.00,0.00,0.00,0.00,0.00,0.00,0.00,0.00,0.00
20650,DL:0.1.0:AT.1.0.0,2022-3-4 17:0:24,43.75,0.00,0.00,18.112,-2.233,-5.649,12.463,15.880,0.00,0.00,0.00,0.00,0.00,0.00,0.00,0.00,0.00,0.00,0.00,0.00,0.00,0.00,0.00,0.00,0.00
20650,DL:0.1.0:AT.1.0.0,2022-3-4 17:0:29,43.75,0.00,0.00,18.128,-2.251,-5.665,12.463,15.877,0.00,0.00,0.00,0.00,0.00,0.00,0.00,0.00,0.00,0.00,0.00,0.00,0.00,0.00,0.00,0.00,0.00
20650,DL:0.1.0:AT.1.0.0,2022-3-4 17:0:34,43.75,0.00,0.00,18.136,-2.260,-5.673,12.463,15.876,0.00,0.00,0.00,0.00,0.00,0.00,0.00,0.00,0.00,0.00,0.00,0.00,0.00,0.00,0.00,0.00,0.00
20650,DL:0.1.0:AT.1.0.0,2022-3-4 17:0:39,43.75,0.00,0.00,18.136,-2.264,-5.673,12.463,15.872,0.00,0.00,0.00,0.00,0.00,0.00,0.00,0.00,0.00,0.00,0.00,0.00,0.00,0.00,0.00,0.00,0.00
20650,DL:0.1.0:AT.1.0.0,2022-3-4 17:0:44,43.75,0.00,0.00,18.121,-2.251,-5.657,12.463,15.870,0.00,0.00,0.00,0.00,0.00,0.00,0.00,0.00,0.00,0.00,0.00,0.00,0.00,0.00,0.00,0.00,0.00
20650,DL:0.1.0:AT.1.0.0,2022-3-4 17:0:49,43.75,0.00,0.00,18.113,-2.246,-5.649,12.465,15.868,0.00,0.00,0.00,0.00,0.00,0.00,0.00,0.00,0.00,0.00,0.00,0.00,0.00,0.00,0.00,0.00,0.00
20650,DL:0.1.0:AT.1.0.0,2022-3-4 17:0:54,43.75,0.00,0.00,18.147,-2.276,-5.683,12.465,15.871,0.00,0.00,0.00,0.00,0.00,0.00,0.00,0.00,0.00,0.00,0.00,0.00,0.00,0.00,0.00,0.00,0.00
20650,DL:0.1.0:AT.1.0.0,2022-3-4 17:0:59,43.75,0.00,0.00,18.101,-2.233,-5.636,12.466,15.869,0.00,0.00,0.00,0.00,0.00,0.00,0.00,0.00,0.00,0.00,0.00,0.00,0.00,0.00,0.00,0.00,0.00
20650,DL:0.1.0:AT.1.0.0,2022-3-4 17:1:4,43.75,0.00,0.00,18.088,-2.222,-5.622,12.466,15.866,0.00,0.00,0.00,0.00,0.00,0.00,0.00,0.00,0.00,0.00,0.00,0.00,0.00,0.00,0.00,0.00,0.00
20650,DL:0.1.0:AT.1.0.0,2022-3-4 17:1:9,43.75,0.00,0.00,18.122,-2.258,-5.655,12.467,15.864,0.00,0.00,0.00,0.00,0.00,0.00,0.00,0.00,0.00,0.00,0.00,0.00,0.00,0.00,0.00,0.00,0.00
20650,DL:0.1.0:AT.1.0.0,2022-3-4 17:1:14,43.75,0.00,0.00,18.079,-2.217,-5.612,12.467,15.862,0.00,0.00,0.00,0.00,0.00,0.00,0.00,0.00,0.00,0.00,0.00,0.00,0.00,0.00,0.00,0.00,0.00
20650,DL:0.1.0:AT.1.0.0,2022-3-4 17:1:19,43.75,0.00,0.00,18.113,-2.253,-5.645,12.468,15.860,0.00,0.00,0.00,0.00,0.00,0.00,0.00,0.00,0.00,0.00,0.00,0.00,0.00,0.00,0.00,0.00,0.00
20650,DL:0.1.0:AT.1.0.0,2022-3-4 17:1:24,43.75,0.00,0.00,18.115,-2.257,-5.646,12.468,15.858,0.00,0.00,0.00,0.00,0.00,0.00,0.00,0.00,0.00,0.00,0.00,0.00,0.00,0.00,0.00,0.00,0.00
20650,DL:0.1.0:AT.1.0.0,2022-3-4 17:1:29,43.75,0.00,0.00,18.103,-2.246,-5.633,12.469,15.857,0.00,0.00,0.00,0.00,0.00,0.00,0.00,0.00,0.00,0.00,0.00,0.00,0.00,0.00,0.00,0.00,0.00
20650,DL:0.1.0:AT.1.0.0,2022-3-4 17:1:34,43.75,0.00,0.00,18.122,-2.267,-5.654,12.468,15.854,0.00,0.00,0.00,0.00,0.00,0.00,0.00,0.00,0.00,0.00,0.00,0.00,0.00,0.00,0.00,0.00,0.00
20650,DL:0.1.0:AT.1.0.0,2022-3-4 17:1:39,43.75,0.00,0.00,18.095,-2.242,-5.626,12.469,15.853,0.00,0.00,0.00,0.00,0.00,0.00,0.00,0.00,0.00,0.00,0.00,0.00,0.00,0.00,0.00,0.00,0.00
20650,DL:0.1.0:AT.1.0.0,2022-3-4 17:1:44,43.75,0.00,0.00,18.110,-2.258,-5.640,12.469,15.852,0.00,0.00,0.00,0.00,0.00,0.00,0.00,0.00,0.00,0.00,0.00,0.00,0.00,0.00,0.00,0.00,0.00
20650,DL:0.1.0:AT.1.0.0,2022-3-4 17:1:49,43.75,0.00,0.00,18.092,-2.242,-5.621,12.471,15.850,0.00,0.00,0.00,0.00,0.00,0.00,0.00,0.00,0.00,0.00,0.00,0.00,0.00,0.00,0.00,0.00,0.00
20650,DL:0.1.0:AT.1.0.0,2022-3-4 17:1:54,43.75,0.00,0.00,18.118,-2.269,-5.648,12.471,15.850,0.00,0.00,0.00,0.00,0.00,0.00,0.00,0.00,0.00,0.00,0.00,0.00,0.00,0.00,0.00,0.00,0.00
20650,DL:0.1.0:AT.1.0.0,2022-3-4 17:1:59,43.75,0.00,0.00,18.105,-2.258,-5.633,12.472,15.847,0.00,0.00,0.00,0.00,0.00,0.00,0.00,0.00,0.00,0.00,0.00,0.00,0.00,0.00,0.00,0.00,0.00
20650,DL:0.1.0:AT.1.0.0,2022-3-4 17:2:4,43.75,0.00,0.00,18.100,-2.254,-5.630,12.471,15.846,0.00,0.00,0.00,0.00,0.00,0.00,0.00,0.00,0.00,0.00,0.00,0.00,0.00,0.00,0.00,0.00,0.00
20650,DL:0.1.0:AT.1.0.0,2022-3-4 17:2:9,43.75,0.00,0.00,18.109,-2.263,-5.637,12.472,15.846,0.00,0.00,0.00,0.00,0.00,0.00,0.00,0.00,0.00,0.00,0.00,0.00,0.00,0.00,0.00,0.00,0.00
20650,DL:0.1.0:AT.1.0.0,2022-3-4 17:2:14,43.75,0.00,0.00,18.125,-2.282,-5.654,12.472,15.844,0.00,0.00,0.00,0.00,0.00,0.00,0.00,0.00,0.00,0.00,0.00,0.00,0.00,0.00,0.00,0.00,0.00
20650,DL:0.1.0:AT.1.0.0,2022-3-4 17:2:19,43.75,0.00,0.00,18.125,-2.283,-5.652,12.473,15.842,0.00,0.00,0.00,0.00,0.00,0.00,0.00,0.00,0.00,0.00,0.00,0.00,0.00,0.00,0.00,0.00,0.00
20650,DL:0.1.0:AT.1.0.0,2022-3-4 17:2:24,43.75,0.00,0.00,18.107,-2.264,-5.633,12.474,15.844,0.00,0.00,0.00,0.00,0.00,0.00,0.00,0.00,0.00,0.00,0.00,0.00,0.00,0.00,0.00,0.00,0.00
20650,DL:0.1.0:AT.1.0.0,2022-3-4 17:2:29,43.75,0.00,0.00,18.124,-2.282,-5.650,12.474,15.842,0.00,0.00,0.00,0.00,0.00,0.00,0.00,0.00,0.00,0.00,0.00,0.00,0.00,0.00,0.00,0.00,0.00
20650,DL:0.1.0:AT.1.0.0,2022-3-4 17:2:34,43.75,0.00,0.00,18.095,-2.254,-5.621,12.474,15.841,0.00,0.00,0.00,0.00,0.00,0.00,0.00,0.00,0.00,0.00,0.00,0.00,0.00,0.00,0.00,0.00,0.00
20650,DL:0.1.0:AT.1.0.0,2022-3-4 17:2:39,43.75,0.00,0.00,18.104,-2.264,-5.630,12.474,15.840,0.00,0.00,0.00,0.00,0.00,0.00,0.00,0.00,0.00,0.00,0.00,0.00,0.00,0.00,0.00,0.00,0.00
20650,DL:0.1.0:AT.1.0.0,2022-3-4 17:2:44,43.75,0.00,0.00,18.121,-2.281,-5.645,12.475,15.840,0.00,0.00,0.00,0.00,0.00,0.00,0.00,0.00,0.00,0.00,0.00,0.00,0.00,0.00,0.00,0.00,0.00
20650,DL:0.1.0:AT.1.0.0,2022-3-4 17:2:49,43.75,0.00,0.00,18.113,-2.273,-5.638,12.475,15.840,0.00,0.00,0.00,0.00,0.00,0.00,0.00,0.00,0.00,0.00,0.00,0.00,0.00,0.00,0.00,0.00,0.00
20650,DL:0.1.0:AT.1.0.0,2022-3-4 17:2:54,43.75,0.00,0.00,18.089,-2.251,-5.614,12.475,15.839,0.00,0.00,0.00,0.00,0.00,0.00,0.00,0.00,0.00,0.00,0.00,0.00,0.00,0.00,0.00,0.00,0.00
20650,DL:0.1.0:AT.1.0.0,2022-3-4 17:2:59,43.75,0.00,0.00,18.088,-2.251,-5.612,12.477,15.838,0.00,0.00,0.00,0.00,0.00,0.00,0.00,0.00,0.00,0.00,0.00,0.00,0.00,0.00,0.00,0.00,0.00
20650,DL:0.1.0:AT.1.0.0,2022-3-4 17:3:4,43.75,0.00,0.00,18.073,-2.234,-5.596,12.477,15.839,0.00,0.00,0.00,0.00,0.00,0.00,0.00,0.00,0.00,0.00,0.00,0.00,0.00,0.00,0.00,0.00,0.00
20650,DL:0.1.0:AT.1.0.0,2022-3-4 17:3:9,43.75,0.00,0.00,18.079,-2.240,-5.602,12.477,15.839,0.00,0.00,0.00,0.00,0.00,0.00,0.00,0.00,0.00,0.00,0.00,0.00,0.00,0.00,0.00,0.00,0.00
20650,DL:0.1.0:AT.1.0.0,2022-3-4 17:3:14,43.75,0.00,0.00,18.077,-2.240,-5.600,12.478,15.838,0.00,0.00,0.00,0.00,0.00,0.00,0.00,0.00,0.00,0.00,0.00,0.00,0.00,0.00,0.00,0.00,0.00
20650,DL:0.1.0:AT.1.0.0,2022-3-4 17:3:19,43.75,0.00,0.00,18.076,-2.237,-5.598,12.478,15.839,0.00,0.00,0.00,0.00,0.00,0.00,0.00,0.00,0.00,0.00,0.00,0.00,0.00,0.00,0.00,0.00,0.00
20650,DL:0.1.0:AT.1.0.0,2022-3-4 17:3:24,43.75,0.00,0.00,18.104,-2.266,-5.625,12.479,15.838,0.00,0.00,0.00,0.00,0.00,0.00,0.00,0.00,0.00,0.00,0.00,0.00,0.00,0.00,0.00,0.00,0.00
20650,DL:0.1.0:AT.1.0.0,2022-3-4 17:3:29,43.75,0.00,0.00,18.099,-2.260,-5.620,12.479,15.839,0.00,0.00,0.00,0.00,0.00,0.00,0.00,0.00,0.00,0.00,0.00,0.00,0.00,0.00,0.00,0.00,0.00
20650,DL:0.1.0:AT.1.0.0,2022-3-4 17:3:34,43.75,0.00,0.00,18.082,-2.245,-5.602,12.480,15.838,0.00,0.00,0.00,0.00,0.00,0.00,0.00,0.00,0.00,0.00,0.00,0.00,0.00,0.00,0.00,0.00,0.00
20650,DL:0.1.0:AT.1.0.0,2022-3-4 17:3:39,43.75,0.00,0.00,18.105,-2.267,-5.625,12.480,15.838,0.00,0.00,0.00,0.00,0.00,0.00,0.00,0.00,0.00,0.00,0.00,0.00,0.00,0.00,0.00,0.00,0.00
20650,DL:0.1.0:AT.1.0.0,2022-3-4 17:3:44,43.75,0.00,0.00,18.057,-2.218,-5.577,12.480,15.839,0.00,0.00,0.00,0.00,0.00,0.00,0.00,0.00,0.00,0.00,0.00,0.00,0.00,0.00,0.00,0.00,0.00
20650,DL:0.1.0:AT.1.0.0,2022-3-4 17:3:49,43.75,0.00,0.00,18.077,-2.239,-5.596,12.481,15.839,0.00,0.00,0.00,0.00,0.00,0.00,0.00,0.00,0.00,0.00,0.00,0.00,0.00,0.00,0.00,0.00,0.00
20650,DL:0.1.0:AT.1.0.0,2022-3-4 17:3:54,43.75,0.00,0.00,18.051,-2.212,-5.570,12.481,15.839,0.00,0.00,0.00,0.00,0.00,0.00,0.00,0.00,0.00,0.00,0.00,0.00,0.00,0.00,0.00,0.00,0.00
20650,DL:0.1.0:AT.1.0.0,2022-3-4 17:3:59,43.75,0.00,0.00,18.086,-2.246,-5.603,12.483,15.840,0.00,0.00,0.00,0.00,0.00,0.00,0.00,0.00,0.00,0.00,0.00,0.00,0.00,0.00,0.00,0.00,0.00
20650,DL:0.1.0:AT.1.0.0,2022-3-4 17:4:4,43.75,0.00,0.00,18.088,-2.248,-5.604,12.484,15.840,0.00,0.00,0.00,0.00,0.00,0.00,0.00,0.00,0.00,0.00,0.00,0.00,0.00,0.00,0.00,0.00,0.00
20650,DL:0.1.0:AT.1.0.0,2022-3-4 17:4:9,43.75,0.00,0.00,18.097,-2.257,-5.613,12.484,15.840,0.00,0.00,0.00,0.00,0.00,0.00,0.00,0.00,0.00,0.00,0.00,0.00,0.00,0.00,0.00,0.00,0.00
20650,DL:0.1.0:AT.1.0.0,2022-3-4 17:4:14,43.75,0.00,0.00,18.086,-2.246,-5.602,12.484,15.840,0.00,0.00,0.00,0.00,0.00,0.00,0.00,0.00,0.00,0.00,0.00,0.00,0.00,0.00,0.00,0.00,0.00
20650,DL:0.1.0:AT.1.0.0,2022-3-4 17:4:19,43.75,0.00,0.00,18.095,-2.254,-5.610,12.485,15.841,0.00,0.00,0.00,0.00,0.00,0.00,0.00,0.00,0.00,0.00,0.00,0.00,0.00,0.00,0.00,0.00,0.00
20650,DL:0.1.0:AT.1.0.0,2022-3-4 17:4:24,43.75,0.00,0.00,18.100,-2.259,-5.615,12.485,15.841,0.00,0.00,0.00,0.00,0.00,0.00,0.00,0.00,0.00,0.00,0.00,0.00,0.00,0.00,0.00,0.00,0.00
20650,DL:0.1.0:AT.1.0.0,2022-3-4 17:4:29,43.75,0.00,0.00,18.092,-2.249,-5.606,12.486,15.842,0.00,0.00,0.00,0.00,0.00,0.00,0.00,0.00,0.00,0.00,0.00,0.00,0.00,0.00,0.00,0.00,0.00
20650,DL:0.1.0:AT.1.0.0,2022-3-4 17:4:34,43.75,0.00,0.00,18.106,-2.263,-5.619,12.487,15.844,0.00,0.00,0.00,0.00,0.00,0.00,0.00,0.00,0.00,0.00,0.00,0.00,0.00,0.00,0.00,0.00,0.00
20650,DL:0.1.0:AT.1.0.0,2022-3-4 17:4:39,43.75,0.00,0.00,18.122,-2.277,-5.634,12.487,15.845,0.00,0.00,0.00,0.00,0.00,0.00,0.00,0.00,0.00,0.00,0.00,0.00,0.00,0.00,0.00,0.00,0.00
20650,DL:0.1.0:AT.1.0.0,2022-3-4 17:4:44,43.75,0.00,0.00,18.100,-2.255,-5.612,12.489,15.845,0.00,0.00,0.00,0.00,0.00,0.00,0.00,0.00,0.00,0.00,0.00,0.00,0.00,0.00,0.00,0.00,0.00
20650,DL:0.1.0:AT.1.0.0,2022-3-4 17:4:49,43.75,0.00,0.00,18.135,-2.290,-5.648,12.487,15.845,0.00,0.00,0.00,0.00,0.00,0.00,0.00,0.00,0.00,0.00,0.00,0.00,0.00,0.00,0.00,0.00,0.00
20650,DL:0.1.0:AT.1.0.0,2022-3-4 17:4:54,43.75,0.00,0.00,18.154,-2.308,-5.666,12.489,15.846,0.00,0.00,0.00,0.00,0.00,0.00,0.00,0.00,0.00,0.00,0.00,0.00,0.00,0.00,0.00,0.00,0.00
20650,DL:0.1.0:AT.1.0.0,2022-3-4 17:4:59,43.75,0.00,0.00,18.113,-2.266,-5.624,12.490,15.847,0.00,0.00,0.00,0.00,0.00,0.00,0.00,0.00,0.00,0.00,0.00,0.00,0.00,0.00,0.00,0.00,0.00
20650,DL:0.1.0:AT.1.0.0,2022-3-4 17:5:4,43.75,0.00,0.00,18.134,-2.287,-5.644,12.490,15.847,0.00,0.00,0.00,0.00,0.00,0.00,0.00,0.00,0.00,0.00,0.00,0.00,0.00,0.00,0.00,0.00,0.00
20650,DL:0.1.0:AT.1.0.0,2022-3-4 17:5:9,43.75,0.00,0.00,18.141,-2.294,-5.651,12.490,15.847,0.00,0.00,0.00,0.00,0.00,0.00,0.00,0.00,0.00,0.00,0.00,0.00,0.00,0.00,0.00,0.00,0.00
20650,DL:0.1.0:AT.1.0.0,2022-3-4 17:5:14,43.75,0.00,0.00,18.091,-2.241,-5.600,12.491,15.850,0.00,0.00,0.00,0.00,0.00,0.00,0.00,0.00,0.00,0.00,0.00,0.00,0.00,0.00,0.00,0.00,0.00
20650,DL:0.1.0:AT.1.0.0,2022-3-4 17:5:19,43.75,0.00,0.00,18.089,-2.240,-5.597,12.492,15.850,0.00,0.00,0.00,0.00,0.00,0.00,0.00,0.00,0.00,0.00,0.00,0.00,0.00,0.00,0.00,0.00,0.00
20650,DL:0.1.0:AT.1.0.0,2022-3-4 17:5:24,43.75,0.00,0.00,18.105,-2.254,-5.613,12.492,15.851,0.00,0.00,0.00,0.00,0.00,0.00,0.00,0.00,0.00,0.00,0.00,0.00,0.00,0.00,0.00,0.00,0.00
20650,DL:0.1.0:AT.1.0.0,2022-3-4 17:5:29,43.75,0.00,0.00,18.070,-2.218,-5.578,12.492,15.852,0.00,0.00,0.00,0.00,0.00,0.00,0.00,0.00,0.00,0.00,0.00,0.00,0.00,0.00,0.00,0.00,0.00
20650,DL:0.1.0:AT.1.0.0,2022-3-4 17:5:34,43.75,0.00,0.00,18.111,-2.258,-5.618,12.493,15.853,0.00,0.00,0.00,0.00,0.00,0.00,0.00,0.00,0.00,0.00,0.00,0.00,0.00,0.00,0.00,0.00,0.00
20650,DL:0.1.0:AT.1.0.0,2022-3-4 17:5:39,43.75,0.00,0.00,18.116,-2.263,-5.621,12.495,15.853,0.00,0.00,0.00,0.00,0.00,0.00,0.00,0.00,0.00,0.00,0.00,0.00,0.00,0.00,0.00,0.00,0.00
20650,DL:0.1.0:AT.1.0.0,2022-3-4 17:5:44,43.75,0.00,0.00,18.119,-2.265,-5.626,12.493,15.854,0.00,0.00,0.00,0.00,0.00,0.00,0.00,0.00,0.00,0.00,0.00,0.00,0.00,0.00,0.00,0.00,0.00
20650,DL:0.1.0:AT.1.0.0,2022-3-4 17:5:49,43.75,0.00,0.00,18.134,-2.278,-5.639,12.495,15.856,0.00,0.00,0.00,0.00,0.00,0.00,0.00,0.00,0.00,0.00,0.00,0.00,0.00,0.00,0.00,0.00,0.00
20650,DL:0.1.0:AT.1.0.0,2022-3-4 17:5:54,43.75,0.00,0.00,18.148,-2.292,-5.654,12.495,15.857,0.00,0.00,0.00,0.00,0.00,0.00,0.00,0.00,0.00,0.00,0.00,0.00,0.00,0.00,0.00,0.00,0.00
20650,DL:0.1.0:AT.1.0.0,2022-3-4 17:5:59,43.75,0.00,0.00,18.131,-2.275,-5.637,12.495,15.857,0.00,0.00,0.00,0.00,0.00,0.00,0.00,0.00,0.00,0.00,0.00,0.00,0.00,0.00,0.00,0.00,0.00
20650,DL:0.1.0:AT.1.0.0,2022-3-4 17:6:4,43.75,0.00,0.00,18.128,-2.270,-5.633,12.495,15.858,0.00,0.00,0.00,0.00,0.00,0.00,0.00,0.00,0.00,0.00,0.00,0.00,0.00,0.00,0.00,0.00,0.00
20650,DL:0.1.0:AT.1.0.0,2022-3-4 17:6:9,43.75,0.00,0.00,18.129,-2.270,-5.633,12.496,15.859,0.00,0.00,0.00,0.00,0.00,0.00,0.00,0.00,0.00,0.00,0.00,0.00,0.00,0.00,0.00,0.00,0.00
20650,DL:0.1.0:AT.1.0.0,2022-3-4 17:6:14,43.75,0.00,0.00,18.113,-2.254,-5.618,12.496,15.859,0.00,0.00,0.00,0.00,0.00,0.00,0.00,0.00,0.00,0.00,0.00,0.00,0.00,0.00,0.00,0.00,0.00
20650,DL:0.1.0:AT.1.0.0,2022-3-4 17:6:19,43.75,0.00,0.00,18.116,-2.255,-5.620,12.496,15.860,0.00,0.00,0.00,0.00,0.00,0.00,0.00,0.00,0.00,0.00,0.00,0.00,0.00,0.00,0.00,0.00,0.00
20650,DL:0.1.0:AT.1.0.0,2022-3-4 17:6:24,43.75,0.00,0.00,18.141,-2.281,-5.643,12.498,15.860,0.00,0.00,0.00,0.00,0.00,0.00,0.00,0.00,0.00,0.00,0.00,0.00,0.00,0.00,0.00,0.00,0.00
20650,DL:0.1.0:AT.1.0.0,2022-3-4 17:6:29,43.75,0.00,0.00,18.125,-2.264,-5.628,12.497,15.862,0.00,0.00,0.00,0.00,0.00,0.00,0.00,0.00,0.00,0.00,0.00,0.00,0.00,0.00,0.00,0.00,0.00
20650,DL:0.1.0:AT.1.0.0,2022-3-4 17:6:34,43.75,0.00,0.00,18.106,-2.243,-5.609,12.497,15.863,0.00,0.00,0.00,0.00,0.00,0.00,0.00,0.00,0.00,0.00,0.00,0.00,0.00,0.00,0.00,0.00,0.00
20650,DL:0.1.0:AT.1.0.0,2022-3-4 17:6:39,43.75,0.00,0.00,18.131,-2.269,-5.633,12.498,15.863,0.00,0.00,0.00,0.00,0.00,0.00,0.00,0.00,0.00,0.00,0.00,0.00,0.00,0.00,0.00,0.00,0.00
20650,DL:0.1.0:AT.1.0.0,2022-3-4 17:6:44,43.75,0.00,0.00,18.135,-2.272,-5.637,12.498,15.863,0.00,0.00,0.00,0.00,0.00,0.00,0.00,0.00,0.00,0.00,0.00,0.00,0.00,0.00,0.00,0.00,0.00
20650,DL:0.1.0:AT.1.0.0,2022-3-4 17:6:49,43.75,0.00,0.00,18.123,-2.260,-5.624,12.499,15.863,0.00,0.00,0.00,0.00,0.00,0.00,0.00,0.00,0.00,0.00,0.00,0.00,0.00,0.00,0.00,0.00,0.00
20650,DL:0.1.0:AT.1.0.0,2022-3-4 17:6:54,43.75,0.00,0.00,18.137,-2.273,-5.637,12.501,15.864,0.00,0.00,0.00,0.00,0.00,0.00,0.00,0.00,0.00,0.00,0.00,0.00,0.00,0.00,0.00,0.00,0.00
20650,DL:0.1.0:AT.1.0.0,2022-3-4 17:6:59,43.75,0.00,0.00,18.094,-2.230,-5.595,12.499,15.864,0.00,0.00,0.00,0.00,0.00,0.00,0.00,0.00,0.00,0.00,0.00,0.00,0.00,0.00,0.00,0.00,0.00
20650,DL:0.1.0:AT.1.0.0,2022-3-4 17:7:4,43.75,0.00,0.00,18.093,-2.230,-5.594,12.499,15.863,0.00,0.00,0.00,0.00,0.00,0.00,0.00,0.00,0.00,0.00,0.00,0.00,0.00,0.00,0.00,0.00,0.00
20650,DL:0.1.0:AT.1.0.0,2022-3-4 17:7:9,43.75,0.00,0.00,18.098,-2.235,-5.597,12.501,15.863,0.00,0.00,0.00,0.00,0.00,0.00,0.00,0.00,0.00,0.00,0.00,0.00,0.00,0.00,0.00,0.00,0.00
20650,DL:0.1.0:AT.1.0.0,2022-3-4 17:7:14,43.75,0.00,0.00,18.087,-2.224,-5.588,12.499,15.863,0.00,0.00,0.00,0.00,0.00,0.00,0.00,0.00,0.00,0.00,0.00,0.00,0.00,0.00,0.00,0.00,0.00
20650,DL:0.1.0:AT.1.0.0,2022-3-4 17:7:19,43.75,0.00,0.00,18.094,-2.231,-5.594,12.501,15.863,0.00,0.00,0.00,0.00,0.00,0.00,0.00,0.00,0.00,0.00,0.00,0.00,0.00,0.00,0.00,0.00,0.00
20650,DL:0.1.0:AT.1.0.0,2022-3-4 17:7:24,43.75,0.00,0.00,18.105,-2.242,-5.603,12.502,15.863,0.00,0.00,0.00,0.00,0.00,0.00,0.00,0.00,0.00,0.00,0.00,0.00,0.00,0.00,0.00,0.00,0.00
20650,DL:0.1.0:AT.1.0.0,2022-3-4 17:7:29,43.75,0.00,0.00,18.128,-2.265,-5.626,12.502,15.863,0.00,0.00,0.00,0.00,0.00,0.00,0.00,0.00,0.00,0.00,0.00,0.00,0.00,0.00,0.00,0.00,0.00
20650,DL:0.1.0:AT.1.0.0,2022-3-4 17:7:34,43.75,0.00,0.00,18.118,-2.255,-5.618,12.501,15.863,0.00,0.00,0.00,0.00,0.00,0.00,0.00,0.00,0.00,0.00,0.00,0.00,0.00,0.00,0.00,0.00,0.00
20650,DL:0.1.0:AT.1.0.0,2022-3-4 17:7:39,43.75,0.00,0.00,18.101,-2.239,-5.600,12.502,15.863,0.00,0.00,0.00,0.00,0.00,0.00,0.00,0.00,0.00,0.00,0.00,0.00,0.00,0.00,0.00,0.00,0.00
20650,DL:0.1.0:AT.1.0.0,2022-3-4 17:7:44,43.75,0.00,0.00,18.074,-2.212,-5.572,12.502,15.862,0.00,0.00,0.00,0.00,0.00,0.00,0.00,0.00,0.00,0.00,0.00,0.00,0.00,0.00,0.00,0.00,0.00
20650,DL:0.1.0:AT.1.0.0,2022-3-4 17:7:50,43.75,0.00,0.00,18.085,-2.223,-5.582,12.503,15.862,0.00,0.00,0.00,0.00,0.00,0.00,0.00,0.00,0.00,0.00,0.00,0.00,0.00,0.00,0.00,0.00,0.00
20650,DL:0.1.0:AT.1.0.0,2022-3-4 17:7:55,43.75,0.00,0.00,18.104,-2.242,-5.601,12.503,15.862,0.00,0.00,0.00,0.00,0.00,0.00,0.00,0.00,0.00,0.00,0.00,0.00,0.00,0.00,0.00,0.00,0.00
20650,DL:0.1.0:AT.1.0.0,2022-3-4 17:8:0,43.75,0.00,0.00,18.103,-2.240,-5.598,12.504,15.863,0.00,0.00,0.00,0.00,0.00,0.00,0.00,0.00,0.00,0.00,0.00,0.00,0.00,0.00,0.00,0.00,0.00
20650,DL:0.1.0:AT.1.0.0,2022-3-4 17:8:5,43.75,0.00,0.00,18.099,-2.237,-5.596,12.503,15.862,0.00,0.00,0.00,0.00,0.00,0.00,0.00,0.00,0.00,0.00,0.00,0.00,0.00,0.00,0.00,0.00,0.00
20650,DL:0.1.0:AT.1.0.0,2022-3-4 17:8:10,43.75,0.00,0.00,18.110,-2.248,-5.606,12.504,15.862,0.00,0.00,0.00,0.00,0.00,0.00,0.00,0.00,0.00,0.00,0.00,0.00,0.00,0.00,0.00,0.00,0.00
20650,DL:0.1.0:AT.1.0.0,2022-3-4 17:8:15,43.75,0.00,0.00,18.139,-2.278,-5.634,12.504,15.860,0.00,0.00,0.00,0.00,0.00,0.00,0.00,0.00,0.00,0.00,0.00,0.00,0.00,0.00,0.00,0.00,0.00
20650,DL:0.1.0:AT.1.0.0,2022-3-4 17:8:20,43.75,0.00,0.00,18.111,-2.251,-5.606,12.505,15.860,0.00,0.00,0.00,0.00,0.00,0.00,0.00,0.00,0.00,0.00,0.00,0.00,0.00,0.00,0.00,0.00,0.00
20650,DL:0.1.0:AT.1.0.0,2022-3-4 17:8:25,43.75,0.00,0.00,18.110,-2.249,-5.606,12.504,15.860,0.00,0.00,0.00,0.00,0.00,0.00,0.00,0.00,0.00,0.00,0.00,0.00,0.00,0.00,0.00,0.00,0.00
20650,DL:0.1.0:AT.1.0.0,2022-3-4 17:8:30,43.75,0.00,0.00,18.104,-2.242,-5.600,12.504,15.862,0.00,0.00,0.00,0.00,0.00,0.00,0.00,0.00,0.00,0.00,0.00,0.00,0.00,0.00,0.00,0.00,0.00
20650,DL:0.1.0:AT.1.0.0,2022-3-4 17:8:35,43.75,0.00,0.00,18.124,-2.264,-5.619,12.505,15.860,0.00,0.00,0.00,0.00,0.00,0.00,0.00,0.00,0.00,0.00,0.00,0.00,0.00,0.00,0.00,0.00,0.00
20650,DL:0.1.0:AT.1.0.0,2022-3-4 17:8:40,43.75,0.00,0.00,18.129,-2.270,-5.624,12.505,15.859,0.00,0.00,0.00,0.00,0.00,0.00,0.00,0.00,0.00,0.00,0.00,0.00,0.00,0.00,0.00,0.00,0.00
20650,DL:0.1.0:AT.1.0.0,2022-3-4 17:8:45,43.75,0.00,0.00,18.115,-2.255,-5.609,12.505,15.859,0.00,0.00,0.00,0.00,0.00,0.00,0.00,0.00,0.00,0.00,0.00,0.00,0.00,0.00,0.00,0.00,0.00
20650,DL:0.1.0:AT.1.0.0,2022-3-4 17:8:50,43.75,0.00,0.00,18.115,-2.255,-5.608,12.507,15.859,0.00,0.00,0.00,0.00,0.00,0.00,0.00,0.00,0.00,0.00,0.00,0.00,0.00,0.00,0.00,0.00,0.00
20650,DL:0.1.0:AT.1.0.0,2022-3-4 17:8:55,43.75,0.00,0.00,18.127,-2.263,-5.620,12.507,15.864,0.00,0.00,0.00,0.00,0.00,0.00,0.00,0.00,0.00,0.00,0.00,0.00,0.00,0.00,0.00,0.00,0.00
20650,DL:0.1.0:AT.1.0.0,2022-3-4 17:9:0,43.75,0.00,0.00,18.113,-2.252,-5.606,12.508,15.862,0.00,0.00,0.00,0.00,0.00,0.00,0.00,0.00,0.00,0.00,0.00,0.00,0.00,0.00,0.00,0.00,0.00
20650,DL:0.1.0:AT.1.0.0,2022-3-4 17:9:5,43.75,0.00,0.00,18.100,-2.239,-5.594,12.507,15.862,0.00,0.00,0.00,0.00,0.00,0.00,0.00,0.00,0.00,0.00,0.00,0.00,0.00,0.00,0.00,0.00,0.00
20650,DL:0.1.0:AT.1.0.0,2022-3-4 17:9:10,43.75,0.00,0.00,18.115,-2.254,-5.607,12.508,15.860,0.00,0.00,0.00,0.00,0.00,0.00,0.00,0.00,0.00,0.00,0.00,0.00,0.00,0.00,0.00,0.00,0.00
20650,DL:0.1.0:AT.1.0.0,2022-3-4 17:9:15,43.75,0.00,0.00,18.137,-2.277,-5.630,12.508,15.860,0.00,0.00,0.00,0.00,0.00,0.00,0.00,0.00,0.00,0.00,0.00,0.00,0.00,0.00,0.00,0.00,0.00
20650,DL:0.1.0:AT.1.0.0,2022-3-4 17:9:20,43.75,0.00,0.00,18.130,-2.271,-5.622,12.508,15.859,0.00,0.00,0.00,0.00,0.00,0.00,0.00,0.00,0.00,0.00,0.00,0.00,0.00,0.00,0.00,0.00,0.00
20650,DL:0.1.0:AT.1.0.0,2022-3-4 17:9:25,43.75,0.00,0.00,18.123,-2.264,-5.615,12.508,15.859,0.00,0.00,0.00,0.00,0.00,0.00,0.00,0.00,0.00,0.00,0.00,0.00,0.00,0.00,0.00,0.00,0.00
20650,DL:0.1.0:AT.1.0.0,2022-3-4 17:9:30,43.75,0.00,0.00,18.148,-2.290,-5.642,12.507,15.858,0.00,0.00,0.00,0.00,0.00,0.00,0.00,0.00,0.00,0.00,0.00,0.00,0.00,0.00,0.00,0.00,0.00
20650,DL:0.1.0:AT.1.0.0,2022-3-4 17:9:35,43.75,0.00,0.00,18.117,-2.259,-5.608,12.509,15.858,0.00,0.00,0.00,0.00,0.00,0.00,0.00,0.00,0.00,0.00,0.00,0.00,0.00,0.00,0.00,0.00,0.00
20650,DL:0.1.0:AT.1.0.0,2022-3-4 17:9:40,43.75,0.00,0.00,18.128,-2.272,-5.621,12.507,15.856,0.00,0.00,0.00,0.00,0.00,0.00,0.00,0.00,0.00,0.00,0.00,0.00,0.00,0.00,0.00,0.00,0.00
20650,DL:0.1.0:AT.1.0.0,2022-3-4 17:9:45,43.75,0.00,0.00,18.140,-2.284,-5.632,12.508,15.856,0.00,0.00,0.00,0.00,0.00,0.00,0.00,0.00,0.00,0.00,0.00,0.00,0.00,0.00,0.00,0.00,0.00
20650,DL:0.1.0:AT.1.0.0,2022-3-4 17:9:50,43.75,0.00,0.00,18.124,-2.270,-5.616,12.508,15.854,0.00,0.00,0.00,0.00,0.00,0.00,0.00,0.00,0.00,0.00,0.00,0.00,0.00,0.00,0.00,0.00,0.00
20650,DL:0.1.0:AT.1.0.0,2022-3-4 17:9:55,43.75,0.00,0.00,18.111,-2.257,-5.603,12.508,15.854,0.00,0.00,0.00,0.00,0.00,0.00,0.00,0.00,0.00,0.00,0.00,0.00,0.00,0.00,0.00,0.00,0.00
20650,DL:0.1.0:AT.1.0.0,2022-3-4 17:10:0,43.75,0.00,0.00,18.094,-2.241,-5.588,12.507,15.853,0.00,0.00,0.00,0.00,0.00,0.00,0.00,0.00,0.00,0.00,0.00,0.00,0.00,0.00,0.00,0.00,0.00
20650,DL:0.1.0:AT.1.0.0,2022-3-4 17:10:5,43.75,0.00,0.00,18.089,-2.237,-5.583,12.507,15.852,0.00,0.00,0.00,0.00,0.00,0.00,0.00,0.00,0.00,0.00,0.00,0.00,0.00,0.00,0.00,0.00,0.00
20650,DL:0.1.0:AT.1.0.0,2022-3-4 17:10:10,43.75,0.00,0.00,18.113,-2.264,-5.607,12.507,15.850,0.00,0.00,0.00,0.00,0.00,0.00,0.00,0.00,0.00,0.00,0.00,0.00,0.00,0.00,0.00,0.00,0.00
20650,DL:0.1.0:AT.1.0.0,2022-3-4 17:10:15,43.75,0.00,0.00,18.115,-2.265,-5.608,12.507,15.850,0.00,0.00,0.00,0.00,0.00,0.00,0.00,0.00,0.00,0.00,0.00,0.00,0.00,0.00,0.00,0.00,0.00
20650,DL:0.1.0:AT.1.0.0,2022-3-4 17:10:20,43.75,0.00,0.00,18.129,-2.281,-5.622,12.507,15.848,0.00,0.00,0.00,0.00,0.00,0.00,0.00,0.00,0.00,0.00,0.00,0.00,0.00,0.00,0.00,0.00,0.00
20650,DL:0.1.0:AT.1.0.0,2022-3-4 17:10:25,43.75,0.00,0.00,18.107,-2.259,-5.601,12.507,15.848,0.00,0.00,0.00,0.00,0.00,0.00,0.00,0.00,0.00,0.00,0.00,0.00,0.00,0.00,0.00,0.00,0.00
20650,DL:0.1.0:AT.1.0.0,2022-3-4 17:10:30,43.75,0.00,0.00,18.089,-2.242,-5.583,12.507,15.847,0.00,0.00,0.00,0.00,0.00,0.00,0.00,0.00,0.00,0.00,0.00,0.00,0.00,0.00,0.00,0.00,0.00
20650,DL:0.1.0:AT.1.0.0,2022-3-4 17:10:35,43.75,0.00,0.00,18.125,-2.277,-5.619,12.507,15.848,0.00,0.00,0.00,0.00,0.00,0.00,0.00,0.00,0.00,0.00,0.00,0.00,0.00,0.00,0.00,0.00,0.00
20650,DL:0.1.0:AT.1.0.0,2022-3-4 17:10:40,43.75,0.00,0.00,18.107,-2.260,-5.601,12.507,15.847,0.00,0.00,0.00,0.00,0.00,0.00,0.00,0.00,0.00,0.00,0.00,0.00,0.00,0.00,0.00,0.00,0.00
20650,DL:0.1.0:AT.1.0.0,2022-3-4 17:10:45,43.75,0.00,0.00,18.107,-2.260,-5.600,12.508,15.847,0.00,0.00,0.00,0.00,0.00,0.00,0.00,0.00,0.00,0.00,0.00,0.00,0.00,0.00,0.00,0.00,0.00
20650,DL:0.1.0:AT.1.0.0,2022-3-4 17:10:51,43.75,0.00,0.00,18.103,-2.255,-5.596,12.507,15.847,0.00,0.00,0.00,0.00,0.00,0.00,0.00,0.00,0.00,0.00,0.00,0.00,0.00,0.00,0.00,0.00,0.00
20650,DL:0.1.0:AT.1.0.0,2022-3-4 17:10:56,43.75,0.00,0.00,18.122,-2.276,-5.615,12.507,15.846,0.00,0.00,0.00,0.00,0.00,0.00,0.00,0.00,0.00,0.00,0.00,0.00,0.00,0.00,0.00,0.00,0.00
20650,DL:0.1.0:AT.1.0.0,2022-3-4 17:11:1,43.75,0.00,0.00,18.115,-2.269,-5.607,12.508,15.846,0.00,0.00,0.00,0.00,0.00,0.00,0.00,0.00,0.00,0.00,0.00,0.00,0.00,0.00,0.00,0.00,0.00
20650,DL:0.1.0:AT.1.0.0,2022-3-4 17:11:6,43.75,0.00,0.00,18.127,-2.280,-5.619,12.508,15.847,0.00,0.00,0.00,0.00,0.00,0.00,0.00,0.00,0.00,0.00,0.00,0.00,0.00,0.00,0.00,0.00,0.00
20650,DL:0.1.0:AT.1.0.0,2022-3-4 17:11:11,43.75,0.00,0.00,18.119,-2.273,-5.613,12.507,15.846,0.00,0.00,0.00,0.00,0.00,0.00,0.00,0.00,0.00,0.00,0.00,0.00,0.00,0.00,0.00,0.00,0.00
20650,DL:0.1.0:AT.1.0.0,2022-3-4 17:11:16,43.75,0.00,0.00,18.101,-2.255,-5.595,12.507,15.846,0.00,0.00,0.00,0.00,0.00,0.00,0.00,0.00,0.00,0.00,0.00,0.00,0.00,0.00,0.00,0.00,0.00
20650,DL:0.1.0:AT.1.0.0,2022-3-4 17:11:21,43.75,0.00,0.00,18.112,-2.266,-5.604,12.508,15.846,0.00,0.00,0.00,0.00,0.00,0.00,0.00,0.00,0.00,0.00,0.00,0.00,0.00,0.00,0.00,0.00,0.00
20650,DL:0.1.0:AT.1.0.0,2022-3-4 17:11:26,43.75,0.00,0.00,18.127,-2.283,-5.620,12.507,15.844,0.00,0.00,0.00,0.00,0.00,0.00,0.00,0.00,0.00,0.00,0.00,0.00,0.00,0.00,0.00,0.00,0.00
20650,DL:0.1.0:AT.1.0.0,2022-3-4 17:11:31,43.75,0.00,0.00,18.111,-2.266,-5.604,12.507,15.845,0.00,0.00,0.00,0.00,0.00,0.00,0.00,0.00,0.00,0.00,0.00,0.00,0.00,0.00,0.00,0.00,0.00
20650,DL:0.1.0:AT.1.0.0,2022-3-4 17:11:36,43.75,0.00,0.00,18.101,-2.258,-5.595,12.507,15.844,0.00,0.00,0.00,0.00,0.00,0.00,0.00,0.00,0.00,0.00,0.00,0.00,0.00,0.00,0.00,0.00,0.00
20650,DL:0.1.0:AT.1.0.0,2022-3-4 17:11:41,43.75,0.00,0.00,18.142,-2.300,-5.636,12.507,15.842,0.00,0.00,0.00,0.00,0.00,0.00,0.00,0.00,0.00,0.00,0.00,0.00,0.00,0.00,0.00,0.00,0.00
20650,DL:0.1.0:AT.1.0.0,2022-3-4 17:11:46,43.75,0.00,0.00,18.124,-2.282,-5.618,12.507,15.842,0.00,0.00,0.00,0.00,0.00,0.00,0.00,0.00,0.00,0.00,0.00,0.00,0.00,0.00,0.00,0.00,0.00
20650,DL:0.1.0:AT.1.0.0,2022-3-4 17:11:51,43.75,0.00,0.00,18.118,-2.276,-5.612,12.507,15.842,0.00,0.00,0.00,0.00,0.00,0.00,0.00,0.00,0.00,0.00,0.00,0.00,0.00,0.00,0.00,0.00,0.00
20650,DL:0.1.0:AT.1.0.0,2022-3-4 17:11:56,43.75,0.00,0.00,18.109,-2.267,-5.602,12.507,15.841,0.00,0.00,0.00,0.00,0.00,0.00,0.00,0.00,0.00,0.00,0.00,0.00,0.00,0.00,0.00,0.00,0.00
20650,DL:0.1.0:AT.1.0.0,2022-3-4 17:12:1,43.75,0.00,0.00,18.119,-2.280,-5.613,12.507,15.840,0.00,0.00,0.00,0.00,0.00,0.00,0.00,0.00,0.00,0.00,0.00,0.00,0.00,0.00,0.00,0.00,0.00
20650,DL:0.1.0:AT.1.0.0,2022-3-4 17:12:6,43.75,0.00,0.00,18.129,-2.289,-5.622,12.507,15.840,0.00,0.00,0.00,0.00,0.00,0.00,0.00,0.00,0.00,0.00,0.00,0.00,0.00,0.00,0.00,0.00,0.00
20650,DL:0.1.0:AT.1.0.0,2022-3-4 17:12:11,43.75,0.00,0.00,18.123,-2.284,-5.616,12.507,15.839,0.00,0.00,0.00,0.00,0.00,0.00,0.00,0.00,0.00,0.00,0.00,0.00,0.00,0.00,0.00,0.00,0.00
20650,DL:0.1.0:AT.1.0.0,2022-3-4 17:12:16,43.75,0.00,0.00,18.133,-2.294,-5.626,12.507,15.839,0.00,0.00,0.00,0.00,0.00,0.00,0.00,0.00,0.00,0.00,0.00,0.00,0.00,0.00,0.00,0.00,0.00
20650,DL:0.1.0:AT.1.0.0,2022-3-4 17:12:22,43.75,0.00,0.00,18.141,-2.302,-5.633,12.508,15.839,0.00,0.00,0.00,0.00,0.00,0.00,0.00,0.00,0.00,0.00,0.00,0.00,0.00,0.00,0.00,0.00,0.00
20650,DL:0.1.0:AT.1.0.0,2022-3-4 17:12:27,43.75,0.00,0.00,18.123,-2.286,-5.615,12.508,15.838,0.00,0.00,0.00,0.00,0.00,0.00,0.00,0.00,0.00,0.00,0.00,0.00,0.00,0.00,0.00,0.00,0.00
20650,DL:0.1.0:AT.1.0.0,2022-3-4 17:12:32,43.75,0.00,0.00,18.116,-2.281,-5.608,12.508,15.835,0.00,0.00,0.00,0.00,0.00,0.00,0.00,0.00,0.00,0.00,0.00,0.00,0.00,0.00,0.00,0.00,0.00
20650,DL:0.1.0:AT.1.0.0,2022-3-4 17:12:37,43.75,0.00,0.00,18.125,-2.290,-5.619,12.507,15.835,0.00,0.00,0.00,0.00,0.00,0.00,0.00,0.00,0.00,0.00,0.00,0.00,0.00,0.00,0.00,0.00,0.00
20650,DL:0.1.0:AT.1.0.0,2022-3-4 17:12:42,43.75,0.00,0.00,18.131,-2.298,-5.625,12.507,15.834,0.00,0.00,0.00,0.00,0.00,0.00,0.00,0.00,0.00,0.00,0.00,0.00,0.00,0.00,0.00,0.00,0.00
20650,DL:0.1.0:AT.1.0.0,2022-3-4 17:12:47,43.75,0.00,0.00,18.130,-2.296,-5.624,12.507,15.834,0.00,0.00,0.00,0.00,0.00,0.00,0.00,0.00,0.00,0.00,0.00,0.00,0.00,0.00,0.00,0.00,0.00
20650,DL:0.1.0:AT.1.0.0,2022-3-4 17:12:52,43.75,0.00,0.00,18.136,-2.302,-5.630,12.507,15.834,0.00,0.00,0.00,0.00,0.00,0.00,0.00,0.00,0.00,0.00,0.00,0.00,0.00,0.00,0.00,0.00,0.00
20650,DL:0.1.0:AT.1.0.0,2022-3-4 17:12:57,43.75,0.00,0.00,18.136,-2.304,-5.630,12.507,15.833,0.00,0.00,0.00,0.00,0.00,0.00,0.00,0.00,0.00,0.00,0.00,0.00,0.00,0.00,0.00,0.00,0.00
20650,DL:0.1.0:AT.1.0.0,2022-3-4 17:13:2,43.75,0.00,0.00,18.174,-2.341,-5.667,12.507,15.833,0.00,0.00,0.00,0.00,0.00,0.00,0.00,0.00,0.00,0.00,0.00,0.00,0.00,0.00,0.00,0.00,0.00
20650,DL:0.1.0:AT.1.0.0,2022-3-4 17:13:7,43.75,0.00,0.00,18.147,-2.316,-5.640,12.507,15.832,0.00,0.00,0.00,0.00,0.00,0.00,0.00,0.00,0.00,0.00,0.00,0.00,0.00,0.00,0.00,0.00,0.00
20650,DL:0.1.0:AT.1.0.0,2022-3-4 17:13:12,43.75,0.00,0.00,18.125,-2.294,-5.619,12.507,15.832,0.00,0.00,0.00,0.00,0.00,0.00,0.00,0.00,0.00,0.00,0.00,0.00,0.00,0.00,0.00,0.00,0.00
20650,DL:0.1.0:AT.1.0.0,2022-3-4 17:13:17,43.75,0.00,0.00,18.123,-2.293,-5.616,12.507,15.830,0.00,0.00,0.00,0.00,0.00,0.00,0.00,0.00,0.00,0.00,0.00,0.00,0.00,0.00,0.00,0.00,0.00
20650,DL:0.1.0:AT.1.0.0,2022-3-4 17:13:22,43.75,0.00,0.00,18.125,-2.296,-5.618,12.508,15.829,0.00,0.00,0.00,0.00,0.00,0.00,0.00,0.00,0.00,0.00,0.00,0.00,0.00,0.00,0.00,0.00,0.00
20650,DL:0.1.0:AT.1.0.0,2022-3-4 17:13:27,43.75,0.00,0.00,18.123,-2.294,-5.616,12.507,15.829,0.00,0.00,0.00,0.00,0.00,0.00,0.00,0.00,0.00,0.00,0.00,0.00,0.00,0.00,0.00,0.00,0.00
20650,DL:0.1.0:AT.1.0.0,2022-3-4 17:13:32,43.75,0.00,0.00,18.123,-2.294,-5.616,12.507,15.829,0.00,0.00,0.00,0.00,0.00,0.00,0.00,0.00,0.00,0.00,0.00,0.00,0.00,0.00,0.00,0.00,0.00
20650,DL:0.1.0:AT.1.0.0,2022-3-4 17:13:37,43.75,0.00,0.00,18.124,-2.295,-5.616,12.508,15.829,0.00,0.00,0.00,0.00,0.00,0.00,0.00,0.00,0.00,0.00,0.00,0.00,0.00,0.00,0.00,0.00,0.00
20650,DL:0.1.0:AT.1.0.0,2022-3-4 17:13:42,43.75,0.00,0.00,18.125,-2.298,-5.619,12.507,15.828,0.00,0.00,0.00,0.00,0.00,0.00,0.00,0.00,0.00,0.00,0.00,0.00,0.00,0.00,0.00,0.00,0.00
20650,DL:0.1.0:AT.1.0.0,2022-3-4 17:13:47,43.75,0.00,0.00,18.134,-2.306,-5.626,12.508,15.828,0.00,0.00,0.00,0.00,0.00,0.00,0.00,0.00,0.00,0.00,0.00,0.00,0.00,0.00,0.00,0.00,0.00
20650,DL:0.1.0:AT.1.0.0,2022-3-4 17:13:52,43.75,0.00,0.00,18.149,-2.323,-5.643,12.507,15.827,0.00,0.00,0.00,0.00,0.00,0.00,0.00,0.00,0.00,0.00,0.00,0.00,0.00,0.00,0.00,0.00,0.00
20650,DL:0.1.0:AT.1.0.0,2022-3-4 17:13:57,43.75,0.00,0.00,18.140,-2.310,-5.632,12.508,15.830,0.00,0.00,0.00,0.00,0.00,0.00,0.00,0.00,0.00,0.00,0.00,0.00,0.00,0.00,0.00,0.00,0.00
20650,DL:0.1.0:AT.1.0.0,2022-3-4 17:14:2,43.75,0.00,0.00,18.140,-2.310,-5.632,12.508,15.830,0.00,0.00,0.00,0.00,0.00,0.00,0.00,0.00,0.00,0.00,0.00,0.00,0.00,0.00,0.00,0.00,0.00
20650,DL:0.1.0:AT.1.0.0,2022-3-4 17:14:7,43.75,0.00,0.00,18.111,-2.282,-5.602,12.509,15.829,0.00,0.00,0.00,0.00,0.00,0.00,0.00,0.00,0.00,0.00,0.00,0.00,0.00,0.00,0.00,0.00,0.00
20650,DL:0.1.0:AT.1.0.0,2022-3-4 17:14:12,43.75,0.00,0.00,18.106,-2.277,-5.598,12.508,15.829,0.00,0.00,0.00,0.00,0.00,0.00,0.00,0.00,0.00,0.00,0.00,0.00,0.00,0.00,0.00,0.00,0.00
20650,DL:0.1.0:AT.1.0.0,2022-3-4 17:14:17,43.75,0.00,0.00,18.121,-2.292,-5.613,12.508,15.829,0.00,0.00,0.00,0.00,0.00,0.00,0.00,0.00,0.00,0.00,0.00,0.00,0.00,0.00,0.00,0.00,0.00
20650,DL:0.1.0:AT.1.0.0,2022-3-4 17:14:22,43.75,0.00,0.00,18.117,-2.288,-5.609,12.508,15.829,0.00,0.00,0.00,0.00,0.00,0.00,0.00,0.00,0.00,0.00,0.00,0.00,0.00,0.00,0.00,0.00,0.00
20650,DL:0.1.0:AT.1.0.0,2022-3-4 17:14:27,43.75,0.00,0.00,18.109,-2.280,-5.601,12.508,15.829,0.00,0.00,0.00,0.00,0.00,0.00,0.00,0.00,0.00,0.00,0.00,0.00,0.00,0.00,0.00,0.00,0.00
20650,DL:0.1.0:AT.1.0.0,2022-3-4 17:14:32,43.75,0.00,0.00,18.124,-2.294,-5.615,12.509,15.830,0.00,0.00,0.00,0.00,0.00,0.00,0.00,0.00,0.00,0.00,0.00,0.00,0.00,0.00,0.00,0.00,0.00
20650,DL:0.1.0:AT.1.0.0,2022-3-4 17:14:37,43.75,0.00,0.00,18.116,-2.286,-5.606,12.510,15.830,0.00,0.00,0.00,0.00,0.00,0.00,0.00,0.00,0.00,0.00,0.00,0.00,0.00,0.00,0.00,0.00,0.00
20650,DL:0.1.0:AT.1.0.0,2022-3-4 17:14:42,43.75,0.00,0.00,18.106,-2.276,-5.597,12.509,15.830,0.00,0.00,0.00,0.00,0.00,0.00,0.00,0.00,0.00,0.00,0.00,0.00,0.00,0.00,0.00,0.00,0.00
20650,DL:0.1.0:AT.1.0.0,2022-3-4 17:14:47,43.75,0.00,0.00,18.109,-2.278,-5.598,12.510,15.830,0.00,0.00,0.00,0.00,0.00,0.00,0.00,0.00,0.00,0.00,0.00,0.00,0.00,0.00,0.00,0.00,0.00
20650,DL:0.1.0:AT.1.0.0,2022-3-4 17:14:52,43.75,0.00,0.00,18.125,-2.295,-5.616,12.509,15.830,0.00,0.00,0.00,0.00,0.00,0.00,0.00,0.00,0.00,0.00,0.00,0.00,0.00,0.00,0.00,0.00,0.00
20650,DL:0.1.0:AT.1.0.0,2022-3-4 17:14:57,43.75,0.00,0.00,18.118,-2.289,-5.609,12.509,15.829,0.00,0.00,0.00,0.00,0.00,0.00,0.00,0.00,0.00,0.00,0.00,0.00,0.00,0.00,0.00,0.00,0.00
20650,DL:0.1.0:AT.1.0.0,2022-3-4 17:15:2,43.75,0.00,0.00,18.130,-2.301,-5.620,12.510,15.829,0.00,0.00,0.00,0.00,0.00,0.00,0.00,0.00,0.00,0.00,0.00,0.00,0.00,0.00,0.00,0.00,0.00
20650,DL:0.1.0:AT.1.0.0,2022-3-4 17:15:7,43.75,0.00,0.00,18.133,-2.305,-5.622,12.510,15.828,0.00,0.00,0.00,0.00,0.00,0.00,0.00,0.00,0.00,0.00,0.00,0.00,0.00,0.00,0.00,0.00,0.00
20650,DL:0.1.0:AT.1.0.0,2022-3-4 17:15:12,43.75,0.00,0.00,18.131,-2.305,-5.622,12.509,15.827,0.00,0.00,0.00,0.00,0.00,0.00,0.00,0.00,0.00,0.00,0.00,0.00,0.00,0.00,0.00,0.00,0.00
20650,DL:0.1.0:AT.1.0.0,2022-3-4 17:15:17,43.75,0.00,0.00,18.125,-2.299,-5.616,12.509,15.827,0.00,0.00,0.00,0.00,0.00,0.00,0.00,0.00,0.00,0.00,0.00,0.00,0.00,0.00,0.00,0.00,0.00
20650,DL:0.1.0:AT.1.0.0,2022-3-4 17:15:22,43.75,0.00,0.00,18.104,-2.277,-5.594,12.510,15.827,0.00,0.00,0.00,0.00,0.00,0.00,0.00,0.00,0.00,0.00,0.00,0.00,0.00,0.00,0.00,0.00,0.00
20650,DL:0.1.0:AT.1.0.0,2022-3-4 17:15:27,43.75,0.00,0.00,18.127,-2.301,-5.616,12.510,15.826,0.00,0.00,0.00,0.00,0.00,0.00,0.00,0.00,0.00,0.00,0.00,0.00,0.00,0.00,0.00,0.00,0.00
20650,DL:0.1.0:AT.1.0.0,2022-3-4 17:15:32,43.75,0.00,0.00,18.127,-2.301,-5.615,12.511,15.826,0.00,0.00,0.00,0.00,0.00,0.00,0.00,0.00,0.00,0.00,0.00,0.00,0.00,0.00,0.00,0.00,0.00
20650,DL:0.1.0:AT.1.0.0,2022-3-4 17:15:37,43.75,0.00,0.00,18.098,-2.273,-5.586,12.511,15.824,0.00,0.00,0.00,0.00,0.00,0.00,0.00,0.00,0.00,0.00,0.00,0.00,0.00,0.00,0.00,0.00,0.00
20650,DL:0.1.0:AT.1.0.0,2022-3-4 17:15:42,43.75,0.00,0.00,18.122,-2.298,-5.610,12.511,15.824,0.00,0.00,0.00,0.00,0.00,0.00,0.00,0.00,0.00,0.00,0.00,0.00,0.00,0.00,0.00,0.00,0.00
20650,DL:0.1.0:AT.1.0.0,2022-3-4 17:15:47,43.75,0.00,0.00,18.128,-2.304,-5.615,12.513,15.824,0.00,0.00,0.00,0.00,0.00,0.00,0.00,0.00,0.00,0.00,0.00,0.00,0.00,0.00,0.00,0.00,0.00
20650,DL:0.1.0:AT.1.0.0,2022-3-4 17:15:52,43.75,0.00,0.00,18.123,-2.299,-5.612,12.511,15.824,0.00,0.00,0.00,0.00,0.00,0.00,0.00,0.00,0.00,0.00,0.00,0.00,0.00,0.00,0.00,0.00,0.00
20650,DL:0.1.0:AT.1.0.0,2022-3-4 17:15:57,43.75,0.00,0.00,18.104,-2.282,-5.592,12.511,15.822,0.00,0.00,0.00,0.00,0.00,0.00,0.00,0.00,0.00,0.00,0.00,0.00,0.00,0.00,0.00,0.00,0.00
20650,DL:0.1.0:AT.1.0.0,2022-3-4 17:16:2,43.75,0.00,0.00,18.154,-2.332,-5.643,12.511,15.822,0.00,0.00,0.00,0.00,0.00,0.00,0.00,0.00,0.00,0.00,0.00,0.00,0.00,0.00,0.00,0.00,0.00
20650,DL:0.1.0:AT.1.0.0,2022-3-4 17:16:7,43.75,0.00,0.00,18.131,-2.310,-5.619,12.513,15.822,0.00,0.00,0.00,0.00,0.00,0.00,0.00,0.00,0.00,0.00,0.00,0.00,0.00,0.00,0.00,0.00,0.00
20650,DL:0.1.0:AT.1.0.0,2022-3-4 17:16:12,43.75,0.00,0.00,18.123,-2.302,-5.609,12.514,15.821,0.00,0.00,0.00,0.00,0.00,0.00,0.00,0.00,0.00,0.00,0.00,0.00,0.00,0.00,0.00,0.00,0.00
20650,DL:0.1.0:AT.1.0.0,2022-3-4 17:16:17,43.75,0.00,0.00,18.112,-2.292,-5.600,12.513,15.821,0.00,0.00,0.00,0.00,0.00,0.00,0.00,0.00,0.00,0.00,0.00,0.00,0.00,0.00,0.00,0.00,0.00
20650,DL:0.1.0:AT.1.0.0,2022-3-4 17:16:22,43.75,0.00,0.00,18.119,-2.300,-5.608,12.511,15.820,0.00,0.00,0.00,0.00,0.00,0.00,0.00,0.00,0.00,0.00,0.00,0.00,0.00,0.00,0.00,0.00,0.00
20650,DL:0.1.0:AT.1.0.0,2022-3-4 17:16:27,43.75,0.00,0.00,18.124,-2.305,-5.612,12.513,15.820,0.00,0.00,0.00,0.00,0.00,0.00,0.00,0.00,0.00,0.00,0.00,0.00,0.00,0.00,0.00,0.00,0.00
20650,DL:0.1.0:AT.1.0.0,2022-3-4 17:16:33,43.75,0.00,0.00,18.131,-2.312,-5.619,12.513,15.820,0.00,0.00,0.00,0.00,0.00,0.00,0.00,0.00,0.00,0.00,0.00,0.00,0.00,0.00,0.00,0.00,0.00
20650,DL:0.1.0:AT.1.0.0,2022-3-4 17:16:38,43.75,0.00,0.00,18.104,-2.286,-5.591,12.513,15.818,0.00,0.00,0.00,0.00,0.00,0.00,0.00,0.00,0.00,0.00,0.00,0.00,0.00,0.00,0.00,0.00,0.00
20650,DL:0.1.0:AT.1.0.0,2022-3-4 17:16:43,43.75,0.00,0.00,18.112,-2.294,-5.598,12.514,15.818,0.00,0.00,0.00,0.00,0.00,0.00,0.00,0.00,0.00,0.00,0.00,0.00,0.00,0.00,0.00,0.00,0.00
20650,DL:0.1.0:AT.1.0.0,2022-3-4 17:16:48,43.75,0.00,0.00,18.130,-2.313,-5.618,12.513,15.817,0.00,0.00,0.00,0.00,0.00,0.00,0.00,0.00,0.00,0.00,0.00,0.00,0.00,0.00,0.00,0.00,0.00
20650,DL:0.1.0:AT.1.0.0,2022-3-4 17:16:53,43.75,0.00,0.00,18.092,-2.276,-5.579,12.513,15.816,0.00,0.00,0.00,0.00,0.00,0.00,0.00,0.00,0.00,0.00,0.00,0.00,0.00,0.00,0.00,0.00,0.00
20650,DL:0.1.0:AT.1.0.0,2022-3-4 17:16:58,43.75,0.00,0.00,18.103,-2.288,-5.590,12.513,15.815,0.00,0.00,0.00,0.00,0.00,0.00,0.00,0.00,0.00,0.00,0.00,0.00,0.00,0.00,0.00,0.00,0.00
20650,DL:0.1.0:AT.1.0.0,2022-3-4 17:17:3,43.75,0.00,0.00,18.127,-2.312,-5.614,12.513,15.815,0.00,0.00,0.00,0.00,0.00,0.00,0.00,0.00,0.00,0.00,0.00,0.00,0.00,0.00,0.00,0.00,0.00
20650,DL:0.1.0:AT.1.0.0,2022-3-4 17:17:8,43.75,0.00,0.00,18.128,-2.313,-5.615,12.513,15.815,0.00,0.00,0.00,0.00,0.00,0.00,0.00,0.00,0.00,0.00,0.00,0.00,0.00,0.00,0.00,0.00,0.00
20650,DL:0.1.0:AT.1.0.0,2022-3-4 17:17:13,43.75,0.00,0.00,18.130,-2.316,-5.618,12.513,15.815,0.00,0.00,0.00,0.00,0.00,0.00,0.00,0.00,0.00,0.00,0.00,0.00,0.00,0.00,0.00,0.00,0.00
20650,DL:0.1.0:AT.1.0.0,2022-3-4 17:17:18,43.75,0.00,0.00,18.122,-2.308,-5.609,12.513,15.814,0.00,0.00,0.00,0.00,0.00,0.00,0.00,0.00,0.00,0.00,0.00,0.00,0.00,0.00,0.00,0.00,0.00
20650,DL:0.1.0:AT.1.0.0,2022-3-4 17:17:23,43.75,0.00,0.00,18.127,-2.313,-5.614,12.513,15.814,0.00,0.00,0.00,0.00,0.00,0.00,0.00,0.00,0.00,0.00,0.00,0.00,0.00,0.00,0.00,0.00,0.00
20650,DL:0.1.0:AT.1.0.0,2022-3-4 17:17:28,43.75,0.00,0.00,18.098,-2.286,-5.585,12.513,15.812,0.00,0.00,0.00,0.00,0.00,0.00,0.00,0.00,0.00,0.00,0.00,0.00,0.00,0.00,0.00,0.00,0.00
20650,DL:0.1.0:AT.1.0.0,2022-3-4 17:17:33,43.75,0.00,0.00,18.127,-2.316,-5.614,12.513,15.811,0.00,0.00,0.00,0.00,0.00,0.00,0.00,0.00,0.00,0.00,0.00,0.00,0.00,0.00,0.00,0.00,0.00
20650,DL:0.1.0:AT.1.0.0,2022-3-4 17:17:38,43.75,0.00,0.00,18.142,-2.332,-5.630,12.513,15.810,0.00,0.00,0.00,0.00,0.00,0.00,0.00,0.00,0.00,0.00,0.00,0.00,0.00,0.00,0.00,0.00,0.00
20650,DL:0.1.0:AT.1.0.0,2022-3-4 17:17:43,43.75,0.00,0.00,18.098,-2.288,-5.586,12.511,15.810,0.00,0.00,0.00,0.00,0.00,0.00,0.00,0.00,0.00,0.00,0.00,0.00,0.00,0.00,0.00,0.00,0.00
20650,DL:0.1.0:AT.1.0.0,2022-3-4 17:17:48,43.75,0.00,0.00,18.115,-2.306,-5.602,12.513,15.809,0.00,0.00,0.00,0.00,0.00,0.00,0.00,0.00,0.00,0.00,0.00,0.00,0.00,0.00,0.00,0.00,0.00
20650,DL:0.1.0:AT.1.0.0,2022-3-4 17:17:53,43.75,0.00,0.00,18.099,-2.292,-5.586,12.513,15.807,0.00,0.00,0.00,0.00,0.00,0.00,0.00,0.00,0.00,0.00,0.00,0.00,0.00,0.00,0.00,0.00,0.00
20650,DL:0.1.0:AT.1.0.0,2022-3-4 17:17:58,43.75,0.00,0.00,18.134,-2.326,-5.621,12.513,15.807,0.00,0.00,0.00,0.00,0.00,0.00,0.00,0.00,0.00,0.00,0.00,0.00,0.00,0.00,0.00,0.00,0.00
20650,DL:0.1.0:AT.1.0.0,2022-3-4 17:18:3,43.75,0.00,0.00,18.151,-2.344,-5.637,12.514,15.806,0.00,0.00,0.00,0.00,0.00,0.00,0.00,0.00,0.00,0.00,0.00,0.00,0.00,0.00,0.00,0.00,0.00
20650,DL:0.1.0:AT.1.0.0,2022-3-4 17:18:8,43.75,0.00,0.00,18.116,-2.311,-5.602,12.514,15.805,0.00,0.00,0.00,0.00,0.00,0.00,0.00,0.00,0.00,0.00,0.00,0.00,0.00,0.00,0.00,0.00,0.00
20650,DL:0.1.0:AT.1.0.0,2022-3-4 17:18:13,43.75,0.00,0.00,18.119,-2.314,-5.606,12.514,15.805,0.00,0.00,0.00,0.00,0.00,0.00,0.00,0.00,0.00,0.00,0.00,0.00,0.00,0.00,0.00,0.00,0.00
20650,DL:0.1.0:AT.1.0.0,2022-3-4 17:18:18,43.75,0.00,0.00,18.140,-2.336,-5.627,12.513,15.804,0.00,0.00,0.00,0.00,0.00,0.00,0.00,0.00,0.00,0.00,0.00,0.00,0.00,0.00,0.00,0.00,0.00
20650,DL:0.1.0:AT.1.0.0,2022-3-4 17:18:23,43.75,0.00,0.00,18.145,-2.337,-5.631,12.514,15.807,0.00,0.00,0.00,0.00,0.00,0.00,0.00,0.00,0.00,0.00,0.00,0.00,0.00,0.00,0.00,0.00,0.00
20650,DL:0.1.0:AT.1.0.0,2022-3-4 17:18:28,43.75,0.00,0.00,18.134,-2.328,-5.620,12.514,15.806,0.00,0.00,0.00,0.00,0.00,0.00,0.00,0.00,0.00,0.00,0.00,0.00,0.00,0.00,0.00,0.00,0.00
20650,DL:0.1.0:AT.1.0.0,2022-3-4 17:18:33,43.75,0.00,0.00,18.100,-2.295,-5.588,12.513,15.805,0.00,0.00,0.00,0.00,0.00,0.00,0.00,0.00,0.00,0.00,0.00,0.00,0.00,0.00,0.00,0.00,0.00
20650,DL:0.1.0:AT.1.0.0,2022-3-4 17:18:38,43.75,0.00,0.00,18.118,-2.314,-5.606,12.513,15.804,0.00,0.00,0.00,0.00,0.00,0.00,0.00,0.00,0.00,0.00,0.00,0.00,0.00,0.00,0.00,0.00,0.00
20650,DL:0.1.0:AT.1.0.0,2022-3-4 17:18:43,43.75,0.00,0.00,18.105,-2.301,-5.592,12.513,15.804,0.00,0.00,0.00,0.00,0.00,0.00,0.00,0.00,0.00,0.00,0.00,0.00,0.00,0.00,0.00,0.00,0.00
20650,DL:0.1.0:AT.1.0.0,2022-3-4 17:18:48,43.75,0.00,0.00,18.107,-2.305,-5.595,12.513,15.803,0.00,0.00,0.00,0.00,0.00,0.00,0.00,0.00,0.00,0.00,0.00,0.00,0.00,0.00,0.00,0.00,0.00
20650,DL:0.1.0:AT.1.0.0,2022-3-4 17:18:53,43.75,0.00,0.00,18.129,-2.325,-5.616,12.513,15.804,0.00,0.00,0.00,0.00,0.00,0.00,0.00,0.00,0.00,0.00,0.00,0.00,0.00,0.00,0.00,0.00,0.00
20650,DL:0.1.0:AT.1.0.0,2022-3-4 17:18:58,43.75,0.00,0.00,18.141,-2.338,-5.628,12.513,15.803,0.00,0.00,0.00,0.00,0.00,0.00,0.00,0.00,0.00,0.00,0.00,0.00,0.00,0.00,0.00,0.00,0.00
20650,DL:0.1.0:AT.1.0.0,2022-3-4 17:19:3,43.75,0.00,0.00,18.140,-2.337,-5.626,12.514,15.803,0.00,0.00,0.00,0.00,0.00,0.00,0.00,0.00,0.00,0.00,0.00,0.00,0.00,0.00,0.00,0.00,0.00
20650,DL:0.1.0:AT.1.0.0,2022-3-4 17:19:8,43.75,0.00,0.00,18.133,-2.331,-5.620,12.513,15.801,0.00,0.00,0.00,0.00,0.00,0.00,0.00,0.00,0.00,0.00,0.00,0.00,0.00,0.00,0.00,0.00,0.00
20650,DL:0.1.0:AT.1.0.0,2022-3-4 17:19:13,43.75,0.00,0.00,18.158,-2.358,-5.644,12.514,15.800,0.00,0.00,0.00,0.00,0.00,0.00,0.00,0.00,0.00,0.00,0.00,0.00,0.00,0.00,0.00,0.00,0.00
20650,DL:0.1.0:AT.1.0.0,2022-3-4 17:19:18,43.75,0.00,0.00,18.122,-2.322,-5.609,12.513,15.800,0.00,0.00,0.00,0.00,0.00,0.00,0.00,0.00,0.00,0.00,0.00,0.00,0.00,0.00,0.00,0.00,0.00
20650,DL:0.1.0:AT.1.0.0,2022-3-4 17:19:23,43.75,0.00,0.00,18.139,-2.340,-5.626,12.513,15.799,0.00,0.00,0.00,0.00,0.00,0.00,0.00,0.00,0.00,0.00,0.00,0.00,0.00,0.00,0.00,0.00,0.00
20650,DL:0.1.0:AT.1.0.0,2022-3-4 17:19:28,43.75,0.00,0.00,18.135,-2.336,-5.622,12.513,15.799,0.00,0.00,0.00,0.00,0.00,0.00,0.00,0.00,0.00,0.00,0.00,0.00,0.00,0.00,0.00,0.00,0.00
20650,DL:0.1.0:AT.1.0.0,2022-3-4 17:19:33,43.75,0.00,0.00,18.171,-2.371,-5.657,12.514,15.800,0.00,0.00,0.00,0.00,0.00,0.00,0.00,0.00,0.00,0.00,0.00,0.00,0.00,0.00,0.00,0.00,0.00
20650,DL:0.1.0:AT.1.0.0,2022-3-4 17:19:38,43.75,0.00,0.00,18.169,-2.370,-5.655,12.514,15.799,0.00,0.00,0.00,0.00,0.00,0.00,0.00,0.00,0.00,0.00,0.00,0.00,0.00,0.00,0.00,0.00,0.00
20650,DL:0.1.0:AT.1.0.0,2022-3-4 17:19:43,43.75,0.00,0.00,18.139,-2.341,-5.625,12.514,15.798,0.00,0.00,0.00,0.00,0.00,0.00,0.00,0.00,0.00,0.00,0.00,0.00,0.00,0.00,0.00,0.00,0.00
20650,DL:0.1.0:AT.1.0.0,2022-3-4 17:19:48,43.75,0.00,0.00,18.139,-2.342,-5.625,12.514,15.797,0.00,0.00,0.00,0.00,0.00,0.00,0.00,0.00,0.00,0.00,0.00,0.00,0.00,0.00,0.00,0.00,0.00
20650,DL:0.1.0:AT.1.0.0,2022-3-4 17:19:53,43.75,0.00,0.00,18.119,-2.325,-5.606,12.514,15.794,0.00,0.00,0.00,0.00,0.00,0.00,0.00,0.00,0.00,0.00,0.00,0.00,0.00,0.00,0.00,0.00,0.00
20650,DL:0.1.0:AT.1.0.0,2022-3-4 17:19:58,43.75,0.00,0.00,18.157,-2.362,-5.644,12.513,15.794,0.00,0.00,0.00,0.00,0.00,0.00,0.00,0.00,0.00,0.00,0.00,0.00,0.00,0.00,0.00,0.00,0.00
20650,DL:0.1.0:AT.1.0.0,2022-3-4 17:20:3,43.75,0.00,0.00,18.149,-2.355,-5.636,12.514,15.794,0.00,0.00,0.00,0.00,0.00,0.00,0.00,0.00,0.00,0.00,0.00,0.00,0.00,0.00,0.00,0.00,0.00
20650,DL:0.1.0:AT.1.0.0,2022-3-4 17:20:8,43.75,0.00,0.00,18.112,-2.320,-5.600,12.513,15.792,0.00,0.00,0.00,0.00,0.00,0.00,0.00,0.00,0.00,0.00,0.00,0.00,0.00,0.00,0.00,0.00,0.00
20650,DL:0.1.0:AT.1.0.0,2022-3-4 17:20:13,43.75,0.00,0.00,18.157,-2.365,-5.643,12.514,15.792,0.00,0.00,0.00,0.00,0.00,0.00,0.00,0.00,0.00,0.00,0.00,0.00,0.00,0.00,0.00,0.00,0.00
20650,DL:0.1.0:AT.1.0.0,2022-3-4 17:20:18,43.75,0.00,0.00,18.175,-2.384,-5.662,12.513,15.791,0.00,0.00,0.00,0.00,0.00,0.00,0.00,0.00,0.00,0.00,0.00,0.00,0.00,0.00,0.00,0.00,0.00
20650,DL:0.1.0:AT.1.0.0,2022-3-4 17:20:23,43.75,0.00,0.00,18.152,-2.362,-5.639,12.513,15.789,0.00,0.00,0.00,0.00,0.00,0.00,0.00,0.00,0.00,0.00,0.00,0.00,0.00,0.00,0.00,0.00,0.00
20650,DL:0.1.0:AT.1.0.0,2022-3-4 17:20:28,43.75,0.00,0.00,18.122,-2.332,-5.609,12.513,15.789,0.00,0.00,0.00,0.00,0.00,0.00,0.00,0.00,0.00,0.00,0.00,0.00,0.00,0.00,0.00,0.00,0.00
20650,DL:0.1.0:AT.1.0.0,2022-3-4 17:20:33,43.75,0.00,0.00,18.145,-2.356,-5.632,12.513,15.788,0.00,0.00,0.00,0.00,0.00,0.00,0.00,0.00,0.00,0.00,0.00,0.00,0.00,0.00,0.00,0.00,0.00
20650,DL:0.1.0:AT.1.0.0,2022-3-4 17:20:38,43.75,0.00,0.00,18.166,-2.378,-5.654,12.513,15.788,0.00,0.00,0.00,0.00,0.00,0.00,0.00,0.00,0.00,0.00,0.00,0.00,0.00,0.00,0.00,0.00,0.00
20650,DL:0.1.0:AT.1.0.0,2022-3-4 17:20:43,43.75,0.00,0.00,18.142,-2.355,-5.630,12.513,15.787,0.00,0.00,0.00,0.00,0.00,0.00,0.00,0.00,0.00,0.00,0.00,0.00,0.00,0.00,0.00,0.00,0.00
20650,DL:0.1.0:AT.1.0.0,2022-3-4 17:20:48,43.75,0.00,0.00,18.193,-2.407,-5.680,12.513,15.786,0.00,0.00,0.00,0.00,0.00,0.00,0.00,0.00,0.00,0.00,0.00,0.00,0.00,0.00,0.00,0.00,0.00
20650,DL:0.1.0:AT.1.0.0,2022-3-4 17:20:53,43.75,0.00,0.00,18.161,-2.378,-5.649,12.513,15.783,0.00,0.00,0.00,0.00,0.00,0.00,0.00,0.00,0.00,0.00,0.00,0.00,0.00,0.00,0.00,0.00,0.00
20650,DL:0.1.0:AT.1.0.0,2022-3-4 17:20:58,43.75,0.00,0.00,18.159,-2.376,-5.646,12.513,15.783,0.00,0.00,0.00,0.00,0.00,0.00,0.00,0.00,0.00,0.00,0.00,0.00,0.00,0.00,0.00,0.00,0.00
20650,DL:0.1.0:AT.1.0.0,2022-3-4 17:21:3,43.75,0.00,0.00,18.154,-2.372,-5.643,12.511,15.782,0.00,0.00,0.00,0.00,0.00,0.00,0.00,0.00,0.00,0.00,0.00,0.00,0.00,0.00,0.00,0.00,0.00
20650,DL:0.1.0:AT.1.0.0,2022-3-4 17:21:8,43.75,0.00,0.00,18.159,-2.377,-5.648,12.511,15.782,0.00,0.00,0.00,0.00,0.00,0.00,0.00,0.00,0.00,0.00,0.00,0.00,0.00,0.00,0.00,0.00,0.00
20650,DL:0.1.0:AT.1.0.0,2022-3-4 17:21:13,43.75,0.00,0.00,18.127,-2.347,-5.616,12.510,15.780,0.00,0.00,0.00,0.00,0.00,0.00,0.00,0.00,0.00,0.00,0.00,0.00,0.00,0.00,0.00,0.00,0.00
20650,DL:0.1.0:AT.1.0.0,2022-3-4 17:21:18,43.75,0.00,0.00,18.159,-2.380,-5.649,12.510,15.779,0.00,0.00,0.00,0.00,0.00,0.00,0.00,0.00,0.00,0.00,0.00,0.00,0.00,0.00,0.00,0.00,0.00
20650,DL:0.1.0:AT.1.0.0,2022-3-4 17:21:23,43.75,0.00,0.00,18.163,-2.384,-5.652,12.510,15.779,0.00,0.00,0.00,0.00,0.00,0.00,0.00,0.00,0.00,0.00,0.00,0.00,0.00,0.00,0.00,0.00,0.00
20650,DL:0.1.0:AT.1.0.0,2022-3-4 17:21:28,43.75,0.00,0.00,18.130,-2.353,-5.620,12.510,15.777,0.00,0.00,0.00,0.00,0.00,0.00,0.00,0.00,0.00,0.00,0.00,0.00,0.00,0.00,0.00,0.00,0.00
20650,DL:0.1.0:AT.1.0.0,2022-3-4 17:21:33,43.75,0.00,0.00,18.149,-2.373,-5.639,12.510,15.776,0.00,0.00,0.00,0.00,0.00,0.00,0.00,0.00,0.00,0.00,0.00,0.00,0.00,0.00,0.00,0.00,0.00
20650,DL:0.1.0:AT.1.0.0,2022-3-4 17:21:38,43.75,0.00,0.00,18.181,-2.406,-5.672,12.509,15.775,0.00,0.00,0.00,0.00,0.00,0.00,0.00,0.00,0.00,0.00,0.00,0.00,0.00,0.00,0.00,0.00,0.00
20650,DL:0.1.0:AT.1.0.0,2022-3-4 17:21:43,43.75,0.00,0.00,18.113,-2.340,-5.606,12.508,15.774,0.00,0.00,0.00,0.00,0.00,0.00,0.00,0.00,0.00,0.00,0.00,0.00,0.00,0.00,0.00,0.00,0.00
20650,DL:0.1.0:AT.1.0.0,2022-3-4 17:21:49,43.75,0.00,0.00,18.155,-2.383,-5.648,12.508,15.773,0.00,0.00,0.00,0.00,0.00,0.00,0.00,0.00,0.00,0.00,0.00,0.00,0.00,0.00,0.00,0.00,0.00
20650,DL:0.1.0:AT.1.0.0,2022-3-4 17:21:54,43.75,0.00,0.00,18.183,-2.412,-5.674,12.509,15.771,0.00,0.00,0.00,0.00,0.00,0.00,0.00,0.00,0.00,0.00,0.00,0.00,0.00,0.00,0.00,0.00,0.00
20650,DL:0.1.0:AT.1.0.0,2022-3-4 17:21:59,43.75,0.00,0.00,18.168,-2.397,-5.660,12.508,15.770,0.00,0.00,0.00,0.00,0.00,0.00,0.00,0.00,0.00,0.00,0.00,0.00,0.00,0.00,0.00,0.00,0.00
20650,DL:0.1.0:AT.1.0.0,2022-3-4 17:22:4,43.75,0.00,0.00,18.171,-2.402,-5.663,12.508,15.769,0.00,0.00,0.00,0.00,0.00,0.00,0.00,0.00,0.00,0.00,0.00,0.00,0.00,0.00,0.00,0.00,0.00
20650,DL:0.1.0:AT.1.0.0,2022-3-4 17:22:9,43.75,0.00,0.00,18.147,-2.374,-5.640,12.507,15.773,0.00,0.00,0.00,0.00,0.00,0.00,0.00,0.00,0.00,0.00,0.00,0.00,0.00,0.00,0.00,0.00,0.00
20650,DL:0.1.0:AT.1.0.0,2022-3-4 17:22:14,43.75,0.00,0.00,18.148,-2.378,-5.640,12.508,15.770,0.00,0.00,0.00,0.00,0.00,0.00,0.00,0.00,0.00,0.00,0.00,0.00,0.00,0.00,0.00,0.00,0.00
20650,DL:0.1.0:AT.1.0.0,2022-3-4 17:22:19,43.75,0.00,0.00,18.155,-2.385,-5.649,12.507,15.770,0.00,0.00,0.00,0.00,0.00,0.00,0.00,0.00,0.00,0.00,0.00,0.00,0.00,0.00,0.00,0.00,0.00
20650,DL:0.1.0:AT.1.0.0,2022-3-4 17:22:24,43.75,0.00,0.00,18.134,-2.364,-5.626,12.508,15.770,0.00,0.00,0.00,0.00,0.00,0.00,0.00,0.00,0.00,0.00,0.00,0.00,0.00,0.00,0.00,0.00,0.00
20650,DL:0.1.0:AT.1.0.0,2022-3-4 17:22:29,43.75,0.00,0.00,18.169,-2.400,-5.662,12.507,15.769,0.00,0.00,0.00,0.00,0.00,0.00,0.00,0.00,0.00,0.00,0.00,0.00,0.00,0.00,0.00,0.00,0.00
20650,DL:0.1.0:AT.1.0.0,2022-3-4 17:22:34,43.75,0.00,0.00,18.184,-2.416,-5.678,12.507,15.768,0.00,0.00,0.00,0.00,0.00,0.00,0.00,0.00,0.00,0.00,0.00,0.00,0.00,0.00,0.00,0.00,0.00
20650,DL:0.1.0:AT.1.0.0,2022-3-4 17:22:39,43.75,0.00,0.00,18.117,-2.350,-5.612,12.505,15.767,0.00,0.00,0.00,0.00,0.00,0.00,0.00,0.00,0.00,0.00,0.00,0.00,0.00,0.00,0.00,0.00,0.00
20650,DL:0.1.0:AT.1.0.0,2022-3-4 17:22:44,43.75,0.00,0.00,18.166,-2.401,-5.661,12.505,15.765,0.00,0.00,0.00,0.00,0.00,0.00,0.00,0.00,0.00,0.00,0.00,0.00,0.00,0.00,0.00,0.00,0.00
20650,DL:0.1.0:AT.1.0.0,2022-3-4 17:22:49,43.75,0.00,0.00,18.140,-2.374,-5.634,12.505,15.765,0.00,0.00,0.00,0.00,0.00,0.00,0.00,0.00,0.00,0.00,0.00,0.00,0.00,0.00,0.00,0.00,0.00
20650,DL:0.1.0:AT.1.0.0,2022-3-4 17:22:54,43.75,0.00,0.00,18.143,-2.380,-5.639,12.504,15.763,0.00,0.00,0.00,0.00,0.00,0.00,0.00,0.00,0.00,0.00,0.00,0.00,0.00,0.00,0.00,0.00,0.00
20650,DL:0.1.0:AT.1.0.0,2022-3-4 17:22:59,43.75,0.00,0.00,18.139,-2.378,-5.634,12.504,15.761,0.00,0.00,0.00,0.00,0.00,0.00,0.00,0.00,0.00,0.00,0.00,0.00,0.00,0.00,0.00,0.00,0.00
20650,DL:0.1.0:AT.1.0.0,2022-3-4 17:23:4,43.75,0.00,0.00,18.145,-2.384,-5.640,12.504,15.761,0.00,0.00,0.00,0.00,0.00,0.00,0.00,0.00,0.00,0.00,0.00,0.00,0.00,0.00,0.00,0.00,0.00
20650,DL:0.1.0:AT.1.0.0,2022-3-4 17:23:9,43.75,0.00,0.00,18.166,-2.407,-5.663,12.503,15.759,0.00,0.00,0.00,0.00,0.00,0.00,0.00,0.00,0.00,0.00,0.00,0.00,0.00,0.00,0.00,0.00,0.00
20650,DL:0.1.0:AT.1.0.0,2022-3-4 17:23:14,43.75,0.00,0.00,18.139,-2.382,-5.636,12.503,15.757,0.00,0.00,0.00,0.00,0.00,0.00,0.00,0.00,0.00,0.00,0.00,0.00,0.00,0.00,0.00,0.00,0.00
20650,DL:0.1.0:AT.1.0.0,2022-3-4 17:23:19,43.75,0.00,0.00,18.127,-2.371,-5.625,12.502,15.756,0.00,0.00,0.00,0.00,0.00,0.00,0.00,0.00,0.00,0.00,0.00,0.00,0.00,0.00,0.00,0.00,0.00
20650,DL:0.1.0:AT.1.0.0,2022-3-4 17:23:24,43.75,0.00,0.00,18.123,-2.368,-5.621,12.502,15.755,0.00,0.00,0.00,0.00,0.00,0.00,0.00,0.00,0.00,0.00,0.00,0.00,0.00,0.00,0.00,0.00,0.00
20650,DL:0.1.0:AT.1.0.0,2022-3-4 17:23:29,43.75,0.00,0.00,18.129,-2.374,-5.627,12.502,15.755,0.00,0.00,0.00,0.00,0.00,0.00,0.00,0.00,0.00,0.00,0.00,0.00,0.00,0.00,0.00,0.00,0.00
20650,DL:0.1.0:AT.1.0.0,2022-3-4 17:23:34,43.75,0.00,0.00,18.157,-2.403,-5.655,12.502,15.753,0.00,0.00,0.00,0.00,0.00,0.00,0.00,0.00,0.00,0.00,0.00,0.00,0.00,0.00,0.00,0.00,0.00
20650,DL:0.1.0:AT.1.0.0,2022-3-4 17:23:39,43.75,0.00,0.00,18.174,-2.420,-5.672,12.502,15.753,0.00,0.00,0.00,0.00,0.00,0.00,0.00,0.00,0.00,0.00,0.00,0.00,0.00,0.00,0.00,0.00,0.00
20650,DL:0.1.0:AT.1.0.0,2022-3-4 17:23:44,43.75,0.00,0.00,18.146,-2.392,-5.644,12.502,15.753,0.00,0.00,0.00,0.00,0.00,0.00,0.00,0.00,0.00,0.00,0.00,0.00,0.00,0.00,0.00,0.00,0.00
20650,DL:0.1.0:AT.1.0.0,2022-3-4 17:23:49,43.75,0.00,0.00,18.176,-2.424,-5.674,12.502,15.752,0.00,0.00,0.00,0.00,0.00,0.00,0.00,0.00,0.00,0.00,0.00,0.00,0.00,0.00,0.00,0.00,0.00
20650,DL:0.1.0:AT.1.0.0,2022-3-4 17:23:54,43.75,0.00,0.00,18.158,-2.406,-5.657,12.501,15.752,0.00,0.00,0.00,0.00,0.00,0.00,0.00,0.00,0.00,0.00,0.00,0.00,0.00,0.00,0.00,0.00,0.00
20650,DL:0.1.0:AT.1.0.0,2022-3-4 17:23:59,43.75,0.00,0.00,18.151,-2.397,-5.650,12.501,15.753,0.00,0.00,0.00,0.00,0.00,0.00,0.00,0.00,0.00,0.00,0.00,0.00,0.00,0.00,0.00,0.00,0.00
20650,DL:0.1.0:AT.1.0.0,2022-3-4 17:24:4,43.75,0.00,0.00,18.141,-2.388,-5.640,12.501,15.753,0.00,0.00,0.00,0.00,0.00,0.00,0.00,0.00,0.00,0.00,0.00,0.00,0.00,0.00,0.00,0.00,0.00
20650,DL:0.1.0:AT.1.0.0,2022-3-4 17:24:9,43.75,0.00,0.00,18.168,-2.415,-5.668,12.499,15.752,0.00,0.00,0.00,0.00,0.00,0.00,0.00,0.00,0.00,0.00,0.00,0.00,0.00,0.00,0.00,0.00,0.00
20650,DL:0.1.0:AT.1.0.0,2022-3-4 17:24:14,43.75,0.00,0.00,18.146,-2.392,-5.645,12.501,15.753,0.00,0.00,0.00,0.00,0.00,0.00,0.00,0.00,0.00,0.00,0.00,0.00,0.00,0.00,0.00,0.00,0.00
20650,DL:0.1.0:AT.1.0.0,2022-3-4 17:24:19,43.75,0.00,0.00,18.158,-2.404,-5.656,12.502,15.753,0.00,0.00,0.00,0.00,0.00,0.00,0.00,0.00,0.00,0.00,0.00,0.00,0.00,0.00,0.00,0.00,0.00
20650,DL:0.1.0:AT.1.0.0,2022-3-4 17:24:24,43.75,0.00,0.00,18.164,-2.410,-5.663,12.501,15.753,0.00,0.00,0.00,0.00,0.00,0.00,0.00,0.00,0.00,0.00,0.00,0.00,0.00,0.00,0.00,0.00,0.00
20650,DL:0.1.0:AT.1.0.0,2022-3-4 17:24:29,43.75,0.00,0.00,18.146,-2.392,-5.645,12.501,15.753,0.00,0.00,0.00,0.00,0.00,0.00,0.00,0.00,0.00,0.00,0.00,0.00,0.00,0.00,0.00,0.00,0.00
20650,DL:0.1.0:AT.1.0.0,2022-3-4 17:24:34,43.75,0.00,0.00,18.187,-2.433,-5.686,12.501,15.753,0.00,0.00,0.00,0.00,0.00,0.00,0.00,0.00,0.00,0.00,0.00,0.00,0.00,0.00,0.00,0.00,0.00
20650,DL:0.1.0:AT.1.0.0,2022-3-4 17:24:39,43.75,0.00,0.00,18.164,-2.412,-5.663,12.501,15.752,0.00,0.00,0.00,0.00,0.00,0.00,0.00,0.00,0.00,0.00,0.00,0.00,0.00,0.00,0.00,0.00,0.00
20650,DL:0.1.0:AT.1.0.0,2022-3-4 17:24:44,43.75,0.00,0.00,18.172,-2.420,-5.672,12.501,15.752,0.00,0.00,0.00,0.00,0.00,0.00,0.00,0.00,0.00,0.00,0.00,0.00,0.00,0.00,0.00,0.00,0.00
20650,DL:0.1.0:AT.1.0.0,2022-3-4 17:24:49,43.75,0.00,0.00,18.142,-2.389,-5.642,12.501,15.753,0.00,0.00,0.00,0.00,0.00,0.00,0.00,0.00,0.00,0.00,0.00,0.00,0.00,0.00,0.00,0.00,0.00
20650,DL:0.1.0:AT.1.0.0,2022-3-4 17:24:54,43.75,0.00,0.00,18.153,-2.400,-5.652,12.501,15.753,0.00,0.00,0.00,0.00,0.00,0.00,0.00,0.00,0.00,0.00,0.00,0.00,0.00,0.00,0.00,0.00,0.00
20650,DL:0.1.0:AT.1.0.0,2022-3-4 17:24:59,43.75,0.00,0.00,18.140,-2.386,-5.639,12.501,15.753,0.00,0.00,0.00,0.00,0.00,0.00,0.00,0.00,0.00,0.00,0.00,0.00,0.00,0.00,0.00,0.00,0.00
20650,DL:0.1.0:AT.1.0.0,2022-3-4 17:25:4,43.75,0.00,0.00,18.148,-2.394,-5.648,12.501,15.755,0.00,0.00,0.00,0.00,0.00,0.00,0.00,0.00,0.00,0.00,0.00,0.00,0.00,0.00,0.00,0.00,0.00
20650,DL:0.1.0:AT.1.0.0,2022-3-4 17:25:9,43.75,0.00,0.00,18.194,-2.438,-5.695,12.499,15.756,0.00,0.00,0.00,0.00,0.00,0.00,0.00,0.00,0.00,0.00,0.00,0.00,0.00,0.00,0.00,0.00,0.00
20650,DL:0.1.0:AT.1.0.0,2022-3-4 17:25:14,43.75,0.00,0.00,18.149,-2.394,-5.649,12.501,15.756,0.00,0.00,0.00,0.00,0.00,0.00,0.00,0.00,0.00,0.00,0.00,0.00,0.00,0.00,0.00,0.00,0.00
20650,DL:0.1.0:AT.1.0.0,2022-3-4 17:25:19,43.75,0.00,0.00,18.151,-2.395,-5.650,12.501,15.756,0.00,0.00,0.00,0.00,0.00,0.00,0.00,0.00,0.00,0.00,0.00,0.00,0.00,0.00,0.00,0.00,0.00
20650,DL:0.1.0:AT.1.0.0,2022-3-4 17:25:24,43.75,0.00,0.00,18.145,-2.389,-5.644,12.501,15.756,0.00,0.00,0.00,0.00,0.00,0.00,0.00,0.00,0.00,0.00,0.00,0.00,0.00,0.00,0.00,0.00,0.00
20650,DL:0.1.0:AT.1.0.0,2022-3-4 17:25:29,43.75,0.00,0.00,18.130,-2.374,-5.630,12.501,15.756,0.00,0.00,0.00,0.00,0.00,0.00,0.00,0.00,0.00,0.00,0.00,0.00,0.00,0.00,0.00,0.00,0.00
20650,DL:0.1.0:AT.1.0.0,2022-3-4 17:25:34,43.75,0.00,0.00,18.160,-2.403,-5.660,12.501,15.757,0.00,0.00,0.00,0.00,0.00,0.00,0.00,0.00,0.00,0.00,0.00,0.00,0.00,0.00,0.00,0.00,0.00
20650,DL:0.1.0:AT.1.0.0,2022-3-4 17:25:39,43.75,0.00,0.00,18.152,-2.395,-5.652,12.499,15.757,0.00,0.00,0.00,0.00,0.00,0.00,0.00,0.00,0.00,0.00,0.00,0.00,0.00,0.00,0.00,0.00,0.00
20650,DL:0.1.0:AT.1.0.0,2022-3-4 17:25:44,43.75,0.00,0.00,18.169,-2.412,-5.668,12.501,15.757,0.00,0.00,0.00,0.00,0.00,0.00,0.00,0.00,0.00,0.00,0.00,0.00,0.00,0.00,0.00,0.00,0.00
20650,DL:0.1.0:AT.1.0.0,2022-3-4 17:25:50,43.75,0.00,0.00,18.125,-2.368,-5.625,12.501,15.757,0.00,0.00,0.00,0.00,0.00,0.00,0.00,0.00,0.00,0.00,0.00,0.00,0.00,0.00,0.00,0.00,0.00
20650,DL:0.1.0:AT.1.0.0,2022-3-4 17:25:55,43.75,0.00,0.00,18.122,-2.365,-5.621,12.501,15.757,0.00,0.00,0.00,0.00,0.00,0.00,0.00,0.00,0.00,0.00,0.00,0.00,0.00,0.00,0.00,0.00,0.00
20650,DL:0.1.0:AT.1.0.0,2022-3-4 17:26:0,43.75,0.00,0.00,18.154,-2.397,-5.654,12.501,15.757,0.00,0.00,0.00,0.00,0.00,0.00,0.00,0.00,0.00,0.00,0.00,0.00,0.00,0.00,0.00,0.00,0.00
20650,DL:0.1.0:AT.1.0.0,2022-3-4 17:26:5,43.75,0.00,0.00,18.172,-2.414,-5.672,12.501,15.758,0.00,0.00,0.00,0.00,0.00,0.00,0.00,0.00,0.00,0.00,0.00,0.00,0.00,0.00,0.00,0.00,0.00
20650,DL:0.1.0:AT.1.0.0,2022-3-4 17:26:10,43.75,0.00,0.00,18.152,-2.394,-5.651,12.501,15.758,0.00,0.00,0.00,0.00,0.00,0.00,0.00,0.00,0.00,0.00,0.00,0.00,0.00,0.00,0.00,0.00,0.00
20650,DL:0.1.0:AT.1.0.0,2022-3-4 17:26:15,43.75,0.00,0.00,18.128,-2.368,-5.627,12.501,15.759,0.00,0.00,0.00,0.00,0.00,0.00,0.00,0.00,0.00,0.00,0.00,0.00,0.00,0.00,0.00,0.00,0.00
20650,DL:0.1.0:AT.1.0.0,2022-3-4 17:26:20,43.75,0.00,0.00,18.152,-2.394,-5.651,12.501,15.758,0.00,0.00,0.00,0.00,0.00,0.00,0.00,0.00,0.00,0.00,0.00,0.00,0.00,0.00,0.00,0.00,0.00
20650,DL:0.1.0:AT.1.0.0,2022-3-4 17:26:25,43.75,0.00,0.00,18.164,-2.404,-5.662,12.502,15.759,0.00,0.00,0.00,0.00,0.00,0.00,0.00,0.00,0.00,0.00,0.00,0.00,0.00,0.00,0.00,0.00,0.00
20650,DL:0.1.0:AT.1.0.0,2022-3-4 17:26:30,43.75,0.00,0.00,18.159,-2.401,-5.658,12.501,15.758,0.00,0.00,0.00,0.00,0.00,0.00,0.00,0.00,0.00,0.00,0.00,0.00,0.00,0.00,0.00,0.00,0.00
20650,DL:0.1.0:AT.1.0.0,2022-3-4 17:26:35,43.75,0.00,0.00,18.146,-2.386,-5.646,12.499,15.759,0.00,0.00,0.00,0.00,0.00,0.00,0.00,0.00,0.00,0.00,0.00,0.00,0.00,0.00,0.00,0.00,0.00
20650,DL:0.1.0:AT.1.0.0,2022-3-4 17:26:40,43.75,0.00,0.00,18.164,-2.404,-5.665,12.499,15.759,0.00,0.00,0.00,0.00,0.00,0.00,0.00,0.00,0.00,0.00,0.00,0.00,0.00,0.00,0.00,0.00,0.00
20650,DL:0.1.0:AT.1.0.0,2022-3-4 17:26:45,43.75,0.00,0.00,18.146,-2.388,-5.646,12.499,15.758,0.00,0.00,0.00,0.00,0.00,0.00,0.00,0.00,0.00,0.00,0.00,0.00,0.00,0.00,0.00,0.00,0.00
20650,DL:0.1.0:AT.1.0.0,2022-3-4 17:26:50,43.75,0.00,0.00,18.158,-2.398,-5.657,12.501,15.759,0.00,0.00,0.00,0.00,0.00,0.00,0.00,0.00,0.00,0.00,0.00,0.00,0.00,0.00,0.00,0.00,0.00
20650,DL:0.1.0:AT.1.0.0,2022-3-4 17:26:55,43.75,0.00,0.00,18.172,-2.414,-5.672,12.501,15.758,0.00,0.00,0.00,0.00,0.00,0.00,0.00,0.00,0.00,0.00,0.00,0.00,0.00,0.00,0.00,0.00,0.00
20650,DL:0.1.0:AT.1.0.0,2022-3-4 17:27:0,43.75,0.00,0.00,18.172,-2.414,-5.673,12.499,15.758,0.00,0.00,0.00,0.00,0.00,0.00,0.00,0.00,0.00,0.00,0.00,0.00,0.00,0.00,0.00,0.00,0.00
20650,DL:0.1.0:AT.1.0.0,2022-3-4 17:27:5,43.75,0.00,0.00,18.170,-2.412,-5.671,12.499,15.758,0.00,0.00,0.00,0.00,0.00,0.00,0.00,0.00,0.00,0.00,0.00,0.00,0.00,0.00,0.00,0.00,0.00
20650,DL:0.1.0:AT.1.0.0,2022-3-4 17:27:10,43.75,0.00,0.00,18.166,-2.408,-5.667,12.499,15.758,0.00,0.00,0.00,0.00,0.00,0.00,0.00,0.00,0.00,0.00,0.00,0.00,0.00,0.00,0.00,0.00,0.00
20650,DL:0.1.0:AT.1.0.0,2022-3-4 17:27:15,43.75,0.00,0.00,18.149,-2.391,-5.650,12.499,15.758,0.00,0.00,0.00,0.00,0.00,0.00,0.00,0.00,0.00,0.00,0.00,0.00,0.00,0.00,0.00,0.00,0.00
20650,DL:0.1.0:AT.1.0.0,2022-3-4 17:27:20,43.75,0.00,0.00,18.158,-2.401,-5.660,12.498,15.757,0.00,0.00,0.00,0.00,0.00,0.00,0.00,0.00,0.00,0.00,0.00,0.00,0.00,0.00,0.00,0.00,0.00
20650,DL:0.1.0:AT.1.0.0,2022-3-4 17:27:25,43.75,0.00,0.00,18.152,-2.396,-5.652,12.499,15.756,0.00,0.00,0.00,0.00,0.00,0.00,0.00,0.00,0.00,0.00,0.00,0.00,0.00,0.00,0.00,0.00,0.00
20650,DL:0.1.0:AT.1.0.0,2022-3-4 17:27:30,43.75,0.00,0.00,18.125,-2.371,-5.625,12.501,15.755,0.00,0.00,0.00,0.00,0.00,0.00,0.00,0.00,0.00,0.00,0.00,0.00,0.00,0.00,0.00,0.00,0.00
20650,DL:0.1.0:AT.1.0.0,2022-3-4 17:27:35,43.75,0.00,0.00,18.157,-2.401,-5.657,12.499,15.756,0.00,0.00,0.00,0.00,0.00,0.00,0.00,0.00,0.00,0.00,0.00,0.00,0.00,0.00,0.00,0.00,0.00
20650,DL:0.1.0:AT.1.0.0,2022-3-4 17:27:40,43.75,0.00,0.00,18.147,-2.391,-5.648,12.499,15.756,0.00,0.00,0.00,0.00,0.00,0.00,0.00,0.00,0.00,0.00,0.00,0.00,0.00,0.00,0.00,0.00,0.00
20650,DL:0.1.0:AT.1.0.0,2022-3-4 17:27:45,43.75,0.00,0.00,18.129,-2.374,-5.630,12.499,15.755,0.00,0.00,0.00,0.00,0.00,0.00,0.00,0.00,0.00,0.00,0.00,0.00,0.00,0.00,0.00,0.00,0.00
20650,DL:0.1.0:AT.1.0.0,2022-3-4 17:27:50,43.75,0.00,0.00,18.165,-2.410,-5.666,12.499,15.755,0.00,0.00,0.00,0.00,0.00,0.00,0.00,0.00,0.00,0.00,0.00,0.00,0.00,0.00,0.00,0.00,0.00
20650,DL:0.1.0:AT.1.0.0,2022-3-4 17:27:55,43.75,0.00,0.00,18.143,-2.389,-5.645,12.498,15.755,0.00,0.00,0.00,0.00,0.00,0.00,0.00,0.00,0.00,0.00,0.00,0.00,0.00,0.00,0.00,0.00,0.00
20650,DL:0.1.0:AT.1.0.0,2022-3-4 17:28:0,43.75,0.00,0.00,18.146,-2.392,-5.646,12.499,15.753,0.00,0.00,0.00,0.00,0.00,0.00,0.00,0.00,0.00,0.00,0.00,0.00,0.00,0.00,0.00,0.00,0.00
20650,DL:0.1.0:AT.1.0.0,2022-3-4 17:28:5,43.75,0.00,0.00,18.135,-2.382,-5.637,12.498,15.753,0.00,0.00,0.00,0.00,0.00,0.00,0.00,0.00,0.00,0.00,0.00,0.00,0.00,0.00,0.00,0.00,0.00
20650,DL:0.1.0:AT.1.0.0,2022-3-4 17:28:10,43.75,0.00,0.00,18.136,-2.383,-5.638,12.498,15.753,0.00,0.00,0.00,0.00,0.00,0.00,0.00,0.00,0.00,0.00,0.00,0.00,0.00,0.00,0.00,0.00,0.00
20650,DL:0.1.0:AT.1.0.0,2022-3-4 17:28:15,43.75,0.00,0.00,18.153,-2.400,-5.655,12.498,15.753,0.00,0.00,0.00,0.00,0.00,0.00,0.00,0.00,0.00,0.00,0.00,0.00,0.00,0.00,0.00,0.00,0.00
20650,DL:0.1.0:AT.1.0.0,2022-3-4 17:28:20,43.75,0.00,0.00,18.149,-2.396,-5.652,12.497,15.753,0.00,0.00,0.00,0.00,0.00,0.00,0.00,0.00,0.00,0.00,0.00,0.00,0.00,0.00,0.00,0.00,0.00
20650,DL:0.1.0:AT.1.0.0,2022-3-4 17:28:25,43.75,0.00,0.00,18.161,-2.408,-5.663,12.498,15.753,0.00,0.00,0.00,0.00,0.00,0.00,0.00,0.00,0.00,0.00,0.00,0.00,0.00,0.00,0.00,0.00,0.00
20650,DL:0.1.0:AT.1.0.0,2022-3-4 17:28:30,43.75,0.00,0.00,18.155,-2.402,-5.658,12.497,15.753,0.00,0.00,0.00,0.00,0.00,0.00,0.00,0.00,0.00,0.00,0.00,0.00,0.00,0.00,0.00,0.00,0.00
20650,DL:0.1.0:AT.1.0.0,2022-3-4 17:28:35,43.75,0.00,0.00,18.151,-2.398,-5.654,12.497,15.752,0.00,0.00,0.00,0.00,0.00,0.00,0.00,0.00,0.00,0.00,0.00,0.00,0.00,0.00,0.00,0.00,0.00
20650,DL:0.1.0:AT.1.0.0,2022-3-4 17:28:40,43.75,0.00,0.00,18.149,-2.400,-5.652,12.497,15.750,0.00,0.00,0.00,0.00,0.00,0.00,0.00,0.00,0.00,0.00,0.00,0.00,0.00,0.00,0.00,0.00,0.00
20650,DL:0.1.0:AT.1.0.0,2022-3-4 17:28:45,43.75,0.00,0.00,18.159,-2.409,-5.663,12.496,15.750,0.00,0.00,0.00,0.00,0.00,0.00,0.00,0.00,0.00,0.00,0.00,0.00,0.00,0.00,0.00,0.00,0.00
20650,DL:0.1.0:AT.1.0.0,2022-3-4 17:28:50,43.75,0.00,0.00,18.157,-2.408,-5.661,12.496,15.749,0.00,0.00,0.00,0.00,0.00,0.00,0.00,0.00,0.00,0.00,0.00,0.00,0.00,0.00,0.00,0.00,0.00
20650,DL:0.1.0:AT.1.0.0,2022-3-4 17:28:55,43.75,0.00,0.00,18.149,-2.402,-5.652,12.497,15.747,0.00,0.00,0.00,0.00,0.00,0.00,0.00,0.00,0.00,0.00,0.00,0.00,0.00,0.00,0.00,0.00,0.00
20650,DL:0.1.0:AT.1.0.0,2022-3-4 17:29:0,43.75,0.00,0.00,18.124,-2.378,-5.628,12.496,15.746,0.00,0.00,0.00,0.00,0.00,0.00,0.00,0.00,0.00,0.00,0.00,0.00,0.00,0.00,0.00,0.00,0.00
20650,DL:0.1.0:AT.1.0.0,2022-3-4 17:29:5,43.75,0.00,0.00,18.153,-2.407,-5.657,12.496,15.746,0.00,0.00,0.00,0.00,0.00,0.00,0.00,0.00,0.00,0.00,0.00,0.00,0.00,0.00,0.00,0.00,0.00
20650,DL:0.1.0:AT.1.0.0,2022-3-4 17:29:10,43.75,0.00,0.00,18.161,-2.415,-5.667,12.495,15.746,0.00,0.00,0.00,0.00,0.00,0.00,0.00,0.00,0.00,0.00,0.00,0.00,0.00,0.00,0.00,0.00,0.00
20650,DL:0.1.0:AT.1.0.0,2022-3-4 17:29:15,43.75,0.00,0.00,18.139,-2.392,-5.644,12.495,15.746,0.00,0.00,0.00,0.00,0.00,0.00,0.00,0.00,0.00,0.00,0.00,0.00,0.00,0.00,0.00,0.00,0.00
20650,DL:0.1.0:AT.1.0.0,2022-3-4 17:29:20,43.75,0.00,0.00,18.151,-2.406,-5.657,12.493,15.745,0.00,0.00,0.00,0.00,0.00,0.00,0.00,0.00,0.00,0.00,0.00,0.00,0.00,0.00,0.00,0.00,0.00
20650,DL:0.1.0:AT.1.0.0,2022-3-4 17:29:25,43.75,0.00,0.00,18.174,-2.429,-5.679,12.495,15.745,0.00,0.00,0.00,0.00,0.00,0.00,0.00,0.00,0.00,0.00,0.00,0.00,0.00,0.00,0.00,0.00,0.00
20650,DL:0.1.0:AT.1.0.0,2022-3-4 17:29:30,43.75,0.00,0.00,18.142,-2.398,-5.648,12.495,15.744,0.00,0.00,0.00,0.00,0.00,0.00,0.00,0.00,0.00,0.00,0.00,0.00,0.00,0.00,0.00,0.00,0.00
20650,DL:0.1.0:AT.1.0.0,2022-3-4 17:29:35,43.75,0.00,0.00,18.137,-2.392,-5.644,12.493,15.745,0.00,0.00,0.00,0.00,0.00,0.00,0.00,0.00,0.00,0.00,0.00,0.00,0.00,0.00,0.00,0.00,0.00
20650,DL:0.1.0:AT.1.0.0,2022-3-4 17:29:40,43.75,0.00,0.00,18.130,-2.386,-5.637,12.493,15.744,0.00,0.00,0.00,0.00,0.00,0.00,0.00,0.00,0.00,0.00,0.00,0.00,0.00,0.00,0.00,0.00,0.00
20650,DL:0.1.0:AT.1.0.0,2022-3-4 17:29:45,43.75,0.00,0.00,18.142,-2.400,-5.650,12.492,15.743,0.00,0.00,0.00,0.00,0.00,0.00,0.00,0.00,0.00,0.00,0.00,0.00,0.00,0.00,0.00,0.00,0.00
20650,DL:0.1.0:AT.1.0.0,2022-3-4 17:29:50,43.75,0.00,0.00,18.136,-2.394,-5.643,12.493,15.743,0.00,0.00,0.00,0.00,0.00,0.00,0.00,0.00,0.00,0.00,0.00,0.00,0.00,0.00,0.00,0.00,0.00
20650,DL:0.1.0:AT.1.0.0,2022-3-4 17:29:55,43.75,0.00,0.00,18.125,-2.383,-5.633,12.492,15.743,0.00,0.00,0.00,0.00,0.00,0.00,0.00,0.00,0.00,0.00,0.00,0.00,0.00,0.00,0.00,0.00,0.00
20650,DL:0.1.0:AT.1.0.0,2022-3-4 17:30:0,43.75,0.00,0.00,18.174,-2.431,-5.681,12.492,15.743,0.00,0.00,0.00,0.00,0.00,0.00,0.00,0.00,0.00,0.00,0.00,0.00,0.00,0.00,0.00,0.00,0.00
20650,DL:0.1.0:AT.1.0.0,2022-3-4 17:30:6,43.75,0.00,0.00,18.161,-2.420,-5.669,12.492,15.741,0.00,0.00,0.00,0.00,0.00,0.00,0.00,0.00,0.00,0.00,0.00,0.00,0.00,0.00,0.00,0.00,0.00
20650,DL:0.1.0:AT.1.0.0,2022-3-4 17:30:11,43.75,0.00,0.00,18.147,-2.406,-5.655,12.492,15.741,0.00,0.00,0.00,0.00,0.00,0.00,0.00,0.00,0.00,0.00,0.00,0.00,0.00,0.00,0.00,0.00,0.00
20650,DL:0.1.0:AT.1.0.0,2022-3-4 17:30:16,43.75,0.00,0.00,18.135,-2.394,-5.644,12.491,15.741,0.00,0.00,0.00,0.00,0.00,0.00,0.00,0.00,0.00,0.00,0.00,0.00,0.00,0.00,0.00,0.00,0.00
20650,DL:0.1.0:AT.1.0.0,2022-3-4 17:30:21,43.75,0.00,0.00,18.135,-2.394,-5.644,12.491,15.741,0.00,0.00,0.00,0.00,0.00,0.00,0.00,0.00,0.00,0.00,0.00,0.00,0.00,0.00,0.00,0.00,0.00
20650,DL:0.1.0:AT.1.0.0,2022-3-4 17:30:26,43.75,0.00,0.00,18.170,-2.430,-5.679,12.491,15.740,0.00,0.00,0.00,0.00,0.00,0.00,0.00,0.00,0.00,0.00,0.00,0.00,0.00,0.00,0.00,0.00,0.00
20650,DL:0.1.0:AT.1.0.0,2022-3-4 17:30:31,43.75,0.00,0.00,18.134,-2.394,-5.643,12.491,15.740,0.00,0.00,0.00,0.00,0.00,0.00,0.00,0.00,0.00,0.00,0.00,0.00,0.00,0.00,0.00,0.00,0.00
20650,DL:0.1.0:AT.1.0.0,2022-3-4 17:30:36,43.75,0.00,0.00,18.139,-2.400,-5.648,12.491,15.739,0.00,0.00,0.00,0.00,0.00,0.00,0.00,0.00,0.00,0.00,0.00,0.00,0.00,0.00,0.00,0.00,0.00
20650,DL:0.1.0:AT.1.0.0,2022-3-4 17:30:41,43.75,0.00,0.00,18.139,-2.400,-5.649,12.490,15.739,0.00,0.00,0.00,0.00,0.00,0.00,0.00,0.00,0.00,0.00,0.00,0.00,0.00,0.00,0.00,0.00,0.00
20650,DL:0.1.0:AT.1.0.0,2022-3-4 17:30:46,43.75,0.00,0.00,18.119,-2.382,-5.630,12.490,15.738,0.00,0.00,0.00,0.00,0.00,0.00,0.00,0.00,0.00,0.00,0.00,0.00,0.00,0.00,0.00,0.00,0.00
20650,DL:0.1.0:AT.1.0.0,2022-3-4 17:30:51,43.75,0.00,0.00,18.158,-2.420,-5.668,12.490,15.738,0.00,0.00,0.00,0.00,0.00,0.00,0.00,0.00,0.00,0.00,0.00,0.00,0.00,0.00,0.00,0.00,0.00
20650,DL:0.1.0:AT.1.0.0,2022-3-4 17:30:56,43.75,0.00,0.00,18.139,-2.401,-5.649,12.490,15.738,0.00,0.00,0.00,0.00,0.00,0.00,0.00,0.00,0.00,0.00,0.00,0.00,0.00,0.00,0.00,0.00,0.00
20650,DL:0.1.0:AT.1.0.0,2022-3-4 17:31:1,43.75,0.00,0.00,18.142,-2.406,-5.654,12.489,15.737,0.00,0.00,0.00,0.00,0.00,0.00,0.00,0.00,0.00,0.00,0.00,0.00,0.00,0.00,0.00,0.00,0.00
20650,DL:0.1.0:AT.1.0.0,2022-3-4 17:31:6,43.75,0.00,0.00,18.131,-2.396,-5.643,12.489,15.735,0.00,0.00,0.00,0.00,0.00,0.00,0.00,0.00,0.00,0.00,0.00,0.00,0.00,0.00,0.00,0.00,0.00
20650,DL:0.1.0:AT.1.0.0,2022-3-4 17:31:11,43.75,0.00,0.00,18.170,-2.436,-5.683,12.487,15.734,0.00,0.00,0.00,0.00,0.00,0.00,0.00,0.00,0.00,0.00,0.00,0.00,0.00,0.00,0.00,0.00,0.00
20650,DL:0.1.0:AT.1.0.0,2022-3-4 17:31:16,43.75,0.00,0.00,18.131,-2.398,-5.644,12.487,15.733,0.00,0.00,0.00,0.00,0.00,0.00,0.00,0.00,0.00,0.00,0.00,0.00,0.00,0.00,0.00,0.00,0.00
20650,DL:0.1.0:AT.1.0.0,2022-3-4 17:31:21,43.75,0.00,0.00,18.148,-2.416,-5.662,12.486,15.732,0.00,0.00,0.00,0.00,0.00,0.00,0.00,0.00,0.00,0.00,0.00,0.00,0.00,0.00,0.00,0.00,0.00
20650,DL:0.1.0:AT.1.0.0,2022-3-4 17:31:26,43.75,0.00,0.00,18.174,-2.442,-5.687,12.486,15.732,0.00,0.00,0.00,0.00,0.00,0.00,0.00,0.00,0.00,0.00,0.00,0.00,0.00,0.00,0.00,0.00,0.00
20650,DL:0.1.0:AT.1.0.0,2022-3-4 17:31:31,43.75,0.00,0.00,18.165,-2.433,-5.680,12.485,15.732,0.00,0.00,0.00,0.00,0.00,0.00,0.00,0.00,0.00,0.00,0.00,0.00,0.00,0.00,0.00,0.00,0.00
20650,DL:0.1.0:AT.1.0.0,2022-3-4 17:31:36,43.75,0.00,0.00,18.153,-2.422,-5.668,12.485,15.731,0.00,0.00,0.00,0.00,0.00,0.00,0.00,0.00,0.00,0.00,0.00,0.00,0.00,0.00,0.00,0.00,0.00
20650,DL:0.1.0:AT.1.0.0,2022-3-4 17:31:41,43.75,0.00,0.00,18.157,-2.425,-5.672,12.485,15.732,0.00,0.00,0.00,0.00,0.00,0.00,0.00,0.00,0.00,0.00,0.00,0.00,0.00,0.00,0.00,0.00,0.00
20650,DL:0.1.0:AT.1.0.0,2022-3-4 17:31:46,43.75,0.00,0.00,18.129,-2.398,-5.645,12.484,15.731,0.00,0.00,0.00,0.00,0.00,0.00,0.00,0.00,0.00,0.00,0.00,0.00,0.00,0.00,0.00,0.00,0.00
20650,DL:0.1.0:AT.1.0.0,2022-3-4 17:31:51,43.75,0.00,0.00,18.146,-2.415,-5.662,12.484,15.731,0.00,0.00,0.00,0.00,0.00,0.00,0.00,0.00,0.00,0.00,0.00,0.00,0.00,0.00,0.00,0.00,0.00
20650,DL:0.1.0:AT.1.0.0,2022-3-4 17:31:56,43.75,0.00,0.00,18.153,-2.422,-5.669,12.484,15.731,0.00,0.00,0.00,0.00,0.00,0.00,0.00,0.00,0.00,0.00,0.00,0.00,0.00,0.00,0.00,0.00,0.00
20650,DL:0.1.0:AT.1.0.0,2022-3-4 17:32:1,43.75,0.00,0.00,18.152,-2.421,-5.668,12.484,15.731,0.00,0.00,0.00,0.00,0.00,0.00,0.00,0.00,0.00,0.00,0.00,0.00,0.00,0.00,0.00,0.00,0.00
20650,DL:0.1.0:AT.1.0.0,2022-3-4 17:32:6,43.75,0.00,0.00,18.152,-2.421,-5.669,12.483,15.731,0.00,0.00,0.00,0.00,0.00,0.00,0.00,0.00,0.00,0.00,0.00,0.00,0.00,0.00,0.00,0.00,0.00
20650,DL:0.1.0:AT.1.0.0,2022-3-4 17:32:11,43.75,0.00,0.00,18.151,-2.420,-5.667,12.484,15.731,0.00,0.00,0.00,0.00,0.00,0.00,0.00,0.00,0.00,0.00,0.00,0.00,0.00,0.00,0.00,0.00,0.00
20650,DL:0.1.0:AT.1.0.0,2022-3-4 17:32:16,43.75,0.00,0.00,18.112,-2.382,-5.630,12.483,15.731,0.00,0.00,0.00,0.00,0.00,0.00,0.00,0.00,0.00,0.00,0.00,0.00,0.00,0.00,0.00,0.00,0.00
20650,DL:0.1.0:AT.1.0.0,2022-3-4 17:32:21,43.75,0.00,0.00,18.142,-2.412,-5.660,12.483,15.731,0.00,0.00,0.00,0.00,0.00,0.00,0.00,0.00,0.00,0.00,0.00,0.00,0.00,0.00,0.00,0.00,0.00
20650,DL:0.1.0:AT.1.0.0,2022-3-4 17:32:26,43.75,0.00,0.00,18.134,-2.402,-5.651,12.483,15.732,0.00,0.00,0.00,0.00,0.00,0.00,0.00,0.00,0.00,0.00,0.00,0.00,0.00,0.00,0.00,0.00,0.00
20650,DL:0.1.0:AT.1.0.0,2022-3-4 17:32:31,43.75,0.00,0.00,18.143,-2.412,-5.661,12.483,15.732,0.00,0.00,0.00,0.00,0.00,0.00,0.00,0.00,0.00,0.00,0.00,0.00,0.00,0.00,0.00,0.00,0.00
20650,DL:0.1.0:AT.1.0.0,2022-3-4 17:32:36,43.75,0.00,0.00,18.145,-2.412,-5.663,12.481,15.733,0.00,0.00,0.00,0.00,0.00,0.00,0.00,0.00,0.00,0.00,0.00,0.00,0.00,0.00,0.00,0.00,0.00
20650,DL:0.1.0:AT.1.0.0,2022-3-4 17:32:41,43.75,0.00,0.00,18.139,-2.406,-5.656,12.483,15.733,0.00,0.00,0.00,0.00,0.00,0.00,0.00,0.00,0.00,0.00,0.00,0.00,0.00,0.00,0.00,0.00,0.00
20650,DL:0.1.0:AT.1.0.0,2022-3-4 17:32:46,43.75,0.00,0.00,18.165,-2.432,-5.684,12.481,15.733,0.00,0.00,0.00,0.00,0.00,0.00,0.00,0.00,0.00,0.00,0.00,0.00,0.00,0.00,0.00,0.00,0.00
20650,DL:0.1.0:AT.1.0.0,2022-3-4 17:32:51,43.75,0.00,0.00,18.139,-2.406,-5.657,12.481,15.733,0.00,0.00,0.00,0.00,0.00,0.00,0.00,0.00,0.00,0.00,0.00,0.00,0.00,0.00,0.00,0.00,0.00
20650,DL:0.1.0:AT.1.0.0,2022-3-4 17:32:56,43.75,0.00,0.00,18.148,-2.415,-5.667,12.481,15.733,0.00,0.00,0.00,0.00,0.00,0.00,0.00,0.00,0.00,0.00,0.00,0.00,0.00,0.00,0.00,0.00,0.00
20650,DL:0.1.0:AT.1.0.0,2022-3-4 17:33:1,43.75,0.00,0.00,18.149,-2.415,-5.668,12.481,15.734,0.00,0.00,0.00,0.00,0.00,0.00,0.00,0.00,0.00,0.00,0.00,0.00,0.00,0.00,0.00,0.00,0.00
20650,DL:0.1.0:AT.1.0.0,2022-3-4 17:33:6,43.75,0.00,0.00,18.151,-2.416,-5.669,12.481,15.734,0.00,0.00,0.00,0.00,0.00,0.00,0.00,0.00,0.00,0.00,0.00,0.00,0.00,0.00,0.00,0.00,0.00
20650,DL:0.1.0:AT.1.0.0,2022-3-4 17:33:11,43.75,0.00,0.00,18.178,-2.444,-5.698,12.480,15.734,0.00,0.00,0.00,0.00,0.00,0.00,0.00,0.00,0.00,0.00,0.00,0.00,0.00,0.00,0.00,0.00,0.00
20650,DL:0.1.0:AT.1.0.0,2022-3-4 17:33:16,43.75,0.00,0.00,18.130,-2.396,-5.650,12.480,15.734,0.00,0.00,0.00,0.00,0.00,0.00,0.00,0.00,0.00,0.00,0.00,0.00,0.00,0.00,0.00,0.00,0.00
20650,DL:0.1.0:AT.1.0.0,2022-3-4 17:33:21,43.75,0.00,0.00,18.178,-2.444,-5.698,12.480,15.734,0.00,0.00,0.00,0.00,0.00,0.00,0.00,0.00,0.00,0.00,0.00,0.00,0.00,0.00,0.00,0.00,0.00
20650,DL:0.1.0:AT.1.0.0,2022-3-4 17:33:26,43.75,0.00,0.00,18.121,-2.386,-5.640,12.480,15.734,0.00,0.00,0.00,0.00,0.00,0.00,0.00,0.00,0.00,0.00,0.00,0.00,0.00,0.00,0.00,0.00,0.00
20650,DL:0.1.0:AT.1.0.0,2022-3-4 17:33:31,43.75,0.00,0.00,18.127,-2.391,-5.645,12.481,15.735,0.00,0.00,0.00,0.00,0.00,0.00,0.00,0.00,0.00,0.00,0.00,0.00,0.00,0.00,0.00,0.00,0.00
20650,DL:0.1.0:AT.1.0.0,2022-3-4 17:33:36,43.75,0.00,0.00,18.147,-2.412,-5.667,12.480,15.735,0.00,0.00,0.00,0.00,0.00,0.00,0.00,0.00,0.00,0.00,0.00,0.00,0.00,0.00,0.00,0.00,0.00
20650,DL:0.1.0:AT.1.0.0,2022-3-4 17:33:41,43.75,0.00,0.00,18.148,-2.412,-5.667,12.481,15.737,0.00,0.00,0.00,0.00,0.00,0.00,0.00,0.00,0.00,0.00,0.00,0.00,0.00,0.00,0.00,0.00,0.00
20650,DL:0.1.0:AT.1.0.0,2022-3-4 17:33:46,43.75,0.00,0.00,18.151,-2.415,-5.671,12.480,15.735,0.00,0.00,0.00,0.00,0.00,0.00,0.00,0.00,0.00,0.00,0.00,0.00,0.00,0.00,0.00,0.00,0.00
20650,DL:0.1.0:AT.1.0.0,2022-3-4 17:33:52,43.75,0.00,0.00,18.158,-2.421,-5.677,12.481,15.737,0.00,0.00,0.00,0.00,0.00,0.00,0.00,0.00,0.00,0.00,0.00,0.00,0.00,0.00,0.00,0.00,0.00
20650,DL:0.1.0:AT.1.0.0,2022-3-4 17:33:57,43.75,0.00,0.00,18.166,-2.430,-5.685,12.481,15.737,0.00,0.00,0.00,0.00,0.00,0.00,0.00,0.00,0.00,0.00,0.00,0.00,0.00,0.00,0.00,0.00,0.00
20650,DL:0.1.0:AT.1.0.0,2022-3-4 17:34:2,43.75,0.00,0.00,18.161,-2.425,-5.681,12.480,15.737,0.00,0.00,0.00,0.00,0.00,0.00,0.00,0.00,0.00,0.00,0.00,0.00,0.00,0.00,0.00,0.00,0.00
20650,DL:0.1.0:AT.1.0.0,2022-3-4 17:34:7,43.75,0.00,0.00,18.140,-2.404,-5.658,12.481,15.735,0.00,0.00,0.00,0.00,0.00,0.00,0.00,0.00,0.00,0.00,0.00,0.00,0.00,0.00,0.00,0.00,0.00
20650,DL:0.1.0:AT.1.0.0,2022-3-4 17:34:12,43.75,0.00,0.00,18.142,-2.407,-5.663,12.479,15.735,0.00,0.00,0.00,0.00,0.00,0.00,0.00,0.00,0.00,0.00,0.00,0.00,0.00,0.00,0.00,0.00,0.00
20650,DL:0.1.0:AT.1.0.0,2022-3-4 17:34:17,43.75,0.00,0.00,18.160,-2.425,-5.680,12.480,15.735,0.00,0.00,0.00,0.00,0.00,0.00,0.00,0.00,0.00,0.00,0.00,0.00,0.00,0.00,0.00,0.00,0.00
20650,DL:0.1.0:AT.1.0.0,2022-3-4 17:34:23,43.75,0.00,0.00,18.145,-2.409,-5.666,12.479,15.735,0.00,0.00,0.00,0.00,0.00,0.00,0.00,0.00,0.00,0.00,0.00,0.00,0.00,0.00,0.00,0.00,0.00
20650,DL:0.1.0:AT.1.0.0,2022-3-4 17:34:28,43.75,0.00,0.00,18.125,-2.391,-5.646,12.479,15.734,0.00,0.00,0.00,0.00,0.00,0.00,0.00,0.00,0.00,0.00,0.00,0.00,0.00,0.00,0.00,0.00,0.00
20650,DL:0.1.0:AT.1.0.0,2022-3-4 17:34:33,43.75,0.00,0.00,18.147,-2.412,-5.669,12.478,15.735,0.00,0.00,0.00,0.00,0.00,0.00,0.00,0.00,0.00,0.00,0.00,0.00,0.00,0.00,0.00,0.00,0.00
20650,DL:0.1.0:AT.1.0.0,2022-3-4 17:34:38,43.75,0.00,0.00,18.148,-2.413,-5.671,12.478,15.735,0.00,0.00,0.00,0.00,0.00,0.00,0.00,0.00,0.00,0.00,0.00,0.00,0.00,0.00,0.00,0.00,0.00
20650,DL:0.1.0:AT.1.0.0,2022-3-4 17:34:43,43.75,0.00,0.00,18.175,-2.441,-5.696,12.479,15.734,0.00,0.00,0.00,0.00,0.00,0.00,0.00,0.00,0.00,0.00,0.00,0.00,0.00,0.00,0.00,0.00,0.00
20650,DL:0.1.0:AT.1.0.0,2022-3-4 17:34:48,43.75,0.00,0.00,18.165,-2.432,-5.687,12.478,15.733,0.00,0.00,0.00,0.00,0.00,0.00,0.00,0.00,0.00,0.00,0.00,0.00,0.00,0.00,0.00,0.00,0.00
20650,DL:0.1.0:AT.1.0.0,2022-3-4 17:34:53,43.75,0.00,0.00,18.161,-2.429,-5.684,12.478,15.733,0.00,0.00,0.00,0.00,0.00,0.00,0.00,0.00,0.00,0.00,0.00,0.00,0.00,0.00,0.00,0.00,0.00
20650,DL:0.1.0:AT.1.0.0,2022-3-4 17:34:58,43.75,0.00,0.00,18.136,-2.404,-5.660,12.477,15.732,0.00,0.00,0.00,0.00,0.00,0.00,0.00,0.00,0.00,0.00,0.00,0.00,0.00,0.00,0.00,0.00,0.00
20650,DL:0.1.0:AT.1.0.0,2022-3-4 17:35:3,43.75,0.00,0.00,18.142,-2.410,-5.666,12.477,15.732,0.00,0.00,0.00,0.00,0.00,0.00,0.00,0.00,0.00,0.00,0.00,0.00,0.00,0.00,0.00,0.00,0.00
20650,DL:0.1.0:AT.1.0.0,2022-3-4 17:35:8,43.75,0.00,0.00,18.131,-2.400,-5.654,12.478,15.732,0.00,0.00,0.00,0.00,0.00,0.00,0.00,0.00,0.00,0.00,0.00,0.00,0.00,0.00,0.00,0.00,0.00
20650,DL:0.1.0:AT.1.0.0,2022-3-4 17:35:13,43.75,0.00,0.00,18.113,-2.380,-5.636,12.478,15.733,0.00,0.00,0.00,0.00,0.00,0.00,0.00,0.00,0.00,0.00,0.00,0.00,0.00,0.00,0.00,0.00,0.00
20650,DL:0.1.0:AT.1.0.0,2022-3-4 17:35:18,43.75,0.00,0.00,18.107,-2.374,-5.631,12.477,15.733,0.00,0.00,0.00,0.00,0.00,0.00,0.00,0.00,0.00,0.00,0.00,0.00,0.00,0.00,0.00,0.00,0.00
20650,DL:0.1.0:AT.1.0.0,2022-3-4 17:35:23,43.75,0.00,0.00,18.155,-2.424,-5.679,12.477,15.732,0.00,0.00,0.00,0.00,0.00,0.00,0.00,0.00,0.00,0.00,0.00,0.00,0.00,0.00,0.00,0.00,0.00
20650,DL:0.1.0:AT.1.0.0,2022-3-4 17:35:28,43.75,0.00,0.00,18.131,-2.400,-5.656,12.475,15.732,0.00,0.00,0.00,0.00,0.00,0.00,0.00,0.00,0.00,0.00,0.00,0.00,0.00,0.00,0.00,0.00,0.00
20650,DL:0.1.0:AT.1.0.0,2022-3-4 17:35:33,43.75,0.00,0.00,18.151,-2.419,-5.673,12.478,15.732,0.00,0.00,0.00,0.00,0.00,0.00,0.00,0.00,0.00,0.00,0.00,0.00,0.00,0.00,0.00,0.00,0.00
20650,DL:0.1.0:AT.1.0.0,2022-3-4 17:35:38,43.75,0.00,0.00,18.142,-2.409,-5.666,12.477,15.733,0.00,0.00,0.00,0.00,0.00,0.00,0.00,0.00,0.00,0.00,0.00,0.00,0.00,0.00,0.00,0.00,0.00
20650,DL:0.1.0:AT.1.0.0,2022-3-4 17:35:43,43.75,0.00,0.00,18.130,-2.398,-5.655,12.475,15.732,0.00,0.00,0.00,0.00,0.00,0.00,0.00,0.00,0.00,0.00,0.00,0.00,0.00,0.00,0.00,0.00,0.00
20650,DL:0.1.0:AT.1.0.0,2022-3-4 17:35:48,43.75,0.00,0.00,18.154,-2.422,-5.680,12.474,15.732,0.00,0.00,0.00,0.00,0.00,0.00,0.00,0.00,0.00,0.00,0.00,0.00,0.00,0.00,0.00,0.00,0.00
20650,DL:0.1.0:AT.1.0.0,2022-3-4 17:35:53,43.75,0.00,0.00,18.155,-2.422,-5.681,12.474,15.733,0.00,0.00,0.00,0.00,0.00,0.00,0.00,0.00,0.00,0.00,0.00,0.00,0.00,0.00,0.00,0.00,0.00
20650,DL:0.1.0:AT.1.0.0,2022-3-4 17:35:58,43.75,0.00,0.00,18.136,-2.404,-5.661,12.475,15.732,0.00,0.00,0.00,0.00,0.00,0.00,0.00,0.00,0.00,0.00,0.00,0.00,0.00,0.00,0.00,0.00,0.00
20650,DL:0.1.0:AT.1.0.0,2022-3-4 17:36:3,43.75,0.00,0.00,18.152,-2.420,-5.677,12.475,15.732,0.00,0.00,0.00,0.00,0.00,0.00,0.00,0.00,0.00,0.00,0.00,0.00,0.00,0.00,0.00,0.00,0.00
20650,DL:0.1.0:AT.1.0.0,2022-3-4 17:36:8,43.75,0.00,0.00,18.133,-2.401,-5.657,12.475,15.732,0.00,0.00,0.00,0.00,0.00,0.00,0.00,0.00,0.00,0.00,0.00,0.00,0.00,0.00,0.00,0.00,0.00
20650,DL:0.1.0:AT.1.0.0,2022-3-4 17:36:13,43.75,0.00,0.00,18.130,-2.398,-5.655,12.475,15.732,0.00,0.00,0.00,0.00,0.00,0.00,0.00,0.00,0.00,0.00,0.00,0.00,0.00,0.00,0.00,0.00,0.00
20650,DL:0.1.0:AT.1.0.0,2022-3-4 17:36:18,43.75,0.00,0.00,18.147,-2.414,-5.672,12.475,15.733,0.00,0.00,0.00,0.00,0.00,0.00,0.00,0.00,0.00,0.00,0.00,0.00,0.00,0.00,0.00,0.00,0.00
20650,DL:0.1.0:AT.1.0.0,2022-3-4 17:36:23,43.75,0.00,0.00,18.149,-2.416,-5.674,12.475,15.733,0.00,0.00,0.00,0.00,0.00,0.00,0.00,0.00,0.00,0.00,0.00,0.00,0.00,0.00,0.00,0.00,0.00
20650,DL:0.1.0:AT.1.0.0,2022-3-4 17:36:28,43.75,0.00,0.00,18.159,-2.426,-5.685,12.474,15.733,0.00,0.00,0.00,0.00,0.00,0.00,0.00,0.00,0.00,0.00,0.00,0.00,0.00,0.00,0.00,0.00,0.00
20650,DL:0.1.0:AT.1.0.0,2022-3-4 17:36:33,43.75,0.00,0.00,18.136,-2.403,-5.662,12.474,15.733,0.00,0.00,0.00,0.00,0.00,0.00,0.00,0.00,0.00,0.00,0.00,0.00,0.00,0.00,0.00,0.00,0.00
20650,DL:0.1.0:AT.1.0.0,2022-3-4 17:36:38,43.75,0.00,0.00,18.140,-2.407,-5.666,12.474,15.733,0.00,0.00,0.00,0.00,0.00,0.00,0.00,0.00,0.00,0.00,0.00,0.00,0.00,0.00,0.00,0.00,0.00
20650,DL:0.1.0:AT.1.0.0,2022-3-4 17:36:43,43.75,0.00,0.00,18.116,-2.382,-5.642,12.474,15.734,0.00,0.00,0.00,0.00,0.00,0.00,0.00,0.00,0.00,0.00,0.00,0.00,0.00,0.00,0.00,0.00,0.00
20650,DL:0.1.0:AT.1.0.0,2022-3-4 17:36:48,43.75,0.00,0.00,18.141,-2.407,-5.667,12.474,15.734,0.00,0.00,0.00,0.00,0.00,0.00,0.00,0.00,0.00,0.00,0.00,0.00,0.00,0.00,0.00,0.00,0.00
20650,DL:0.1.0:AT.1.0.0,2022-3-4 17:36:53,43.75,0.00,0.00,18.103,-2.368,-5.630,12.473,15.734,0.00,0.00,0.00,0.00,0.00,0.00,0.00,0.00,0.00,0.00,0.00,0.00,0.00,0.00,0.00,0.00,0.00
20650,DL:0.1.0:AT.1.0.0,2022-3-4 17:36:58,43.75,0.00,0.00,18.124,-2.390,-5.651,12.473,15.734,0.00,0.00,0.00,0.00,0.00,0.00,0.00,0.00,0.00,0.00,0.00,0.00,0.00,0.00,0.00,0.00,0.00
20650,DL:0.1.0:AT.1.0.0,2022-3-4 17:37:3,43.75,0.00,0.00,18.139,-2.406,-5.666,12.473,15.733,0.00,0.00,0.00,0.00,0.00,0.00,0.00,0.00,0.00,0.00,0.00,0.00,0.00,0.00,0.00,0.00,0.00
20650,DL:0.1.0:AT.1.0.0,2022-3-4 17:37:8,43.75,0.00,0.00,18.139,-2.407,-5.666,12.473,15.732,0.00,0.00,0.00,0.00,0.00,0.00,0.00,0.00,0.00,0.00,0.00,0.00,0.00,0.00,0.00,0.00,0.00
20650,DL:0.1.0:AT.1.0.0,2022-3-4 17:37:13,43.75,0.00,0.00,18.133,-2.401,-5.660,12.473,15.732,0.00,0.00,0.00,0.00,0.00,0.00,0.00,0.00,0.00,0.00,0.00,0.00,0.00,0.00,0.00,0.00,0.00
20650,DL:0.1.0:AT.1.0.0,2022-3-4 17:37:18,43.75,0.00,0.00,18.147,-2.415,-5.674,12.473,15.732,0.00,0.00,0.00,0.00,0.00,0.00,0.00,0.00,0.00,0.00,0.00,0.00,0.00,0.00,0.00,0.00,0.00
20650,DL:0.1.0:AT.1.0.0,2022-3-4 17:37:23,43.75,0.00,0.00,18.155,-2.424,-5.684,12.472,15.732,0.00,0.00,0.00,0.00,0.00,0.00,0.00,0.00,0.00,0.00,0.00,0.00,0.00,0.00,0.00,0.00,0.00
20650,DL:0.1.0:AT.1.0.0,2022-3-4 17:37:28,43.75,0.00,0.00,18.128,-2.397,-5.657,12.471,15.731,0.00,0.00,0.00,0.00,0.00,0.00,0.00,0.00,0.00,0.00,0.00,0.00,0.00,0.00,0.00,0.00,0.00
20650,DL:0.1.0:AT.1.0.0,2022-3-4 17:37:33,43.75,0.00,0.00,18.149,-2.419,-5.679,12.471,15.731,0.00,0.00,0.00,0.00,0.00,0.00,0.00,0.00,0.00,0.00,0.00,0.00,0.00,0.00,0.00,0.00,0.00
20650,DL:0.1.0:AT.1.0.0,2022-3-4 17:37:38,43.75,0.00,0.00,18.128,-2.398,-5.657,12.471,15.729,0.00,0.00,0.00,0.00,0.00,0.00,0.00,0.00,0.00,0.00,0.00,0.00,0.00,0.00,0.00,0.00,0.00
20650,DL:0.1.0:AT.1.0.0,2022-3-4 17:37:43,43.75,0.00,0.00,18.149,-2.419,-5.679,12.471,15.731,0.00,0.00,0.00,0.00,0.00,0.00,0.00,0.00,0.00,0.00,0.00,0.00,0.00,0.00,0.00,0.00,0.00
20650,DL:0.1.0:AT.1.0.0,2022-3-4 17:37:48,43.75,0.00,0.00,18.128,-2.395,-5.658,12.469,15.733,0.00,0.00,0.00,0.00,0.00,0.00,0.00,0.00,0.00,0.00,0.00,0.00,0.00,0.00,0.00,0.00,0.00
20650,DL:0.1.0:AT.1.0.0,2022-3-4 17:37:53,43.75,0.00,0.00,18.149,-2.418,-5.680,12.469,15.732,0.00,0.00,0.00,0.00,0.00,0.00,0.00,0.00,0.00,0.00,0.00,0.00,0.00,0.00,0.00,0.00,0.00
20650,DL:0.1.0:AT.1.0.0,2022-3-4 17:37:58,43.75,0.00,0.00,18.105,-2.374,-5.637,12.468,15.731,0.00,0.00,0.00,0.00,0.00,0.00,0.00,0.00,0.00,0.00,0.00,0.00,0.00,0.00,0.00,0.00,0.00
20650,DL:0.1.0:AT.1.0.0,2022-3-4 17:38:3,43.75,0.00,0.00,18.151,-2.420,-5.683,12.468,15.731,0.00,0.00,0.00,0.00,0.00,0.00,0.00,0.00,0.00,0.00,0.00,0.00,0.00,0.00,0.00,0.00,0.00
20650,DL:0.1.0:AT.1.0.0,2022-3-4 17:38:8,43.75,0.00,0.00,18.127,-2.397,-5.660,12.467,15.729,0.00,0.00,0.00,0.00,0.00,0.00,0.00,0.00,0.00,0.00,0.00,0.00,0.00,0.00,0.00,0.00,0.00
20650,DL:0.1.0:AT.1.0.0,2022-3-4 17:38:14,43.75,0.00,0.00,18.131,-2.402,-5.665,12.467,15.729,0.00,0.00,0.00,0.00,0.00,0.00,0.00,0.00,0.00,0.00,0.00,0.00,0.00,0.00,0.00,0.00,0.00
20650,DL:0.1.0:AT.1.0.0,2022-3-4 17:38:19,43.75,0.00,0.00,18.134,-2.406,-5.668,12.466,15.728,0.00,0.00,0.00,0.00,0.00,0.00,0.00,0.00,0.00,0.00,0.00,0.00,0.00,0.00,0.00,0.00,0.00
20650,DL:0.1.0:AT.1.0.0,2022-3-4 17:38:24,43.75,0.00,0.00,18.129,-2.401,-5.665,12.465,15.728,0.00,0.00,0.00,0.00,0.00,0.00,0.00,0.00,0.00,0.00,0.00,0.00,0.00,0.00,0.00,0.00,0.00
20650,DL:0.1.0:AT.1.0.0,2022-3-4 17:38:29,43.75,0.00,0.00,18.149,-2.421,-5.686,12.463,15.728,0.00,0.00,0.00,0.00,0.00,0.00,0.00,0.00,0.00,0.00,0.00,0.00,0.00,0.00,0.00,0.00,0.00
20650,DL:0.1.0:AT.1.0.0,2022-3-4 17:38:34,43.75,0.00,0.00,18.131,-2.403,-5.669,12.462,15.728,0.00,0.00,0.00,0.00,0.00,0.00,0.00,0.00,0.00,0.00,0.00,0.00,0.00,0.00,0.00,0.00,0.00
20650,DL:0.1.0:AT.1.0.0,2022-3-4 17:38:39,43.75,0.00,0.00,18.136,-2.409,-5.674,12.462,15.727,0.00,0.00,0.00,0.00,0.00,0.00,0.00,0.00,0.00,0.00,0.00,0.00,0.00,0.00,0.00,0.00,0.00
20650,DL:0.1.0:AT.1.0.0,2022-3-4 17:38:44,43.75,0.00,0.00,18.145,-2.418,-5.684,12.461,15.727,0.00,0.00,0.00,0.00,0.00,0.00,0.00,0.00,0.00,0.00,0.00,0.00,0.00,0.00,0.00,0.00,0.00
20650,DL:0.1.0:AT.1.0.0,2022-3-4 17:38:49,43.75,0.00,0.00,18.155,-2.431,-5.696,12.460,15.725,0.00,0.00,0.00,0.00,0.00,0.00,0.00,0.00,0.00,0.00,0.00,0.00,0.00,0.00,0.00,0.00,0.00
20650,DL:0.1.0:AT.1.0.0,2022-3-4 17:38:54,43.75,0.00,0.00,18.135,-2.410,-5.675,12.460,15.725,0.00,0.00,0.00,0.00,0.00,0.00,0.00,0.00,0.00,0.00,0.00,0.00,0.00,0.00,0.00,0.00,0.00
20650,DL:0.1.0:AT.1.0.0,2022-3-4 17:38:59,43.75,0.00,0.00,18.160,-2.436,-5.701,12.460,15.725,0.00,0.00,0.00,0.00,0.00,0.00,0.00,0.00,0.00,0.00,0.00,0.00,0.00,0.00,0.00,0.00,0.00
20650,DL:0.1.0:AT.1.0.0,2022-3-4 17:39:4,43.75,0.00,0.00,18.148,-2.425,-5.690,12.459,15.723,0.00,0.00,0.00,0.00,0.00,0.00,0.00,0.00,0.00,0.00,0.00,0.00,0.00,0.00,0.00,0.00,0.00
20650,DL:0.1.0:AT.1.0.0,2022-3-4 17:39:9,43.75,0.00,0.00,18.164,-2.442,-5.705,12.459,15.722,0.00,0.00,0.00,0.00,0.00,0.00,0.00,0.00,0.00,0.00,0.00,0.00,0.00,0.00,0.00,0.00,0.00
20650,DL:0.1.0:AT.1.0.0,2022-3-4 17:39:14,43.75,0.00,0.00,18.139,-2.416,-5.680,12.459,15.722,0.00,0.00,0.00,0.00,0.00,0.00,0.00,0.00,0.00,0.00,0.00,0.00,0.00,0.00,0.00,0.00,0.00
20650,DL:0.1.0:AT.1.0.0,2022-3-4 17:39:19,43.75,0.00,0.00,18.142,-2.421,-5.685,12.457,15.721,0.00,0.00,0.00,0.00,0.00,0.00,0.00,0.00,0.00,0.00,0.00,0.00,0.00,0.00,0.00,0.00,0.00
20650,DL:0.1.0:AT.1.0.0,2022-3-4 17:39:24,43.75,0.00,0.00,18.136,-2.415,-5.680,12.456,15.721,0.00,0.00,0.00,0.00,0.00,0.00,0.00,0.00,0.00,0.00,0.00,0.00,0.00,0.00,0.00,0.00,0.00
20650,DL:0.1.0:AT.1.0.0,2022-3-4 17:39:29,43.75,0.00,0.00,18.165,-2.444,-5.709,12.456,15.721,0.00,0.00,0.00,0.00,0.00,0.00,0.00,0.00,0.00,0.00,0.00,0.00,0.00,0.00,0.00,0.00,0.00
20650,DL:0.1.0:AT.1.0.0,2022-3-4 17:39:34,43.75,0.00,0.00,18.129,-2.408,-5.673,12.456,15.721,0.00,0.00,0.00,0.00,0.00,0.00,0.00,0.00,0.00,0.00,0.00,0.00,0.00,0.00,0.00,0.00,0.00
20650,DL:0.1.0:AT.1.0.0,2022-3-4 17:39:39,43.75,0.00,0.00,18.164,-2.442,-5.708,12.456,15.722,0.00,0.00,0.00,0.00,0.00,0.00,0.00,0.00,0.00,0.00,0.00,0.00,0.00,0.00,0.00,0.00,0.00
20650,DL:0.1.0:AT.1.0.0,2022-3-4 17:39:44,43.75,0.00,0.00,18.161,-2.441,-5.707,12.455,15.721,0.00,0.00,0.00,0.00,0.00,0.00,0.00,0.00,0.00,0.00,0.00,0.00,0.00,0.00,0.00,0.00,0.00
20650,DL:0.1.0:AT.1.0.0,2022-3-4 17:39:49,43.75,0.00,0.00,18.157,-2.436,-5.702,12.455,15.721,0.00,0.00,0.00,0.00,0.00,0.00,0.00,0.00,0.00,0.00,0.00,0.00,0.00,0.00,0.00,0.00,0.00
20650,DL:0.1.0:AT.1.0.0,2022-3-4 17:39:54,43.75,0.00,0.00,18.146,-2.425,-5.691,12.455,15.721,0.00,0.00,0.00,0.00,0.00,0.00,0.00,0.00,0.00,0.00,0.00,0.00,0.00,0.00,0.00,0.00,0.00
20650,DL:0.1.0:AT.1.0.0,2022-3-4 17:39:59,43.75,0.00,0.00,18.152,-2.431,-5.697,12.455,15.721,0.00,0.00,0.00,0.00,0.00,0.00,0.00,0.00,0.00,0.00,0.00,0.00,0.00,0.00,0.00,0.00,0.00
20650,DL:0.1.0:AT.1.0.0,2022-3-4 17:40:4,43.75,0.00,0.00,18.169,-2.448,-5.715,12.454,15.721,0.00,0.00,0.00,0.00,0.00,0.00,0.00,0.00,0.00,0.00,0.00,0.00,0.00,0.00,0.00,0.00,0.00
20650,DL:0.1.0:AT.1.0.0,2022-3-4 17:40:9,43.75,0.00,0.00,18.161,-2.441,-5.708,12.454,15.721,0.00,0.00,0.00,0.00,0.00,0.00,0.00,0.00,0.00,0.00,0.00,0.00,0.00,0.00,0.00,0.00,0.00
20650,DL:0.1.0:AT.1.0.0,2022-3-4 17:40:14,43.75,0.00,0.00,18.159,-2.439,-5.707,12.453,15.720,0.00,0.00,0.00,0.00,0.00,0.00,0.00,0.00,0.00,0.00,0.00,0.00,0.00,0.00,0.00,0.00,0.00
20650,DL:0.1.0:AT.1.0.0,2022-3-4 17:40:19,43.75,0.00,0.00,18.195,-2.475,-5.744,12.451,15.720,0.00,0.00,0.00,0.00,0.00,0.00,0.00,0.00,0.00,0.00,0.00,0.00,0.00,0.00,0.00,0.00,0.00
20650,DL:0.1.0:AT.1.0.0,2022-3-4 17:40:24,43.75,0.00,0.00,18.168,-2.447,-5.716,12.451,15.721,0.00,0.00,0.00,0.00,0.00,0.00,0.00,0.00,0.00,0.00,0.00,0.00,0.00,0.00,0.00,0.00,0.00
20650,DL:0.1.0:AT.1.0.0,2022-3-4 17:40:29,43.75,0.00,0.00,18.192,-2.472,-5.741,12.450,15.720,0.00,0.00,0.00,0.00,0.00,0.00,0.00,0.00,0.00,0.00,0.00,0.00,0.00,0.00,0.00,0.00,0.00
20650,DL:0.1.0:AT.1.0.0,2022-3-4 17:40:34,43.75,0.00,0.00,18.163,-2.442,-5.711,12.451,15.721,0.00,0.00,0.00,0.00,0.00,0.00,0.00,0.00,0.00,0.00,0.00,0.00,0.00,0.00,0.00,0.00,0.00
20650,DL:0.1.0:AT.1.0.0,2022-3-4 17:40:39,43.75,0.00,0.00,18.170,-2.449,-5.720,12.450,15.721,0.00,0.00,0.00,0.00,0.00,0.00,0.00,0.00,0.00,0.00,0.00,0.00,0.00,0.00,0.00,0.00,0.00
20650,DL:0.1.0:AT.1.0.0,2022-3-4 17:40:44,43.75,0.00,0.00,18.153,-2.432,-5.703,12.450,15.721,0.00,0.00,0.00,0.00,0.00,0.00,0.00,0.00,0.00,0.00,0.00,0.00,0.00,0.00,0.00,0.00,0.00
20650,DL:0.1.0:AT.1.0.0,2022-3-4 17:40:49,43.75,0.00,0.00,18.140,-2.419,-5.691,12.449,15.721,0.00,0.00,0.00,0.00,0.00,0.00,0.00,0.00,0.00,0.00,0.00,0.00,0.00,0.00,0.00,0.00,0.00
20650,DL:0.1.0:AT.1.0.0,2022-3-4 17:40:54,43.75,0.00,0.00,18.198,-2.477,-5.749,12.449,15.721,0.00,0.00,0.00,0.00,0.00,0.00,0.00,0.00,0.00,0.00,0.00,0.00,0.00,0.00,0.00,0.00,0.00
20650,DL:0.1.0:AT.1.0.0,2022-3-4 17:40:59,43.75,0.00,0.00,18.181,-2.460,-5.733,12.448,15.721,0.00,0.00,0.00,0.00,0.00,0.00,0.00,0.00,0.00,0.00,0.00,0.00,0.00,0.00,0.00,0.00,0.00
20650,DL:0.1.0:AT.1.0.0,2022-3-4 17:41:4,43.75,0.00,0.00,18.176,-2.454,-5.728,12.448,15.722,0.00,0.00,0.00,0.00,0.00,0.00,0.00,0.00,0.00,0.00,0.00,0.00,0.00,0.00,0.00,0.00,0.00
20650,DL:0.1.0:AT.1.0.0,2022-3-4 17:41:9,43.75,0.00,0.00,18.183,-2.460,-5.735,12.448,15.723,0.00,0.00,0.00,0.00,0.00,0.00,0.00,0.00,0.00,0.00,0.00,0.00,0.00,0.00,0.00,0.00,0.00
20650,DL:0.1.0:AT.1.0.0,2022-3-4 17:41:14,43.75,0.00,0.00,18.181,-2.457,-5.733,12.448,15.723,0.00,0.00,0.00,0.00,0.00,0.00,0.00,0.00,0.00,0.00,0.00,0.00,0.00,0.00,0.00,0.00,0.00
20650,DL:0.1.0:AT.1.0.0,2022-3-4 17:41:19,43.75,0.00,0.00,18.165,-2.441,-5.719,12.447,15.725,0.00,0.00,0.00,0.00,0.00,0.00,0.00,0.00,0.00,0.00,0.00,0.00,0.00,0.00,0.00,0.00,0.00
20650,DL:0.1.0:AT.1.0.0,2022-3-4 17:41:24,43.75,0.00,0.00,18.172,-2.449,-5.727,12.445,15.723,0.00,0.00,0.00,0.00,0.00,0.00,0.00,0.00,0.00,0.00,0.00,0.00,0.00,0.00,0.00,0.00,0.00
20650,DL:0.1.0:AT.1.0.0,2022-3-4 17:41:29,43.75,0.00,0.00,18.200,-2.475,-5.755,12.445,15.725,0.00,0.00,0.00,0.00,0.00,0.00,0.00,0.00,0.00,0.00,0.00,0.00,0.00,0.00,0.00,0.00,0.00
20650,DL:0.1.0:AT.1.0.0,2022-3-4 17:41:34,43.75,0.00,0.00,18.189,-2.465,-5.745,12.444,15.725,0.00,0.00,0.00,0.00,0.00,0.00,0.00,0.00,0.00,0.00,0.00,0.00,0.00,0.00,0.00,0.00,0.00
20650,DL:0.1.0:AT.1.0.0,2022-3-4 17:41:39,43.75,0.00,0.00,18.189,-2.463,-5.745,12.444,15.726,0.00,0.00,0.00,0.00,0.00,0.00,0.00,0.00,0.00,0.00,0.00,0.00,0.00,0.00,0.00,0.00,0.00
20650,DL:0.1.0:AT.1.0.0,2022-3-4 17:41:44,43.75,0.00,0.00,18.205,-2.479,-5.762,12.443,15.726,0.00,0.00,0.00,0.00,0.00,0.00,0.00,0.00,0.00,0.00,0.00,0.00,0.00,0.00,0.00,0.00,0.00
20650,DL:0.1.0:AT.1.0.0,2022-3-4 17:41:49,43.75,0.00,0.00,18.204,-2.478,-5.762,12.442,15.726,0.00,0.00,0.00,0.00,0.00,0.00,0.00,0.00,0.00,0.00,0.00,0.00,0.00,0.00,0.00,0.00,0.00
20650,DL:0.1.0:AT.1.0.0,2022-3-4 17:41:54,43.75,0.00,0.00,18.182,-2.456,-5.741,12.441,15.726,0.00,0.00,0.00,0.00,0.00,0.00,0.00,0.00,0.00,0.00,0.00,0.00,0.00,0.00,0.00,0.00,0.00
20650,DL:0.1.0:AT.1.0.0,2022-3-4 17:41:59,43.75,0.00,0.00,18.196,-2.471,-5.757,12.439,15.726,0.00,0.00,0.00,0.00,0.00,0.00,0.00,0.00,0.00,0.00,0.00,0.00,0.00,0.00,0.00,0.00,0.00
20650,DL:0.1.0:AT.1.0.0,2022-3-4 17:42:4,43.75,0.00,0.00,18.210,-2.484,-5.770,12.439,15.726,0.00,0.00,0.00,0.00,0.00,0.00,0.00,0.00,0.00,0.00,0.00,0.00,0.00,0.00,0.00,0.00,0.00
20650,DL:0.1.0:AT.1.0.0,2022-3-4 17:42:9,43.75,0.00,0.00,18.232,-2.507,-5.794,12.438,15.726,0.00,0.00,0.00,0.00,0.00,0.00,0.00,0.00,0.00,0.00,0.00,0.00,0.00,0.00,0.00,0.00,0.00
20650,DL:0.1.0:AT.1.0.0,2022-3-4 17:42:14,43.75,0.00,0.00,18.235,-2.509,-5.798,12.437,15.726,0.00,0.00,0.00,0.00,0.00,0.00,0.00,0.00,0.00,0.00,0.00,0.00,0.00,0.00,0.00,0.00,0.00
20650,DL:0.1.0:AT.1.0.0,2022-3-4 17:42:19,43.75,0.00,0.00,18.195,-2.471,-5.759,12.436,15.725,0.00,0.00,0.00,0.00,0.00,0.00,0.00,0.00,0.00,0.00,0.00,0.00,0.00,0.00,0.00,0.00,0.00
20650,DL:0.1.0:AT.1.0.0,2022-3-4 17:42:24,43.75,0.00,0.00,18.214,-2.491,-5.780,12.435,15.723,0.00,0.00,0.00,0.00,0.00,0.00,0.00,0.00,0.00,0.00,0.00,0.00,0.00,0.00,0.00,0.00,0.00
20650,DL:0.1.0:AT.1.0.0,2022-3-4 17:42:29,43.75,0.00,0.00,18.187,-2.462,-5.753,12.433,15.725,0.00,0.00,0.00,0.00,0.00,0.00,0.00,0.00,0.00,0.00,0.00,0.00,0.00,0.00,0.00,0.00,0.00
20650,DL:0.1.0:AT.1.0.0,2022-3-4 17:42:34,43.75,0.00,0.00,18.189,-2.465,-5.756,12.433,15.725,0.00,0.00,0.00,0.00,0.00,0.00,0.00,0.00,0.00,0.00,0.00,0.00,0.00,0.00,0.00,0.00,0.00
20650,DL:0.1.0:AT.1.0.0,2022-3-4 17:42:39,43.75,0.00,0.00,18.200,-2.475,-5.769,12.431,15.725,0.00,0.00,0.00,0.00,0.00,0.00,0.00,0.00,0.00,0.00,0.00,0.00,0.00,0.00,0.00,0.00,0.00
20650,DL:0.1.0:AT.1.0.0,2022-3-4 17:42:44,43.75,0.00,0.00,18.183,-2.459,-5.752,12.431,15.725,0.00,0.00,0.00,0.00,0.00,0.00,0.00,0.00,0.00,0.00,0.00,0.00,0.00,0.00,0.00,0.00,0.00
20650,DL:0.1.0:AT.1.0.0,2022-3-4 17:42:49,43.75,0.00,0.00,18.174,-2.450,-5.744,12.430,15.723,0.00,0.00,0.00,0.00,0.00,0.00,0.00,0.00,0.00,0.00,0.00,0.00,0.00,0.00,0.00,0.00,0.00
20650,DL:0.1.0:AT.1.0.0,2022-3-4 17:42:54,43.75,0.00,0.00,18.180,-2.455,-5.751,12.429,15.725,0.00,0.00,0.00,0.00,0.00,0.00,0.00,0.00,0.00,0.00,0.00,0.00,0.00,0.00,0.00,0.00,0.00
20650,DL:0.1.0:AT.1.0.0,2022-3-4 17:42:59,43.75,0.00,0.00,18.196,-2.472,-5.768,12.429,15.725,0.00,0.00,0.00,0.00,0.00,0.00,0.00,0.00,0.00,0.00,0.00,0.00,0.00,0.00,0.00,0.00,0.00
20650,DL:0.1.0:AT.1.0.0,2022-3-4 17:43:4,43.75,0.00,0.00,18.189,-2.465,-5.764,12.425,15.725,0.00,0.00,0.00,0.00,0.00,0.00,0.00,0.00,0.00,0.00,0.00,0.00,0.00,0.00,0.00,0.00,0.00
20650,DL:0.1.0:AT.1.0.0,2022-3-4 17:43:9,43.75,0.00,0.00,18.184,-2.460,-5.759,12.425,15.725,0.00,0.00,0.00,0.00,0.00,0.00,0.00,0.00,0.00,0.00,0.00,0.00,0.00,0.00,0.00,0.00,0.00
20650,DL:0.1.0:AT.1.0.0,2022-3-4 17:43:14,43.75,0.00,0.00,18.188,-2.462,-5.763,12.425,15.726,0.00,0.00,0.00,0.00,0.00,0.00,0.00,0.00,0.00,0.00,0.00,0.00,0.00,0.00,0.00,0.00,0.00
20650,DL:0.1.0:AT.1.0.0,2022-3-4 17:43:20,43.75,0.00,0.00,18.187,-2.461,-5.764,12.422,15.726,0.00,0.00,0.00,0.00,0.00,0.00,0.00,0.00,0.00,0.00,0.00,0.00,0.00,0.00,0.00,0.00,0.00
20650,DL:0.1.0:AT.1.0.0,2022-3-4 17:43:25,43.75,0.00,0.00,18.201,-2.475,-5.781,12.420,15.726,0.00,0.00,0.00,0.00,0.00,0.00,0.00,0.00,0.00,0.00,0.00,0.00,0.00,0.00,0.00,0.00,0.00
20650,DL:0.1.0:AT.1.0.0,2022-3-4 17:43:30,43.75,0.00,0.00,18.200,-2.475,-5.781,12.419,15.725,0.00,0.00,0.00,0.00,0.00,0.00,0.00,0.00,0.00,0.00,0.00,0.00,0.00,0.00,0.00,0.00,0.00
20650,DL:0.1.0:AT.1.0.0,2022-3-4 17:43:35,43.75,0.00,0.00,18.180,-2.454,-5.761,12.419,15.726,0.00,0.00,0.00,0.00,0.00,0.00,0.00,0.00,0.00,0.00,0.00,0.00,0.00,0.00,0.00,0.00,0.00
20650,DL:0.1.0:AT.1.0.0,2022-3-4 17:43:40,43.75,0.00,0.00,18.201,-2.475,-5.783,12.418,15.726,0.00,0.00,0.00,0.00,0.00,0.00,0.00,0.00,0.00,0.00,0.00,0.00,0.00,0.00,0.00,0.00,0.00
20650,DL:0.1.0:AT.1.0.0,2022-3-4 17:43:45,43.75,0.00,0.00,18.198,-2.471,-5.783,12.414,15.727,0.00,0.00,0.00,0.00,0.00,0.00,0.00,0.00,0.00,0.00,0.00,0.00,0.00,0.00,0.00,0.00,0.00
20650,DL:0.1.0:AT.1.0.0,2022-3-4 17:43:50,43.75,0.00,0.00,18.190,-2.463,-5.776,12.414,15.727,0.00,0.00,0.00,0.00,0.00,0.00,0.00,0.00,0.00,0.00,0.00,0.00,0.00,0.00,0.00,0.00,0.00
20650,DL:0.1.0:AT.1.0.0,2022-3-4 17:43:55,43.75,0.00,0.00,18.216,-2.486,-5.803,12.413,15.729,0.00,0.00,0.00,0.00,0.00,0.00,0.00,0.00,0.00,0.00,0.00,0.00,0.00,0.00,0.00,0.00,0.00
20650,DL:0.1.0:AT.1.0.0,2022-3-4 17:44:0,43.75,0.00,0.00,18.204,-2.474,-5.792,12.412,15.729,0.00,0.00,0.00,0.00,0.00,0.00,0.00,0.00,0.00,0.00,0.00,0.00,0.00,0.00,0.00,0.00,0.00
20650,DL:0.1.0:AT.1.0.0,2022-3-4 17:44:5,43.75,0.00,0.00,18.195,-2.463,-5.786,12.409,15.732,0.00,0.00,0.00,0.00,0.00,0.00,0.00,0.00,0.00,0.00,0.00,0.00,0.00,0.00,0.00,0.00,0.00
20650,DL:0.1.0:AT.1.0.0,2022-3-4 17:44:10,43.75,0.00,0.00,18.194,-2.456,-5.785,12.409,15.738,0.00,0.00,0.00,0.00,0.00,0.00,0.00,0.00,0.00,0.00,0.00,0.00,0.00,0.00,0.00,0.00,0.00
20650,DL:0.1.0:AT.1.0.0,2022-3-4 17:44:15,43.75,0.00,0.00,18.164,-2.422,-5.757,12.407,15.741,0.00,0.00,0.00,0.00,0.00,0.00,0.00,0.00,0.00,0.00,0.00,0.00,0.00,0.00,0.00,0.00,0.00
20650,DL:0.1.0:AT.1.0.0,2022-3-4 17:44:20,43.75,0.00,0.00,18.208,-2.463,-5.804,12.404,15.745,0.00,0.00,0.00,0.00,0.00,0.00,0.00,0.00,0.00,0.00,0.00,0.00,0.00,0.00,0.00,0.00,0.00
20650,DL:0.1.0:AT.1.0.0,2022-3-4 17:44:25,43.75,0.00,0.00,18.200,-2.450,-5.797,12.403,15.750,0.00,0.00,0.00,0.00,0.00,0.00,0.00,0.00,0.00,0.00,0.00,0.00,0.00,0.00,0.00,0.00,0.00
20650,DL:0.1.0:AT.1.0.0,2022-3-4 17:44:30,43.75,0.00,0.00,18.186,-2.430,-5.783,12.402,15.756,0.00,0.00,0.00,0.00,0.00,0.00,0.00,0.00,0.00,0.00,0.00,0.00,0.00,0.00,0.00,0.00,0.00
20650,DL:0.1.0:AT.1.0.0,2022-3-4 17:44:35,43.75,0.00,0.00,18.181,-2.420,-5.781,12.400,15.761,0.00,0.00,0.00,0.00,0.00,0.00,0.00,0.00,0.00,0.00,0.00,0.00,0.00,0.00,0.00,0.00,0.00
20650,DL:0.1.0:AT.1.0.0,2022-3-4 17:44:40,43.75,0.00,0.00,18.166,-2.400,-5.767,12.400,15.767,0.00,0.00,0.00,0.00,0.00,0.00,0.00,0.00,0.00,0.00,0.00,0.00,0.00,0.00,0.00,0.00,0.00
20650,DL:0.1.0:AT.1.0.0,2022-3-4 17:44:45,43.75,0.00,0.00,18.187,-2.412,-5.787,12.400,15.775,0.00,0.00,0.00,0.00,0.00,0.00,0.00,0.00,0.00,0.00,0.00,0.00,0.00,0.00,0.00,0.00,0.00
20650,DL:0.1.0:AT.1.0.0,2022-3-4 17:44:50,43.75,0.00,0.00,18.181,-2.398,-5.782,12.398,15.782,0.00,0.00,0.00,0.00,0.00,0.00,0.00,0.00,0.00,0.00,0.00,0.00,0.00,0.00,0.00,0.00,0.00
20650,DL:0.1.0:AT.1.0.0,2022-3-4 17:44:55,43.75,0.00,0.00,18.163,-2.373,-5.767,12.396,15.789,0.00,0.00,0.00,0.00,0.00,0.00,0.00,0.00,0.00,0.00,0.00,0.00,0.00,0.00,0.00,0.00,0.00
20650,DL:0.1.0:AT.1.0.0,2022-3-4 17:45:0,43.75,0.00,0.00,18.177,-2.378,-5.782,12.395,15.799,0.00,0.00,0.00,0.00,0.00,0.00,0.00,0.00,0.00,0.00,0.00,0.00,0.00,0.00,0.00,0.00,0.00
20650,DL:0.1.0:AT.1.0.0,2022-3-4 17:45:5,43.75,0.00,0.00,18.195,-2.389,-5.801,12.394,15.806,0.00,0.00,0.00,0.00,0.00,0.00,0.00,0.00,0.00,0.00,0.00,0.00,0.00,0.00,0.00,0.00,0.00
20650,DL:0.1.0:AT.1.0.0,2022-3-4 17:45:10,43.75,0.00,0.00,18.166,-2.352,-5.774,12.392,15.815,0.00,0.00,0.00,0.00,0.00,0.00,0.00,0.00,0.00,0.00,0.00,0.00,0.00,0.00,0.00,0.00,0.00
20650,DL:0.1.0:AT.1.0.0,2022-3-4 17:45:15,43.75,0.00,0.00,18.175,-2.352,-5.782,12.392,15.823,0.00,0.00,0.00,0.00,0.00,0.00,0.00,0.00,0.00,0.00,0.00,0.00,0.00,0.00,0.00,0.00,0.00
20650,DL:0.1.0:AT.1.0.0,2022-3-4 17:45:20,43.75,0.00,0.00,18.177,-2.348,-5.788,12.389,15.829,0.00,0.00,0.00,0.00,0.00,0.00,0.00,0.00,0.00,0.00,0.00,0.00,0.00,0.00,0.00,0.00,0.00
20650,DL:0.1.0:AT.1.0.0,2022-3-4 17:45:25,43.75,0.00,0.00,18.188,-2.350,-5.799,12.389,15.838,0.00,0.00,0.00,0.00,0.00,0.00,0.00,0.00,0.00,0.00,0.00,0.00,0.00,0.00,0.00,0.00,0.00
20650,DL:0.1.0:AT.1.0.0,2022-3-4 17:45:30,43.75,0.00,0.00,18.172,-2.328,-5.785,12.388,15.845,0.00,0.00,0.00,0.00,0.00,0.00,0.00,0.00,0.00,0.00,0.00,0.00,0.00,0.00,0.00,0.00,0.00
20650,DL:0.1.0:AT.1.0.0,2022-3-4 17:45:35,43.75,0.00,0.00,18.180,-2.325,-5.794,12.385,15.854,0.00,0.00,0.00,0.00,0.00,0.00,0.00,0.00,0.00,0.00,0.00,0.00,0.00,0.00,0.00,0.00,0.00
20650,DL:0.1.0:AT.1.0.0,2022-3-4 17:45:40,43.75,0.00,0.00,18.176,-2.313,-5.792,12.384,15.863,0.00,0.00,0.00,0.00,0.00,0.00,0.00,0.00,0.00,0.00,0.00,0.00,0.00,0.00,0.00,0.00,0.00
20650,DL:0.1.0:AT.1.0.0,2022-3-4 17:45:45,43.75,0.00,0.00,18.181,-2.312,-5.798,12.383,15.869,0.00,0.00,0.00,0.00,0.00,0.00,0.00,0.00,0.00,0.00,0.00,0.00,0.00,0.00,0.00,0.00,0.00
20650,DL:0.1.0:AT.1.0.0,2022-3-4 17:45:50,43.75,0.00,0.00,18.168,-2.289,-5.786,12.382,15.878,0.00,0.00,0.00,0.00,0.00,0.00,0.00,0.00,0.00,0.00,0.00,0.00,0.00,0.00,0.00,0.00,0.00
20650,DL:0.1.0:AT.1.0.0,2022-3-4 17:45:55,43.75,0.00,0.00,18.174,-2.288,-5.793,12.380,15.886,0.00,0.00,0.00,0.00,0.00,0.00,0.00,0.00,0.00,0.00,0.00,0.00,0.00,0.00,0.00,0.00,0.00
20650,DL:0.1.0:AT.1.0.0,2022-3-4 17:46:0,43.75,0.00,0.00,18.184,-2.290,-5.804,12.380,15.894,0.00,0.00,0.00,0.00,0.00,0.00,0.00,0.00,0.00,0.00,0.00,0.00,0.00,0.00,0.00,0.00,0.00
20650,DL:0.1.0:AT.1.0.0,2022-3-4 17:46:5,43.75,0.00,0.00,18.192,-2.288,-5.814,12.378,15.904,0.00,0.00,0.00,0.00,0.00,0.00,0.00,0.00,0.00,0.00,0.00,0.00,0.00,0.00,0.00,0.00,0.00
20650,DL:0.1.0:AT.1.0.0,2022-3-4 17:46:10,43.75,0.00,0.00,18.175,-2.264,-5.799,12.376,15.911,0.00,0.00,0.00,0.00,0.00,0.00,0.00,0.00,0.00,0.00,0.00,0.00,0.00,0.00,0.00,0.00,0.00
20650,DL:0.1.0:AT.1.0.0,2022-3-4 17:46:15,43.75,0.00,0.00,18.175,-2.254,-5.799,12.376,15.920,0.00,0.00,0.00,0.00,0.00,0.00,0.00,0.00,0.00,0.00,0.00,0.00,0.00,0.00,0.00,0.00,0.00
20650,DL:0.1.0:AT.1.0.0,2022-3-4 17:46:20,43.75,0.00,0.00,18.212,-2.284,-5.838,12.374,15.928,0.00,0.00,0.00,0.00,0.00,0.00,0.00,0.00,0.00,0.00,0.00,0.00,0.00,0.00,0.00,0.00,0.00
20650,DL:0.1.0:AT.1.0.0,2022-3-4 17:46:25,43.75,0.00,0.00,18.141,-2.205,-5.768,12.373,15.936,0.00,0.00,0.00,0.00,0.00,0.00,0.00,0.00,0.00,0.00,0.00,0.00,0.00,0.00,0.00,0.00,0.00
20650,DL:0.1.0:AT.1.0.0,2022-3-4 17:46:30,43.75,0.00,0.00,18.214,-2.269,-5.841,12.373,15.946,0.00,0.00,0.00,0.00,0.00,0.00,0.00,0.00,0.00,0.00,0.00,0.00,0.00,0.00,0.00,0.00,0.00
20650,DL:0.1.0:AT.1.0.0,2022-3-4 17:46:35,43.75,0.00,0.00,18.181,-2.228,-5.810,12.371,15.953,0.00,0.00,0.00,0.00,0.00,0.00,0.00,0.00,0.00,0.00,0.00,0.00,0.00,0.00,0.00,0.00,0.00
20650,DL:0.1.0:AT.1.0.0,2022-3-4 17:46:40,43.75,0.00,0.00,18.180,-2.218,-5.807,12.372,15.961,0.00,0.00,0.00,0.00,0.00,0.00,0.00,0.00,0.00,0.00,0.00,0.00,0.00,0.00,0.00,0.00,0.00
20650,DL:0.1.0:AT.1.0.0,2022-3-4 17:46:45,43.75,0.00,0.00,18.199,-2.231,-5.829,12.370,15.967,0.00,0.00,0.00,0.00,0.00,0.00,0.00,0.00,0.00,0.00,0.00,0.00,0.00,0.00,0.00,0.00,0.00
20650,DL:0.1.0:AT.1.0.0,2022-3-4 17:46:50,43.75,0.00,0.00,18.166,-2.191,-5.798,12.368,15.976,0.00,0.00,0.00,0.00,0.00,0.00,0.00,0.00,0.00,0.00,0.00,0.00,0.00,0.00,0.00,0.00,0.00
20650,DL:0.1.0:AT.1.0.0,2022-3-4 17:46:55,43.75,0.00,0.00,18.172,-2.188,-5.805,12.367,15.984,0.00,0.00,0.00,0.00,0.00,0.00,0.00,0.00,0.00,0.00,0.00,0.00,0.00,0.00,0.00,0.00,0.00
20650,DL:0.1.0:AT.1.0.0,2022-3-4 17:47:0,43.75,0.00,0.00,18.171,-2.180,-5.805,12.366,15.991,0.00,0.00,0.00,0.00,0.00,0.00,0.00,0.00,0.00,0.00,0.00,0.00,0.00,0.00,0.00,0.00,0.00
20650,DL:0.1.0:AT.1.0.0,2022-3-4 17:47:5,43.75,0.00,0.00,18.174,-2.175,-5.809,12.365,15.999,0.00,0.00,0.00,0.00,0.00,0.00,0.00,0.00,0.00,0.00,0.00,0.00,0.00,0.00,0.00,0.00,0.00
20650,DL:0.1.0:AT.1.0.0,2022-3-4 17:47:11,43.75,0.00,0.00,18.175,-2.170,-5.811,12.364,16.005,0.00,0.00,0.00,0.00,0.00,0.00,0.00,0.00,0.00,0.00,0.00,0.00,0.00,0.00,0.00,0.00,0.00
20650,DL:0.1.0:AT.1.0.0,2022-3-4 17:47:16,43.75,0.00,0.00,18.187,-2.175,-5.824,12.362,16.012,0.00,0.00,0.00,0.00,0.00,0.00,0.00,0.00,0.00,0.00,0.00,0.00,0.00,0.00,0.00,0.00,0.00
20650,DL:0.1.0:AT.1.0.0,2022-3-4 17:47:21,43.75,0.00,0.00,18.177,-2.158,-5.816,12.361,16.019,0.00,0.00,0.00,0.00,0.00,0.00,0.00,0.00,0.00,0.00,0.00,0.00,0.00,0.00,0.00,0.00,0.00
20650,DL:0.1.0:AT.1.0.0,2022-3-4 17:47:26,43.75,0.00,0.00,18.188,-2.162,-5.829,12.359,16.026,0.00,0.00,0.00,0.00,0.00,0.00,0.00,0.00,0.00,0.00,0.00,0.00,0.00,0.00,0.00,0.00,0.00
20650,DL:0.1.0:AT.1.0.0,2022-3-4 17:47:31,43.75,0.00,0.00,18.169,-2.138,-5.810,12.359,16.031,0.00,0.00,0.00,0.00,0.00,0.00,0.00,0.00,0.00,0.00,0.00,0.00,0.00,0.00,0.00,0.00,0.00
20650,DL:0.1.0:AT.1.0.0,2022-3-4 17:47:36,43.75,0.00,0.00,18.182,-2.144,-5.824,12.358,16.038,0.00,0.00,0.00,0.00,0.00,0.00,0.00,0.00,0.00,0.00,0.00,0.00,0.00,0.00,0.00,0.00,0.00
20650,DL:0.1.0:AT.1.0.0,2022-3-4 17:47:41,43.75,0.00,0.00,18.170,-2.124,-5.812,12.358,16.045,0.00,0.00,0.00,0.00,0.00,0.00,0.00,0.00,0.00,0.00,0.00,0.00,0.00,0.00,0.00,0.00,0.00
20650,DL:0.1.0:AT.1.0.0,2022-3-4 17:47:46,43.75,0.00,0.00,18.170,-2.120,-5.814,12.356,16.050,0.00,0.00,0.00,0.00,0.00,0.00,0.00,0.00,0.00,0.00,0.00,0.00,0.00,0.00,0.00,0.00,0.00
20650,DL:0.1.0:AT.1.0.0,2022-3-4 17:47:51,43.75,0.00,0.00,18.169,-2.112,-5.814,12.355,16.056,0.00,0.00,0.00,0.00,0.00,0.00,0.00,0.00,0.00,0.00,0.00,0.00,0.00,0.00,0.00,0.00,0.00
20650,DL:0.1.0:AT.1.0.0,2022-3-4 17:47:56,43.75,0.00,0.00,18.188,-2.126,-5.834,12.354,16.062,0.00,0.00,0.00,0.00,0.00,0.00,0.00,0.00,0.00,0.00,0.00,0.00,0.00,0.00,0.00,0.00,0.00
20650,DL:0.1.0:AT.1.0.0,2022-3-4 17:48:1,43.75,0.00,0.00,18.174,-2.106,-5.822,12.352,16.067,0.00,0.00,0.00,0.00,0.00,0.00,0.00,0.00,0.00,0.00,0.00,0.00,0.00,0.00,0.00,0.00,0.00
20650,DL:0.1.0:AT.1.0.0,2022-3-4 17:48:6,43.75,0.00,0.00,18.159,-2.087,-5.807,12.352,16.072,0.00,0.00,0.00,0.00,0.00,0.00,0.00,0.00,0.00,0.00,0.00,0.00,0.00,0.00,0.00,0.00,0.00
20650,DL:0.1.0:AT.1.0.0,2022-3-4 17:48:11,43.75,0.00,0.00,18.211,-2.134,-5.862,12.349,16.077,0.00,0.00,0.00,0.00,0.00,0.00,0.00,0.00,0.00,0.00,0.00,0.00,0.00,0.00,0.00,0.00,0.00
20650,DL:0.1.0:AT.1.0.0,2022-3-4 17:48:16,43.75,0.00,0.00,18.165,-2.085,-5.816,12.349,16.080,0.00,0.00,0.00,0.00,0.00,0.00,0.00,0.00,0.00,0.00,0.00,0.00,0.00,0.00,0.00,0.00,0.00
20650,DL:0.1.0:AT.1.0.0,2022-3-4 17:48:21,43.75,0.00,0.00,18.174,-2.088,-5.827,12.347,16.085,0.00,0.00,0.00,0.00,0.00,0.00,0.00,0.00,0.00,0.00,0.00,0.00,0.00,0.00,0.00,0.00,0.00
20650,DL:0.1.0:AT.1.0.0,2022-3-4 17:48:26,43.75,0.00,0.00,18.169,-2.079,-5.823,12.346,16.090,0.00,0.00,0.00,0.00,0.00,0.00,0.00,0.00,0.00,0.00,0.00,0.00,0.00,0.00,0.00,0.00,0.00
20650,DL:0.1.0:AT.1.0.0,2022-3-4 17:48:31,43.75,0.00,0.00,18.153,-2.060,-5.807,12.346,16.093,0.00,0.00,0.00,0.00,0.00,0.00,0.00,0.00,0.00,0.00,0.00,0.00,0.00,0.00,0.00,0.00,0.00
20650,DL:0.1.0:AT.1.0.0,2022-3-4 17:48:36,43.75,0.00,0.00,18.180,-2.081,-5.836,12.343,16.098,0.00,0.00,0.00,0.00,0.00,0.00,0.00,0.00,0.00,0.00,0.00,0.00,0.00,0.00,0.00,0.00,0.00
20650,DL:0.1.0:AT.1.0.0,2022-3-4 17:48:41,43.75,0.00,0.00,18.184,-2.082,-5.842,12.342,16.102,0.00,0.00,0.00,0.00,0.00,0.00,0.00,0.00,0.00,0.00,0.00,0.00,0.00,0.00,0.00,0.00,0.00
20650,DL:0.1.0:AT.1.0.0,2022-3-4 17:48:46,43.75,0.00,0.00,18.171,-2.064,-5.829,12.342,16.107,0.00,0.00,0.00,0.00,0.00,0.00,0.00,0.00,0.00,0.00,0.00,0.00,0.00,0.00,0.00,0.00,0.00
20650,DL:0.1.0:AT.1.0.0,2022-3-4 17:48:51,43.75,0.00,0.00,18.151,-2.040,-5.811,12.340,16.110,0.00,0.00,0.00,0.00,0.00,0.00,0.00,0.00,0.00,0.00,0.00,0.00,0.00,0.00,0.00,0.00,0.00
20650,DL:0.1.0:AT.1.0.0,2022-3-4 17:48:56,43.75,0.00,0.00,18.164,-2.048,-5.826,12.338,16.116,0.00,0.00,0.00,0.00,0.00,0.00,0.00,0.00,0.00,0.00,0.00,0.00,0.00,0.00,0.00,0.00,0.00
20650,DL:0.1.0:AT.1.0.0,2022-3-4 17:49:1,43.75,0.00,0.00,18.169,-2.049,-5.832,12.337,16.120,0.00,0.00,0.00,0.00,0.00,0.00,0.00,0.00,0.00,0.00,0.00,0.00,0.00,0.00,0.00,0.00,0.00
20650,DL:0.1.0:AT.1.0.0,2022-3-4 17:49:6,43.75,0.00,0.00,18.163,-2.039,-5.826,12.337,16.124,0.00,0.00,0.00,0.00,0.00,0.00,0.00,0.00,0.00,0.00,0.00,0.00,0.00,0.00,0.00,0.00,0.00
20650,DL:0.1.0:AT.1.0.0,2022-3-4 17:49:11,43.75,0.00,0.00,18.172,-2.045,-5.838,12.335,16.127,0.00,0.00,0.00,0.00,0.00,0.00,0.00,0.00,0.00,0.00,0.00,0.00,0.00,0.00,0.00,0.00,0.00
20650,DL:0.1.0:AT.1.0.0,2022-3-4 17:49:16,43.75,0.00,0.00,18.154,-2.024,-5.821,12.334,16.131,0.00,0.00,0.00,0.00,0.00,0.00,0.00,0.00,0.00,0.00,0.00,0.00,0.00,0.00,0.00,0.00,0.00
20650,DL:0.1.0:AT.1.0.0,2022-3-4 17:49:21,43.75,0.00,0.00,18.178,-2.044,-5.845,12.334,16.134,0.00,0.00,0.00,0.00,0.00,0.00,0.00,0.00,0.00,0.00,0.00,0.00,0.00,0.00,0.00,0.00,0.00
20650,DL:0.1.0:AT.1.0.0,2022-3-4 17:49:26,43.75,0.00,0.00,18.178,-2.040,-5.846,12.332,16.138,0.00,0.00,0.00,0.00,0.00,0.00,0.00,0.00,0.00,0.00,0.00,0.00,0.00,0.00,0.00,0.00,0.00
20650,DL:0.1.0:AT.1.0.0,2022-3-4 17:49:31,43.75,0.00,0.00,18.192,-2.051,-5.860,12.331,16.140,0.00,0.00,0.00,0.00,0.00,0.00,0.00,0.00,0.00,0.00,0.00,0.00,0.00,0.00,0.00,0.00,0.00
20650,DL:0.1.0:AT.1.0.0,2022-3-4 17:49:36,43.75,0.00,0.00,18.175,-2.031,-5.845,12.330,16.144,0.00,0.00,0.00,0.00,0.00,0.00,0.00,0.00,0.00,0.00,0.00,0.00,0.00,0.00,0.00,0.00,0.00
20650,DL:0.1.0:AT.1.0.0,2022-3-4 17:49:41,43.75,0.00,0.00,18.180,-2.033,-5.850,12.330,16.146,0.00,0.00,0.00,0.00,0.00,0.00,0.00,0.00,0.00,0.00,0.00,0.00,0.00,0.00,0.00,0.00,0.00
20650,DL:0.1.0:AT.1.0.0,2022-3-4 17:49:46,43.75,0.00,0.00,18.183,-2.033,-5.854,12.329,16.150,0.00,0.00,0.00,0.00,0.00,0.00,0.00,0.00,0.00,0.00,0.00,0.00,0.00,0.00,0.00,0.00,0.00
20650,DL:0.1.0:AT.1.0.0,2022-3-4 17:49:51,43.75,0.00,0.00,18.143,-1.991,-5.817,12.326,16.152,0.00,0.00,0.00,0.00,0.00,0.00,0.00,0.00,0.00,0.00,0.00,0.00,0.00,0.00,0.00,0.00,0.00
20650,DL:0.1.0:AT.1.0.0,2022-3-4 17:49:56,43.75,0.00,0.00,18.183,-2.027,-5.857,12.326,16.156,0.00,0.00,0.00,0.00,0.00,0.00,0.00,0.00,0.00,0.00,0.00,0.00,0.00,0.00,0.00,0.00,0.00
20650,DL:0.1.0:AT.1.0.0,2022-3-4 17:50:1,43.75,0.00,0.00,18.183,-2.024,-5.857,12.326,16.160,0.00,0.00,0.00,0.00,0.00,0.00,0.00,0.00,0.00,0.00,0.00,0.00,0.00,0.00,0.00,0.00,0.00
20650,DL:0.1.0:AT.1.0.0,2022-3-4 17:50:6,43.75,0.00,0.00,18.165,-2.003,-5.841,12.324,16.162,0.00,0.00,0.00,0.00,0.00,0.00,0.00,0.00,0.00,0.00,0.00,0.00,0.00,0.00,0.00,0.00,0.00
20650,DL:0.1.0:AT.1.0.0,2022-3-4 17:50:11,43.75,0.00,0.00,18.169,-2.003,-5.845,12.324,16.166,0.00,0.00,0.00,0.00,0.00,0.00,0.00,0.00,0.00,0.00,0.00,0.00,0.00,0.00,0.00,0.00,0.00
20650,DL:0.1.0:AT.1.0.0,2022-3-4 17:50:16,43.75,0.00,0.00,18.168,-1.998,-5.845,12.323,16.169,0.00,0.00,0.00,0.00,0.00,0.00,0.00,0.00,0.00,0.00,0.00,0.00,0.00,0.00,0.00,0.00,0.00
20650,DL:0.1.0:AT.1.0.0,2022-3-4 17:50:21,43.75,0.00,0.00,18.172,-1.998,-5.851,12.322,16.174,0.00,0.00,0.00,0.00,0.00,0.00,0.00,0.00,0.00,0.00,0.00,0.00,0.00,0.00,0.00,0.00,0.00
20650,DL:0.1.0:AT.1.0.0,2022-3-4 17:50:26,43.75,0.00,0.00,18.164,-1.989,-5.842,12.322,16.175,0.00,0.00,0.00,0.00,0.00,0.00,0.00,0.00,0.00,0.00,0.00,0.00,0.00,0.00,0.00,0.00,0.00
20650,DL:0.1.0:AT.1.0.0,2022-3-4 17:50:31,43.75,0.00,0.00,18.188,-2.009,-5.868,12.320,16.179,0.00,0.00,0.00,0.00,0.00,0.00,0.00,0.00,0.00,0.00,0.00,0.00,0.00,0.00,0.00,0.00,0.00
20650,DL:0.1.0:AT.1.0.0,2022-3-4 17:50:36,43.75,0.00,0.00,18.187,-2.004,-5.868,12.319,16.182,0.00,0.00,0.00,0.00,0.00,0.00,0.00,0.00,0.00,0.00,0.00,0.00,0.00,0.00,0.00,0.00,0.00
20650,DL:0.1.0:AT.1.0.0,2022-3-4 17:50:41,43.75,0.00,0.00,18.155,-1.971,-5.838,12.318,16.185,0.00,0.00,0.00,0.00,0.00,0.00,0.00,0.00,0.00,0.00,0.00,0.00,0.00,0.00,0.00,0.00,0.00
20650,DL:0.1.0:AT.1.0.0,2022-3-4 17:50:46,43.75,0.00,0.00,18.166,-1.979,-5.850,12.317,16.187,0.00,0.00,0.00,0.00,0.00,0.00,0.00,0.00,0.00,0.00,0.00,0.00,0.00,0.00,0.00,0.00,0.00
20650,DL:0.1.0:AT.1.0.0,2022-3-4 17:50:51,43.75,0.00,0.00,18.177,-1.986,-5.860,12.317,16.191,0.00,0.00,0.00,0.00,0.00,0.00,0.00,0.00,0.00,0.00,0.00,0.00,0.00,0.00,0.00,0.00,0.00
20650,DL:0.1.0:AT.1.0.0,2022-3-4 17:50:56,43.75,0.00,0.00,18.159,-1.966,-5.844,12.316,16.193,0.00,0.00,0.00,0.00,0.00,0.00,0.00,0.00,0.00,0.00,0.00,0.00,0.00,0.00,0.00,0.00,0.00
20650,DL:0.1.0:AT.1.0.0,2022-3-4 17:51:1,43.75,0.00,0.00,18.143,-1.948,-5.829,12.314,16.196,0.00,0.00,0.00,0.00,0.00,0.00,0.00,0.00,0.00,0.00,0.00,0.00,0.00,0.00,0.00,0.00,0.00
20650,DL:0.1.0:AT.1.0.0,2022-3-4 17:51:7,43.75,0.00,0.00,18.195,-1.997,-5.881,12.314,16.198,0.00,0.00,0.00,0.00,0.00,0.00,0.00,0.00,0.00,0.00,0.00,0.00,0.00,0.00,0.00,0.00,0.00
20650,DL:0.1.0:AT.1.0.0,2022-3-4 17:51:12,43.75,0.00,0.00,18.157,-1.955,-5.842,12.314,16.202,0.00,0.00,0.00,0.00,0.00,0.00,0.00,0.00,0.00,0.00,0.00,0.00,0.00,0.00,0.00,0.00,0.00
20650,DL:0.1.0:AT.1.0.0,2022-3-4 17:51:17,43.75,0.00,0.00,18.157,-1.951,-5.844,12.313,16.205,0.00,0.00,0.00,0.00,0.00,0.00,0.00,0.00,0.00,0.00,0.00,0.00,0.00,0.00,0.00,0.00,0.00
20650,DL:0.1.0:AT.1.0.0,2022-3-4 17:51:22,43.75,0.00,0.00,18.175,-1.967,-5.863,12.312,16.208,0.00,0.00,0.00,0.00,0.00,0.00,0.00,0.00,0.00,0.00,0.00,0.00,0.00,0.00,0.00,0.00,0.00
20650,DL:0.1.0:AT.1.0.0,2022-3-4 17:51:27,43.75,0.00,0.00,18.192,-1.981,-5.881,12.311,16.210,0.00,0.00,0.00,0.00,0.00,0.00,0.00,0.00,0.00,0.00,0.00,0.00,0.00,0.00,0.00,0.00,0.00
20650,DL:0.1.0:AT.1.0.0,2022-3-4 17:51:32,43.75,0.00,0.00,18.158,-1.945,-5.848,12.310,16.212,0.00,0.00,0.00,0.00,0.00,0.00,0.00,0.00,0.00,0.00,0.00,0.00,0.00,0.00,0.00,0.00,0.00
20650,DL:0.1.0:AT.1.0.0,2022-3-4 17:51:37,43.75,0.00,0.00,18.165,-1.951,-5.857,12.308,16.214,0.00,0.00,0.00,0.00,0.00,0.00,0.00,0.00,0.00,0.00,0.00,0.00,0.00,0.00,0.00,0.00,0.00
20650,DL:0.1.0:AT.1.0.0,2022-3-4 17:51:42,43.75,0.00,0.00,18.174,-1.959,-5.865,12.308,16.215,0.00,0.00,0.00,0.00,0.00,0.00,0.00,0.00,0.00,0.00,0.00,0.00,0.00,0.00,0.00,0.00,0.00
20650,DL:0.1.0:AT.1.0.0,2022-3-4 17:51:47,43.75,0.00,0.00,18.161,-1.945,-5.853,12.308,16.216,0.00,0.00,0.00,0.00,0.00,0.00,0.00,0.00,0.00,0.00,0.00,0.00,0.00,0.00,0.00,0.00,0.00
20650,DL:0.1.0:AT.1.0.0,2022-3-4 17:51:52,43.75,0.00,0.00,18.166,-1.948,-5.859,12.307,16.218,0.00,0.00,0.00,0.00,0.00,0.00,0.00,0.00,0.00,0.00,0.00,0.00,0.00,0.00,0.00,0.00,0.00
20650,DL:0.1.0:AT.1.0.0,2022-3-4 17:51:57,43.75,0.00,0.00,18.154,-1.935,-5.850,12.305,16.220,0.00,0.00,0.00,0.00,0.00,0.00,0.00,0.00,0.00,0.00,0.00,0.00,0.00,0.00,0.00,0.00,0.00
20650,DL:0.1.0:AT.1.0.0,2022-3-4 17:52:2,43.50,0.00,0.00,18.166,-1.945,-5.862,12.305,16.221,0.00,0.00,0.00,0.00,0.00,0.00,0.00,0.00,0.00,0.00,0.00,0.00,0.00,0.00,0.00,0.00,0.00
20650,DL:0.1.0:AT.1.0.0,2022-3-4 17:52:7,43.50,0.00,0.00,18.131,-1.909,-5.827,12.305,16.222,0.00,0.00,0.00,0.00,0.00,0.00,0.00,0.00,0.00,0.00,0.00,0.00,0.00,0.00,0.00,0.00,0.00
20650,DL:0.1.0:AT.1.0.0,2022-3-4 17:52:12,43.50,0.00,0.00,18.155,-1.931,-5.852,12.304,16.224,0.00,0.00,0.00,0.00,0.00,0.00,0.00,0.00,0.00,0.00,0.00,0.00,0.00,0.00,0.00,0.00,0.00
20650,DL:0.1.0:AT.1.0.0,2022-3-4 17:52:17,43.50,0.00,0.00,18.169,-1.944,-5.866,12.302,16.224,0.00,0.00,0.00,0.00,0.00,0.00,0.00,0.00,0.00,0.00,0.00,0.00,0.00,0.00,0.00,0.00,0.00
20650,DL:0.1.0:AT.1.0.0,2022-3-4 17:52:22,43.50,0.00,0.00,18.163,-1.937,-5.860,12.302,16.226,0.00,0.00,0.00,0.00,0.00,0.00,0.00,0.00,0.00,0.00,0.00,0.00,0.00,0.00,0.00,0.00,0.00
20650,DL:0.1.0:AT.1.0.0,2022-3-4 17:52:27,43.50,0.00,0.00,18.157,-1.931,-5.857,12.300,16.226,0.00,0.00,0.00,0.00,0.00,0.00,0.00,0.00,0.00,0.00,0.00,0.00,0.00,0.00,0.00,0.00,0.00
20650,DL:0.1.0:AT.1.0.0,2022-3-4 17:52:32,43.50,0.00,0.00,18.182,-1.956,-5.881,12.301,16.226,0.00,0.00,0.00,0.00,0.00,0.00,0.00,0.00,0.00,0.00,0.00,0.00,0.00,0.00,0.00,0.00,0.00
20650,DL:0.1.0:AT.1.0.0,2022-3-4 17:52:37,43.50,0.00,0.00,18.160,-1.933,-5.862,12.299,16.227,0.00,0.00,0.00,0.00,0.00,0.00,0.00,0.00,0.00,0.00,0.00,0.00,0.00,0.00,0.00,0.00,0.00
20650,DL:0.1.0:AT.1.0.0,2022-3-4 17:52:42,43.50,0.00,0.00,18.174,-1.944,-5.875,12.299,16.229,0.00,0.00,0.00,0.00,0.00,0.00,0.00,0.00,0.00,0.00,0.00,0.00,0.00,0.00,0.00,0.00,0.00
20650,DL:0.1.0:AT.1.0.0,2022-3-4 17:52:47,43.50,0.00,0.00,18.154,-1.925,-5.857,12.298,16.229,0.00,0.00,0.00,0.00,0.00,0.00,0.00,0.00,0.00,0.00,0.00,0.00,0.00,0.00,0.00,0.00,0.00
20650,DL:0.1.0:AT.1.0.0,2022-3-4 17:52:52,43.50,0.00,0.00,18.164,-1.933,-5.866,12.298,16.230,0.00,0.00,0.00,0.00,0.00,0.00,0.00,0.00,0.00,0.00,0.00,0.00,0.00,0.00,0.00,0.00,0.00
20650,DL:0.1.0:AT.1.0.0,2022-3-4 17:52:57,43.50,0.00,0.00,18.159,-1.927,-5.863,12.296,16.232,0.00,0.00,0.00,0.00,0.00,0.00,0.00,0.00,0.00,0.00,0.00,0.00,0.00,0.00,0.00,0.00,0.00
20650,DL:0.1.0:AT.1.0.0,2022-3-4 17:53:2,43.50,0.00,0.00,18.147,-1.914,-5.850,12.298,16.233,0.00,0.00,0.00,0.00,0.00,0.00,0.00,0.00,0.00,0.00,0.00,0.00,0.00,0.00,0.00,0.00,0.00
20650,DL:0.1.0:AT.1.0.0,2022-3-4 17:53:7,43.50,0.00,0.00,18.169,-1.935,-5.872,12.296,16.234,0.00,0.00,0.00,0.00,0.00,0.00,0.00,0.00,0.00,0.00,0.00,0.00,0.00,0.00,0.00,0.00,0.00
20650,DL:0.1.0:AT.1.0.0,2022-3-4 17:53:12,43.50,0.00,0.00,18.129,-1.894,-5.834,12.295,16.235,0.00,0.00,0.00,0.00,0.00,0.00,0.00,0.00,0.00,0.00,0.00,0.00,0.00,0.00,0.00,0.00,0.00
20650,DL:0.1.0:AT.1.0.0,2022-3-4 17:53:17,43.50,0.00,0.00,18.139,-1.903,-5.844,12.295,16.235,0.00,0.00,0.00,0.00,0.00,0.00,0.00,0.00,0.00,0.00,0.00,0.00,0.00,0.00,0.00,0.00,0.00
20650,DL:0.1.0:AT.1.0.0,2022-3-4 17:53:22,43.50,0.00,0.00,18.187,-1.950,-5.893,12.294,16.236,0.00,0.00,0.00,0.00,0.00,0.00,0.00,0.00,0.00,0.00,0.00,0.00,0.00,0.00,0.00,0.00,0.00
20650,DL:0.1.0:AT.1.0.0,2022-3-4 17:53:27,43.50,0.00,0.00,18.188,-1.950,-5.894,12.294,16.238,0.00,0.00,0.00,0.00,0.00,0.00,0.00,0.00,0.00,0.00,0.00,0.00,0.00,0.00,0.00,0.00,0.00
20650,DL:0.1.0:AT.1.0.0,2022-3-4 17:53:32,43.50,0.00,0.00,18.146,-1.908,-5.853,12.293,16.238,0.00,0.00,0.00,0.00,0.00,0.00,0.00,0.00,0.00,0.00,0.00,0.00,0.00,0.00,0.00,0.00,0.00
20650,DL:0.1.0:AT.1.0.0,2022-3-4 17:53:37,43.50,0.00,0.00,18.158,-1.919,-5.866,12.292,16.239,0.00,0.00,0.00,0.00,0.00,0.00,0.00,0.00,0.00,0.00,0.00,0.00,0.00,0.00,0.00,0.00,0.00
20650,DL:0.1.0:AT.1.0.0,2022-3-4 17:53:42,43.50,0.00,0.00,18.158,-1.919,-5.866,12.292,16.239,0.00,0.00,0.00,0.00,0.00,0.00,0.00,0.00,0.00,0.00,0.00,0.00,0.00,0.00,0.00,0.00,0.00
20650,DL:0.1.0:AT.1.0.0,2022-3-4 17:53:47,43.50,0.00,0.00,18.134,-1.894,-5.844,12.290,16.240,0.00,0.00,0.00,0.00,0.00,0.00,0.00,0.00,0.00,0.00,0.00,0.00,0.00,0.00,0.00,0.00,0.00
20650,DL:0.1.0:AT.1.0.0,2022-3-4 17:53:52,43.50,0.00,0.00,18.143,-1.903,-5.854,12.289,16.240,0.00,0.00,0.00,0.00,0.00,0.00,0.00,0.00,0.00,0.00,0.00,0.00,0.00,0.00,0.00,0.00,0.00
20650,DL:0.1.0:AT.1.0.0,2022-3-4 17:53:57,43.50,0.00,0.00,18.147,-1.906,-5.858,12.289,16.241,0.00,0.00,0.00,0.00,0.00,0.00,0.00,0.00,0.00,0.00,0.00,0.00,0.00,0.00,0.00,0.00,0.00
20650,DL:0.1.0:AT.1.0.0,2022-3-4 17:54:2,43.50,0.00,0.00,18.171,-1.930,-5.883,12.288,16.241,0.00,0.00,0.00,0.00,0.00,0.00,0.00,0.00,0.00,0.00,0.00,0.00,0.00,0.00,0.00,0.00,0.00
20650,DL:0.1.0:AT.1.0.0,2022-3-4 17:54:7,43.50,0.00,0.00,18.148,-1.907,-5.860,12.288,16.241,0.00,0.00,0.00,0.00,0.00,0.00,0.00,0.00,0.00,0.00,0.00,0.00,0.00,0.00,0.00,0.00,0.00
20650,DL:0.1.0:AT.1.0.0,2022-3-4 17:54:12,43.50,0.00,0.00,18.129,-1.885,-5.842,12.287,16.244,0.00,0.00,0.00,0.00,0.00,0.00,0.00,0.00,0.00,0.00,0.00,0.00,0.00,0.00,0.00,0.00,0.00
20650,DL:0.1.0:AT.1.0.0,2022-3-4 17:54:17,43.50,0.00,0.00,18.172,-1.929,-5.887,12.286,16.244,0.00,0.00,0.00,0.00,0.00,0.00,0.00,0.00,0.00,0.00,0.00,0.00,0.00,0.00,0.00,0.00,0.00
20650,DL:0.1.0:AT.1.0.0,2022-3-4 17:54:22,43.50,0.00,0.00,18.141,-1.895,-5.856,12.286,16.246,0.00,0.00,0.00,0.00,0.00,0.00,0.00,0.00,0.00,0.00,0.00,0.00,0.00,0.00,0.00,0.00,0.00
20650,DL:0.1.0:AT.1.0.0,2022-3-4 17:54:27,43.50,0.00,0.00,18.099,-1.852,-5.814,12.286,16.247,0.00,0.00,0.00,0.00,0.00,0.00,0.00,0.00,0.00,0.00,0.00,0.00,0.00,0.00,0.00,0.00,0.00
20650,DL:0.1.0:AT.1.0.0,2022-3-4 17:54:32,43.50,0.00,0.00,18.104,-1.853,-5.818,12.286,16.251,0.00,0.00,0.00,0.00,0.00,0.00,0.00,0.00,0.00,0.00,0.00,0.00,0.00,0.00,0.00,0.00,0.00
20650,DL:0.1.0:AT.1.0.0,2022-3-4 17:54:37,43.50,0.00,0.00,18.133,-1.881,-5.850,12.283,16.252,0.00,0.00,0.00,0.00,0.00,0.00,0.00,0.00,0.00,0.00,0.00,0.00,0.00,0.00,0.00,0.00,0.00
20650,DL:0.1.0:AT.1.0.0,2022-3-4 17:54:42,43.50,0.00,0.00,18.135,-1.881,-5.851,12.284,16.255,0.00,0.00,0.00,0.00,0.00,0.00,0.00,0.00,0.00,0.00,0.00,0.00,0.00,0.00,0.00,0.00,0.00
20650,DL:0.1.0:AT.1.0.0,2022-3-4 17:54:47,43.50,0.00,0.00,18.130,-1.875,-5.848,12.282,16.256,0.00,0.00,0.00,0.00,0.00,0.00,0.00,0.00,0.00,0.00,0.00,0.00,0.00,0.00,0.00,0.00,0.00
20650,DL:0.1.0:AT.1.0.0,2022-3-4 17:54:54,43.50,0.00,0.00,18.146,-1.887,-5.864,12.282,16.259,0.00,0.00,0.00,0.00,0.00,0.00,0.00,0.00,0.00,0.00,0.00,0.00,0.00,0.00,0.00,0.00,0.00
20650,DL:0.1.0:AT.1.0.0,2022-3-4 17:54:59,43.50,0.00,0.00,18.124,-1.863,-5.844,12.281,16.262,0.00,0.00,0.00,0.00,0.00,0.00,0.00,0.00,0.00,0.00,0.00,0.00,0.00,0.00,0.00,0.00,0.00
20650,DL:0.1.0:AT.1.0.0,2022-3-4 17:55:4,43.50,0.00,0.00,18.123,-1.860,-5.844,12.280,16.263,0.00,0.00,0.00,0.00,0.00,0.00,0.00,0.00,0.00,0.00,0.00,0.00,0.00,0.00,0.00,0.00,0.00
20650,DL:0.1.0:AT.1.0.0,2022-3-4 17:55:9,43.50,0.00,0.00,18.127,-1.860,-5.847,12.280,16.267,0.00,0.00,0.00,0.00,0.00,0.00,0.00,0.00,0.00,0.00,0.00,0.00,0.00,0.00,0.00,0.00,0.00
20650,DL:0.1.0:AT.1.0.0,2022-3-4 17:55:14,43.50,0.00,0.00,18.127,-1.858,-5.848,12.278,16.269,0.00,0.00,0.00,0.00,0.00,0.00,0.00,0.00,0.00,0.00,0.00,0.00,0.00,0.00,0.00,0.00,0.00
20650,DL:0.1.0:AT.1.0.0,2022-3-4 17:55:19,43.50,0.00,0.00,18.083,-1.813,-5.805,12.278,16.270,0.00,0.00,0.00,0.00,0.00,0.00,0.00,0.00,0.00,0.00,0.00,0.00,0.00,0.00,0.00,0.00,0.00
20650,DL:0.1.0:AT.1.0.0,2022-3-4 17:55:25,43.50,0.00,0.00,18.127,-1.855,-5.848,12.278,16.271,0.00,0.00,0.00,0.00,0.00,0.00,0.00,0.00,0.00,0.00,0.00,0.00,0.00,0.00,0.00,0.00,0.00
20650,DL:0.1.0:AT.1.0.0,2022-3-4 17:55:30,43.50,0.00,0.00,18.127,-1.854,-5.850,12.277,16.273,0.00,0.00,0.00,0.00,0.00,0.00,0.00,0.00,0.00,0.00,0.00,0.00,0.00,0.00,0.00,0.00,0.00
20650,DL:0.1.0:AT.1.0.0,2022-3-4 17:55:35,43.50,0.00,0.00,18.133,-1.859,-5.856,12.277,16.274,0.00,0.00,0.00,0.00,0.00,0.00,0.00,0.00,0.00,0.00,0.00,0.00,0.00,0.00,0.00,0.00,0.00
20650,DL:0.1.0:AT.1.0.0,2022-3-4 17:55:40,43.50,0.00,0.00,18.154,-1.879,-5.877,12.277,16.275,0.00,0.00,0.00,0.00,0.00,0.00,0.00,0.00,0.00,0.00,0.00,0.00,0.00,0.00,0.00,0.00,0.00
20650,DL:0.1.0:AT.1.0.0,2022-3-4 17:55:45,43.50,0.00,0.00,18.113,-1.837,-5.838,12.276,16.276,0.00,0.00,0.00,0.00,0.00,0.00,0.00,0.00,0.00,0.00,0.00,0.00,0.00,0.00,0.00,0.00,0.00
20650,DL:0.1.0:AT.1.0.0,2022-3-4 17:55:50,43.50,0.00,0.00,18.137,-1.860,-5.863,12.275,16.277,0.00,0.00,0.00,0.00,0.00,0.00,0.00,0.00,0.00,0.00,0.00,0.00,0.00,0.00,0.00,0.00,0.00
20650,DL:0.1.0:AT.1.0.0,2022-3-4 17:55:55,43.50,0.00,0.00,18.152,-1.875,-5.877,12.275,16.277,0.00,0.00,0.00,0.00,0.00,0.00,0.00,0.00,0.00,0.00,0.00,0.00,0.00,0.00,0.00,0.00,0.00
20650,DL:0.1.0:AT.1.0.0,2022-3-4 17:56:0,43.50,0.00,0.00,18.136,-1.858,-5.862,12.275,16.279,0.00,0.00,0.00,0.00,0.00,0.00,0.00,0.00,0.00,0.00,0.00,0.00,0.00,0.00,0.00,0.00,0.00
20650,DL:0.1.0:AT.1.0.0,2022-3-4 17:56:5,43.50,0.00,0.00,18.128,-1.848,-5.854,12.273,16.280,0.00,0.00,0.00,0.00,0.00,0.00,0.00,0.00,0.00,0.00,0.00,0.00,0.00,0.00,0.00,0.00,0.00
20650,DL:0.1.0:AT.1.0.0,2022-3-4 17:56:10,43.50,0.00,0.00,18.130,-1.851,-5.857,12.273,16.280,0.00,0.00,0.00,0.00,0.00,0.00,0.00,0.00,0.00,0.00,0.00,0.00,0.00,0.00,0.00,0.00,0.00
20650,DL:0.1.0:AT.1.0.0,2022-3-4 17:56:15,43.50,0.00,0.00,18.143,-1.863,-5.870,12.273,16.281,0.00,0.00,0.00,0.00,0.00,0.00,0.00,0.00,0.00,0.00,0.00,0.00,0.00,0.00,0.00,0.00,0.00
20650,DL:0.1.0:AT.1.0.0,2022-3-4 17:56:20,43.50,0.00,0.00,18.159,-1.877,-5.886,12.273,16.282,0.00,0.00,0.00,0.00,0.00,0.00,0.00,0.00,0.00,0.00,0.00,0.00,0.00,0.00,0.00,0.00,0.00
20650,DL:0.1.0:AT.1.0.0,2022-3-4 17:56:25,43.50,0.00,0.00,18.143,-1.860,-5.871,12.272,16.283,0.00,0.00,0.00,0.00,0.00,0.00,0.00,0.00,0.00,0.00,0.00,0.00,0.00,0.00,0.00,0.00,0.00
20650,DL:0.1.0:AT.1.0.0,2022-3-4 17:56:30,43.50,0.00,0.00,18.145,-1.861,-5.872,12.272,16.283,0.00,0.00,0.00,0.00,0.00,0.00,0.00,0.00,0.00,0.00,0.00,0.00,0.00,0.00,0.00,0.00,0.00
20650,DL:0.1.0:AT.1.0.0,2022-3-4 17:56:35,43.50,0.00,0.00,18.140,-1.857,-5.868,12.272,16.283,0.00,0.00,0.00,0.00,0.00,0.00,0.00,0.00,0.00,0.00,0.00,0.00,0.00,0.00,0.00,0.00,0.00
20650,DL:0.1.0:AT.1.0.0,2022-3-4 17:56:40,43.50,0.00,0.00,18.143,-1.860,-5.872,12.271,16.283,0.00,0.00,0.00,0.00,0.00,0.00,0.00,0.00,0.00,0.00,0.00,0.00,0.00,0.00,0.00,0.00,0.00
20650,DL:0.1.0:AT.1.0.0,2022-3-4 17:56:45,43.50,0.00,0.00,18.143,-1.859,-5.874,12.270,16.285,0.00,0.00,0.00,0.00,0.00,0.00,0.00,0.00,0.00,0.00,0.00,0.00,0.00,0.00,0.00,0.00,0.00
20650,DL:0.1.0:AT.1.0.0,2022-3-4 17:56:50,43.50,0.00,0.00,18.128,-1.843,-5.858,12.270,16.285,0.00,0.00,0.00,0.00,0.00,0.00,0.00,0.00,0.00,0.00,0.00,0.00,0.00,0.00,0.00,0.00,0.00
20650,DL:0.1.0:AT.1.0.0,2022-3-4 17:56:55,43.50,0.00,0.00,18.146,-1.860,-5.876,12.270,16.286,0.00,0.00,0.00,0.00,0.00,0.00,0.00,0.00,0.00,0.00,0.00,0.00,0.00,0.00,0.00,0.00,0.00
20650,DL:0.1.0:AT.1.0.0,2022-3-4 17:57:0,43.50,0.00,0.00,18.155,-1.870,-5.887,12.269,16.286,0.00,0.00,0.00,0.00,0.00,0.00,0.00,0.00,0.00,0.00,0.00,0.00,0.00,0.00,0.00,0.00,0.00
20650,DL:0.1.0:AT.1.0.0,2022-3-4 17:57:5,43.50,0.00,0.00,18.119,-1.834,-5.852,12.267,16.286,0.00,0.00,0.00,0.00,0.00,0.00,0.00,0.00,0.00,0.00,0.00,0.00,0.00,0.00,0.00,0.00,0.00
20650,DL:0.1.0:AT.1.0.0,2022-3-4 17:57:10,43.50,0.00,0.00,18.129,-1.843,-5.862,12.267,16.286,0.00,0.00,0.00,0.00,0.00,0.00,0.00,0.00,0.00,0.00,0.00,0.00,0.00,0.00,0.00,0.00,0.00
20650,DL:0.1.0:AT.1.0.0,2022-3-4 17:57:15,43.50,0.00,0.00,18.137,-1.851,-5.871,12.266,16.287,0.00,0.00,0.00,0.00,0.00,0.00,0.00,0.00,0.00,0.00,0.00,0.00,0.00,0.00,0.00,0.00,0.00
20650,DL:0.1.0:AT.1.0.0,2022-3-4 17:57:20,43.50,0.00,0.00,18.147,-1.861,-5.882,12.265,16.286,0.00,0.00,0.00,0.00,0.00,0.00,0.00,0.00,0.00,0.00,0.00,0.00,0.00,0.00,0.00,0.00,0.00
20650,DL:0.1.0:AT.1.0.0,2022-3-4 17:57:25,43.50,0.00,0.00,18.163,-1.876,-5.898,12.265,16.287,0.00,0.00,0.00,0.00,0.00,0.00,0.00,0.00,0.00,0.00,0.00,0.00,0.00,0.00,0.00,0.00,0.00
20650,DL:0.1.0:AT.1.0.0,2022-3-4 17:57:30,43.50,0.00,0.00,18.130,-1.842,-5.865,12.265,16.288,0.00,0.00,0.00,0.00,0.00,0.00,0.00,0.00,0.00,0.00,0.00,0.00,0.00,0.00,0.00,0.00,0.00
20650,DL:0.1.0:AT.1.0.0,2022-3-4 17:57:35,43.50,0.00,0.00,18.151,-1.864,-5.887,12.264,16.287,0.00,0.00,0.00,0.00,0.00,0.00,0.00,0.00,0.00,0.00,0.00,0.00,0.00,0.00,0.00,0.00,0.00
20650,DL:0.1.0:AT.1.0.0,2022-3-4 17:57:40,43.50,0.00,0.00,18.146,-1.858,-5.881,12.265,16.288,0.00,0.00,0.00,0.00,0.00,0.00,0.00,0.00,0.00,0.00,0.00,0.00,0.00,0.00,0.00,0.00,0.00
20650,DL:0.1.0:AT.1.0.0,2022-3-4 17:57:45,43.50,0.00,0.00,18.159,-1.870,-5.896,12.263,16.289,0.00,0.00,0.00,0.00,0.00,0.00,0.00,0.00,0.00,0.00,0.00,0.00,0.00,0.00,0.00,0.00,0.00
20650,DL:0.1.0:AT.1.0.0,2022-3-4 17:57:50,43.50,0.00,0.00,18.163,-1.873,-5.900,12.263,16.289,0.00,0.00,0.00,0.00,0.00,0.00,0.00,0.00,0.00,0.00,0.00,0.00,0.00,0.00,0.00,0.00,0.00
20650,DL:0.1.0:AT.1.0.0,2022-3-4 17:57:55,43.50,0.00,0.00,18.137,-1.848,-5.875,12.263,16.289,0.00,0.00,0.00,0.00,0.00,0.00,0.00,0.00,0.00,0.00,0.00,0.00,0.00,0.00,0.00,0.00,0.00
20650,DL:0.1.0:AT.1.0.0,2022-3-4 17:58:0,43.50,0.00,0.00,18.146,-1.855,-5.883,12.263,16.291,0.00,0.00,0.00,0.00,0.00,0.00,0.00,0.00,0.00,0.00,0.00,0.00,0.00,0.00,0.00,0.00,0.00
20650,DL:0.1.0:AT.1.0.0,2022-3-4 17:58:5,43.50,0.00,0.00,18.125,-1.834,-5.863,12.263,16.292,0.00,0.00,0.00,0.00,0.00,0.00,0.00,0.00,0.00,0.00,0.00,0.00,0.00,0.00,0.00,0.00,0.00
20650,DL:0.1.0:AT.1.0.0,2022-3-4 17:58:10,43.50,0.00,0.00,18.153,-1.859,-5.890,12.263,16.294,0.00,0.00,0.00,0.00,0.00,0.00,0.00,0.00,0.00,0.00,0.00,0.00,0.00,0.00,0.00,0.00,0.00
20650,DL:0.1.0:AT.1.0.0,2022-3-4 17:58:15,43.50,0.00,0.00,18.139,-1.845,-5.876,12.263,16.294,0.00,0.00,0.00,0.00,0.00,0.00,0.00,0.00,0.00,0.00,0.00,0.00,0.00,0.00,0.00,0.00,0.00
20650,DL:0.1.0:AT.1.0.0,2022-3-4 17:58:20,43.50,0.00,0.00,18.147,-1.853,-5.884,12.263,16.294,0.00,0.00,0.00,0.00,0.00,0.00,0.00,0.00,0.00,0.00,0.00,0.00,0.00,0.00,0.00,0.00,0.00
20650,DL:0.1.0:AT.1.0.0,2022-3-4 17:58:25,43.50,0.00,0.00,18.158,-1.864,-5.896,12.261,16.294,0.00,0.00,0.00,0.00,0.00,0.00,0.00,0.00,0.00,0.00,0.00,0.00,0.00,0.00,0.00,0.00,0.00
20650,DL:0.1.0:AT.1.0.0,2022-3-4 17:58:30,43.50,0.00,0.00,18.160,-1.866,-5.899,12.261,16.294,0.00,0.00,0.00,0.00,0.00,0.00,0.00,0.00,0.00,0.00,0.00,0.00,0.00,0.00,0.00,0.00,0.00
20650,DL:0.1.0:AT.1.0.0,2022-3-4 17:58:35,43.50,0.00,0.00,18.154,-1.859,-5.894,12.260,16.295,0.00,0.00,0.00,0.00,0.00,0.00,0.00,0.00,0.00,0.00,0.00,0.00,0.00,0.00,0.00,0.00,0.00
20650,DL:0.1.0:AT.1.0.0,2022-3-4 17:58:40,43.50,0.00,0.00,18.166,-1.871,-5.906,12.260,16.295,0.00,0.00,0.00,0.00,0.00,0.00,0.00,0.00,0.00,0.00,0.00,0.00,0.00,0.00,0.00,0.00,0.00
20650,DL:0.1.0:AT.1.0.0,2022-3-4 17:58:45,43.50,0.00,0.00,18.161,-1.866,-5.900,12.261,16.295,0.00,0.00,0.00,0.00,0.00,0.00,0.00,0.00,0.00,0.00,0.00,0.00,0.00,0.00,0.00,0.00,0.00
20650,DL:0.1.0:AT.1.0.0,2022-3-4 17:58:50,43.50,0.00,0.00,18.165,-1.870,-5.905,12.260,16.295,0.00,0.00,0.00,0.00,0.00,0.00,0.00,0.00,0.00,0.00,0.00,0.00,0.00,0.00,0.00,0.00,0.00
20650,DL:0.1.0:AT.1.0.0,2022-3-4 17:58:55,43.50,0.00,0.00,18.149,-1.854,-5.890,12.259,16.295,0.00,0.00,0.00,0.00,0.00,0.00,0.00,0.00,0.00,0.00,0.00,0.00,0.00,0.00,0.00,0.00,0.00
20650,DL:0.1.0:AT.1.0.0,2022-3-4 17:59:0,43.50,0.00,0.00,18.147,-1.852,-5.889,12.258,16.295,0.00,0.00,0.00,0.00,0.00,0.00,0.00,0.00,0.00,0.00,0.00,0.00,0.00,0.00,0.00,0.00,0.00
20650,DL:0.1.0:AT.1.0.0,2022-3-4 17:59:5,43.50,0.00,0.00,18.146,-1.852,-5.888,12.258,16.294,0.00,0.00,0.00,0.00,0.00,0.00,0.00,0.00,0.00,0.00,0.00,0.00,0.00,0.00,0.00,0.00,0.00
20650,DL:0.1.0:AT.1.0.0,2022-3-4 17:59:10,43.50,0.00,0.00,18.128,-1.832,-5.870,12.258,16.295,0.00,0.00,0.00,0.00,0.00,0.00,0.00,0.00,0.00,0.00,0.00,0.00,0.00,0.00,0.00,0.00,0.00
20650,DL:0.1.0:AT.1.0.0,2022-3-4 17:59:16,43.50,0.00,0.00,18.125,-1.830,-5.868,12.258,16.295,0.00,0.00,0.00,0.00,0.00,0.00,0.00,0.00,0.00,0.00,0.00,0.00,0.00,0.00,0.00,0.00,0.00
20650,DL:0.1.0:AT.1.0.0,2022-3-4 17:59:21,43.50,0.00,0.00,18.130,-1.836,-5.874,12.257,16.294,0.00,0.00,0.00,0.00,0.00,0.00,0.00,0.00,0.00,0.00,0.00,0.00,0.00,0.00,0.00,0.00,0.00
20650,DL:0.1.0:AT.1.0.0,2022-3-4 17:59:26,43.50,0.00,0.00,18.147,-1.852,-5.890,12.257,16.295,0.00,0.00,0.00,0.00,0.00,0.00,0.00,0.00,0.00,0.00,0.00,0.00,0.00,0.00,0.00,0.00,0.00
20650,DL:0.1.0:AT.1.0.0,2022-3-4 17:59:31,43.50,0.00,0.00,18.143,-1.849,-5.887,12.257,16.294,0.00,0.00,0.00,0.00,0.00,0.00,0.00,0.00,0.00,0.00,0.00,0.00,0.00,0.00,0.00,0.00,0.00
20650,DL:0.1.0:AT.1.0.0,2022-3-4 17:59:36,43.50,0.00,0.00,18.151,-1.857,-5.895,12.255,16.294,0.00,0.00,0.00,0.00,0.00,0.00,0.00,0.00,0.00,0.00,0.00,0.00,0.00,0.00,0.00,0.00,0.00
20650,DL:0.1.0:AT.1.0.0,2022-3-4 17:59:41,43.50,0.00,0.00,18.122,-1.829,-5.865,12.257,16.293,0.00,0.00,0.00,0.00,0.00,0.00,0.00,0.00,0.00,0.00,0.00,0.00,0.00,0.00,0.00,0.00,0.00
20650,DL:0.1.0:AT.1.0.0,2022-3-4 17:59:46,43.50,0.00,0.00,18.130,-1.837,-5.875,12.255,16.293,0.00,0.00,0.00,0.00,0.00,0.00,0.00,0.00,0.00,0.00,0.00,0.00,0.00,0.00,0.00,0.00,0.00
20650,DL:0.1.0:AT.1.0.0,2022-3-4 17:59:51,43.50,0.00,0.00,18.130,-1.837,-5.875,12.255,16.293,0.00,0.00,0.00,0.00,0.00,0.00,0.00,0.00,0.00,0.00,0.00,0.00,0.00,0.00,0.00,0.00,0.00
20650,DL:0.1.0:AT.1.0.0,2022-3-4 17:59:56,43.50,0.00,0.00,18.101,-1.808,-5.847,12.254,16.293,0.00,0.00,0.00,0.00,0.00,0.00,0.00,0.00,0.00,0.00,0.00,0.00,0.00,0.00,0.00,0.00,0.00
20650,DL:0.1.0:AT.1.0.0,2022-3-4 18:0:1,43.50,0.00,0.00,18.117,-1.824,-5.863,12.254,16.293,0.00,0.00,0.00,0.00,0.00,0.00,0.00,0.00,0.00,0.00,0.00,0.00,0.00,0.00,0.00,0.00,0.00
20650,DL:0.1.0:AT.1.0.0,2022-3-4 18:0:6,43.50,0.00,0.00,18.123,-1.831,-5.870,12.253,16.292,0.00,0.00,0.00,0.00,0.00,0.00,0.00,0.00,0.00,0.00,0.00,0.00,0.00,0.00,0.00,0.00,0.00
20650,DL:0.1.0:AT.1.0.0,2022-3-4 18:0:11,43.50,0.00,0.00,18.145,-1.853,-5.892,12.253,16.292,0.00,0.00,0.00,0.00,0.00,0.00,0.00,0.00,0.00,0.00,0.00,0.00,0.00,0.00,0.00,0.00,0.00
20650,DL:0.1.0:AT.1.0.0,2022-3-4 18:0:16,43.50,0.00,0.00,18.127,-1.836,-5.874,12.253,16.291,0.00,0.00,0.00,0.00,0.00,0.00,0.00,0.00,0.00,0.00,0.00,0.00,0.00,0.00,0.00,0.00,0.00
20650,DL:0.1.0:AT.1.0.0,2022-3-4 18:0:21,43.50,0.00,0.00,18.116,-1.825,-5.864,12.252,16.291,0.00,0.00,0.00,0.00,0.00,0.00,0.00,0.00,0.00,0.00,0.00,0.00,0.00,0.00,0.00,0.00,0.00
20650,DL:0.1.0:AT.1.0.0,2022-3-4 18:0:26,43.50,0.00,0.00,18.128,-1.839,-5.877,12.251,16.289,0.00,0.00,0.00,0.00,0.00,0.00,0.00,0.00,0.00,0.00,0.00,0.00,0.00,0.00,0.00,0.00,0.00
20650,DL:0.1.0:AT.1.0.0,2022-3-4 18:0:31,43.50,0.00,0.00,18.158,-1.869,-5.907,12.251,16.289,0.00,0.00,0.00,0.00,0.00,0.00,0.00,0.00,0.00,0.00,0.00,0.00,0.00,0.00,0.00,0.00,0.00
20650,DL:0.1.0:AT.1.0.0,2022-3-4 18:0:36,43.50,0.00,0.00,18.134,-1.846,-5.883,12.251,16.288,0.00,0.00,0.00,0.00,0.00,0.00,0.00,0.00,0.00,0.00,0.00,0.00,0.00,0.00,0.00,0.00,0.00
20650,DL:0.1.0:AT.1.0.0,2022-3-4 18:0:41,43.50,0.00,0.00,18.136,-1.849,-5.887,12.249,16.287,0.00,0.00,0.00,0.00,0.00,0.00,0.00,0.00,0.00,0.00,0.00,0.00,0.00,0.00,0.00,0.00,0.00
20650,DL:0.1.0:AT.1.0.0,2022-3-4 18:0:46,43.50,0.00,0.00,18.140,-1.853,-5.890,12.249,16.287,0.00,0.00,0.00,0.00,0.00,0.00,0.00,0.00,0.00,0.00,0.00,0.00,0.00,0.00,0.00,0.00,0.00
20650,DL:0.1.0:AT.1.0.0,2022-3-4 18:0:51,43.50,0.00,0.00,18.118,-1.831,-5.870,12.248,16.287,0.00,0.00,0.00,0.00,0.00,0.00,0.00,0.00,0.00,0.00,0.00,0.00,0.00,0.00,0.00,0.00,0.00
20650,DL:0.1.0:AT.1.0.0,2022-3-4 18:0:56,43.50,0.00,0.00,18.155,-1.870,-5.907,12.248,16.286,0.00,0.00,0.00,0.00,0.00,0.00,0.00,0.00,0.00,0.00,0.00,0.00,0.00,0.00,0.00,0.00,0.00
20650,DL:0.1.0:AT.1.0.0,2022-3-4 18:1:1,43.50,0.00,0.00,18.129,-1.843,-5.882,12.247,16.286,0.00,0.00,0.00,0.00,0.00,0.00,0.00,0.00,0.00,0.00,0.00,0.00,0.00,0.00,0.00,0.00,0.00
20650,DL:0.1.0:AT.1.0.0,2022-3-4 18:1:6,43.50,0.00,0.00,18.135,-1.849,-5.887,12.248,16.286,0.00,0.00,0.00,0.00,0.00,0.00,0.00,0.00,0.00,0.00,0.00,0.00,0.00,0.00,0.00,0.00,0.00
20650,DL:0.1.0:AT.1.0.0,2022-3-4 18:1:11,43.50,0.00,0.00,18.130,-1.846,-5.884,12.246,16.285,0.00,0.00,0.00,0.00,0.00,0.00,0.00,0.00,0.00,0.00,0.00,0.00,0.00,0.00,0.00,0.00,0.00
20650,DL:0.1.0:AT.1.0.0,2022-3-4 18:1:16,43.50,0.00,0.00,18.140,-1.855,-5.894,12.246,16.285,0.00,0.00,0.00,0.00,0.00,0.00,0.00,0.00,0.00,0.00,0.00,0.00,0.00,0.00,0.00,0.00,0.00
20650,DL:0.1.0:AT.1.0.0,2022-3-4 18:1:21,43.50,0.00,0.00,18.130,-1.846,-5.884,12.246,16.285,0.00,0.00,0.00,0.00,0.00,0.00,0.00,0.00,0.00,0.00,0.00,0.00,0.00,0.00,0.00,0.00,0.00
20650,DL:0.1.0:AT.1.0.0,2022-3-4 18:1:26,43.50,0.00,0.00,18.136,-1.853,-5.890,12.246,16.283,0.00,0.00,0.00,0.00,0.00,0.00,0.00,0.00,0.00,0.00,0.00,0.00,0.00,0.00,0.00,0.00,0.00
20650,DL:0.1.0:AT.1.0.0,2022-3-4 18:1:31,43.50,0.00,0.00,18.136,-1.854,-5.892,12.245,16.282,0.00,0.00,0.00,0.00,0.00,0.00,0.00,0.00,0.00,0.00,0.00,0.00,0.00,0.00,0.00,0.00,0.00
20650,DL:0.1.0:AT.1.0.0,2022-3-4 18:1:36,43.50,0.00,0.00,18.146,-1.864,-5.902,12.243,16.282,0.00,0.00,0.00,0.00,0.00,0.00,0.00,0.00,0.00,0.00,0.00,0.00,0.00,0.00,0.00,0.00,0.00
20650,DL:0.1.0:AT.1.0.0,2022-3-4 18:1:41,43.50,0.00,0.00,18.134,-1.853,-5.890,12.243,16.281,0.00,0.00,0.00,0.00,0.00,0.00,0.00,0.00,0.00,0.00,0.00,0.00,0.00,0.00,0.00,0.00,0.00
20650,DL:0.1.0:AT.1.0.0,2022-3-4 18:1:46,43.50,0.00,0.00,18.133,-1.853,-5.889,12.243,16.280,0.00,0.00,0.00,0.00,0.00,0.00,0.00,0.00,0.00,0.00,0.00,0.00,0.00,0.00,0.00,0.00,0.00
20650,DL:0.1.0:AT.1.0.0,2022-3-4 18:1:51,43.50,0.00,0.00,18.147,-1.867,-5.905,12.242,16.280,0.00,0.00,0.00,0.00,0.00,0.00,0.00,0.00,0.00,0.00,0.00,0.00,0.00,0.00,0.00,0.00,0.00
20650,DL:0.1.0:AT.1.0.0,2022-3-4 18:1:56,43.50,0.00,0.00,18.154,-1.876,-5.913,12.241,16.279,0.00,0.00,0.00,0.00,0.00,0.00,0.00,0.00,0.00,0.00,0.00,0.00,0.00,0.00,0.00,0.00,0.00
20650,DL:0.1.0:AT.1.0.0,2022-3-4 18:2:1,43.50,0.00,0.00,18.160,-1.882,-5.919,12.241,16.279,0.00,0.00,0.00,0.00,0.00,0.00,0.00,0.00,0.00,0.00,0.00,0.00,0.00,0.00,0.00,0.00,0.00
20650,DL:0.1.0:AT.1.0.0,2022-3-4 18:2:6,43.50,0.00,0.00,18.136,-1.859,-5.895,12.241,16.277,0.00,0.00,0.00,0.00,0.00,0.00,0.00,0.00,0.00,0.00,0.00,0.00,0.00,0.00,0.00,0.00,0.00
20650,DL:0.1.0:AT.1.0.0,2022-3-4 18:2:11,43.50,0.00,0.00,18.153,-1.877,-5.913,12.240,16.276,0.00,0.00,0.00,0.00,0.00,0.00,0.00,0.00,0.00,0.00,0.00,0.00,0.00,0.00,0.00,0.00,0.00
20650,DL:0.1.0:AT.1.0.0,2022-3-4 18:2:16,43.50,0.00,0.00,18.184,-1.909,-5.946,12.239,16.275,0.00,0.00,0.00,0.00,0.00,0.00,0.00,0.00,0.00,0.00,0.00,0.00,0.00,0.00,0.00,0.00,0.00
20650,DL:0.1.0:AT.1.0.0,2022-3-4 18:2:21,43.50,0.00,0.00,18.140,-1.865,-5.902,12.237,16.275,0.00,0.00,0.00,0.00,0.00,0.00,0.00,0.00,0.00,0.00,0.00,0.00,0.00,0.00,0.00,0.00,0.00
20650,DL:0.1.0:AT.1.0.0,2022-3-4 18:2:26,43.50,0.00,0.00,18.151,-1.876,-5.912,12.239,16.275,0.00,0.00,0.00,0.00,0.00,0.00,0.00,0.00,0.00,0.00,0.00,0.00,0.00,0.00,0.00,0.00,0.00
20650,DL:0.1.0:AT.1.0.0,2022-3-4 18:2:31,43.50,0.00,0.00,18.128,-1.853,-5.890,12.237,16.275,0.00,0.00,0.00,0.00,0.00,0.00,0.00,0.00,0.00,0.00,0.00,0.00,0.00,0.00,0.00,0.00,0.00
20650,DL:0.1.0:AT.1.0.0,2022-3-4 18:2:36,43.50,0.00,0.00,18.124,-1.851,-5.888,12.236,16.274,0.00,0.00,0.00,0.00,0.00,0.00,0.00,0.00,0.00,0.00,0.00,0.00,0.00,0.00,0.00,0.00,0.00
20650,DL:0.1.0:AT.1.0.0,2022-3-4 18:2:41,43.50,0.00,0.00,18.122,-1.848,-5.886,12.236,16.274,0.00,0.00,0.00,0.00,0.00,0.00,0.00,0.00,0.00,0.00,0.00,0.00,0.00,0.00,0.00,0.00,0.00
20650,DL:0.1.0:AT.1.0.0,2022-3-4 18:2:46,43.50,0.00,0.00,18.133,-1.858,-5.898,12.235,16.275,0.00,0.00,0.00,0.00,0.00,0.00,0.00,0.00,0.00,0.00,0.00,0.00,0.00,0.00,0.00,0.00,0.00
20650,DL:0.1.0:AT.1.0.0,2022-3-4 18:2:51,43.50,0.00,0.00,18.137,-1.865,-5.904,12.234,16.273,0.00,0.00,0.00,0.00,0.00,0.00,0.00,0.00,0.00,0.00,0.00,0.00,0.00,0.00,0.00,0.00,0.00
20650,DL:0.1.0:AT.1.0.0,2022-3-4 18:2:56,43.50,0.00,0.00,18.129,-1.855,-5.895,12.234,16.274,0.00,0.00,0.00,0.00,0.00,0.00,0.00,0.00,0.00,0.00,0.00,0.00,0.00,0.00,0.00,0.00,0.00
20650,DL:0.1.0:AT.1.0.0,2022-3-4 18:3:1,43.50,0.00,0.00,18.146,-1.873,-5.912,12.234,16.273,0.00,0.00,0.00,0.00,0.00,0.00,0.00,0.00,0.00,0.00,0.00,0.00,0.00,0.00,0.00,0.00,0.00
20650,DL:0.1.0:AT.1.0.0,2022-3-4 18:3:6,43.50,0.00,0.00,18.151,-1.877,-5.918,12.233,16.274,0.00,0.00,0.00,0.00,0.00,0.00,0.00,0.00,0.00,0.00,0.00,0.00,0.00,0.00,0.00,0.00,0.00
20650,DL:0.1.0:AT.1.0.0,2022-3-4 18:3:11,43.50,0.00,0.00,18.129,-1.857,-5.896,12.233,16.273,0.00,0.00,0.00,0.00,0.00,0.00,0.00,0.00,0.00,0.00,0.00,0.00,0.00,0.00,0.00,0.00,0.00
20650,DL:0.1.0:AT.1.0.0,2022-3-4 18:3:16,43.50,0.00,0.00,18.098,-1.824,-5.866,12.231,16.274,0.00,0.00,0.00,0.00,0.00,0.00,0.00,0.00,0.00,0.00,0.00,0.00,0.00,0.00,0.00,0.00,0.00
20650,DL:0.1.0:AT.1.0.0,2022-3-4 18:3:21,43.50,0.00,0.00,18.137,-1.863,-5.906,12.231,16.275,0.00,0.00,0.00,0.00,0.00,0.00,0.00,0.00,0.00,0.00,0.00,0.00,0.00,0.00,0.00,0.00,0.00
20650,DL:0.1.0:AT.1.0.0,2022-3-4 18:3:26,43.50,0.00,0.00,18.119,-1.846,-5.888,12.231,16.274,0.00,0.00,0.00,0.00,0.00,0.00,0.00,0.00,0.00,0.00,0.00,0.00,0.00,0.00,0.00,0.00,0.00
20650,DL:0.1.0:AT.1.0.0,2022-3-4 18:3:31,43.50,0.00,0.00,18.121,-1.846,-5.890,12.230,16.275,0.00,0.00,0.00,0.00,0.00,0.00,0.00,0.00,0.00,0.00,0.00,0.00,0.00,0.00,0.00,0.00,0.00
20650,DL:0.1.0:AT.1.0.0,2022-3-4 18:3:36,43.50,0.00,0.00,18.133,-1.858,-5.902,12.230,16.275,0.00,0.00,0.00,0.00,0.00,0.00,0.00,0.00,0.00,0.00,0.00,0.00,0.00,0.00,0.00,0.00,0.00
20650,DL:0.1.0:AT.1.0.0,2022-3-4 18:3:41,43.50,0.00,0.00,18.130,-1.854,-5.900,12.230,16.276,0.00,0.00,0.00,0.00,0.00,0.00,0.00,0.00,0.00,0.00,0.00,0.00,0.00,0.00,0.00,0.00,0.00
20650,DL:0.1.0:AT.1.0.0,2022-3-4 18:3:46,43.50,0.00,0.00,18.127,-1.852,-5.898,12.229,16.275,0.00,0.00,0.00,0.00,0.00,0.00,0.00,0.00,0.00,0.00,0.00,0.00,0.00,0.00,0.00,0.00,0.00
20650,DL:0.1.0:AT.1.0.0,2022-3-4 18:3:51,43.50,0.00,0.00,18.153,-1.877,-5.925,12.228,16.276,0.00,0.00,0.00,0.00,0.00,0.00,0.00,0.00,0.00,0.00,0.00,0.00,0.00,0.00,0.00,0.00,0.00
20650,DL:0.1.0:AT.1.0.0,2022-3-4 18:3:56,43.50,0.00,0.00,18.141,-1.866,-5.913,12.228,16.275,0.00,0.00,0.00,0.00,0.00,0.00,0.00,0.00,0.00,0.00,0.00,0.00,0.00,0.00,0.00,0.00,0.00
20650,DL:0.1.0:AT.1.0.0,2022-3-4 18:4:1,43.50,0.00,0.00,18.137,-1.861,-5.911,12.227,16.276,0.00,0.00,0.00,0.00,0.00,0.00,0.00,0.00,0.00,0.00,0.00,0.00,0.00,0.00,0.00,0.00,0.00
20650,DL:0.1.0:AT.1.0.0,2022-3-4 18:4:6,43.50,0.00,0.00,18.142,-1.867,-5.916,12.227,16.275,0.00,0.00,0.00,0.00,0.00,0.00,0.00,0.00,0.00,0.00,0.00,0.00,0.00,0.00,0.00,0.00,0.00
20650,DL:0.1.0:AT.1.0.0,2022-3-4 18:4:12,43.50,0.00,0.00,18.129,-1.853,-5.904,12.225,16.276,0.00,0.00,0.00,0.00,0.00,0.00,0.00,0.00,0.00,0.00,0.00,0.00,0.00,0.00,0.00,0.00,0.00
20650,DL:0.1.0:AT.1.0.0,2022-3-4 18:4:17,43.50,0.00,0.00,18.131,-1.855,-5.907,12.224,16.276,0.00,0.00,0.00,0.00,0.00,0.00,0.00,0.00,0.00,0.00,0.00,0.00,0.00,0.00,0.00,0.00,0.00
20650,DL:0.1.0:AT.1.0.0,2022-3-4 18:4:22,43.50,0.00,0.00,18.146,-1.869,-5.923,12.223,16.277,0.00,0.00,0.00,0.00,0.00,0.00,0.00,0.00,0.00,0.00,0.00,0.00,0.00,0.00,0.00,0.00,0.00
20650,DL:0.1.0:AT.1.0.0,2022-3-4 18:4:27,43.50,0.00,0.00,18.157,-1.879,-5.935,12.222,16.277,0.00,0.00,0.00,0.00,0.00,0.00,0.00,0.00,0.00,0.00,0.00,0.00,0.00,0.00,0.00,0.00,0.00
20650,DL:0.1.0:AT.1.0.0,2022-3-4 18:4:32,43.50,0.00,0.00,18.161,-1.883,-5.940,12.222,16.279,0.00,0.00,0.00,0.00,0.00,0.00,0.00,0.00,0.00,0.00,0.00,0.00,0.00,0.00,0.00,0.00,0.00
20650,DL:0.1.0:AT.1.0.0,2022-3-4 18:4:37,43.50,0.00,0.00,18.151,-1.872,-5.929,12.222,16.279,0.00,0.00,0.00,0.00,0.00,0.00,0.00,0.00,0.00,0.00,0.00,0.00,0.00,0.00,0.00,0.00,0.00
20650,DL:0.1.0:AT.1.0.0,2022-3-4 18:4:42,43.50,0.00,0.00,18.140,-1.860,-5.919,12.221,16.280,0.00,0.00,0.00,0.00,0.00,0.00,0.00,0.00,0.00,0.00,0.00,0.00,0.00,0.00,0.00,0.00,0.00
20650,DL:0.1.0:AT.1.0.0,2022-3-4 18:4:47,43.50,0.00,0.00,18.145,-1.866,-5.924,12.221,16.279,0.00,0.00,0.00,0.00,0.00,0.00,0.00,0.00,0.00,0.00,0.00,0.00,0.00,0.00,0.00,0.00,0.00
20650,DL:0.1.0:AT.1.0.0,2022-3-4 18:4:52,43.50,0.00,0.00,18.125,-1.846,-5.906,12.219,16.280,0.00,0.00,0.00,0.00,0.00,0.00,0.00,0.00,0.00,0.00,0.00,0.00,0.00,0.00,0.00,0.00,0.00
20650,DL:0.1.0:AT.1.0.0,2022-3-4 18:4:57,43.50,0.00,0.00,18.149,-1.869,-5.931,12.218,16.281,0.00,0.00,0.00,0.00,0.00,0.00,0.00,0.00,0.00,0.00,0.00,0.00,0.00,0.00,0.00,0.00,0.00
20650,DL:0.1.0:AT.1.0.0,2022-3-4 18:5:2,43.50,0.00,0.00,18.112,-1.831,-5.894,12.218,16.281,0.00,0.00,0.00,0.00,0.00,0.00,0.00,0.00,0.00,0.00,0.00,0.00,0.00,0.00,0.00,0.00,0.00
20650,DL:0.1.0:AT.1.0.0,2022-3-4 18:5:7,43.50,0.00,0.00,18.137,-1.857,-5.920,12.217,16.281,0.00,0.00,0.00,0.00,0.00,0.00,0.00,0.00,0.00,0.00,0.00,0.00,0.00,0.00,0.00,0.00,0.00
20650,DL:0.1.0:AT.1.0.0,2022-3-4 18:5:12,43.50,0.00,0.00,18.157,-1.875,-5.940,12.217,16.282,0.00,0.00,0.00,0.00,0.00,0.00,0.00,0.00,0.00,0.00,0.00,0.00,0.00,0.00,0.00,0.00,0.00
20650,DL:0.1.0:AT.1.0.0,2022-3-4 18:5:17,43.50,0.00,0.00,18.125,-1.843,-5.910,12.216,16.282,0.00,0.00,0.00,0.00,0.00,0.00,0.00,0.00,0.00,0.00,0.00,0.00,0.00,0.00,0.00,0.00,0.00
20650,DL:0.1.0:AT.1.0.0,2022-3-4 18:5:22,43.50,0.00,0.00,18.161,-1.879,-5.946,12.216,16.282,0.00,0.00,0.00,0.00,0.00,0.00,0.00,0.00,0.00,0.00,0.00,0.00,0.00,0.00,0.00,0.00,0.00
20650,DL:0.1.0:AT.1.0.0,2022-3-4 18:5:27,43.50,0.00,0.00,18.148,-1.865,-5.935,12.213,16.283,0.00,0.00,0.00,0.00,0.00,0.00,0.00,0.00,0.00,0.00,0.00,0.00,0.00,0.00,0.00,0.00,0.00
20650,DL:0.1.0:AT.1.0.0,2022-3-4 18:5:32,43.50,0.00,0.00,18.123,-1.839,-5.910,12.213,16.285,0.00,0.00,0.00,0.00,0.00,0.00,0.00,0.00,0.00,0.00,0.00,0.00,0.00,0.00,0.00,0.00,0.00
20650,DL:0.1.0:AT.1.0.0,2022-3-4 18:5:37,43.50,0.00,0.00,18.170,-1.884,-5.958,12.212,16.286,0.00,0.00,0.00,0.00,0.00,0.00,0.00,0.00,0.00,0.00,0.00,0.00,0.00,0.00,0.00,0.00,0.00
20650,DL:0.1.0:AT.1.0.0,2022-3-4 18:5:42,43.50,0.00,0.00,18.140,-1.854,-5.929,12.211,16.286,0.00,0.00,0.00,0.00,0.00,0.00,0.00,0.00,0.00,0.00,0.00,0.00,0.00,0.00,0.00,0.00,0.00
20650,DL:0.1.0:AT.1.0.0,2022-3-4 18:5:47,43.50,0.00,0.00,18.127,-1.841,-5.916,12.211,16.286,0.00,0.00,0.00,0.00,0.00,0.00,0.00,0.00,0.00,0.00,0.00,0.00,0.00,0.00,0.00,0.00,0.00
20650,DL:0.1.0:AT.1.0.0,2022-3-4 18:5:52,43.50,0.00,0.00,18.097,-1.810,-5.887,12.210,16.287,0.00,0.00,0.00,0.00,0.00,0.00,0.00,0.00,0.00,0.00,0.00,0.00,0.00,0.00,0.00,0.00,0.00
20650,DL:0.1.0:AT.1.0.0,2022-3-4 18:5:57,43.50,0.00,0.00,18.099,-1.811,-5.889,12.210,16.288,0.00,0.00,0.00,0.00,0.00,0.00,0.00,0.00,0.00,0.00,0.00,0.00,0.00,0.00,0.00,0.00,0.00
20650,DL:0.1.0:AT.1.0.0,2022-3-4 18:6:2,43.50,0.00,0.00,18.129,-1.841,-5.920,12.209,16.288,0.00,0.00,0.00,0.00,0.00,0.00,0.00,0.00,0.00,0.00,0.00,0.00,0.00,0.00,0.00,0.00,0.00
20650,DL:0.1.0:AT.1.0.0,2022-3-4 18:6:7,43.50,0.00,0.00,18.141,-1.852,-5.934,12.207,16.289,0.00,0.00,0.00,0.00,0.00,0.00,0.00,0.00,0.00,0.00,0.00,0.00,0.00,0.00,0.00,0.00,0.00
20650,DL:0.1.0:AT.1.0.0,2022-3-4 18:6:12,43.50,0.00,0.00,18.123,-1.834,-5.916,12.207,16.289,0.00,0.00,0.00,0.00,0.00,0.00,0.00,0.00,0.00,0.00,0.00,0.00,0.00,0.00,0.00,0.00,0.00
20650,DL:0.1.0:AT.1.0.0,2022-3-4 18:6:17,43.50,0.00,0.00,18.127,-1.835,-5.920,12.206,16.292,0.00,0.00,0.00,0.00,0.00,0.00,0.00,0.00,0.00,0.00,0.00,0.00,0.00,0.00,0.00,0.00,0.00
20650,DL:0.1.0:AT.1.0.0,2022-3-4 18:6:22,43.50,0.00,0.00,18.136,-1.842,-5.931,12.205,16.294,0.00,0.00,0.00,0.00,0.00,0.00,0.00,0.00,0.00,0.00,0.00,0.00,0.00,0.00,0.00,0.00,0.00
20650,DL:0.1.0:AT.1.0.0,2022-3-4 18:6:27,43.50,0.00,0.00,18.125,-1.831,-5.920,12.205,16.294,0.00,0.00,0.00,0.00,0.00,0.00,0.00,0.00,0.00,0.00,0.00,0.00,0.00,0.00,0.00,0.00,0.00
20650,DL:0.1.0:AT.1.0.0,2022-3-4 18:6:32,43.50,0.00,0.00,18.109,-1.814,-5.905,12.204,16.294,0.00,0.00,0.00,0.00,0.00,0.00,0.00,0.00,0.00,0.00,0.00,0.00,0.00,0.00,0.00,0.00,0.00
20650,DL:0.1.0:AT.1.0.0,2022-3-4 18:6:37,43.50,0.00,0.00,18.143,-1.848,-5.941,12.203,16.295,0.00,0.00,0.00,0.00,0.00,0.00,0.00,0.00,0.00,0.00,0.00,0.00,0.00,0.00,0.00,0.00,0.00
20650,DL:0.1.0:AT.1.0.0,2022-3-4 18:6:42,43.50,0.00,0.00,18.134,-1.839,-5.931,12.203,16.295,0.00,0.00,0.00,0.00,0.00,0.00,0.00,0.00,0.00,0.00,0.00,0.00,0.00,0.00,0.00,0.00,0.00
20650,DL:0.1.0:AT.1.0.0,2022-3-4 18:6:47,43.50,0.00,0.00,18.141,-1.845,-5.938,12.203,16.297,0.00,0.00,0.00,0.00,0.00,0.00,0.00,0.00,0.00,0.00,0.00,0.00,0.00,0.00,0.00,0.00,0.00
20650,DL:0.1.0:AT.1.0.0,2022-3-4 18:6:52,43.50,0.00,0.00,18.133,-1.835,-5.931,12.201,16.298,0.00,0.00,0.00,0.00,0.00,0.00,0.00,0.00,0.00,0.00,0.00,0.00,0.00,0.00,0.00,0.00,0.00
20650,DL:0.1.0:AT.1.0.0,2022-3-4 18:6:57,43.50,0.00,0.00,18.110,-1.811,-5.910,12.200,16.299,0.00,0.00,0.00,0.00,0.00,0.00,0.00,0.00,0.00,0.00,0.00,0.00,0.00,0.00,0.00,0.00,0.00
20650,DL:0.1.0:AT.1.0.0,2022-3-4 18:7:2,43.50,0.00,0.00,18.133,-1.834,-5.932,12.200,16.299,0.00,0.00,0.00,0.00,0.00,0.00,0.00,0.00,0.00,0.00,0.00,0.00,0.00,0.00,0.00,0.00,0.00
20650,DL:0.1.0:AT.1.0.0,2022-3-4 18:7:7,43.50,0.00,0.00,18.098,-1.798,-5.900,12.198,16.300,0.00,0.00,0.00,0.00,0.00,0.00,0.00,0.00,0.00,0.00,0.00,0.00,0.00,0.00,0.00,0.00,0.00
20650,DL:0.1.0:AT.1.0.0,2022-3-4 18:7:12,43.50,0.00,0.00,18.110,-1.806,-5.911,12.199,16.304,0.00,0.00,0.00,0.00,0.00,0.00,0.00,0.00,0.00,0.00,0.00,0.00,0.00,0.00,0.00,0.00,0.00
20650,DL:0.1.0:AT.1.0.0,2022-3-4 18:7:17,43.50,0.00,0.00,18.123,-1.819,-5.925,12.198,16.304,0.00,0.00,0.00,0.00,0.00,0.00,0.00,0.00,0.00,0.00,0.00,0.00,0.00,0.00,0.00,0.00,0.00
20650,DL:0.1.0:AT.1.0.0,2022-3-4 18:7:22,43.50,0.00,0.00,18.154,-1.849,-5.957,12.198,16.305,0.00,0.00,0.00,0.00,0.00,0.00,0.00,0.00,0.00,0.00,0.00,0.00,0.00,0.00,0.00,0.00,0.00
20650,DL:0.1.0:AT.1.0.0,2022-3-4 18:7:27,43.50,0.00,0.00,18.136,-1.830,-5.941,12.195,16.306,0.00,0.00,0.00,0.00,0.00,0.00,0.00,0.00,0.00,0.00,0.00,0.00,0.00,0.00,0.00,0.00,0.00
20650,DL:0.1.0:AT.1.0.0,2022-3-4 18:7:32,43.50,0.00,0.00,18.164,-1.855,-5.969,12.195,16.309,0.00,0.00,0.00,0.00,0.00,0.00,0.00,0.00,0.00,0.00,0.00,0.00,0.00,0.00,0.00,0.00,0.00
20650,DL:0.1.0:AT.1.0.0,2022-3-4 18:7:37,43.50,0.00,0.00,18.112,-1.801,-5.918,12.194,16.311,0.00,0.00,0.00,0.00,0.00,0.00,0.00,0.00,0.00,0.00,0.00,0.00,0.00,0.00,0.00,0.00,0.00
20650,DL:0.1.0:AT.1.0.0,2022-3-4 18:7:43,43.50,0.00,0.00,18.121,-1.806,-5.926,12.194,16.315,0.00,0.00,0.00,0.00,0.00,0.00,0.00,0.00,0.00,0.00,0.00,0.00,0.00,0.00,0.00,0.00,0.00
20650,DL:0.1.0:AT.1.0.0,2022-3-4 18:7:48,43.50,0.00,0.00,18.123,-1.805,-5.930,12.193,16.318,0.00,0.00,0.00,0.00,0.00,0.00,0.00,0.00,0.00,0.00,0.00,0.00,0.00,0.00,0.00,0.00,0.00
20650,DL:0.1.0:AT.1.0.0,2022-3-4 18:7:54,43.50,0.00,0.00,18.129,-1.806,-5.937,12.192,16.323,0.00,0.00,0.00,0.00,0.00,0.00,0.00,0.00,0.00,0.00,0.00,0.00,0.00,0.00,0.00,0.00,0.00
20650,DL:0.1.0:AT.1.0.0,2022-3-4 18:7:59,43.50,0.00,0.00,18.133,-1.807,-5.942,12.191,16.325,0.00,0.00,0.00,0.00,0.00,0.00,0.00,0.00,0.00,0.00,0.00,0.00,0.00,0.00,0.00,0.00,0.00
20650,DL:0.1.0:AT.1.0.0,2022-3-4 18:8:4,43.50,0.00,0.00,18.136,-1.808,-5.946,12.191,16.328,0.00,0.00,0.00,0.00,0.00,0.00,0.00,0.00,0.00,0.00,0.00,0.00,0.00,0.00,0.00,0.00,0.00
20650,DL:0.1.0:AT.1.0.0,2022-3-4 18:8:9,43.50,0.00,0.00,18.121,-1.790,-5.931,12.189,16.330,0.00,0.00,0.00,0.00,0.00,0.00,0.00,0.00,0.00,0.00,0.00,0.00,0.00,0.00,0.00,0.00,0.00
20650,DL:0.1.0:AT.1.0.0,2022-3-4 18:8:14,43.50,0.00,0.00,18.154,-1.820,-5.965,12.189,16.334,0.00,0.00,0.00,0.00,0.00,0.00,0.00,0.00,0.00,0.00,0.00,0.00,0.00,0.00,0.00,0.00,0.00
20650,DL:0.1.0:AT.1.0.0,2022-3-4 18:8:19,43.50,0.00,0.00,18.139,-1.802,-5.949,12.189,16.336,0.00,0.00,0.00,0.00,0.00,0.00,0.00,0.00,0.00,0.00,0.00,0.00,0.00,0.00,0.00,0.00,0.00
20650,DL:0.1.0:AT.1.0.0,2022-3-4 18:8:24,43.50,0.00,0.00,18.127,-1.788,-5.938,12.188,16.339,0.00,0.00,0.00,0.00,0.00,0.00,0.00,0.00,0.00,0.00,0.00,0.00,0.00,0.00,0.00,0.00,0.00
20650,DL:0.1.0:AT.1.0.0,2022-3-4 18:8:29,43.50,0.00,0.00,18.119,-1.777,-5.932,12.187,16.342,0.00,0.00,0.00,0.00,0.00,0.00,0.00,0.00,0.00,0.00,0.00,0.00,0.00,0.00,0.00,0.00,0.00
20650,DL:0.1.0:AT.1.0.0,2022-3-4 18:8:34,43.50,0.00,0.00,18.106,-1.762,-5.919,12.187,16.345,0.00,0.00,0.00,0.00,0.00,0.00,0.00,0.00,0.00,0.00,0.00,0.00,0.00,0.00,0.00,0.00,0.00
20650,DL:0.1.0:AT.1.0.0,2022-3-4 18:8:39,43.50,0.00,0.00,18.140,-1.793,-5.953,12.187,16.347,0.00,0.00,0.00,0.00,0.00,0.00,0.00,0.00,0.00,0.00,0.00,0.00,0.00,0.00,0.00,0.00,0.00
20650,DL:0.1.0:AT.1.0.0,2022-3-4 18:8:44,43.50,0.00,0.00,18.129,-1.780,-5.943,12.186,16.349,0.00,0.00,0.00,0.00,0.00,0.00,0.00,0.00,0.00,0.00,0.00,0.00,0.00,0.00,0.00,0.00,0.00
20650,DL:0.1.0:AT.1.0.0,2022-3-4 18:8:49,43.50,0.00,0.00,18.139,-1.787,-5.953,12.186,16.352,0.00,0.00,0.00,0.00,0.00,0.00,0.00,0.00,0.00,0.00,0.00,0.00,0.00,0.00,0.00,0.00,0.00
20650,DL:0.1.0:AT.1.0.0,2022-3-4 18:8:54,43.50,0.00,0.00,18.159,-1.806,-5.975,12.185,16.353,0.00,0.00,0.00,0.00,0.00,0.00,0.00,0.00,0.00,0.00,0.00,0.00,0.00,0.00,0.00,0.00,0.00
20650,DL:0.1.0:AT.1.0.0,2022-3-4 18:8:59,43.50,0.00,0.00,18.160,-1.805,-5.977,12.183,16.355,0.00,0.00,0.00,0.00,0.00,0.00,0.00,0.00,0.00,0.00,0.00,0.00,0.00,0.00,0.00,0.00,0.00
20650,DL:0.1.0:AT.1.0.0,2022-3-4 18:9:4,43.50,0.00,0.00,18.143,-1.788,-5.960,12.183,16.355,0.00,0.00,0.00,0.00,0.00,0.00,0.00,0.00,0.00,0.00,0.00,0.00,0.00,0.00,0.00,0.00,0.00
20650,DL:0.1.0:AT.1.0.0,2022-3-4 18:9:9,43.50,0.00,0.00,18.106,-1.748,-5.923,12.183,16.358,0.00,0.00,0.00,0.00,0.00,0.00,0.00,0.00,0.00,0.00,0.00,0.00,0.00,0.00,0.00,0.00,0.00
20650,DL:0.1.0:AT.1.0.0,2022-3-4 18:9:14,43.50,0.00,0.00,18.139,-1.780,-5.957,12.182,16.359,0.00,0.00,0.00,0.00,0.00,0.00,0.00,0.00,0.00,0.00,0.00,0.00,0.00,0.00,0.00,0.00,0.00
20650,DL:0.1.0:AT.1.0.0,2022-3-4 18:9:19,43.50,0.00,0.00,18.151,-1.790,-5.970,12.181,16.360,0.00,0.00,0.00,0.00,0.00,0.00,0.00,0.00,0.00,0.00,0.00,0.00,0.00,0.00,0.00,0.00,0.00
20650,DL:0.1.0:AT.1.0.0,2022-3-4 18:9:25,43.50,0.00,0.00,18.148,-1.787,-5.967,12.181,16.361,0.00,0.00,0.00,0.00,0.00,0.00,0.00,0.00,0.00,0.00,0.00,0.00,0.00,0.00,0.00,0.00,0.00
20650,DL:0.1.0:AT.1.0.0,2022-3-4 18:9:30,43.50,0.00,0.00,18.148,-1.786,-5.970,12.179,16.363,0.00,0.00,0.00,0.00,0.00,0.00,0.00,0.00,0.00,0.00,0.00,0.00,0.00,0.00,0.00,0.00,0.00
20650,DL:0.1.0:AT.1.0.0,2022-3-4 18:9:35,43.50,0.00,0.00,18.122,-1.758,-5.943,12.179,16.364,0.00,0.00,0.00,0.00,0.00,0.00,0.00,0.00,0.00,0.00,0.00,0.00,0.00,0.00,0.00,0.00,0.00
20650,DL:0.1.0:AT.1.0.0,2022-3-4 18:9:40,43.50,0.00,0.00,18.155,-1.790,-5.977,12.179,16.365,0.00,0.00,0.00,0.00,0.00,0.00,0.00,0.00,0.00,0.00,0.00,0.00,0.00,0.00,0.00,0.00,0.00
20650,DL:0.1.0:AT.1.0.0,2022-3-4 18:9:45,43.50,0.00,0.00,18.113,-1.746,-5.936,12.177,16.367,0.00,0.00,0.00,0.00,0.00,0.00,0.00,0.00,0.00,0.00,0.00,0.00,0.00,0.00,0.00,0.00,0.00
20650,DL:0.1.0:AT.1.0.0,2022-3-4 18:9:50,43.50,0.00,0.00,18.134,-1.765,-5.958,12.176,16.369,0.00,0.00,0.00,0.00,0.00,0.00,0.00,0.00,0.00,0.00,0.00,0.00,0.00,0.00,0.00,0.00,0.00
20650,DL:0.1.0:AT.1.0.0,2022-3-4 18:9:55,43.50,0.00,0.00,18.123,-1.753,-5.946,12.177,16.370,0.00,0.00,0.00,0.00,0.00,0.00,0.00,0.00,0.00,0.00,0.00,0.00,0.00,0.00,0.00,0.00,0.00
20650,DL:0.1.0:AT.1.0.0,2022-3-4 18:10:0,43.50,0.00,0.00,18.123,-1.752,-5.948,12.175,16.371,0.00,0.00,0.00,0.00,0.00,0.00,0.00,0.00,0.00,0.00,0.00,0.00,0.00,0.00,0.00,0.00,0.00
20650,DL:0.1.0:AT.1.0.0,2022-3-4 18:10:5,43.50,0.00,0.00,18.123,-1.750,-5.947,12.176,16.373,0.00,0.00,0.00,0.00,0.00,0.00,0.00,0.00,0.00,0.00,0.00,0.00,0.00,0.00,0.00,0.00,0.00
20650,DL:0.1.0:AT.1.0.0,2022-3-4 18:10:10,43.50,0.00,0.00,18.119,-1.746,-5.946,12.174,16.373,0.00,0.00,0.00,0.00,0.00,0.00,0.00,0.00,0.00,0.00,0.00,0.00,0.00,0.00,0.00,0.00,0.00
20650,DL:0.1.0:AT.1.0.0,2022-3-4 18:10:15,43.50,0.00,0.00,18.141,-1.765,-5.969,12.173,16.376,0.00,0.00,0.00,0.00,0.00,0.00,0.00,0.00,0.00,0.00,0.00,0.00,0.00,0.00,0.00,0.00,0.00
20650,DL:0.1.0:AT.1.0.0,2022-3-4 18:10:20,43.50,0.00,0.00,18.130,-1.753,-5.957,12.174,16.377,0.00,0.00,0.00,0.00,0.00,0.00,0.00,0.00,0.00,0.00,0.00,0.00,0.00,0.00,0.00,0.00,0.00
20650,DL:0.1.0:AT.1.0.0,2022-3-4 18:10:25,43.50,0.00,0.00,18.141,-1.763,-5.969,12.173,16.378,0.00,0.00,0.00,0.00,0.00,0.00,0.00,0.00,0.00,0.00,0.00,0.00,0.00,0.00,0.00,0.00,0.00
20650,DL:0.1.0:AT.1.0.0,2022-3-4 18:10:30,43.50,0.00,0.00,18.111,-1.732,-5.940,12.171,16.379,0.00,0.00,0.00,0.00,0.00,0.00,0.00,0.00,0.00,0.00,0.00,0.00,0.00,0.00,0.00,0.00,0.00
20650,DL:0.1.0:AT.1.0.0,2022-3-4 18:10:35,43.50,0.00,0.00,18.134,-1.753,-5.963,12.171,16.381,0.00,0.00,0.00,0.00,0.00,0.00,0.00,0.00,0.00,0.00,0.00,0.00,0.00,0.00,0.00,0.00,0.00
20650,DL:0.1.0:AT.1.0.0,2022-3-4 18:10:40,43.50,0.00,0.00,18.128,-1.746,-5.957,12.171,16.382,0.00,0.00,0.00,0.00,0.00,0.00,0.00,0.00,0.00,0.00,0.00,0.00,0.00,0.00,0.00,0.00,0.00
20650,DL:0.1.0:AT.1.0.0,2022-3-4 18:10:45,43.50,0.00,0.00,18.151,-1.768,-5.979,12.171,16.383,0.00,0.00,0.00,0.00,0.00,0.00,0.00,0.00,0.00,0.00,0.00,0.00,0.00,0.00,0.00,0.00,0.00
20650,DL:0.1.0:AT.1.0.0,2022-3-4 18:10:50,43.50,0.00,0.00,18.121,-1.735,-5.952,12.169,16.385,0.00,0.00,0.00,0.00,0.00,0.00,0.00,0.00,0.00,0.00,0.00,0.00,0.00,0.00,0.00,0.00,0.00
20650,DL:0.1.0:AT.1.0.0,2022-3-4 18:10:56,43.50,0.00,0.00,18.125,-1.739,-5.957,12.169,16.387,0.00,0.00,0.00,0.00,0.00,0.00,0.00,0.00,0.00,0.00,0.00,0.00,0.00,0.00,0.00,0.00,0.00
20650,DL:0.1.0:AT.1.0.0,2022-3-4 18:11:1,43.50,0.00,0.00,18.121,-1.734,-5.952,12.169,16.387,0.00,0.00,0.00,0.00,0.00,0.00,0.00,0.00,0.00,0.00,0.00,0.00,0.00,0.00,0.00,0.00,0.00
20650,DL:0.1.0:AT.1.0.0,2022-3-4 18:11:6,43.50,0.00,0.00,18.107,-1.718,-5.938,12.169,16.389,0.00,0.00,0.00,0.00,0.00,0.00,0.00,0.00,0.00,0.00,0.00,0.00,0.00,0.00,0.00,0.00,0.00
20650,DL:0.1.0:AT.1.0.0,2022-3-4 18:11:11,43.50,0.00,0.00,18.135,-1.745,-5.967,12.168,16.390,0.00,0.00,0.00,0.00,0.00,0.00,0.00,0.00,0.00,0.00,0.00,0.00,0.00,0.00,0.00,0.00,0.00
20650,DL:0.1.0:AT.1.0.0,2022-3-4 18:11:16,43.50,0.00,0.00,18.130,-1.739,-5.963,12.168,16.391,0.00,0.00,0.00,0.00,0.00,0.00,0.00,0.00,0.00,0.00,0.00,0.00,0.00,0.00,0.00,0.00,0.00
20650,DL:0.1.0:AT.1.0.0,2022-3-4 18:11:21,43.50,0.00,0.00,18.122,-1.730,-5.957,12.165,16.391,0.00,0.00,0.00,0.00,0.00,0.00,0.00,0.00,0.00,0.00,0.00,0.00,0.00,0.00,0.00,0.00,0.00
20650,DL:0.1.0:AT.1.0.0,2022-3-4 18:11:26,43.50,0.00,0.00,18.119,-1.727,-5.953,12.167,16.393,0.00,0.00,0.00,0.00,0.00,0.00,0.00,0.00,0.00,0.00,0.00,0.00,0.00,0.00,0.00,0.00,0.00
20650,DL:0.1.0:AT.1.0.0,2022-3-4 18:11:31,43.50,0.00,0.00,18.110,-1.716,-5.944,12.165,16.394,0.00,0.00,0.00,0.00,0.00,0.00,0.00,0.00,0.00,0.00,0.00,0.00,0.00,0.00,0.00,0.00,0.00
20650,DL:0.1.0:AT.1.0.0,2022-3-4 18:11:36,43.50,0.00,0.00,18.098,-1.703,-5.932,12.165,16.395,0.00,0.00,0.00,0.00,0.00,0.00,0.00,0.00,0.00,0.00,0.00,0.00,0.00,0.00,0.00,0.00,0.00
20650,DL:0.1.0:AT.1.0.0,2022-3-4 18:11:41,43.50,0.00,0.00,18.129,-1.732,-5.965,12.164,16.397,0.00,0.00,0.00,0.00,0.00,0.00,0.00,0.00,0.00,0.00,0.00,0.00,0.00,0.00,0.00,0.00,0.00
20650,DL:0.1.0:AT.1.0.0,2022-3-4 18:11:46,43.50,0.00,0.00,18.118,-1.721,-5.954,12.164,16.397,0.00,0.00,0.00,0.00,0.00,0.00,0.00,0.00,0.00,0.00,0.00,0.00,0.00,0.00,0.00,0.00,0.00
20650,DL:0.1.0:AT.1.0.0,2022-3-4 18:11:51,43.50,0.00,0.00,18.121,-1.722,-5.958,12.163,16.399,0.00,0.00,0.00,0.00,0.00,0.00,0.00,0.00,0.00,0.00,0.00,0.00,0.00,0.00,0.00,0.00,0.00
20650,DL:0.1.0:AT.1.0.0,2022-3-4 18:11:56,43.50,0.00,0.00,18.125,-1.726,-5.963,12.163,16.400,0.00,0.00,0.00,0.00,0.00,0.00,0.00,0.00,0.00,0.00,0.00,0.00,0.00,0.00,0.00,0.00,0.00
20650,DL:0.1.0:AT.1.0.0,2022-3-4 18:12:1,43.50,0.00,0.00,18.140,-1.739,-5.977,12.163,16.401,0.00,0.00,0.00,0.00,0.00,0.00,0.00,0.00,0.00,0.00,0.00,0.00,0.00,0.00,0.00,0.00,0.00
20650,DL:0.1.0:AT.1.0.0,2022-3-4 18:12:6,43.50,0.00,0.00,18.149,-1.747,-5.987,12.163,16.402,0.00,0.00,0.00,0.00,0.00,0.00,0.00,0.00,0.00,0.00,0.00,0.00,0.00,0.00,0.00,0.00,0.00
20650,DL:0.1.0:AT.1.0.0,2022-3-4 18:12:11,43.50,0.00,0.00,18.163,-1.758,-6.002,12.161,16.405,0.00,0.00,0.00,0.00,0.00,0.00,0.00,0.00,0.00,0.00,0.00,0.00,0.00,0.00,0.00,0.00,0.00
20650,DL:0.1.0:AT.1.0.0,2022-3-4 18:12:16,43.50,0.00,0.00,18.154,-1.750,-5.994,12.161,16.405,0.00,0.00,0.00,0.00,0.00,0.00,0.00,0.00,0.00,0.00,0.00,0.00,0.00,0.00,0.00,0.00,0.00
20650,DL:0.1.0:AT.1.0.0,2022-3-4 18:12:21,43.50,0.00,0.00,18.161,-1.756,-6.001,12.161,16.406,0.00,0.00,0.00,0.00,0.00,0.00,0.00,0.00,0.00,0.00,0.00,0.00,0.00,0.00,0.00,0.00,0.00
20650,DL:0.1.0:AT.1.0.0,2022-3-4 18:12:26,43.50,0.00,0.00,18.141,-1.734,-5.981,12.161,16.407,0.00,0.00,0.00,0.00,0.00,0.00,0.00,0.00,0.00,0.00,0.00,0.00,0.00,0.00,0.00,0.00,0.00
20650,DL:0.1.0:AT.1.0.0,2022-3-4 18:12:31,43.50,0.00,0.00,18.153,-1.744,-5.994,12.159,16.410,0.00,0.00,0.00,0.00,0.00,0.00,0.00,0.00,0.00,0.00,0.00,0.00,0.00,0.00,0.00,0.00,0.00
20650,DL:0.1.0:AT.1.0.0,2022-3-4 18:12:36,43.50,0.00,0.00,18.123,-1.714,-5.964,12.159,16.410,0.00,0.00,0.00,0.00,0.00,0.00,0.00,0.00,0.00,0.00,0.00,0.00,0.00,0.00,0.00,0.00,0.00
20650,DL:0.1.0:AT.1.0.0,2022-3-4 18:12:41,43.50,0.00,0.00,18.166,-1.756,-6.007,12.159,16.411,0.00,0.00,0.00,0.00,0.00,0.00,0.00,0.00,0.00,0.00,0.00,0.00,0.00,0.00,0.00,0.00,0.00
20650,DL:0.1.0:AT.1.0.0,2022-3-4 18:12:46,43.50,0.00,0.00,18.172,-1.760,-6.014,12.158,16.412,0.00,0.00,0.00,0.00,0.00,0.00,0.00,0.00,0.00,0.00,0.00,0.00,0.00,0.00,0.00,0.00,0.00
20650,DL:0.1.0:AT.1.0.0,2022-3-4 18:12:51,43.50,0.00,0.00,18.171,-1.757,-6.013,12.158,16.414,0.00,0.00,0.00,0.00,0.00,0.00,0.00,0.00,0.00,0.00,0.00,0.00,0.00,0.00,0.00,0.00,0.00
20650,DL:0.1.0:AT.1.0.0,2022-3-4 18:12:56,43.50,0.00,0.00,18.166,-1.751,-6.008,12.158,16.416,0.00,0.00,0.00,0.00,0.00,0.00,0.00,0.00,0.00,0.00,0.00,0.00,0.00,0.00,0.00,0.00,0.00
20650,DL:0.1.0:AT.1.0.0,2022-3-4 18:13:1,43.50,0.00,0.00,18.154,-1.738,-5.997,12.157,16.417,0.00,0.00,0.00,0.00,0.00,0.00,0.00,0.00,0.00,0.00,0.00,0.00,0.00,0.00,0.00,0.00,0.00
20650,DL:0.1.0:AT.1.0.0,2022-3-4 18:13:6,43.50,0.00,0.00,18.166,-1.750,-6.009,12.157,16.417,0.00,0.00,0.00,0.00,0.00,0.00,0.00,0.00,0.00,0.00,0.00,0.00,0.00,0.00,0.00,0.00,0.00
20650,DL:0.1.0:AT.1.0.0,2022-3-4 18:13:11,43.50,0.00,0.00,18.189,-1.772,-6.033,12.156,16.417,0.00,0.00,0.00,0.00,0.00,0.00,0.00,0.00,0.00,0.00,0.00,0.00,0.00,0.00,0.00,0.00,0.00
20650,DL:0.1.0:AT.1.0.0,2022-3-4 18:13:16,43.50,0.00,0.00,18.154,-1.736,-5.999,12.156,16.418,0.00,0.00,0.00,0.00,0.00,0.00,0.00,0.00,0.00,0.00,0.00,0.00,0.00,0.00,0.00,0.00,0.00
20650,DL:0.1.0:AT.1.0.0,2022-3-4 18:13:21,43.25,0.00,0.00,18.141,-1.722,-5.985,12.156,16.419,0.00,0.00,0.00,0.00,0.00,0.00,0.00,0.00,0.00,0.00,0.00,0.00,0.00,0.00,0.00,0.00,0.00
20650,DL:0.1.0:AT.1.0.0,2022-3-4 18:13:26,43.25,0.00,0.00,18.148,-1.728,-5.994,12.155,16.420,0.00,0.00,0.00,0.00,0.00,0.00,0.00,0.00,0.00,0.00,0.00,0.00,0.00,0.00,0.00,0.00,0.00
20650,DL:0.1.0:AT.1.0.0,2022-3-4 18:13:31,43.25,0.00,0.00,18.151,-1.730,-5.996,12.155,16.420,0.00,0.00,0.00,0.00,0.00,0.00,0.00,0.00,0.00,0.00,0.00,0.00,0.00,0.00,0.00,0.00,0.00
20650,DL:0.1.0:AT.1.0.0,2022-3-4 18:13:36,43.25,0.00,0.00,18.159,-1.738,-6.005,12.155,16.422,0.00,0.00,0.00,0.00,0.00,0.00,0.00,0.00,0.00,0.00,0.00,0.00,0.00,0.00,0.00,0.00,0.00
20650,DL:0.1.0:AT.1.0.0,2022-3-4 18:13:41,43.25,0.00,0.00,18.149,-1.728,-5.996,12.153,16.422,0.00,0.00,0.00,0.00,0.00,0.00,0.00,0.00,0.00,0.00,0.00,0.00,0.00,0.00,0.00,0.00,0.00
20650,DL:0.1.0:AT.1.0.0,2022-3-4 18:13:46,43.25,0.00,0.00,18.166,-1.745,-6.014,12.152,16.422,0.00,0.00,0.00,0.00,0.00,0.00,0.00,0.00,0.00,0.00,0.00,0.00,0.00,0.00,0.00,0.00,0.00
20650,DL:0.1.0:AT.1.0.0,2022-3-4 18:13:51,43.25,0.00,0.00,18.151,-1.727,-5.999,12.152,16.424,0.00,0.00,0.00,0.00,0.00,0.00,0.00,0.00,0.00,0.00,0.00,0.00,0.00,0.00,0.00,0.00,0.00
20650,DL:0.1.0:AT.1.0.0,2022-3-4 18:13:56,43.25,0.00,0.00,18.163,-1.738,-6.011,12.152,16.425,0.00,0.00,0.00,0.00,0.00,0.00,0.00,0.00,0.00,0.00,0.00,0.00,0.00,0.00,0.00,0.00,0.00
20650,DL:0.1.0:AT.1.0.0,2022-3-4 18:14:1,43.25,0.00,0.00,18.141,-1.716,-5.990,12.151,16.425,0.00,0.00,0.00,0.00,0.00,0.00,0.00,0.00,0.00,0.00,0.00,0.00,0.00,0.00,0.00,0.00,0.00
20650,DL:0.1.0:AT.1.0.0,2022-3-4 18:14:6,43.25,0.00,0.00,18.168,-1.741,-6.018,12.150,16.426,0.00,0.00,0.00,0.00,0.00,0.00,0.00,0.00,0.00,0.00,0.00,0.00,0.00,0.00,0.00,0.00,0.00
20650,DL:0.1.0:AT.1.0.0,2022-3-4 18:14:11,43.25,0.00,0.00,18.143,-1.717,-5.993,12.151,16.426,0.00,0.00,0.00,0.00,0.00,0.00,0.00,0.00,0.00,0.00,0.00,0.00,0.00,0.00,0.00,0.00,0.00
20650,DL:0.1.0:AT.1.0.0,2022-3-4 18:14:16,43.25,0.00,0.00,18.130,-1.704,-5.981,12.150,16.426,0.00,0.00,0.00,0.00,0.00,0.00,0.00,0.00,0.00,0.00,0.00,0.00,0.00,0.00,0.00,0.00,0.00
20650,DL:0.1.0:AT.1.0.0,2022-3-4 18:14:21,43.25,0.00,0.00,18.147,-1.720,-5.999,12.149,16.428,0.00,0.00,0.00,0.00,0.00,0.00,0.00,0.00,0.00,0.00,0.00,0.00,0.00,0.00,0.00,0.00,0.00
20650,DL:0.1.0:AT.1.0.0,2022-3-4 18:14:26,43.25,0.00,0.00,18.142,-1.715,-5.994,12.149,16.428,0.00,0.00,0.00,0.00,0.00,0.00,0.00,0.00,0.00,0.00,0.00,0.00,0.00,0.00,0.00,0.00,0.00
20650,DL:0.1.0:AT.1.0.0,2022-3-4 18:14:31,43.25,0.00,0.00,18.145,-1.716,-5.996,12.149,16.429,0.00,0.00,0.00,0.00,0.00,0.00,0.00,0.00,0.00,0.00,0.00,0.00,0.00,0.00,0.00,0.00,0.00
20650,DL:0.1.0:AT.1.0.0,2022-3-4 18:14:36,43.25,0.00,0.00,18.134,-1.705,-5.985,12.149,16.429,0.00,0.00,0.00,0.00,0.00,0.00,0.00,0.00,0.00,0.00,0.00,0.00,0.00,0.00,0.00,0.00,0.00
20650,DL:0.1.0:AT.1.0.0,2022-3-4 18:14:42,43.25,0.00,0.00,18.148,-1.720,-6.000,12.149,16.429,0.00,0.00,0.00,0.00,0.00,0.00,0.00,0.00,0.00,0.00,0.00,0.00,0.00,0.00,0.00,0.00,0.00
20650,DL:0.1.0:AT.1.0.0,2022-3-4 18:14:47,43.25,0.00,0.00,18.133,-1.703,-5.985,12.147,16.430,0.00,0.00,0.00,0.00,0.00,0.00,0.00,0.00,0.00,0.00,0.00,0.00,0.00,0.00,0.00,0.00,0.00
20650,DL:0.1.0:AT.1.0.0,2022-3-4 18:14:52,43.25,0.00,0.00,18.122,-1.691,-5.975,12.147,16.431,0.00,0.00,0.00,0.00,0.00,0.00,0.00,0.00,0.00,0.00,0.00,0.00,0.00,0.00,0.00,0.00,0.00
20650,DL:0.1.0:AT.1.0.0,2022-3-4 18:14:57,43.25,0.00,0.00,18.146,-1.716,-5.999,12.147,16.430,0.00,0.00,0.00,0.00,0.00,0.00,0.00,0.00,0.00,0.00,0.00,0.00,0.00,0.00,0.00,0.00,0.00
20650,DL:0.1.0:AT.1.0.0,2022-3-4 18:15:2,43.25,0.00,0.00,18.119,-1.687,-5.973,12.146,16.432,0.00,0.00,0.00,0.00,0.00,0.00,0.00,0.00,0.00,0.00,0.00,0.00,0.00,0.00,0.00,0.00,0.00
20650,DL:0.1.0:AT.1.0.0,2022-3-4 18:15:7,43.25,0.00,0.00,18.143,-1.711,-5.997,12.146,16.432,0.00,0.00,0.00,0.00,0.00,0.00,0.00,0.00,0.00,0.00,0.00,0.00,0.00,0.00,0.00,0.00,0.00
20650,DL:0.1.0:AT.1.0.0,2022-3-4 18:15:12,43.25,0.00,0.00,18.163,-1.730,-6.018,12.145,16.432,0.00,0.00,0.00,0.00,0.00,0.00,0.00,0.00,0.00,0.00,0.00,0.00,0.00,0.00,0.00,0.00,0.00
20650,DL:0.1.0:AT.1.0.0,2022-3-4 18:15:17,43.25,0.00,0.00,18.164,-1.732,-6.019,12.145,16.432,0.00,0.00,0.00,0.00,0.00,0.00,0.00,0.00,0.00,0.00,0.00,0.00,0.00,0.00,0.00,0.00,0.00
20650,DL:0.1.0:AT.1.0.0,2022-3-4 18:15:22,43.25,0.00,0.00,18.145,-1.711,-6.001,12.144,16.434,0.00,0.00,0.00,0.00,0.00,0.00,0.00,0.00,0.00,0.00,0.00,0.00,0.00,0.00,0.00,0.00,0.00
20650,DL:0.1.0:AT.1.0.0,2022-3-4 18:15:27,43.25,0.00,0.00,18.121,-1.687,-5.977,12.144,16.434,0.00,0.00,0.00,0.00,0.00,0.00,0.00,0.00,0.00,0.00,0.00,0.00,0.00,0.00,0.00,0.00,0.00
20650,DL:0.1.0:AT.1.0.0,2022-3-4 18:15:32,43.25,0.00,0.00,18.133,-1.698,-5.988,12.145,16.435,0.00,0.00,0.00,0.00,0.00,0.00,0.00,0.00,0.00,0.00,0.00,0.00,0.00,0.00,0.00,0.00,0.00
20650,DL:0.1.0:AT.1.0.0,2022-3-4 18:15:37,43.25,0.00,0.00,18.158,-1.723,-6.014,12.144,16.435,0.00,0.00,0.00,0.00,0.00,0.00,0.00,0.00,0.00,0.00,0.00,0.00,0.00,0.00,0.00,0.00,0.00
20650,DL:0.1.0:AT.1.0.0,2022-3-4 18:15:42,43.25,0.00,0.00,18.101,-1.667,-5.958,12.144,16.435,0.00,0.00,0.00,0.00,0.00,0.00,0.00,0.00,0.00,0.00,0.00,0.00,0.00,0.00,0.00,0.00,0.00
20650,DL:0.1.0:AT.1.0.0,2022-3-4 18:15:47,43.25,0.00,0.00,18.148,-1.712,-6.006,12.143,16.436,0.00,0.00,0.00,0.00,0.00,0.00,0.00,0.00,0.00,0.00,0.00,0.00,0.00,0.00,0.00,0.00,0.00
20650,DL:0.1.0:AT.1.0.0,2022-3-4 18:15:52,43.25,0.00,0.00,18.140,-1.704,-5.997,12.143,16.436,0.00,0.00,0.00,0.00,0.00,0.00,0.00,0.00,0.00,0.00,0.00,0.00,0.00,0.00,0.00,0.00,0.00
20650,DL:0.1.0:AT.1.0.0,2022-3-4 18:15:57,43.25,0.00,0.00,18.122,-1.685,-5.981,12.141,16.437,0.00,0.00,0.00,0.00,0.00,0.00,0.00,0.00,0.00,0.00,0.00,0.00,0.00,0.00,0.00,0.00,0.00
20650,DL:0.1.0:AT.1.0.0,2022-3-4 18:16:2,43.25,0.00,0.00,18.143,-1.706,-6.002,12.141,16.437,0.00,0.00,0.00,0.00,0.00,0.00,0.00,0.00,0.00,0.00,0.00,0.00,0.00,0.00,0.00,0.00,0.00
20650,DL:0.1.0:AT.1.0.0,2022-3-4 18:16:7,43.25,0.00,0.00,18.129,-1.691,-5.989,12.140,16.438,0.00,0.00,0.00,0.00,0.00,0.00,0.00,0.00,0.00,0.00,0.00,0.00,0.00,0.00,0.00,0.00,0.00
20650,DL:0.1.0:AT.1.0.0,2022-3-4 18:16:12,43.25,0.00,0.00,18.140,-1.702,-5.999,12.141,16.438,0.00,0.00,0.00,0.00,0.00,0.00,0.00,0.00,0.00,0.00,0.00,0.00,0.00,0.00,0.00,0.00,0.00
20650,DL:0.1.0:AT.1.0.0,2022-3-4 18:16:17,43.25,0.00,0.00,18.151,-1.711,-6.011,12.140,16.440,0.00,0.00,0.00,0.00,0.00,0.00,0.00,0.00,0.00,0.00,0.00,0.00,0.00,0.00,0.00,0.00,0.00
20650,DL:0.1.0:AT.1.0.0,2022-3-4 18:16:22,43.25,0.00,0.00,18.148,-1.709,-6.008,12.140,16.440,0.00,0.00,0.00,0.00,0.00,0.00,0.00,0.00,0.00,0.00,0.00,0.00,0.00,0.00,0.00,0.00,0.00
20650,DL:0.1.0:AT.1.0.0,2022-3-4 18:16:27,43.25,0.00,0.00,18.131,-1.692,-5.993,12.139,16.440,0.00,0.00,0.00,0.00,0.00,0.00,0.00,0.00,0.00,0.00,0.00,0.00,0.00,0.00,0.00,0.00,0.00
20650,DL:0.1.0:AT.1.0.0,2022-3-4 18:16:32,43.25,0.00,0.00,18.125,-1.686,-5.987,12.139,16.440,0.00,0.00,0.00,0.00,0.00,0.00,0.00,0.00,0.00,0.00,0.00,0.00,0.00,0.00,0.00,0.00,0.00
20650,DL:0.1.0:AT.1.0.0,2022-3-4 18:16:37,43.25,0.00,0.00,18.115,-1.675,-5.976,12.139,16.440,0.00,0.00,0.00,0.00,0.00,0.00,0.00,0.00,0.00,0.00,0.00,0.00,0.00,0.00,0.00,0.00,0.00
20650,DL:0.1.0:AT.1.0.0,2022-3-4 18:16:42,43.25,0.00,0.00,18.129,-1.689,-5.990,12.139,16.440,0.00,0.00,0.00,0.00,0.00,0.00,0.00,0.00,0.00,0.00,0.00,0.00,0.00,0.00,0.00,0.00,0.00
20650,DL:0.1.0:AT.1.0.0,2022-3-4 18:16:47,43.25,0.00,0.00,18.128,-1.687,-5.990,12.138,16.441,0.00,0.00,0.00,0.00,0.00,0.00,0.00,0.00,0.00,0.00,0.00,0.00,0.00,0.00,0.00,0.00,0.00
20650,DL:0.1.0:AT.1.0.0,2022-3-4 18:16:52,43.25,0.00,0.00,18.152,-1.710,-6.015,12.137,16.442,0.00,0.00,0.00,0.00,0.00,0.00,0.00,0.00,0.00,0.00,0.00,0.00,0.00,0.00,0.00,0.00,0.00
20650,DL:0.1.0:AT.1.0.0,2022-3-4 18:16:57,43.25,0.00,0.00,18.141,-1.699,-6.005,12.137,16.442,0.00,0.00,0.00,0.00,0.00,0.00,0.00,0.00,0.00,0.00,0.00,0.00,0.00,0.00,0.00,0.00,0.00
20650,DL:0.1.0:AT.1.0.0,2022-3-4 18:17:2,43.25,0.00,0.00,18.140,-1.698,-6.003,12.137,16.442,0.00,0.00,0.00,0.00,0.00,0.00,0.00,0.00,0.00,0.00,0.00,0.00,0.00,0.00,0.00,0.00,0.00
20650,DL:0.1.0:AT.1.0.0,2022-3-4 18:17:7,43.25,0.00,0.00,18.103,-1.659,-5.966,12.137,16.443,0.00,0.00,0.00,0.00,0.00,0.00,0.00,0.00,0.00,0.00,0.00,0.00,0.00,0.00,0.00,0.00,0.00
20650,DL:0.1.0:AT.1.0.0,2022-3-4 18:17:12,43.25,0.00,0.00,18.147,-1.703,-6.012,12.135,16.444,0.00,0.00,0.00,0.00,0.00,0.00,0.00,0.00,0.00,0.00,0.00,0.00,0.00,0.00,0.00,0.00,0.00
20650,DL:0.1.0:AT.1.0.0,2022-3-4 18:17:17,43.25,0.00,0.00,18.136,-1.692,-6.001,12.135,16.444,0.00,0.00,0.00,0.00,0.00,0.00,0.00,0.00,0.00,0.00,0.00,0.00,0.00,0.00,0.00,0.00,0.00
20650,DL:0.1.0:AT.1.0.0,2022-3-4 18:17:22,43.25,0.00,0.00,18.115,-1.670,-5.981,12.134,16.444,0.00,0.00,0.00,0.00,0.00,0.00,0.00,0.00,0.00,0.00,0.00,0.00,0.00,0.00,0.00,0.00,0.00
20650,DL:0.1.0:AT.1.0.0,2022-3-4 18:17:27,43.25,0.00,0.00,18.119,-1.675,-5.985,12.134,16.444,0.00,0.00,0.00,0.00,0.00,0.00,0.00,0.00,0.00,0.00,0.00,0.00,0.00,0.00,0.00,0.00,0.00
20650,DL:0.1.0:AT.1.0.0,2022-3-4 18:17:32,43.25,0.00,0.00,18.155,-1.710,-6.023,12.133,16.446,0.00,0.00,0.00,0.00,0.00,0.00,0.00,0.00,0.00,0.00,0.00,0.00,0.00,0.00,0.00,0.00,0.00
20650,DL:0.1.0:AT.1.0.0,2022-3-4 18:17:37,43.25,0.00,0.00,18.124,-1.680,-5.991,12.133,16.444,0.00,0.00,0.00,0.00,0.00,0.00,0.00,0.00,0.00,0.00,0.00,0.00,0.00,0.00,0.00,0.00,0.00
20650,DL:0.1.0:AT.1.0.0,2022-3-4 18:17:42,43.25,0.00,0.00,18.116,-1.670,-5.984,12.132,16.446,0.00,0.00,0.00,0.00,0.00,0.00,0.00,0.00,0.00,0.00,0.00,0.00,0.00,0.00,0.00,0.00,0.00
20650,DL:0.1.0:AT.1.0.0,2022-3-4 18:17:47,43.25,0.00,0.00,18.142,-1.697,-6.011,12.132,16.446,0.00,0.00,0.00,0.00,0.00,0.00,0.00,0.00,0.00,0.00,0.00,0.00,0.00,0.00,0.00,0.00,0.00
20650,DL:0.1.0:AT.1.0.0,2022-3-4 18:17:52,43.25,0.00,0.00,18.149,-1.704,-6.019,12.130,16.446,0.00,0.00,0.00,0.00,0.00,0.00,0.00,0.00,0.00,0.00,0.00,0.00,0.00,0.00,0.00,0.00,0.00
20650,DL:0.1.0:AT.1.0.0,2022-3-4 18:17:57,43.25,0.00,0.00,18.135,-1.688,-6.005,12.130,16.447,0.00,0.00,0.00,0.00,0.00,0.00,0.00,0.00,0.00,0.00,0.00,0.00,0.00,0.00,0.00,0.00,0.00
20650,DL:0.1.0:AT.1.0.0,2022-3-4 18:18:2,43.25,0.00,0.00,18.147,-1.700,-6.017,12.130,16.447,0.00,0.00,0.00,0.00,0.00,0.00,0.00,0.00,0.00,0.00,0.00,0.00,0.00,0.00,0.00,0.00,0.00
20650,DL:0.1.0:AT.1.0.0,2022-3-4 18:18:7,43.25,0.00,0.00,18.130,-1.682,-6.001,12.129,16.448,0.00,0.00,0.00,0.00,0.00,0.00,0.00,0.00,0.00,0.00,0.00,0.00,0.00,0.00,0.00,0.00,0.00
20650,DL:0.1.0:AT.1.0.0,2022-3-4 18:18:12,43.25,0.00,0.00,18.130,-1.682,-6.001,12.129,16.448,0.00,0.00,0.00,0.00,0.00,0.00,0.00,0.00,0.00,0.00,0.00,0.00,0.00,0.00,0.00,0.00,0.00
20650,DL:0.1.0:AT.1.0.0,2022-3-4 18:18:17,43.25,0.00,0.00,18.100,-1.651,-5.971,12.129,16.449,0.00,0.00,0.00,0.00,0.00,0.00,0.00,0.00,0.00,0.00,0.00,0.00,0.00,0.00,0.00,0.00,0.00
20650,DL:0.1.0:AT.1.0.0,2022-3-4 18:18:22,43.25,0.00,0.00,18.124,-1.674,-5.995,12.129,16.450,0.00,0.00,0.00,0.00,0.00,0.00,0.00,0.00,0.00,0.00,0.00,0.00,0.00,0.00,0.00,0.00,0.00
20650,DL:0.1.0:AT.1.0.0,2022-3-4 18:18:27,43.25,0.00,0.00,18.140,-1.691,-6.012,12.128,16.449,0.00,0.00,0.00,0.00,0.00,0.00,0.00,0.00,0.00,0.00,0.00,0.00,0.00,0.00,0.00,0.00,0.00
20650,DL:0.1.0:AT.1.0.0,2022-3-4 18:18:32,43.25,0.00,0.00,18.128,-1.676,-6.000,12.128,16.452,0.00,0.00,0.00,0.00,0.00,0.00,0.00,0.00,0.00,0.00,0.00,0.00,0.00,0.00,0.00,0.00,0.00
20650,DL:0.1.0:AT.1.0.0,2022-3-4 18:18:38,43.25,0.00,0.00,18.135,-1.683,-6.008,12.127,16.452,0.00,0.00,0.00,0.00,0.00,0.00,0.00,0.00,0.00,0.00,0.00,0.00,0.00,0.00,0.00,0.00,0.00
20650,DL:0.1.0:AT.1.0.0,2022-3-4 18:18:43,43.25,0.00,0.00,18.117,-1.664,-5.991,12.126,16.453,0.00,0.00,0.00,0.00,0.00,0.00,0.00,0.00,0.00,0.00,0.00,0.00,0.00,0.00,0.00,0.00,0.00
20650,DL:0.1.0:AT.1.0.0,2022-3-4 18:18:48,43.25,0.00,0.00,18.089,-1.635,-5.964,12.126,16.454,0.00,0.00,0.00,0.00,0.00,0.00,0.00,0.00,0.00,0.00,0.00,0.00,0.00,0.00,0.00,0.00,0.00
20650,DL:0.1.0:AT.1.0.0,2022-3-4 18:18:53,43.25,0.00,0.00,18.118,-1.664,-5.993,12.126,16.454,0.00,0.00,0.00,0.00,0.00,0.00,0.00,0.00,0.00,0.00,0.00,0.00,0.00,0.00,0.00,0.00,0.00
20650,DL:0.1.0:AT.1.0.0,2022-3-4 18:18:58,43.25,0.00,0.00,18.104,-1.649,-5.978,12.126,16.455,0.00,0.00,0.00,0.00,0.00,0.00,0.00,0.00,0.00,0.00,0.00,0.00,0.00,0.00,0.00,0.00,0.00
20650,DL:0.1.0:AT.1.0.0,2022-3-4 18:19:3,43.25,0.00,0.00,18.119,-1.663,-5.994,12.126,16.456,0.00,0.00,0.00,0.00,0.00,0.00,0.00,0.00,0.00,0.00,0.00,0.00,0.00,0.00,0.00,0.00,0.00
20650,DL:0.1.0:AT.1.0.0,2022-3-4 18:19:8,43.25,0.00,0.00,18.131,-1.675,-6.006,12.126,16.456,0.00,0.00,0.00,0.00,0.00,0.00,0.00,0.00,0.00,0.00,0.00,0.00,0.00,0.00,0.00,0.00,0.00
20650,DL:0.1.0:AT.1.0.0,2022-3-4 18:19:13,43.25,0.00,0.00,18.140,-1.685,-6.015,12.124,16.455,0.00,0.00,0.00,0.00,0.00,0.00,0.00,0.00,0.00,0.00,0.00,0.00,0.00,0.00,0.00,0.00,0.00
20650,DL:0.1.0:AT.1.0.0,2022-3-4 18:19:18,43.25,0.00,0.00,18.125,-1.670,-6.001,12.124,16.455,0.00,0.00,0.00,0.00,0.00,0.00,0.00,0.00,0.00,0.00,0.00,0.00,0.00,0.00,0.00,0.00,0.00
20650,DL:0.1.0:AT.1.0.0,2022-3-4 18:19:23,43.25,0.00,0.00,18.122,-1.665,-5.997,12.124,16.456,0.00,0.00,0.00,0.00,0.00,0.00,0.00,0.00,0.00,0.00,0.00,0.00,0.00,0.00,0.00,0.00,0.00
20650,DL:0.1.0:AT.1.0.0,2022-3-4 18:19:28,43.25,0.00,0.00,18.110,-1.653,-5.987,12.123,16.456,0.00,0.00,0.00,0.00,0.00,0.00,0.00,0.00,0.00,0.00,0.00,0.00,0.00,0.00,0.00,0.00,0.00
20650,DL:0.1.0:AT.1.0.0,2022-3-4 18:19:33,43.25,0.00,0.00,18.105,-1.650,-5.983,12.122,16.455,0.00,0.00,0.00,0.00,0.00,0.00,0.00,0.00,0.00,0.00,0.00,0.00,0.00,0.00,0.00,0.00,0.00
20650,DL:0.1.0:AT.1.0.0,2022-3-4 18:19:38,43.25,0.00,0.00,18.130,-1.674,-6.008,12.122,16.456,0.00,0.00,0.00,0.00,0.00,0.00,0.00,0.00,0.00,0.00,0.00,0.00,0.00,0.00,0.00,0.00,0.00
20650,DL:0.1.0:AT.1.0.0,2022-3-4 18:19:43,43.25,0.00,0.00,18.113,-1.657,-5.991,12.122,16.456,0.00,0.00,0.00,0.00,0.00,0.00,0.00,0.00,0.00,0.00,0.00,0.00,0.00,0.00,0.00,0.00,0.00
20650,DL:0.1.0:AT.1.0.0,2022-3-4 18:19:48,43.25,0.00,0.00,18.137,-1.681,-6.017,12.121,16.456,0.00,0.00,0.00,0.00,0.00,0.00,0.00,0.00,0.00,0.00,0.00,0.00,0.00,0.00,0.00,0.00,0.00
20650,DL:0.1.0:AT.1.0.0,2022-3-4 18:19:53,43.25,0.00,0.00,18.130,-1.675,-6.011,12.120,16.455,0.00,0.00,0.00,0.00,0.00,0.00,0.00,0.00,0.00,0.00,0.00,0.00,0.00,0.00,0.00,0.00,0.00
20650,DL:0.1.0:AT.1.0.0,2022-3-4 18:19:58,43.25,0.00,0.00,18.130,-1.674,-6.011,12.120,16.456,0.00,0.00,0.00,0.00,0.00,0.00,0.00,0.00,0.00,0.00,0.00,0.00,0.00,0.00,0.00,0.00,0.00
20650,DL:0.1.0:AT.1.0.0,2022-3-4 18:20:3,43.25,0.00,0.00,18.112,-1.656,-5.993,12.120,16.456,0.00,0.00,0.00,0.00,0.00,0.00,0.00,0.00,0.00,0.00,0.00,0.00,0.00,0.00,0.00,0.00,0.00
20650,DL:0.1.0:AT.1.0.0,2022-3-4 18:20:8,43.25,0.00,0.00,18.148,-1.693,-6.030,12.118,16.455,0.00,0.00,0.00,0.00,0.00,0.00,0.00,0.00,0.00,0.00,0.00,0.00,0.00,0.00,0.00,0.00,0.00
20650,DL:0.1.0:AT.1.0.0,2022-3-4 18:20:13,43.25,0.00,0.00,18.099,-1.643,-5.982,12.117,16.456,0.00,0.00,0.00,0.00,0.00,0.00,0.00,0.00,0.00,0.00,0.00,0.00,0.00,0.00,0.00,0.00,0.00
20650,DL:0.1.0:AT.1.0.0,2022-3-4 18:20:18,43.25,0.00,0.00,18.123,-1.667,-6.005,12.118,16.456,0.00,0.00,0.00,0.00,0.00,0.00,0.00,0.00,0.00,0.00,0.00,0.00,0.00,0.00,0.00,0.00,0.00
20650,DL:0.1.0:AT.1.0.0,2022-3-4 18:20:23,43.25,0.00,0.00,18.147,-1.691,-6.030,12.117,16.456,0.00,0.00,0.00,0.00,0.00,0.00,0.00,0.00,0.00,0.00,0.00,0.00,0.00,0.00,0.00,0.00,0.00
20650,DL:0.1.0:AT.1.0.0,2022-3-4 18:20:28,43.25,0.00,0.00,18.104,-1.647,-5.988,12.116,16.456,0.00,0.00,0.00,0.00,0.00,0.00,0.00,0.00,0.00,0.00,0.00,0.00,0.00,0.00,0.00,0.00,0.00
20650,DL:0.1.0:AT.1.0.0,2022-3-4 18:20:33,43.25,0.00,0.00,18.103,-1.646,-5.987,12.116,16.456,0.00,0.00,0.00,0.00,0.00,0.00,0.00,0.00,0.00,0.00,0.00,0.00,0.00,0.00,0.00,0.00,0.00
20650,DL:0.1.0:AT.1.0.0,2022-3-4 18:20:38,43.25,0.00,0.00,18.119,-1.662,-6.003,12.116,16.458,0.00,0.00,0.00,0.00,0.00,0.00,0.00,0.00,0.00,0.00,0.00,0.00,0.00,0.00,0.00,0.00,0.00
20650,DL:0.1.0:AT.1.0.0,2022-3-4 18:20:43,43.25,0.00,0.00,18.130,-1.673,-6.017,12.114,16.458,0.00,0.00,0.00,0.00,0.00,0.00,0.00,0.00,0.00,0.00,0.00,0.00,0.00,0.00,0.00,0.00,0.00
20650,DL:0.1.0:AT.1.0.0,2022-3-4 18:20:48,43.25,0.00,0.00,18.099,-1.641,-5.983,12.116,16.458,0.00,0.00,0.00,0.00,0.00,0.00,0.00,0.00,0.00,0.00,0.00,0.00,0.00,0.00,0.00,0.00,0.00
20650,DL:0.1.0:AT.1.0.0,2022-3-4 18:20:53,43.25,0.00,0.00,18.133,-1.675,-6.019,12.114,16.458,0.00,0.00,0.00,0.00,0.00,0.00,0.00,0.00,0.00,0.00,0.00,0.00,0.00,0.00,0.00,0.00,0.00
20650,DL:0.1.0:AT.1.0.0,2022-3-4 18:20:58,43.25,0.00,0.00,18.139,-1.681,-6.026,12.112,16.458,0.00,0.00,0.00,0.00,0.00,0.00,0.00,0.00,0.00,0.00,0.00,0.00,0.00,0.00,0.00,0.00,0.00
20650,DL:0.1.0:AT.1.0.0,2022-3-4 18:21:3,43.25,0.00,0.00,18.123,-1.665,-6.011,12.112,16.458,0.00,0.00,0.00,0.00,0.00,0.00,0.00,0.00,0.00,0.00,0.00,0.00,0.00,0.00,0.00,0.00,0.00
20650,DL:0.1.0:AT.1.0.0,2022-3-4 18:21:8,43.25,0.00,0.00,18.148,-1.691,-6.037,12.111,16.458,0.00,0.00,0.00,0.00,0.00,0.00,0.00,0.00,0.00,0.00,0.00,0.00,0.00,0.00,0.00,0.00,0.00
20650,DL:0.1.0:AT.1.0.0,2022-3-4 18:21:13,43.25,0.00,0.00,18.165,-1.708,-6.054,12.111,16.458,0.00,0.00,0.00,0.00,0.00,0.00,0.00,0.00,0.00,0.00,0.00,0.00,0.00,0.00,0.00,0.00,0.00
20650,DL:0.1.0:AT.1.0.0,2022-3-4 18:21:18,43.25,0.00,0.00,18.140,-1.682,-6.029,12.111,16.458,0.00,0.00,0.00,0.00,0.00,0.00,0.00,0.00,0.00,0.00,0.00,0.00,0.00,0.00,0.00,0.00,0.00
20650,DL:0.1.0:AT.1.0.0,2022-3-4 18:21:23,43.25,0.00,0.00,18.133,-1.674,-6.023,12.110,16.459,0.00,0.00,0.00,0.00,0.00,0.00,0.00,0.00,0.00,0.00,0.00,0.00,0.00,0.00,0.00,0.00,0.00
20650,DL:0.1.0:AT.1.0.0,2022-3-4 18:21:28,43.25,0.00,0.00,18.109,-1.650,-5.999,12.110,16.459,0.00,0.00,0.00,0.00,0.00,0.00,0.00,0.00,0.00,0.00,0.00,0.00,0.00,0.00,0.00,0.00,0.00
20650,DL:0.1.0:AT.1.0.0,2022-3-4 18:21:33,43.25,0.00,0.00,18.124,-1.665,-6.015,12.109,16.459,0.00,0.00,0.00,0.00,0.00,0.00,0.00,0.00,0.00,0.00,0.00,0.00,0.00,0.00,0.00,0.00,0.00
20650,DL:0.1.0:AT.1.0.0,2022-3-4 18:21:38,43.25,0.00,0.00,18.142,-1.683,-6.033,12.109,16.459,0.00,0.00,0.00,0.00,0.00,0.00,0.00,0.00,0.00,0.00,0.00,0.00,0.00,0.00,0.00,0.00,0.00
20650,DL:0.1.0:AT.1.0.0,2022-3-4 18:21:43,43.25,0.00,0.00,18.121,-1.662,-6.012,12.109,16.459,0.00,0.00,0.00,0.00,0.00,0.00,0.00,0.00,0.00,0.00,0.00,0.00,0.00,0.00,0.00,0.00,0.00
20650,DL:0.1.0:AT.1.0.0,2022-3-4 18:21:48,43.25,0.00,0.00,18.127,-1.667,-6.020,12.106,16.460,0.00,0.00,0.00,0.00,0.00,0.00,0.00,0.00,0.00,0.00,0.00,0.00,0.00,0.00,0.00,0.00,0.00
20650,DL:0.1.0:AT.1.0.0,2022-3-4 18:21:53,43.25,0.00,0.00,18.123,-1.664,-6.015,12.108,16.459,0.00,0.00,0.00,0.00,0.00,0.00,0.00,0.00,0.00,0.00,0.00,0.00,0.00,0.00,0.00,0.00,0.00
20650,DL:0.1.0:AT.1.0.0,2022-3-4 18:21:58,43.25,0.00,0.00,18.129,-1.669,-6.023,12.106,16.460,0.00,0.00,0.00,0.00,0.00,0.00,0.00,0.00,0.00,0.00,0.00,0.00,0.00,0.00,0.00,0.00,0.00
20650,DL:0.1.0:AT.1.0.0,2022-3-4 18:22:4,43.25,0.00,0.00,18.122,-1.662,-6.015,12.106,16.460,0.00,0.00,0.00,0.00,0.00,0.00,0.00,0.00,0.00,0.00,0.00,0.00,0.00,0.00,0.00,0.00,0.00
20650,DL:0.1.0:AT.1.0.0,2022-3-4 18:22:9,43.25,0.00,0.00,18.119,-1.658,-6.014,12.105,16.461,0.00,0.00,0.00,0.00,0.00,0.00,0.00,0.00,0.00,0.00,0.00,0.00,0.00,0.00,0.00,0.00,0.00
20650,DL:0.1.0:AT.1.0.0,2022-3-4 18:22:14,43.25,0.00,0.00,18.109,-1.647,-6.003,12.105,16.461,0.00,0.00,0.00,0.00,0.00,0.00,0.00,0.00,0.00,0.00,0.00,0.00,0.00,0.00,0.00,0.00,0.00
20650,DL:0.1.0:AT.1.0.0,2022-3-4 18:22:19,43.25,0.00,0.00,18.134,-1.673,-6.030,12.104,16.461,0.00,0.00,0.00,0.00,0.00,0.00,0.00,0.00,0.00,0.00,0.00,0.00,0.00,0.00,0.00,0.00,0.00
20650,DL:0.1.0:AT.1.0.0,2022-3-4 18:22:24,43.25,0.00,0.00,18.107,-1.646,-6.003,12.104,16.461,0.00,0.00,0.00,0.00,0.00,0.00,0.00,0.00,0.00,0.00,0.00,0.00,0.00,0.00,0.00,0.00,0.00
20650,DL:0.1.0:AT.1.0.0,2022-3-4 18:22:29,43.25,0.00,0.00,18.130,-1.668,-6.027,12.103,16.462,0.00,0.00,0.00,0.00,0.00,0.00,0.00,0.00,0.00,0.00,0.00,0.00,0.00,0.00,0.00,0.00,0.00
20650,DL:0.1.0:AT.1.0.0,2022-3-4 18:22:34,43.25,0.00,0.00,18.123,-1.661,-6.019,12.104,16.462,0.00,0.00,0.00,0.00,0.00,0.00,0.00,0.00,0.00,0.00,0.00,0.00,0.00,0.00,0.00,0.00,0.00
20650,DL:0.1.0:AT.1.0.0,2022-3-4 18:22:39,43.25,0.00,0.00,18.086,-1.622,-5.983,12.103,16.464,0.00,0.00,0.00,0.00,0.00,0.00,0.00,0.00,0.00,0.00,0.00,0.00,0.00,0.00,0.00,0.00,0.00
20650,DL:0.1.0:AT.1.0.0,2022-3-4 18:22:44,43.25,0.00,0.00,18.103,-1.639,-6.000,12.103,16.464,0.00,0.00,0.00,0.00,0.00,0.00,0.00,0.00,0.00,0.00,0.00,0.00,0.00,0.00,0.00,0.00,0.00
20650,DL:0.1.0:AT.1.0.0,2022-3-4 18:22:49,43.25,0.00,0.00,18.119,-1.656,-6.019,12.100,16.464,0.00,0.00,0.00,0.00,0.00,0.00,0.00,0.00,0.00,0.00,0.00,0.00,0.00,0.00,0.00,0.00,0.00
20650,DL:0.1.0:AT.1.0.0,2022-3-4 18:22:54,43.25,0.00,0.00,18.125,-1.661,-6.024,12.102,16.465,0.00,0.00,0.00,0.00,0.00,0.00,0.00,0.00,0.00,0.00,0.00,0.00,0.00,0.00,0.00,0.00,0.00
20650,DL:0.1.0:AT.1.0.0,2022-3-4 18:22:59,43.25,0.00,0.00,18.123,-1.658,-6.023,12.100,16.465,0.00,0.00,0.00,0.00,0.00,0.00,0.00,0.00,0.00,0.00,0.00,0.00,0.00,0.00,0.00,0.00,0.00
20650,DL:0.1.0:AT.1.0.0,2022-3-4 18:23:4,43.25,0.00,0.00,18.111,-1.645,-6.011,12.100,16.466,0.00,0.00,0.00,0.00,0.00,0.00,0.00,0.00,0.00,0.00,0.00,0.00,0.00,0.00,0.00,0.00,0.00
20650,DL:0.1.0:AT.1.0.0,2022-3-4 18:23:9,43.25,0.00,0.00,18.146,-1.680,-6.047,12.099,16.466,0.00,0.00,0.00,0.00,0.00,0.00,0.00,0.00,0.00,0.00,0.00,0.00,0.00,0.00,0.00,0.00,0.00
20650,DL:0.1.0:AT.1.0.0,2022-3-4 18:23:14,43.25,0.00,0.00,18.106,-1.640,-6.007,12.099,16.466,0.00,0.00,0.00,0.00,0.00,0.00,0.00,0.00,0.00,0.00,0.00,0.00,0.00,0.00,0.00,0.00,0.00
20650,DL:0.1.0:AT.1.0.0,2022-3-4 18:23:19,43.25,0.00,0.00,18.110,-1.644,-6.012,12.098,16.466,0.00,0.00,0.00,0.00,0.00,0.00,0.00,0.00,0.00,0.00,0.00,0.00,0.00,0.00,0.00,0.00,0.00
20650,DL:0.1.0:AT.1.0.0,2022-3-4 18:23:24,43.25,0.00,0.00,18.111,-1.645,-6.013,12.098,16.466,0.00,0.00,0.00,0.00,0.00,0.00,0.00,0.00,0.00,0.00,0.00,0.00,0.00,0.00,0.00,0.00,0.00
20650,DL:0.1.0:AT.1.0.0,2022-3-4 18:23:29,43.25,0.00,0.00,18.118,-1.651,-6.020,12.098,16.467,0.00,0.00,0.00,0.00,0.00,0.00,0.00,0.00,0.00,0.00,0.00,0.00,0.00,0.00,0.00,0.00,0.00
20650,DL:0.1.0:AT.1.0.0,2022-3-4 18:23:34,43.25,0.00,0.00,18.133,-1.665,-6.036,12.097,16.467,0.00,0.00,0.00,0.00,0.00,0.00,0.00,0.00,0.00,0.00,0.00,0.00,0.00,0.00,0.00,0.00,0.00
20650,DL:0.1.0:AT.1.0.0,2022-3-4 18:23:39,43.25,0.00,0.00,18.113,-1.646,-6.017,12.097,16.467,0.00,0.00,0.00,0.00,0.00,0.00,0.00,0.00,0.00,0.00,0.00,0.00,0.00,0.00,0.00,0.00,0.00
20650,DL:0.1.0:AT.1.0.0,2022-3-4 18:23:44,43.25,0.00,0.00,18.112,-1.644,-6.017,12.096,16.468,0.00,0.00,0.00,0.00,0.00,0.00,0.00,0.00,0.00,0.00,0.00,0.00,0.00,0.00,0.00,0.00,0.00
20650,DL:0.1.0:AT.1.0.0,2022-3-4 18:23:49,43.25,0.00,0.00,18.124,-1.656,-6.029,12.096,16.468,0.00,0.00,0.00,0.00,0.00,0.00,0.00,0.00,0.00,0.00,0.00,0.00,0.00,0.00,0.00,0.00,0.00
20650,DL:0.1.0:AT.1.0.0,2022-3-4 18:23:54,43.25,0.00,0.00,18.107,-1.639,-6.012,12.096,16.468,0.00,0.00,0.00,0.00,0.00,0.00,0.00,0.00,0.00,0.00,0.00,0.00,0.00,0.00,0.00,0.00,0.00
20650,DL:0.1.0:AT.1.0.0,2022-3-4 18:23:59,43.25,0.00,0.00,18.092,-1.623,-5.999,12.093,16.468,0.00,0.00,0.00,0.00,0.00,0.00,0.00,0.00,0.00,0.00,0.00,0.00,0.00,0.00,0.00,0.00,0.00
20650,DL:0.1.0:AT.1.0.0,2022-3-4 18:24:4,43.00,0.00,0.00,18.113,-1.644,-6.020,12.093,16.470,0.00,0.00,0.00,0.00,0.00,0.00,0.00,0.00,0.00,0.00,0.00,0.00,0.00,0.00,0.00,0.00,0.00
20650,DL:0.1.0:AT.1.0.0,2022-3-4 18:24:9,43.00,0.00,0.00,18.110,-1.640,-6.017,12.093,16.470,0.00,0.00,0.00,0.00,0.00,0.00,0.00,0.00,0.00,0.00,0.00,0.00,0.00,0.00,0.00,0.00,0.00
20650,DL:0.1.0:AT.1.0.0,2022-3-4 18:24:14,43.00,0.00,0.00,18.112,-1.641,-6.020,12.092,16.471,0.00,0.00,0.00,0.00,0.00,0.00,0.00,0.00,0.00,0.00,0.00,0.00,0.00,0.00,0.00,0.00,0.00
20650,DL:0.1.0:AT.1.0.0,2022-3-4 18:24:19,43.00,0.00,0.00,18.105,-1.633,-6.012,12.093,16.472,0.00,0.00,0.00,0.00,0.00,0.00,0.00,0.00,0.00,0.00,0.00,0.00,0.00,0.00,0.00,0.00,0.00
20650,DL:0.1.0:AT.1.0.0,2022-3-4 18:24:24,43.00,0.00,0.00,18.125,-1.653,-6.033,12.092,16.472,0.00,0.00,0.00,0.00,0.00,0.00,0.00,0.00,0.00,0.00,0.00,0.00,0.00,0.00,0.00,0.00,0.00
20650,DL:0.1.0:AT.1.0.0,2022-3-4 18:24:29,43.00,0.00,0.00,18.128,-1.656,-6.037,12.091,16.472,0.00,0.00,0.00,0.00,0.00,0.00,0.00,0.00,0.00,0.00,0.00,0.00,0.00,0.00,0.00,0.00,0.00
20650,DL:0.1.0:AT.1.0.0,2022-3-4 18:24:34,43.00,0.00,0.00,18.124,-1.652,-6.033,12.091,16.472,0.00,0.00,0.00,0.00,0.00,0.00,0.00,0.00,0.00,0.00,0.00,0.00,0.00,0.00,0.00,0.00,0.00
20650,DL:0.1.0:AT.1.0.0,2022-3-4 18:24:39,43.00,0.00,0.00,18.129,-1.657,-6.039,12.090,16.472,0.00,0.00,0.00,0.00,0.00,0.00,0.00,0.00,0.00,0.00,0.00,0.00,0.00,0.00,0.00,0.00,0.00
20650,DL:0.1.0:AT.1.0.0,2022-3-4 18:24:44,43.00,0.00,0.00,18.110,-1.637,-6.020,12.090,16.473,0.00,0.00,0.00,0.00,0.00,0.00,0.00,0.00,0.00,0.00,0.00,0.00,0.00,0.00,0.00,0.00,0.00
20650,DL:0.1.0:AT.1.0.0,2022-3-4 18:24:49,43.00,0.00,0.00,18.123,-1.650,-6.033,12.090,16.473,0.00,0.00,0.00,0.00,0.00,0.00,0.00,0.00,0.00,0.00,0.00,0.00,0.00,0.00,0.00,0.00,0.00
20650,DL:0.1.0:AT.1.0.0,2022-3-4 18:24:55,43.00,0.00,0.00,18.129,-1.655,-6.041,12.088,16.474,0.00,0.00,0.00,0.00,0.00,0.00,0.00,0.00,0.00,0.00,0.00,0.00,0.00,0.00,0.00,0.00,0.00
20650,DL:0.1.0:AT.1.0.0,2022-3-4 18:25:0,43.00,0.00,0.00,18.095,-1.621,-6.008,12.087,16.474,0.00,0.00,0.00,0.00,0.00,0.00,0.00,0.00,0.00,0.00,0.00,0.00,0.00,0.00,0.00,0.00,0.00
20650,DL:0.1.0:AT.1.0.0,2022-3-4 18:25:5,43.00,0.00,0.00,18.091,-1.615,-6.002,12.088,16.476,0.00,0.00,0.00,0.00,0.00,0.00,0.00,0.00,0.00,0.00,0.00,0.00,0.00,0.00,0.00,0.00,0.00
20650,DL:0.1.0:AT.1.0.0,2022-3-4 18:25:10,43.00,0.00,0.00,18.107,-1.632,-6.021,12.086,16.476,0.00,0.00,0.00,0.00,0.00,0.00,0.00,0.00,0.00,0.00,0.00,0.00,0.00,0.00,0.00,0.00,0.00
20650,DL:0.1.0:AT.1.0.0,2022-3-4 18:25:15,43.00,0.00,0.00,18.093,-1.616,-6.007,12.086,16.477,0.00,0.00,0.00,0.00,0.00,0.00,0.00,0.00,0.00,0.00,0.00,0.00,0.00,0.00,0.00,0.00,0.00
20650,DL:0.1.0:AT.1.0.0,2022-3-4 18:25:20,43.00,0.00,0.00,18.099,-1.621,-6.013,12.086,16.478,0.00,0.00,0.00,0.00,0.00,0.00,0.00,0.00,0.00,0.00,0.00,0.00,0.00,0.00,0.00,0.00,0.00
20650,DL:0.1.0:AT.1.0.0,2022-3-4 18:25:26,43.00,0.00,0.00,18.085,-1.604,-5.999,12.086,16.480,0.00,0.00,0.00,0.00,0.00,0.00,0.00,0.00,0.00,0.00,0.00,0.00,0.00,0.00,0.00,0.00,0.00
20650,DL:0.1.0:AT.1.0.0,2022-3-4 18:25:31,43.00,0.00,0.00,18.092,-1.610,-6.006,12.086,16.482,0.00,0.00,0.00,0.00,0.00,0.00,0.00,0.00,0.00,0.00,0.00,0.00,0.00,0.00,0.00,0.00,0.00
20650,DL:0.1.0:AT.1.0.0,2022-3-4 18:25:36,43.00,0.00,0.00,18.080,-1.597,-5.996,12.084,16.483,0.00,0.00,0.00,0.00,0.00,0.00,0.00,0.00,0.00,0.00,0.00,0.00,0.00,0.00,0.00,0.00,0.00
20650,DL:0.1.0:AT.1.0.0,2022-3-4 18:25:41,43.00,0.00,0.00,18.082,-1.599,-5.999,12.084,16.483,0.00,0.00,0.00,0.00,0.00,0.00,0.00,0.00,0.00,0.00,0.00,0.00,0.00,0.00,0.00,0.00,0.00
20650,DL:0.1.0:AT.1.0.0,2022-3-4 18:25:46,43.00,0.00,0.00,18.089,-1.605,-6.006,12.084,16.484,0.00,0.00,0.00,0.00,0.00,0.00,0.00,0.00,0.00,0.00,0.00,0.00,0.00,0.00,0.00,0.00,0.00
20650,DL:0.1.0:AT.1.0.0,2022-3-4 18:25:51,43.00,0.00,0.00,18.070,-1.584,-5.987,12.084,16.486,0.00,0.00,0.00,0.00,0.00,0.00,0.00,0.00,0.00,0.00,0.00,0.00,0.00,0.00,0.00,0.00,0.00
20650,DL:0.1.0:AT.1.0.0,2022-3-4 18:25:56,43.00,0.00,0.00,18.104,-1.617,-6.021,12.082,16.486,0.00,0.00,0.00,0.00,0.00,0.00,0.00,0.00,0.00,0.00,0.00,0.00,0.00,0.00,0.00,0.00,0.00
20650,DL:0.1.0:AT.1.0.0,2022-3-4 18:26:1,43.00,0.00,0.00,18.105,-1.617,-6.023,12.082,16.488,0.00,0.00,0.00,0.00,0.00,0.00,0.00,0.00,0.00,0.00,0.00,0.00,0.00,0.00,0.00,0.00,0.00
20650,DL:0.1.0:AT.1.0.0,2022-3-4 18:26:6,43.00,0.00,0.00,18.074,-1.585,-5.994,12.080,16.489,0.00,0.00,0.00,0.00,0.00,0.00,0.00,0.00,0.00,0.00,0.00,0.00,0.00,0.00,0.00,0.00,0.00
20650,DL:0.1.0:AT.1.0.0,2022-3-4 18:26:11,43.00,0.00,0.00,18.068,-1.578,-5.988,12.080,16.490,0.00,0.00,0.00,0.00,0.00,0.00,0.00,0.00,0.00,0.00,0.00,0.00,0.00,0.00,0.00,0.00,0.00
20650,DL:0.1.0:AT.1.0.0,2022-3-4 18:26:16,43.00,0.00,0.00,18.079,-1.587,-5.999,12.080,16.491,0.00,0.00,0.00,0.00,0.00,0.00,0.00,0.00,0.00,0.00,0.00,0.00,0.00,0.00,0.00,0.00,0.00
20650,DL:0.1.0:AT.1.0.0,2022-3-4 18:26:21,43.00,0.00,0.00,18.080,-1.587,-6.000,12.080,16.492,0.00,0.00,0.00,0.00,0.00,0.00,0.00,0.00,0.00,0.00,0.00,0.00,0.00,0.00,0.00,0.00,0.00
20650,DL:0.1.0:AT.1.0.0,2022-3-4 18:26:26,43.00,0.00,0.00,18.101,-1.607,-6.023,12.079,16.495,0.00,0.00,0.00,0.00,0.00,0.00,0.00,0.00,0.00,0.00,0.00,0.00,0.00,0.00,0.00,0.00,0.00
20650,DL:0.1.0:AT.1.0.0,2022-3-4 18:26:31,43.00,0.00,0.00,18.091,-1.596,-6.013,12.078,16.495,0.00,0.00,0.00,0.00,0.00,0.00,0.00,0.00,0.00,0.00,0.00,0.00,0.00,0.00,0.00,0.00,0.00
20650,DL:0.1.0:AT.1.0.0,2022-3-4 18:26:36,43.00,0.00,0.00,18.093,-1.597,-6.015,12.078,16.496,0.00,0.00,0.00,0.00,0.00,0.00,0.00,0.00,0.00,0.00,0.00,0.00,0.00,0.00,0.00,0.00,0.00
20650,DL:0.1.0:AT.1.0.0,2022-3-4 18:26:41,43.00,0.00,0.00,18.109,-1.611,-6.031,12.078,16.497,0.00,0.00,0.00,0.00,0.00,0.00,0.00,0.00,0.00,0.00,0.00,0.00,0.00,0.00,0.00,0.00,0.00
20650,DL:0.1.0:AT.1.0.0,2022-3-4 18:26:46,43.00,0.00,0.00,18.124,-1.626,-6.048,12.076,16.498,0.00,0.00,0.00,0.00,0.00,0.00,0.00,0.00,0.00,0.00,0.00,0.00,0.00,0.00,0.00,0.00,0.00
20650,DL:0.1.0:AT.1.0.0,2022-3-4 18:26:51,43.00,0.00,0.00,18.100,-1.601,-6.025,12.075,16.500,0.00,0.00,0.00,0.00,0.00,0.00,0.00,0.00,0.00,0.00,0.00,0.00,0.00,0.00,0.00,0.00,0.00
20650,DL:0.1.0:AT.1.0.0,2022-3-4 18:26:57,43.00,0.00,0.00,18.117,-1.615,-6.043,12.074,16.502,0.00,0.00,0.00,0.00,0.00,0.00,0.00,0.00,0.00,0.00,0.00,0.00,0.00,0.00,0.00,0.00,0.00
20650,DL:0.1.0:AT.1.0.0,2022-3-4 18:27:4,43.00,0.00,0.00,18.095,-1.593,-6.021,12.074,16.502,0.00,0.00,0.00,0.00,0.00,0.00,0.00,0.00,0.00,0.00,0.00,0.00,0.00,0.00,0.00,0.00,0.00
20650,DL:0.1.0:AT.1.0.0,2022-3-4 18:27:10,43.00,0.00,0.00,18.109,-1.604,-6.036,12.073,16.504,0.00,0.00,0.00,0.00,0.00,0.00,0.00,0.00,0.00,0.00,0.00,0.00,0.00,0.00,0.00,0.00,0.00
20650,DL:0.1.0:AT.1.0.0,2022-3-4 18:27:17,43.00,0.00,0.00,18.088,-1.580,-6.017,12.072,16.508,0.00,0.00,0.00,0.00,0.00,0.00,0.00,0.00,0.00,0.00,0.00,0.00,0.00,0.00,0.00,0.00,0.00
20650,DL:0.1.0:AT.1.0.0,2022-3-4 18:27:22,43.00,0.00,0.00,18.094,-1.586,-6.023,12.072,16.508,0.00,0.00,0.00,0.00,0.00,0.00,0.00,0.00,0.00,0.00,0.00,0.00,0.00,0.00,0.00,0.00,0.00
20650,DL:0.1.0:AT.1.0.0,2022-3-4 18:27:27,43.00,0.00,0.00,18.058,-1.550,-5.987,12.072,16.508,0.00,0.00,0.00,0.00,0.00,0.00,0.00,0.00,0.00,0.00,0.00,0.00,0.00,0.00,0.00,0.00,0.00
20650,DL:0.1.0:AT.1.0.0,2022-3-4 18:27:32,43.00,0.00,0.00,18.063,-1.553,-5.994,12.069,16.510,0.00,0.00,0.00,0.00,0.00,0.00,0.00,0.00,0.00,0.00,0.00,0.00,0.00,0.00,0.00,0.00,0.00
20650,DL:0.1.0:AT.1.0.0,2022-3-4 18:27:37,43.00,0.00,0.00,18.062,-1.550,-5.993,12.069,16.512,0.00,0.00,0.00,0.00,0.00,0.00,0.00,0.00,0.00,0.00,0.00,0.00,0.00,0.00,0.00,0.00,0.00
20650,DL:0.1.0:AT.1.0.0,2022-3-4 18:27:42,43.00,0.00,0.00,18.092,-1.579,-6.023,12.069,16.513,0.00,0.00,0.00,0.00,0.00,0.00,0.00,0.00,0.00,0.00,0.00,0.00,0.00,0.00,0.00,0.00,0.00
20650,DL:0.1.0:AT.1.0.0,2022-3-4 18:27:49,43.00,0.00,0.00,18.065,-1.550,-5.997,12.068,16.515,0.00,0.00,0.00,0.00,0.00,0.00,0.00,0.00,0.00,0.00,0.00,0.00,0.00,0.00,0.00,0.00,0.00
20650,DL:0.1.0:AT.1.0.0,2022-3-4 18:27:54,43.00,0.00,0.00,18.088,-1.572,-6.020,12.068,16.516,0.00,0.00,0.00,0.00,0.00,0.00,0.00,0.00,0.00,0.00,0.00,0.00,0.00,0.00,0.00,0.00,0.00
20650,DL:0.1.0:AT.1.0.0,2022-3-4 18:27:59,43.00,0.00,0.00,18.094,-1.578,-6.027,12.067,16.516,0.00,0.00,0.00,0.00,0.00,0.00,0.00,0.00,0.00,0.00,0.00,0.00,0.00,0.00,0.00,0.00,0.00
20650,DL:0.1.0:AT.1.0.0,2022-3-4 18:28:4,43.00,0.00,0.00,18.068,-1.549,-6.001,12.067,16.519,0.00,0.00,0.00,0.00,0.00,0.00,0.00,0.00,0.00,0.00,0.00,0.00,0.00,0.00,0.00,0.00,0.00
20650,DL:0.1.0:AT.1.0.0,2022-3-4 18:28:9,43.00,0.00,0.00,18.088,-1.568,-6.021,12.067,16.520,0.00,0.00,0.00,0.00,0.00,0.00,0.00,0.00,0.00,0.00,0.00,0.00,0.00,0.00,0.00,0.00,0.00
20650,DL:0.1.0:AT.1.0.0,2022-3-4 18:28:15,43.00,0.00,0.00,18.101,-1.580,-6.037,12.064,16.521,0.00,0.00,0.00,0.00,0.00,0.00,0.00,0.00,0.00,0.00,0.00,0.00,0.00,0.00,0.00,0.00,0.00
20650,DL:0.1.0:AT.1.0.0,2022-3-4 18:28:20,43.00,0.00,0.00,18.130,-1.608,-6.066,12.064,16.522,0.00,0.00,0.00,0.00,0.00,0.00,0.00,0.00,0.00,0.00,0.00,0.00,0.00,0.00,0.00,0.00,0.00
20650,DL:0.1.0:AT.1.0.0,2022-3-4 18:28:27,43.00,0.00,0.00,18.107,-1.583,-6.043,12.064,16.525,0.00,0.00,0.00,0.00,0.00,0.00,0.00,0.00,0.00,0.00,0.00,0.00,0.00,0.00,0.00,0.00,0.00
20650,DL:0.1.0:AT.1.0.0,2022-3-4 18:28:32,43.00,0.00,0.00,18.080,-1.554,-6.017,12.063,16.526,0.00,0.00,0.00,0.00,0.00,0.00,0.00,0.00,0.00,0.00,0.00,0.00,0.00,0.00,0.00,0.00,0.00
20650,DL:0.1.0:AT.1.0.0,2022-3-4 18:28:40,43.00,0.00,0.00,18.110,-1.583,-6.047,12.063,16.527,0.00,0.00,0.00,0.00,0.00,0.00,0.00,0.00,0.00,0.00,0.00,0.00,0.00,0.00,0.00,0.00,0.00
20650,DL:0.1.0:AT.1.0.0,2022-3-4 18:28:45,43.00,0.00,0.00,18.105,-1.575,-6.043,12.062,16.530,0.00,0.00,0.00,0.00,0.00,0.00,0.00,0.00,0.00,0.00,0.00,0.00,0.00,0.00,0.00,0.00,0.00
20650,DL:0.1.0:AT.1.0.0,2022-3-4 18:28:50,43.00,0.00,0.00,18.081,-1.551,-6.019,12.062,16.530,0.00,0.00,0.00,0.00,0.00,0.00,0.00,0.00,0.00,0.00,0.00,0.00,0.00,0.00,0.00,0.00,0.00
20650,DL:0.1.0:AT.1.0.0,2022-3-4 18:28:55,43.00,0.00,0.00,18.073,-1.542,-6.012,12.061,16.531,0.00,0.00,0.00,0.00,0.00,0.00,0.00,0.00,0.00,0.00,0.00,0.00,0.00,0.00,0.00,0.00,0.00
20650,DL:0.1.0:AT.1.0.0,2022-3-4 18:29:1,43.00,0.00,0.00,18.081,-1.550,-6.021,12.060,16.531,0.00,0.00,0.00,0.00,0.00,0.00,0.00,0.00,0.00,0.00,0.00,0.00,0.00,0.00,0.00,0.00,0.00
20650,DL:0.1.0:AT.1.0.0,2022-3-4 18:29:6,43.00,0.00,0.00,18.092,-1.559,-6.032,12.060,16.533,0.00,0.00,0.00,0.00,0.00,0.00,0.00,0.00,0.00,0.00,0.00,0.00,0.00,0.00,0.00,0.00,0.00
20650,DL:0.1.0:AT.1.0.0,2022-3-4 18:29:11,43.00,0.00,0.00,18.103,-1.569,-6.043,12.060,16.533,0.00,0.00,0.00,0.00,0.00,0.00,0.00,0.00,0.00,0.00,0.00,0.00,0.00,0.00,0.00,0.00,0.00
20650,DL:0.1.0:AT.1.0.0,2022-3-4 18:29:16,43.00,0.00,0.00,18.076,-1.540,-6.018,12.058,16.536,0.00,0.00,0.00,0.00,0.00,0.00,0.00,0.00,0.00,0.00,0.00,0.00,0.00,0.00,0.00,0.00,0.00
20650,DL:0.1.0:AT.1.0.0,2022-3-4 18:29:22,43.00,0.00,0.00,18.076,-1.540,-6.019,12.057,16.536,0.00,0.00,0.00,0.00,0.00,0.00,0.00,0.00,0.00,0.00,0.00,0.00,0.00,0.00,0.00,0.00,0.00
20650,DL:0.1.0:AT.1.0.0,2022-3-4 18:29:30,43.00,0.00,0.00,18.093,-1.554,-6.037,12.056,16.539,0.00,0.00,0.00,0.00,0.00,0.00,0.00,0.00,0.00,0.00,0.00,0.00,0.00,0.00,0.00,0.00,0.00
20650,DL:0.1.0:AT.1.0.0,2022-3-4 18:29:35,43.00,0.00,0.00,18.087,-1.548,-6.031,12.056,16.539,0.00,0.00,0.00,0.00,0.00,0.00,0.00,0.00,0.00,0.00,0.00,0.00,0.00,0.00,0.00,0.00,0.00
20650,DL:0.1.0:AT.1.0.0,2022-3-4 18:29:41,43.00,0.00,0.00,18.089,-1.548,-6.035,12.055,16.542,0.00,0.00,0.00,0.00,0.00,0.00,0.00,0.00,0.00,0.00,0.00,0.00,0.00,0.00,0.00,0.00,0.00
20650,DL:0.1.0:AT.1.0.0,2022-3-4 18:29:46,43.00,0.00,0.00,18.079,-1.536,-6.024,12.055,16.543,0.00,0.00,0.00,0.00,0.00,0.00,0.00,0.00,0.00,0.00,0.00,0.00,0.00,0.00,0.00,0.00,0.00
20650,DL:0.1.0:AT.1.0.0,2022-3-4 18:29:52,43.00,0.00,0.00,18.081,-1.536,-6.027,12.054,16.545,0.00,0.00,0.00,0.00,0.00,0.00,0.00,0.00,0.00,0.00,0.00,0.00,0.00,0.00,0.00,0.00,0.00
20650,DL:0.1.0:AT.1.0.0,2022-3-4 18:29:57,43.00,0.00,0.00,18.081,-1.536,-6.027,12.054,16.545,0.00,0.00,0.00,0.00,0.00,0.00,0.00,0.00,0.00,0.00,0.00,0.00,0.00,0.00,0.00,0.00,0.00
20650,DL:0.1.0:AT.1.0.0,2022-3-4 18:30:3,43.00,0.00,0.00,18.070,-1.522,-6.019,12.051,16.548,0.00,0.00,0.00,0.00,0.00,0.00,0.00,0.00,0.00,0.00,0.00,0.00,0.00,0.00,0.00,0.00,0.00
20650,DL:0.1.0:AT.1.0.0,2022-3-4 18:30:10,43.00,0.00,0.00,18.109,-1.561,-6.057,12.051,16.548,0.00,0.00,0.00,0.00,0.00,0.00,0.00,0.00,0.00,0.00,0.00,0.00,0.00,0.00,0.00,0.00,0.00
20650,DL:0.1.0:AT.1.0.0,2022-3-4 18:30:15,43.00,0.00,0.00,18.107,-1.557,-6.056,12.051,16.550,0.00,0.00,0.00,0.00,0.00,0.00,0.00,0.00,0.00,0.00,0.00,0.00,0.00,0.00,0.00,0.00,0.00
20650,DL:0.1.0:AT.1.0.0,2022-3-4 18:30:20,43.00,0.00,0.00,18.109,-1.557,-6.059,12.050,16.551,0.00,0.00,0.00,0.00,0.00,0.00,0.00,0.00,0.00,0.00,0.00,0.00,0.00,0.00,0.00,0.00,0.00
20650,DL:0.1.0:AT.1.0.0,2022-3-4 18:30:25,43.00,0.00,0.00,18.104,-1.551,-6.054,12.050,16.553,0.00,0.00,0.00,0.00,0.00,0.00,0.00,0.00,0.00,0.00,0.00,0.00,0.00,0.00,0.00,0.00,0.00
20650,DL:0.1.0:AT.1.0.0,2022-3-4 18:30:31,43.00,0.00,0.00,18.111,-1.557,-6.061,12.050,16.554,0.00,0.00,0.00,0.00,0.00,0.00,0.00,0.00,0.00,0.00,0.00,0.00,0.00,0.00,0.00,0.00,0.00
20650,DL:0.1.0:AT.1.0.0,2022-3-4 18:30:36,43.00,0.00,0.00,18.098,-1.544,-6.048,12.050,16.554,0.00,0.00,0.00,0.00,0.00,0.00,0.00,0.00,0.00,0.00,0.00,0.00,0.00,0.00,0.00,0.00,0.00
20650,DL:0.1.0:AT.1.0.0,2022-3-4 18:30:41,43.00,0.00,0.00,18.106,-1.550,-6.059,12.048,16.556,0.00,0.00,0.00,0.00,0.00,0.00,0.00,0.00,0.00,0.00,0.00,0.00,0.00,0.00,0.00,0.00,0.00
20650,DL:0.1.0:AT.1.0.0,2022-3-4 18:30:47,43.00,0.00,0.00,18.098,-1.540,-6.050,12.048,16.557,0.00,0.00,0.00,0.00,0.00,0.00,0.00,0.00,0.00,0.00,0.00,0.00,0.00,0.00,0.00,0.00,0.00
20650,DL:0.1.0:AT.1.0.0,2022-3-4 18:30:52,43.00,0.00,0.00,18.087,-1.528,-6.041,12.046,16.559,0.00,0.00,0.00,0.00,0.00,0.00,0.00,0.00,0.00,0.00,0.00,0.00,0.00,0.00,0.00,0.00,0.00
20650,DL:0.1.0:AT.1.0.0,2022-3-4 18:30:58,43.00,0.00,0.00,18.074,-1.513,-6.027,12.046,16.561,0.00,0.00,0.00,0.00,0.00,0.00,0.00,0.00,0.00,0.00,0.00,0.00,0.00,0.00,0.00,0.00,0.00
20650,DL:0.1.0:AT.1.0.0,2022-3-4 18:31:3,43.00,0.00,0.00,18.099,-1.538,-6.053,12.046,16.561,0.00,0.00,0.00,0.00,0.00,0.00,0.00,0.00,0.00,0.00,0.00,0.00,0.00,0.00,0.00,0.00,0.00
20650,DL:0.1.0:AT.1.0.0,2022-3-4 18:31:8,43.00,0.00,0.00,18.139,-1.575,-6.093,12.045,16.563,0.00,0.00,0.00,0.00,0.00,0.00,0.00,0.00,0.00,0.00,0.00,0.00,0.00,0.00,0.00,0.00,0.00
20650,DL:0.1.0:AT.1.0.0,2022-3-4 18:31:13,43.00,0.00,0.00,18.095,-1.531,-6.051,12.044,16.565,0.00,0.00,0.00,0.00,0.00,0.00,0.00,0.00,0.00,0.00,0.00,0.00,0.00,0.00,0.00,0.00,0.00
20650,DL:0.1.0:AT.1.0.0,2022-3-4 18:31:18,43.00,0.00,0.00,18.123,-1.557,-6.079,12.044,16.566,0.00,0.00,0.00,0.00,0.00,0.00,0.00,0.00,0.00,0.00,0.00,0.00,0.00,0.00,0.00,0.00,0.00
20650,DL:0.1.0:AT.1.0.0,2022-3-4 18:31:25,43.00,0.00,0.00,18.121,-1.551,-6.077,12.044,16.569,0.00,0.00,0.00,0.00,0.00,0.00,0.00,0.00,0.00,0.00,0.00,0.00,0.00,0.00,0.00,0.00,0.00
20650,DL:0.1.0:AT.1.0.0,2022-3-4 18:31:30,43.00,0.00,0.00,18.100,-1.528,-6.059,12.042,16.572,0.00,0.00,0.00,0.00,0.00,0.00,0.00,0.00,0.00,0.00,0.00,0.00,0.00,0.00,0.00,0.00,0.00
20650,DL:0.1.0:AT.1.0.0,2022-3-4 18:31:36,43.00,0.00,0.00,18.075,-1.501,-6.033,12.042,16.574,0.00,0.00,0.00,0.00,0.00,0.00,0.00,0.00,0.00,0.00,0.00,0.00,0.00,0.00,0.00,0.00,0.00
20650,DL:0.1.0:AT.1.0.0,2022-3-4 18:31:41,43.00,0.00,0.00,18.094,-1.519,-6.054,12.040,16.575,0.00,0.00,0.00,0.00,0.00,0.00,0.00,0.00,0.00,0.00,0.00,0.00,0.00,0.00,0.00,0.00,0.00
20650,DL:0.1.0:AT.1.0.0,2022-3-4 18:31:46,43.00,0.00,0.00,18.116,-1.539,-6.075,12.040,16.577,0.00,0.00,0.00,0.00,0.00,0.00,0.00,0.00,0.00,0.00,0.00,0.00,0.00,0.00,0.00,0.00,0.00
20650,DL:0.1.0:AT.1.0.0,2022-3-4 18:31:51,43.00,0.00,0.00,18.094,-1.516,-6.055,12.039,16.578,0.00,0.00,0.00,0.00,0.00,0.00,0.00,0.00,0.00,0.00,0.00,0.00,0.00,0.00,0.00,0.00,0.00
20650,DL:0.1.0:AT.1.0.0,2022-3-4 18:31:56,43.00,0.00,0.00,18.107,-1.528,-6.068,12.039,16.579,0.00,0.00,0.00,0.00,0.00,0.00,0.00,0.00,0.00,0.00,0.00,0.00,0.00,0.00,0.00,0.00,0.00
20650,DL:0.1.0:AT.1.0.0,2022-3-4 18:32:3,43.00,0.00,0.00,18.080,-1.497,-6.043,12.037,16.583,0.00,0.00,0.00,0.00,0.00,0.00,0.00,0.00,0.00,0.00,0.00,0.00,0.00,0.00,0.00,0.00,0.00
20650,DL:0.1.0:AT.1.0.0,2022-3-4 18:32:8,43.00,0.00,0.00,18.097,-1.514,-6.059,12.038,16.583,0.00,0.00,0.00,0.00,0.00,0.00,0.00,0.00,0.00,0.00,0.00,0.00,0.00,0.00,0.00,0.00,0.00
20650,DL:0.1.0:AT.1.0.0,2022-3-4 18:32:14,43.00,0.00,0.00,18.109,-1.525,-6.073,12.036,16.584,0.00,0.00,0.00,0.00,0.00,0.00,0.00,0.00,0.00,0.00,0.00,0.00,0.00,0.00,0.00,0.00,0.00
20650,DL:0.1.0:AT.1.0.0,2022-3-4 18:32:20,43.00,0.00,0.00,18.112,-1.525,-6.075,12.037,16.587,0.00,0.00,0.00,0.00,0.00,0.00,0.00,0.00,0.00,0.00,0.00,0.00,0.00,0.00,0.00,0.00,0.00
20650,DL:0.1.0:AT.1.0.0,2022-3-4 18:32:25,43.00,0.00,0.00,18.106,-1.518,-6.071,12.036,16.589,0.00,0.00,0.00,0.00,0.00,0.00,0.00,0.00,0.00,0.00,0.00,0.00,0.00,0.00,0.00,0.00,0.00
20650,DL:0.1.0:AT.1.0.0,2022-3-4 18:32:32,43.00,0.00,0.00,18.087,-1.496,-6.051,12.036,16.591,0.00,0.00,0.00,0.00,0.00,0.00,0.00,0.00,0.00,0.00,0.00,0.00,0.00,0.00,0.00,0.00,0.00
20650,DL:0.1.0:AT.1.0.0,2022-3-4 18:32:37,42.75,0.00,0.00,18.091,-1.500,-6.056,12.034,16.591,0.00,0.00,0.00,0.00,0.00,0.00,0.00,0.00,0.00,0.00,0.00,0.00,0.00,0.00,0.00,0.00,0.00
20650,DL:0.1.0:AT.1.0.0,2022-3-4 18:32:42,42.75,0.00,0.00,18.107,-1.515,-6.075,12.032,16.592,0.00,0.00,0.00,0.00,0.00,0.00,0.00,0.00,0.00,0.00,0.00,0.00,0.00,0.00,0.00,0.00,0.00
20650,DL:0.1.0:AT.1.0.0,2022-3-4 18:32:47,42.75,0.00,0.00,18.112,-1.518,-6.079,12.033,16.595,0.00,0.00,0.00,0.00,0.00,0.00,0.00,0.00,0.00,0.00,0.00,0.00,0.00,0.00,0.00,0.00,0.00
20650,DL:0.1.0:AT.1.0.0,2022-3-4 18:32:52,42.75,0.00,0.00,18.116,-1.520,-6.084,12.032,16.596,0.00,0.00,0.00,0.00,0.00,0.00,0.00,0.00,0.00,0.00,0.00,0.00,0.00,0.00,0.00,0.00,0.00
20650,DL:0.1.0:AT.1.0.0,2022-3-4 18:32:57,42.75,0.00,0.00,18.123,-1.525,-6.092,12.031,16.598,0.00,0.00,0.00,0.00,0.00,0.00,0.00,0.00,0.00,0.00,0.00,0.00,0.00,0.00,0.00,0.00,0.00
20650,DL:0.1.0:AT.1.0.0,2022-3-4 18:33:2,42.75,0.00,0.00,18.123,-1.524,-6.093,12.030,16.599,0.00,0.00,0.00,0.00,0.00,0.00,0.00,0.00,0.00,0.00,0.00,0.00,0.00,0.00,0.00,0.00,0.00
20650,DL:0.1.0:AT.1.0.0,2022-3-4 18:33:7,42.75,0.00,0.00,18.092,-1.491,-6.061,12.031,16.601,0.00,0.00,0.00,0.00,0.00,0.00,0.00,0.00,0.00,0.00,0.00,0.00,0.00,0.00,0.00,0.00,0.00
20650,DL:0.1.0:AT.1.0.0,2022-3-4 18:33:13,42.75,0.00,0.00,18.098,-1.496,-6.068,12.030,16.602,0.00,0.00,0.00,0.00,0.00,0.00,0.00,0.00,0.00,0.00,0.00,0.00,0.00,0.00,0.00,0.00,0.00
20650,DL:0.1.0:AT.1.0.0,2022-3-4 18:33:19,42.75,0.00,0.00,18.091,-1.486,-6.062,12.028,16.604,0.00,0.00,0.00,0.00,0.00,0.00,0.00,0.00,0.00,0.00,0.00,0.00,0.00,0.00,0.00,0.00,0.00
20650,DL:0.1.0:AT.1.0.0,2022-3-4 18:33:24,42.75,0.00,0.00,18.116,-1.510,-6.087,12.028,16.605,0.00,0.00,0.00,0.00,0.00,0.00,0.00,0.00,0.00,0.00,0.00,0.00,0.00,0.00,0.00,0.00,0.00
20650,DL:0.1.0:AT.1.0.0,2022-3-4 18:33:29,42.75,0.00,0.00,18.145,-1.537,-6.118,12.027,16.608,0.00,0.00,0.00,0.00,0.00,0.00,0.00,0.00,0.00,0.00,0.00,0.00,0.00,0.00,0.00,0.00,0.00
20650,DL:0.1.0:AT.1.0.0,2022-3-4 18:33:34,42.75,0.00,0.00,18.137,-1.527,-6.109,12.028,16.610,0.00,0.00,0.00,0.00,0.00,0.00,0.00,0.00,0.00,0.00,0.00,0.00,0.00,0.00,0.00,0.00,0.00
20650,DL:0.1.0:AT.1.0.0,2022-3-4 18:33:39,42.75,0.00,0.00,18.143,-1.533,-6.118,12.026,16.610,0.00,0.00,0.00,0.00,0.00,0.00,0.00,0.00,0.00,0.00,0.00,0.00,0.00,0.00,0.00,0.00,0.00
20650,DL:0.1.0:AT.1.0.0,2022-3-4 18:33:44,42.75,0.00,0.00,18.164,-1.551,-6.138,12.026,16.613,0.00,0.00,0.00,0.00,0.00,0.00,0.00,0.00,0.00,0.00,0.00,0.00,0.00,0.00,0.00,0.00,0.00
20650,DL:0.1.0:AT.1.0.0,2022-3-4 18:33:50,42.75,0.00,0.00,18.145,-1.531,-6.119,12.026,16.614,0.00,0.00,0.00,0.00,0.00,0.00,0.00,0.00,0.00,0.00,0.00,0.00,0.00,0.00,0.00,0.00,0.00
20650,DL:0.1.0:AT.1.0.0,2022-3-4 18:33:57,42.75,0.00,0.00,18.107,-1.491,-6.083,12.025,16.616,0.00,0.00,0.00,0.00,0.00,0.00,0.00,0.00,0.00,0.00,0.00,0.00,0.00,0.00,0.00,0.00,0.00
20650,DL:0.1.0:AT.1.0.0,2022-3-4 18:34:4,42.75,0.00,0.00,18.104,-1.485,-6.080,12.024,16.619,0.00,0.00,0.00,0.00,0.00,0.00,0.00,0.00,0.00,0.00,0.00,0.00,0.00,0.00,0.00,0.00,0.00
20650,DL:0.1.0:AT.1.0.0,2022-3-4 18:34:9,42.75,0.00,0.00,18.117,-1.497,-6.095,12.022,16.620,0.00,0.00,0.00,0.00,0.00,0.00,0.00,0.00,0.00,0.00,0.00,0.00,0.00,0.00,0.00,0.00,0.00
20650,DL:0.1.0:AT.1.0.0,2022-3-4 18:34:14,42.75,0.00,0.00,18.117,-1.496,-6.093,12.024,16.621,0.00,0.00,0.00,0.00,0.00,0.00,0.00,0.00,0.00,0.00,0.00,0.00,0.00,0.00,0.00,0.00,0.00
20650,DL:0.1.0:AT.1.0.0,2022-3-4 18:34:19,42.75,0.00,0.00,18.130,-1.508,-6.109,12.021,16.622,0.00,0.00,0.00,0.00,0.00,0.00,0.00,0.00,0.00,0.00,0.00,0.00,0.00,0.00,0.00,0.00,0.00
20650,DL:0.1.0:AT.1.0.0,2022-3-4 18:34:27,42.75,0.00,0.00,18.151,-1.525,-6.130,12.021,16.626,0.00,0.00,0.00,0.00,0.00,0.00,0.00,0.00,0.00,0.00,0.00,0.00,0.00,0.00,0.00,0.00,0.00
20650,DL:0.1.0:AT.1.0.0,2022-3-4 18:34:32,42.75,0.00,0.00,18.158,-1.531,-6.138,12.020,16.627,0.00,0.00,0.00,0.00,0.00,0.00,0.00,0.00,0.00,0.00,0.00,0.00,0.00,0.00,0.00,0.00,0.00
20650,DL:0.1.0:AT.1.0.0,2022-3-4 18:34:37,42.75,0.00,0.00,18.140,-1.512,-6.121,12.019,16.628,0.00,0.00,0.00,0.00,0.00,0.00,0.00,0.00,0.00,0.00,0.00,0.00,0.00,0.00,0.00,0.00,0.00
20650,DL:0.1.0:AT.1.0.0,2022-3-4 18:34:42,42.75,0.00,0.00,18.122,-1.492,-6.104,12.018,16.629,0.00,0.00,0.00,0.00,0.00,0.00,0.00,0.00,0.00,0.00,0.00,0.00,0.00,0.00,0.00,0.00,0.00
20650,DL:0.1.0:AT.1.0.0,2022-3-4 18:34:48,42.75,0.00,0.00,18.118,-1.488,-6.101,12.018,16.631,0.00,0.00,0.00,0.00,0.00,0.00,0.00,0.00,0.00,0.00,0.00,0.00,0.00,0.00,0.00,0.00,0.00
20650,DL:0.1.0:AT.1.0.0,2022-3-4 18:34:53,42.75,0.00,0.00,18.124,-1.491,-6.107,12.018,16.633,0.00,0.00,0.00,0.00,0.00,0.00,0.00,0.00,0.00,0.00,0.00,0.00,0.00,0.00,0.00,0.00,0.00
20650,DL:0.1.0:AT.1.0.0,2022-3-4 18:34:59,42.75,0.00,0.00,18.125,-1.491,-6.109,12.016,16.634,0.00,0.00,0.00,0.00,0.00,0.00,0.00,0.00,0.00,0.00,0.00,0.00,0.00,0.00,0.00,0.00,0.00
20650,DL:0.1.0:AT.1.0.0,2022-3-4 18:35:6,42.75,0.00,0.00,18.098,-1.461,-6.083,12.015,16.637,0.00,0.00,0.00,0.00,0.00,0.00,0.00,0.00,0.00,0.00,0.00,0.00,0.00,0.00,0.00,0.00,0.00
20650,DL:0.1.0:AT.1.0.0,2022-3-4 18:35:11,42.75,0.00,0.00,18.124,-1.486,-6.110,12.014,16.638,0.00,0.00,0.00,0.00,0.00,0.00,0.00,0.00,0.00,0.00,0.00,0.00,0.00,0.00,0.00,0.00,0.00
20650,DL:0.1.0:AT.1.0.0,2022-3-4 18:35:16,42.75,0.00,0.00,18.106,-1.466,-6.092,12.014,16.640,0.00,0.00,0.00,0.00,0.00,0.00,0.00,0.00,0.00,0.00,0.00,0.00,0.00,0.00,0.00,0.00,0.00
20650,DL:0.1.0:AT.1.0.0,2022-3-4 18:35:21,42.75,0.00,0.00,18.101,-1.459,-6.089,12.013,16.643,0.00,0.00,0.00,0.00,0.00,0.00,0.00,0.00,0.00,0.00,0.00,0.00,0.00,0.00,0.00,0.00,0.00
20650,DL:0.1.0:AT.1.0.0,2022-3-4 18:35:26,42.75,0.00,0.00,18.125,-1.480,-6.113,12.013,16.645,0.00,0.00,0.00,0.00,0.00,0.00,0.00,0.00,0.00,0.00,0.00,0.00,0.00,0.00,0.00,0.00,0.00
20650,DL:0.1.0:AT.1.0.0,2022-3-4 18:35:36,42.75,0.00,0.00,18.073,-1.425,-6.061,12.012,16.647,0.00,0.00,0.00,0.00,0.00,0.00,0.00,0.00,0.00,0.00,0.00,0.00,0.00,0.00,0.00,0.00,0.00
20650,DL:0.1.0:AT.1.0.0,2022-3-4 18:35:41,42.75,0.00,0.00,18.127,-1.477,-6.116,12.010,16.650,0.00,0.00,0.00,0.00,0.00,0.00,0.00,0.00,0.00,0.00,0.00,0.00,0.00,0.00,0.00,0.00,0.00
20650,DL:0.1.0:AT.1.0.0,2022-3-4 18:35:46,42.75,0.00,0.00,18.122,-1.471,-6.113,12.009,16.651,0.00,0.00,0.00,0.00,0.00,0.00,0.00,0.00,0.00,0.00,0.00,0.00,0.00,0.00,0.00,0.00,0.00
20650,DL:0.1.0:AT.1.0.0,2022-3-4 18:35:51,42.75,0.00,0.00,18.109,-1.455,-6.098,12.010,16.653,0.00,0.00,0.00,0.00,0.00,0.00,0.00,0.00,0.00,0.00,0.00,0.00,0.00,0.00,0.00,0.00,0.00
20650,DL:0.1.0:AT.1.0.0,2022-3-4 18:35:57,42.75,0.00,0.00,18.093,-1.438,-6.084,12.009,16.655,0.00,0.00,0.00,0.00,0.00,0.00,0.00,0.00,0.00,0.00,0.00,0.00,0.00,0.00,0.00,0.00,0.00
20650,DL:0.1.0:AT.1.0.0,2022-3-4 18:36:2,42.75,0.00,0.00,18.109,-1.453,-6.099,12.009,16.656,0.00,0.00,0.00,0.00,0.00,0.00,0.00,0.00,0.00,0.00,0.00,0.00,0.00,0.00,0.00,0.00,0.00
20650,DL:0.1.0:AT.1.0.0,2022-3-4 18:36:7,42.75,0.00,0.00,18.106,-1.448,-6.097,12.009,16.658,0.00,0.00,0.00,0.00,0.00,0.00,0.00,0.00,0.00,0.00,0.00,0.00,0.00,0.00,0.00,0.00,0.00
20650,DL:0.1.0:AT.1.0.0,2022-3-4 18:36:14,42.75,0.00,0.00,18.098,-1.436,-6.091,12.007,16.662,0.00,0.00,0.00,0.00,0.00,0.00,0.00,0.00,0.00,0.00,0.00,0.00,0.00,0.00,0.00,0.00,0.00
20650,DL:0.1.0:AT.1.0.0,2022-3-4 18:36:19,42.75,0.00,0.00,18.112,-1.449,-6.106,12.007,16.663,0.00,0.00,0.00,0.00,0.00,0.00,0.00,0.00,0.00,0.00,0.00,0.00,0.00,0.00,0.00,0.00,0.00
20650,DL:0.1.0:AT.1.0.0,2022-3-4 18:36:25,42.75,0.00,0.00,18.104,-1.438,-6.098,12.006,16.665,0.00,0.00,0.00,0.00,0.00,0.00,0.00,0.00,0.00,0.00,0.00,0.00,0.00,0.00,0.00,0.00,0.00
20650,DL:0.1.0:AT.1.0.0,2022-3-4 18:36:30,42.75,0.00,0.00,18.110,-1.443,-6.106,12.004,16.667,0.00,0.00,0.00,0.00,0.00,0.00,0.00,0.00,0.00,0.00,0.00,0.00,0.00,0.00,0.00,0.00,0.00
20650,DL:0.1.0:AT.1.0.0,2022-3-4 18:36:36,42.75,0.00,0.00,18.099,-1.430,-6.095,12.004,16.669,0.00,0.00,0.00,0.00,0.00,0.00,0.00,0.00,0.00,0.00,0.00,0.00,0.00,0.00,0.00,0.00,0.00
20650,DL:0.1.0:AT.1.0.0,2022-3-4 18:36:41,42.75,0.00,0.00,18.121,-1.450,-6.118,12.003,16.670,0.00,0.00,0.00,0.00,0.00,0.00,0.00,0.00,0.00,0.00,0.00,0.00,0.00,0.00,0.00,0.00,0.00
20650,DL:0.1.0:AT.1.0.0,2022-3-4 18:36:46,42.75,0.00,0.00,18.118,-1.446,-6.116,12.002,16.673,0.00,0.00,0.00,0.00,0.00,0.00,0.00,0.00,0.00,0.00,0.00,0.00,0.00,0.00,0.00,0.00,0.00
20650,DL:0.1.0:AT.1.0.0,2022-3-4 18:36:52,42.75,0.00,0.00,18.121,-1.447,-6.119,12.002,16.674,0.00,0.00,0.00,0.00,0.00,0.00,0.00,0.00,0.00,0.00,0.00,0.00,0.00,0.00,0.00,0.00,0.00
20650,DL:0.1.0:AT.1.0.0,2022-3-4 18:36:57,42.75,0.00,0.00,18.115,-1.438,-6.113,12.002,16.676,0.00,0.00,0.00,0.00,0.00,0.00,0.00,0.00,0.00,0.00,0.00,0.00,0.00,0.00,0.00,0.00,0.00
20650,DL:0.1.0:AT.1.0.0,2022-3-4 18:37:2,42.75,0.00,0.00,18.099,-1.420,-6.098,12.001,16.679,0.00,0.00,0.00,0.00,0.00,0.00,0.00,0.00,0.00,0.00,0.00,0.00,0.00,0.00,0.00,0.00,0.00
20650,DL:0.1.0:AT.1.0.0,2022-3-4 18:37:7,42.75,0.00,0.00,18.109,-1.429,-6.108,12.001,16.680,0.00,0.00,0.00,0.00,0.00,0.00,0.00,0.00,0.00,0.00,0.00,0.00,0.00,0.00,0.00,0.00,0.00
20650,DL:0.1.0:AT.1.0.0,2022-3-4 18:37:13,42.75,0.00,0.00,18.095,-1.414,-6.096,12.000,16.681,0.00,0.00,0.00,0.00,0.00,0.00,0.00,0.00,0.00,0.00,0.00,0.00,0.00,0.00,0.00,0.00,0.00
20650,DL:0.1.0:AT.1.0.0,2022-3-4 18:37:19,42.75,0.00,0.00,18.106,-1.422,-6.108,11.998,16.685,0.00,0.00,0.00,0.00,0.00,0.00,0.00,0.00,0.00,0.00,0.00,0.00,0.00,0.00,0.00,0.00,0.00
20650,DL:0.1.0:AT.1.0.0,2022-3-4 18:37:24,42.75,0.00,0.00,18.113,-1.428,-6.115,11.998,16.686,0.00,0.00,0.00,0.00,0.00,0.00,0.00,0.00,0.00,0.00,0.00,0.00,0.00,0.00,0.00,0.00,0.00
20650,DL:0.1.0:AT.1.0.0,2022-3-4 18:37:29,42.75,0.00,0.00,18.109,-1.419,-6.110,11.998,16.689,0.00,0.00,0.00,0.00,0.00,0.00,0.00,0.00,0.00,0.00,0.00,0.00,0.00,0.00,0.00,0.00,0.00
20650,DL:0.1.0:AT.1.0.0,2022-3-4 18:37:36,42.75,0.00,0.00,18.107,-1.416,-6.112,11.996,16.692,0.00,0.00,0.00,0.00,0.00,0.00,0.00,0.00,0.00,0.00,0.00,0.00,0.00,0.00,0.00,0.00,0.00
20650,DL:0.1.0:AT.1.0.0,2022-3-4 18:37:41,42.75,0.00,0.00,18.123,-1.429,-6.127,11.996,16.694,0.00,0.00,0.00,0.00,0.00,0.00,0.00,0.00,0.00,0.00,0.00,0.00,0.00,0.00,0.00,0.00,0.00
20650,DL:0.1.0:AT.1.0.0,2022-3-4 18:37:46,42.75,0.00,0.00,18.113,-1.418,-6.118,11.996,16.696,0.00,0.00,0.00,0.00,0.00,0.00,0.00,0.00,0.00,0.00,0.00,0.00,0.00,0.00,0.00,0.00,0.00
20650,DL:0.1.0:AT.1.0.0,2022-3-4 18:37:51,42.75,0.00,0.00,18.124,-1.425,-6.130,11.995,16.699,0.00,0.00,0.00,0.00,0.00,0.00,0.00,0.00,0.00,0.00,0.00,0.00,0.00,0.00,0.00,0.00,0.00
20650,DL:0.1.0:AT.1.0.0,2022-3-4 18:37:57,42.75,0.00,0.00,18.136,-1.436,-6.142,11.995,16.700,0.00,0.00,0.00,0.00,0.00,0.00,0.00,0.00,0.00,0.00,0.00,0.00,0.00,0.00,0.00,0.00,0.00
20650,DL:0.1.0:AT.1.0.0,2022-3-4 18:38:2,42.75,0.00,0.00,18.140,-1.438,-6.146,11.994,16.702,0.00,0.00,0.00,0.00,0.00,0.00,0.00,0.00,0.00,0.00,0.00,0.00,0.00,0.00,0.00,0.00,0.00
20650,DL:0.1.0:AT.1.0.0,2022-3-4 18:38:10,42.75,0.00,0.00,18.118,-1.413,-6.126,11.992,16.705,0.00,0.00,0.00,0.00,0.00,0.00,0.00,0.00,0.00,0.00,0.00,0.00,0.00,0.00,0.00,0.00,0.00
20650,DL:0.1.0:AT.1.0.0,2022-3-4 18:38:15,42.75,0.00,0.00,18.121,-1.414,-6.130,11.991,16.706,0.00,0.00,0.00,0.00,0.00,0.00,0.00,0.00,0.00,0.00,0.00,0.00,0.00,0.00,0.00,0.00,0.00
20650,DL:0.1.0:AT.1.0.0,2022-3-4 18:38:22,42.75,0.00,0.00,18.119,-1.410,-6.128,11.991,16.710,0.00,0.00,0.00,0.00,0.00,0.00,0.00,0.00,0.00,0.00,0.00,0.00,0.00,0.00,0.00,0.00,0.00
20650,DL:0.1.0:AT.1.0.0,2022-3-4 18:38:27,42.75,0.00,0.00,18.086,-1.375,-6.095,11.991,16.711,0.00,0.00,0.00,0.00,0.00,0.00,0.00,0.00,0.00,0.00,0.00,0.00,0.00,0.00,0.00,0.00,0.00
20650,DL:0.1.0:AT.1.0.0,2022-3-4 18:38:32,42.75,0.00,0.00,18.121,-1.408,-6.130,11.991,16.712,0.00,0.00,0.00,0.00,0.00,0.00,0.00,0.00,0.00,0.00,0.00,0.00,0.00,0.00,0.00,0.00,0.00
20650,DL:0.1.0:AT.1.0.0,2022-3-4 18:38:38,42.75,0.00,0.00,18.123,-1.410,-6.133,11.990,16.714,0.00,0.00,0.00,0.00,0.00,0.00,0.00,0.00,0.00,0.00,0.00,0.00,0.00,0.00,0.00,0.00,0.00
20650,DL:0.1.0:AT.1.0.0,2022-3-4 18:38:43,42.75,0.00,0.00,18.113,-1.396,-6.125,11.989,16.717,0.00,0.00,0.00,0.00,0.00,0.00,0.00,0.00,0.00,0.00,0.00,0.00,0.00,0.00,0.00,0.00,0.00
20650,DL:0.1.0:AT.1.0.0,2022-3-4 18:38:48,42.75,0.00,0.00,18.118,-1.400,-6.131,11.988,16.718,0.00,0.00,0.00,0.00,0.00,0.00,0.00,0.00,0.00,0.00,0.00,0.00,0.00,0.00,0.00,0.00,0.00
20650,DL:0.1.0:AT.1.0.0,2022-3-4 18:38:53,42.75,0.00,0.00,18.130,-1.410,-6.143,11.988,16.721,0.00,0.00,0.00,0.00,0.00,0.00,0.00,0.00,0.00,0.00,0.00,0.00,0.00,0.00,0.00,0.00,0.00
20650,DL:0.1.0:AT.1.0.0,2022-3-4 18:38:59,42.75,0.00,0.00,18.151,-1.428,-6.164,11.986,16.723,0.00,0.00,0.00,0.00,0.00,0.00,0.00,0.00,0.00,0.00,0.00,0.00,0.00,0.00,0.00,0.00,0.00
20650,DL:0.1.0:AT.1.0.0,2022-3-4 18:39:4,42.75,0.00,0.00,18.110,-1.384,-6.124,11.986,16.726,0.00,0.00,0.00,0.00,0.00,0.00,0.00,0.00,0.00,0.00,0.00,0.00,0.00,0.00,0.00,0.00,0.00
20650,DL:0.1.0:AT.1.0.0,2022-3-4 18:39:9,42.75,0.00,0.00,18.115,-1.387,-6.130,11.985,16.728,0.00,0.00,0.00,0.00,0.00,0.00,0.00,0.00,0.00,0.00,0.00,0.00,0.00,0.00,0.00,0.00,0.00
20650,DL:0.1.0:AT.1.0.0,2022-3-4 18:39:14,42.75,0.00,0.00,18.128,-1.399,-6.143,11.985,16.729,0.00,0.00,0.00,0.00,0.00,0.00,0.00,0.00,0.00,0.00,0.00,0.00,0.00,0.00,0.00,0.00,0.00
20650,DL:0.1.0:AT.1.0.0,2022-3-4 18:39:20,42.75,0.00,0.00,18.073,-1.341,-6.089,11.984,16.732,0.00,0.00,0.00,0.00,0.00,0.00,0.00,0.00,0.00,0.00,0.00,0.00,0.00,0.00,0.00,0.00,0.00
20650,DL:0.1.0:AT.1.0.0,2022-3-4 18:39:25,42.75,0.00,0.00,18.122,-1.389,-6.138,11.984,16.733,0.00,0.00,0.00,0.00,0.00,0.00,0.00,0.00,0.00,0.00,0.00,0.00,0.00,0.00,0.00,0.00,0.00
20650,DL:0.1.0:AT.1.0.0,2022-3-4 18:39:30,42.75,0.00,0.00,18.118,-1.384,-6.134,11.984,16.734,0.00,0.00,0.00,0.00,0.00,0.00,0.00,0.00,0.00,0.00,0.00,0.00,0.00,0.00,0.00,0.00,0.00
20650,DL:0.1.0:AT.1.0.0,2022-3-4 18:39:35,42.75,0.00,0.00,18.093,-1.357,-6.110,11.983,16.736,0.00,0.00,0.00,0.00,0.00,0.00,0.00,0.00,0.00,0.00,0.00,0.00,0.00,0.00,0.00,0.00,0.00
20650,DL:0.1.0:AT.1.0.0,2022-3-4 18:39:41,42.75,0.00,0.00,18.109,-1.371,-6.127,11.981,16.738,0.00,0.00,0.00,0.00,0.00,0.00,0.00,0.00,0.00,0.00,0.00,0.00,0.00,0.00,0.00,0.00,0.00
20650,DL:0.1.0:AT.1.0.0,2022-3-4 18:39:46,42.75,0.00,0.00,18.115,-1.377,-6.133,11.981,16.738,0.00,0.00,0.00,0.00,0.00,0.00,0.00,0.00,0.00,0.00,0.00,0.00,0.00,0.00,0.00,0.00,0.00
20650,DL:0.1.0:AT.1.0.0,2022-3-4 18:39:51,42.75,0.00,0.00,18.099,-1.359,-6.119,11.980,16.740,0.00,0.00,0.00,0.00,0.00,0.00,0.00,0.00,0.00,0.00,0.00,0.00,0.00,0.00,0.00,0.00,0.00
20650,DL:0.1.0:AT.1.0.0,2022-3-4 18:39:56,42.75,0.00,0.00,18.129,-1.387,-6.149,11.980,16.742,0.00,0.00,0.00,0.00,0.00,0.00,0.00,0.00,0.00,0.00,0.00,0.00,0.00,0.00,0.00,0.00,0.00
20650,DL:0.1.0:AT.1.0.0,2022-3-4 18:40:1,42.75,0.00,0.00,18.070,-1.327,-6.090,11.980,16.744,0.00,0.00,0.00,0.00,0.00,0.00,0.00,0.00,0.00,0.00,0.00,0.00,0.00,0.00,0.00,0.00,0.00
20650,DL:0.1.0:AT.1.0.0,2022-3-4 18:40:6,42.75,0.00,0.00,18.135,-1.390,-6.155,11.980,16.745,0.00,0.00,0.00,0.00,0.00,0.00,0.00,0.00,0.00,0.00,0.00,0.00,0.00,0.00,0.00,0.00,0.00
20650,DL:0.1.0:AT.1.0.0,2022-3-4 18:40:11,42.75,0.00,0.00,18.097,-1.351,-6.119,11.978,16.746,0.00,0.00,0.00,0.00,0.00,0.00,0.00,0.00,0.00,0.00,0.00,0.00,0.00,0.00,0.00,0.00,0.00
20650,DL:0.1.0:AT.1.0.0,2022-3-4 18:40:16,42.75,0.00,0.00,18.087,-1.340,-6.109,11.978,16.747,0.00,0.00,0.00,0.00,0.00,0.00,0.00,0.00,0.00,0.00,0.00,0.00,0.00,0.00,0.00,0.00,0.00
20650,DL:0.1.0:AT.1.0.0,2022-3-4 18:40:21,42.75,0.00,0.00,18.100,-1.352,-6.122,11.978,16.748,0.00,0.00,0.00,0.00,0.00,0.00,0.00,0.00,0.00,0.00,0.00,0.00,0.00,0.00,0.00,0.00,0.00
20650,DL:0.1.0:AT.1.0.0,2022-3-4 18:40:27,42.75,0.00,0.00,18.091,-1.340,-6.113,11.978,16.751,0.00,0.00,0.00,0.00,0.00,0.00,0.00,0.00,0.00,0.00,0.00,0.00,0.00,0.00,0.00,0.00,0.00
20650,DL:0.1.0:AT.1.0.0,2022-3-4 18:40:33,42.75,0.00,0.00,18.070,-1.318,-6.093,11.977,16.752,0.00,0.00,0.00,0.00,0.00,0.00,0.00,0.00,0.00,0.00,0.00,0.00,0.00,0.00,0.00,0.00,0.00
20650,DL:0.1.0:AT.1.0.0,2022-3-4 18:40:38,42.75,0.00,0.00,18.056,-1.303,-6.080,11.975,16.753,0.00,0.00,0.00,0.00,0.00,0.00,0.00,0.00,0.00,0.00,0.00,0.00,0.00,0.00,0.00,0.00,0.00
20650,DL:0.1.0:AT.1.0.0,2022-3-4 18:40:43,42.75,0.00,0.00,18.088,-1.334,-6.113,11.975,16.754,0.00,0.00,0.00,0.00,0.00,0.00,0.00,0.00,0.00,0.00,0.00,0.00,0.00,0.00,0.00,0.00,0.00
20650,DL:0.1.0:AT.1.0.0,2022-3-4 18:40:48,42.75,0.00,0.00,18.081,-1.327,-6.107,11.974,16.754,0.00,0.00,0.00,0.00,0.00,0.00,0.00,0.00,0.00,0.00,0.00,0.00,0.00,0.00,0.00,0.00,0.00
20650,DL:0.1.0:AT.1.0.0,2022-3-4 18:40:53,42.75,0.00,0.00,18.099,-1.343,-6.126,11.973,16.756,0.00,0.00,0.00,0.00,0.00,0.00,0.00,0.00,0.00,0.00,0.00,0.00,0.00,0.00,0.00,0.00,0.00
20650,DL:0.1.0:AT.1.0.0,2022-3-4 18:40:58,42.75,0.00,0.00,18.117,-1.360,-6.144,11.973,16.757,0.00,0.00,0.00,0.00,0.00,0.00,0.00,0.00,0.00,0.00,0.00,0.00,0.00,0.00,0.00,0.00,0.00
20650,DL:0.1.0:AT.1.0.0,2022-3-4 18:41:3,42.75,0.00,0.00,18.098,-1.339,-6.126,11.972,16.759,0.00,0.00,0.00,0.00,0.00,0.00,0.00,0.00,0.00,0.00,0.00,0.00,0.00,0.00,0.00,0.00,0.00
20650,DL:0.1.0:AT.1.0.0,2022-3-4 18:41:11,42.75,0.00,0.00,18.083,-1.323,-6.113,11.971,16.760,0.00,0.00,0.00,0.00,0.00,0.00,0.00,0.00,0.00,0.00,0.00,0.00,0.00,0.00,0.00,0.00,0.00
20650,DL:0.1.0:AT.1.0.0,2022-3-4 18:41:16,42.75,0.00,0.00,18.111,-1.351,-6.142,11.969,16.760,0.00,0.00,0.00,0.00,0.00,0.00,0.00,0.00,0.00,0.00,0.00,0.00,0.00,0.00,0.00,0.00,0.00
20650,DL:0.1.0:AT.1.0.0,2022-3-4 18:41:21,42.75,0.00,0.00,18.121,-1.358,-6.150,11.971,16.763,0.00,0.00,0.00,0.00,0.00,0.00,0.00,0.00,0.00,0.00,0.00,0.00,0.00,0.00,0.00,0.00,0.00
20650,DL:0.1.0:AT.1.0.0,2022-3-4 18:41:26,42.75,0.00,0.00,18.109,-1.345,-6.139,11.969,16.764,0.00,0.00,0.00,0.00,0.00,0.00,0.00,0.00,0.00,0.00,0.00,0.00,0.00,0.00,0.00,0.00,0.00
20650,DL:0.1.0:AT.1.0.0,2022-3-4 18:41:31,42.75,0.00,0.00,18.094,-1.330,-6.125,11.969,16.764,0.00,0.00,0.00,0.00,0.00,0.00,0.00,0.00,0.00,0.00,0.00,0.00,0.00,0.00,0.00,0.00,0.00
20650,DL:0.1.0:AT.1.0.0,2022-3-4 18:41:38,42.75,0.00,0.00,18.097,-1.331,-6.128,11.968,16.765,0.00,0.00,0.00,0.00,0.00,0.00,0.00,0.00,0.00,0.00,0.00,0.00,0.00,0.00,0.00,0.00,0.00
20650,DL:0.1.0:AT.1.0.0,2022-3-4 18:41:43,42.75,0.00,0.00,18.100,-1.333,-6.133,11.967,16.768,0.00,0.00,0.00,0.00,0.00,0.00,0.00,0.00,0.00,0.00,0.00,0.00,0.00,0.00,0.00,0.00,0.00
20650,DL:0.1.0:AT.1.0.0,2022-3-4 18:41:49,42.75,0.00,0.00,18.106,-1.339,-6.139,11.967,16.768,0.00,0.00,0.00,0.00,0.00,0.00,0.00,0.00,0.00,0.00,0.00,0.00,0.00,0.00,0.00,0.00,0.00
20650,DL:0.1.0:AT.1.0.0,2022-3-4 18:41:55,42.75,0.00,0.00,18.098,-1.329,-6.131,11.967,16.769,0.00,0.00,0.00,0.00,0.00,0.00,0.00,0.00,0.00,0.00,0.00,0.00,0.00,0.00,0.00,0.00,0.00
20650,DL:0.1.0:AT.1.0.0,2022-3-4 18:42:0,42.75,0.00,0.00,18.104,-1.334,-6.138,11.966,16.770,0.00,0.00,0.00,0.00,0.00,0.00,0.00,0.00,0.00,0.00,0.00,0.00,0.00,0.00,0.00,0.00,0.00
20650,DL:0.1.0:AT.1.0.0,2022-3-4 18:42:6,42.75,0.00,0.00,18.089,-1.318,-6.125,11.965,16.771,0.00,0.00,0.00,0.00,0.00,0.00,0.00,0.00,0.00,0.00,0.00,0.00,0.00,0.00,0.00,0.00,0.00
20650,DL:0.1.0:AT.1.0.0,2022-3-4 18:42:11,42.75,0.00,0.00,18.117,-1.345,-6.152,11.965,16.772,0.00,0.00,0.00,0.00,0.00,0.00,0.00,0.00,0.00,0.00,0.00,0.00,0.00,0.00,0.00,0.00,0.00
20650,DL:0.1.0:AT.1.0.0,2022-3-4 18:42:16,42.75,0.00,0.00,18.097,-1.323,-6.133,11.963,16.774,0.00,0.00,0.00,0.00,0.00,0.00,0.00,0.00,0.00,0.00,0.00,0.00,0.00,0.00,0.00,0.00,0.00
20650,DL:0.1.0:AT.1.0.0,2022-3-4 18:42:23,42.75,0.00,0.00,18.116,-1.342,-6.155,11.961,16.774,0.00,0.00,0.00,0.00,0.00,0.00,0.00,0.00,0.00,0.00,0.00,0.00,0.00,0.00,0.00,0.00,0.00
20650,DL:0.1.0:AT.1.0.0,2022-3-4 18:42:30,42.75,0.00,0.00,18.080,-1.304,-6.118,11.962,16.776,0.00,0.00,0.00,0.00,0.00,0.00,0.00,0.00,0.00,0.00,0.00,0.00,0.00,0.00,0.00,0.00,0.00
20650,DL:0.1.0:AT.1.0.0,2022-3-4 18:42:35,42.75,0.00,0.00,18.104,-1.328,-6.143,11.961,16.776,0.00,0.00,0.00,0.00,0.00,0.00,0.00,0.00,0.00,0.00,0.00,0.00,0.00,0.00,0.00,0.00,0.00
20650,DL:0.1.0:AT.1.0.0,2022-3-4 18:42:41,42.75,0.00,0.00,18.135,-1.358,-6.176,11.959,16.777,0.00,0.00,0.00,0.00,0.00,0.00,0.00,0.00,0.00,0.00,0.00,0.00,0.00,0.00,0.00,0.00,0.00
20650,DL:0.1.0:AT.1.0.0,2022-3-4 18:42:47,42.75,0.00,0.00,18.101,-1.323,-6.142,11.960,16.778,0.00,0.00,0.00,0.00,0.00,0.00,0.00,0.00,0.00,0.00,0.00,0.00,0.00,0.00,0.00,0.00,0.00
20650,DL:0.1.0:AT.1.0.0,2022-3-4 18:42:52,42.75,0.00,0.00,18.083,-1.304,-6.125,11.959,16.780,0.00,0.00,0.00,0.00,0.00,0.00,0.00,0.00,0.00,0.00,0.00,0.00,0.00,0.00,0.00,0.00,0.00
20650,DL:0.1.0:AT.1.0.0,2022-3-4 18:42:57,42.75,0.00,0.00,18.083,-1.303,-6.125,11.959,16.781,0.00,0.00,0.00,0.00,0.00,0.00,0.00,0.00,0.00,0.00,0.00,0.00,0.00,0.00,0.00,0.00,0.00
20650,DL:0.1.0:AT.1.0.0,2022-3-4 18:43:4,42.75,0.00,0.00,18.116,-1.335,-6.158,11.957,16.781,0.00,0.00,0.00,0.00,0.00,0.00,0.00,0.00,0.00,0.00,0.00,0.00,0.00,0.00,0.00,0.00,0.00
20650,DL:0.1.0:AT.1.0.0,2022-3-4 18:43:10,42.75,0.00,0.00,18.117,-1.334,-6.161,11.956,16.783,0.00,0.00,0.00,0.00,0.00,0.00,0.00,0.00,0.00,0.00,0.00,0.00,0.00,0.00,0.00,0.00,0.00
20650,DL:0.1.0:AT.1.0.0,2022-3-4 18:43:16,42.50,0.00,0.00,18.083,-1.300,-6.127,11.956,16.783,0.00,0.00,0.00,0.00,0.00,0.00,0.00,0.00,0.00,0.00,0.00,0.00,0.00,0.00,0.00,0.00,0.00
20650,DL:0.1.0:AT.1.0.0,2022-3-4 18:43:21,42.50,0.00,0.00,18.097,-1.312,-6.142,11.955,16.784,0.00,0.00,0.00,0.00,0.00,0.00,0.00,0.00,0.00,0.00,0.00,0.00,0.00,0.00,0.00,0.00,0.00
20650,DL:0.1.0:AT.1.0.0,2022-3-4 18:43:28,42.50,0.00,0.00,18.081,-1.294,-6.126,11.955,16.787,0.00,0.00,0.00,0.00,0.00,0.00,0.00,0.00,0.00,0.00,0.00,0.00,0.00,0.00,0.00,0.00,0.00
20650,DL:0.1.0:AT.1.0.0,2022-3-4 18:43:33,42.50,0.00,0.00,18.063,-1.275,-6.109,11.954,16.788,0.00,0.00,0.00,0.00,0.00,0.00,0.00,0.00,0.00,0.00,0.00,0.00,0.00,0.00,0.00,0.00,0.00
20650,DL:0.1.0:AT.1.0.0,2022-3-4 18:43:38,42.50,0.00,0.00,18.075,-1.286,-6.121,11.954,16.789,0.00,0.00,0.00,0.00,0.00,0.00,0.00,0.00,0.00,0.00,0.00,0.00,0.00,0.00,0.00,0.00,0.00
20650,DL:0.1.0:AT.1.0.0,2022-3-4 18:43:43,42.50,0.00,0.00,18.071,-1.281,-6.118,11.954,16.790,0.00,0.00,0.00,0.00,0.00,0.00,0.00,0.00,0.00,0.00,0.00,0.00,0.00,0.00,0.00,0.00,0.00
20650,DL:0.1.0:AT.1.0.0,2022-3-4 18:43:48,42.50,0.00,0.00,18.093,-1.303,-6.140,11.953,16.790,0.00,0.00,0.00,0.00,0.00,0.00,0.00,0.00,0.00,0.00,0.00,0.00,0.00,0.00,0.00,0.00,0.00
20650,DL:0.1.0:AT.1.0.0,2022-3-4 18:43:53,42.50,0.00,0.00,18.074,-1.282,-6.122,11.951,16.792,0.00,0.00,0.00,0.00,0.00,0.00,0.00,0.00,0.00,0.00,0.00,0.00,0.00,0.00,0.00,0.00,0.00
20650,DL:0.1.0:AT.1.0.0,2022-3-4 18:43:59,42.50,0.00,0.00,18.043,-1.251,-6.091,11.951,16.792,0.00,0.00,0.00,0.00,0.00,0.00,0.00,0.00,0.00,0.00,0.00,0.00,0.00,0.00,0.00,0.00,0.00
20650,DL:0.1.0:AT.1.0.0,2022-3-4 18:44:4,42.50,0.00,0.00,18.068,-1.274,-6.118,11.950,16.794,0.00,0.00,0.00,0.00,0.00,0.00,0.00,0.00,0.00,0.00,0.00,0.00,0.00,0.00,0.00,0.00,0.00
20650,DL:0.1.0:AT.1.0.0,2022-3-4 18:44:9,42.50,0.00,0.00,18.087,-1.293,-6.137,11.950,16.794,0.00,0.00,0.00,0.00,0.00,0.00,0.00,0.00,0.00,0.00,0.00,0.00,0.00,0.00,0.00,0.00,0.00
20650,DL:0.1.0:AT.1.0.0,2022-3-4 18:44:14,42.50,0.00,0.00,18.088,-1.293,-6.139,11.949,16.795,0.00,0.00,0.00,0.00,0.00,0.00,0.00,0.00,0.00,0.00,0.00,0.00,0.00,0.00,0.00,0.00,0.00
20650,DL:0.1.0:AT.1.0.0,2022-3-4 18:44:20,42.50,0.00,0.00,18.097,-1.301,-6.148,11.949,16.795,0.00,0.00,0.00,0.00,0.00,0.00,0.00,0.00,0.00,0.00,0.00,0.00,0.00,0.00,0.00,0.00,0.00
20650,DL:0.1.0:AT.1.0.0,2022-3-4 18:44:25,42.50,0.00,0.00,18.085,-1.288,-6.137,11.948,16.796,0.00,0.00,0.00,0.00,0.00,0.00,0.00,0.00,0.00,0.00,0.00,0.00,0.00,0.00,0.00,0.00,0.00
20650,DL:0.1.0:AT.1.0.0,2022-3-4 18:44:30,42.50,0.00,0.00,18.095,-1.298,-6.146,11.949,16.798,0.00,0.00,0.00,0.00,0.00,0.00,0.00,0.00,0.00,0.00,0.00,0.00,0.00,0.00,0.00,0.00,0.00
20650,DL:0.1.0:AT.1.0.0,2022-3-4 18:44:37,42.50,0.00,0.00,18.092,-1.293,-6.145,11.947,16.799,0.00,0.00,0.00,0.00,0.00,0.00,0.00,0.00,0.00,0.00,0.00,0.00,0.00,0.00,0.00,0.00,0.00
20650,DL:0.1.0:AT.1.0.0,2022-3-4 18:44:42,42.50,0.00,0.00,18.070,-1.270,-6.125,11.945,16.800,0.00,0.00,0.00,0.00,0.00,0.00,0.00,0.00,0.00,0.00,0.00,0.00,0.00,0.00,0.00,0.00,0.00
20650,DL:0.1.0:AT.1.0.0,2022-3-4 18:44:47,42.50,0.00,0.00,18.079,-1.279,-6.132,11.947,16.800,0.00,0.00,0.00,0.00,0.00,0.00,0.00,0.00,0.00,0.00,0.00,0.00,0.00,0.00,0.00,0.00,0.00
20650,DL:0.1.0:AT.1.0.0,2022-3-4 18:44:53,42.50,0.00,0.00,18.044,-1.242,-6.098,11.945,16.801,0.00,0.00,0.00,0.00,0.00,0.00,0.00,0.00,0.00,0.00,0.00,0.00,0.00,0.00,0.00,0.00,0.00
20650,DL:0.1.0:AT.1.0.0,2022-3-4 18:44:58,42.50,0.00,0.00,18.075,-1.273,-6.131,11.944,16.802,0.00,0.00,0.00,0.00,0.00,0.00,0.00,0.00,0.00,0.00,0.00,0.00,0.00,0.00,0.00,0.00,0.00
20650,DL:0.1.0:AT.1.0.0,2022-3-4 18:45:5,42.50,0.00,0.00,18.098,-1.294,-6.155,11.943,16.804,0.00,0.00,0.00,0.00,0.00,0.00,0.00,0.00,0.00,0.00,0.00,0.00,0.00,0.00,0.00,0.00,0.00
20650,DL:0.1.0:AT.1.0.0,2022-3-4 18:45:10,42.50,0.00,0.00,18.109,-1.305,-6.166,11.943,16.804,0.00,0.00,0.00,0.00,0.00,0.00,0.00,0.00,0.00,0.00,0.00,0.00,0.00,0.00,0.00,0.00,0.00
20650,DL:0.1.0:AT.1.0.0,2022-3-4 18:45:15,42.50,0.00,0.00,18.111,-1.306,-6.167,11.944,16.805,0.00,0.00,0.00,0.00,0.00,0.00,0.00,0.00,0.00,0.00,0.00,0.00,0.00,0.00,0.00,0.00,0.00
20650,DL:0.1.0:AT.1.0.0,2022-3-4 18:45:20,42.50,0.00,0.00,18.100,-1.294,-6.157,11.943,16.806,0.00,0.00,0.00,0.00,0.00,0.00,0.00,0.00,0.00,0.00,0.00,0.00,0.00,0.00,0.00,0.00,0.00
20650,DL:0.1.0:AT.1.0.0,2022-3-4 18:45:25,42.50,0.00,0.00,18.094,-1.287,-6.151,11.943,16.807,0.00,0.00,0.00,0.00,0.00,0.00,0.00,0.00,0.00,0.00,0.00,0.00,0.00,0.00,0.00,0.00,0.00
20650,DL:0.1.0:AT.1.0.0,2022-3-4 18:45:32,42.50,0.00,0.00,18.101,-1.294,-6.161,11.941,16.807,0.00,0.00,0.00,0.00,0.00,0.00,0.00,0.00,0.00,0.00,0.00,0.00,0.00,0.00,0.00,0.00,0.00
20650,DL:0.1.0:AT.1.0.0,2022-3-4 18:45:37,42.50,0.00,0.00,18.099,-1.291,-6.158,11.941,16.808,0.00,0.00,0.00,0.00,0.00,0.00,0.00,0.00,0.00,0.00,0.00,0.00,0.00,0.00,0.00,0.00,0.00
20650,DL:0.1.0:AT.1.0.0,2022-3-4 18:45:42,42.50,0.00,0.00,18.091,-1.281,-6.150,11.941,16.810,0.00,0.00,0.00,0.00,0.00,0.00,0.00,0.00,0.00,0.00,0.00,0.00,0.00,0.00,0.00,0.00,0.00
20650,DL:0.1.0:AT.1.0.0,2022-3-4 18:45:49,42.50,0.00,0.00,18.095,-1.286,-6.157,11.938,16.810,0.00,0.00,0.00,0.00,0.00,0.00,0.00,0.00,0.00,0.00,0.00,0.00,0.00,0.00,0.00,0.00,0.00
20650,DL:0.1.0:AT.1.0.0,2022-3-4 18:45:54,42.50,0.00,0.00,18.095,-1.283,-6.156,11.939,16.812,0.00,0.00,0.00,0.00,0.00,0.00,0.00,0.00,0.00,0.00,0.00,0.00,0.00,0.00,0.00,0.00,0.00
20650,DL:0.1.0:AT.1.0.0,2022-3-4 18:45:59,42.50,0.00,0.00,18.093,-1.281,-6.154,11.939,16.812,0.00,0.00,0.00,0.00,0.00,0.00,0.00,0.00,0.00,0.00,0.00,0.00,0.00,0.00,0.00,0.00,0.00
20650,DL:0.1.0:AT.1.0.0,2022-3-4 18:46:4,42.50,0.00,0.00,18.112,-1.299,-6.175,11.937,16.813,0.00,0.00,0.00,0.00,0.00,0.00,0.00,0.00,0.00,0.00,0.00,0.00,0.00,0.00,0.00,0.00,0.00
20650,DL:0.1.0:AT.1.0.0,2022-3-4 18:46:10,42.50,0.00,0.00,18.088,-1.274,-6.151,11.937,16.814,0.00,0.00,0.00,0.00,0.00,0.00,0.00,0.00,0.00,0.00,0.00,0.00,0.00,0.00,0.00,0.00,0.00
20650,DL:0.1.0:AT.1.0.0,2022-3-4 18:46:15,42.50,0.00,0.00,18.086,-1.270,-6.150,11.936,16.816,0.00,0.00,0.00,0.00,0.00,0.00,0.00,0.00,0.00,0.00,0.00,0.00,0.00,0.00,0.00,0.00,0.00
20650,DL:0.1.0:AT.1.0.0,2022-3-4 18:46:20,42.50,0.00,0.00,18.071,-1.255,-6.134,11.937,16.817,0.00,0.00,0.00,0.00,0.00,0.00,0.00,0.00,0.00,0.00,0.00,0.00,0.00,0.00,0.00,0.00,0.00
20650,DL:0.1.0:AT.1.0.0,2022-3-4 18:46:26,42.50,0.00,0.00,18.059,-1.242,-6.124,11.936,16.817,0.00,0.00,0.00,0.00,0.00,0.00,0.00,0.00,0.00,0.00,0.00,0.00,0.00,0.00,0.00,0.00,0.00
20650,DL:0.1.0:AT.1.0.0,2022-3-4 18:46:32,42.50,0.00,0.00,18.103,-1.283,-6.167,11.936,16.819,0.00,0.00,0.00,0.00,0.00,0.00,0.00,0.00,0.00,0.00,0.00,0.00,0.00,0.00,0.00,0.00,0.00
20650,DL:0.1.0:AT.1.0.0,2022-3-4 18:46:37,42.50,0.00,0.00,18.097,-1.277,-6.162,11.935,16.819,0.00,0.00,0.00,0.00,0.00,0.00,0.00,0.00,0.00,0.00,0.00,0.00,0.00,0.00,0.00,0.00,0.00
20650,DL:0.1.0:AT.1.0.0,2022-3-4 18:46:44,42.50,0.00,0.00,18.086,-1.265,-6.154,11.932,16.820,0.00,0.00,0.00,0.00,0.00,0.00,0.00,0.00,0.00,0.00,0.00,0.00,0.00,0.00,0.00,0.00,0.00
20650,DL:0.1.0:AT.1.0.0,2022-3-4 18:46:49,42.50,0.00,0.00,18.068,-1.247,-6.136,11.932,16.820,0.00,0.00,0.00,0.00,0.00,0.00,0.00,0.00,0.00,0.00,0.00,0.00,0.00,0.00,0.00,0.00,0.00
20650,DL:0.1.0:AT.1.0.0,2022-3-4 18:46:54,42.50,0.00,0.00,18.077,-1.256,-6.146,11.931,16.822,0.00,0.00,0.00,0.00,0.00,0.00,0.00,0.00,0.00,0.00,0.00,0.00,0.00,0.00,0.00,0.00,0.00
20650,DL:0.1.0:AT.1.0.0,2022-3-4 18:47:1,42.50,0.00,0.00,18.088,-1.265,-6.157,11.931,16.823,0.00,0.00,0.00,0.00,0.00,0.00,0.00,0.00,0.00,0.00,0.00,0.00,0.00,0.00,0.00,0.00,0.00
20650,DL:0.1.0:AT.1.0.0,2022-3-4 18:47:6,42.50,0.00,0.00,18.109,-1.283,-6.179,11.930,16.825,0.00,0.00,0.00,0.00,0.00,0.00,0.00,0.00,0.00,0.00,0.00,0.00,0.00,0.00,0.00,0.00,0.00
20650,DL:0.1.0:AT.1.0.0,2022-3-4 18:47:11,42.50,0.00,0.00,18.076,-1.251,-6.148,11.929,16.825,0.00,0.00,0.00,0.00,0.00,0.00,0.00,0.00,0.00,0.00,0.00,0.00,0.00,0.00,0.00,0.00,0.00
20650,DL:0.1.0:AT.1.0.0,2022-3-4 18:47:17,42.50,0.00,0.00,18.101,-1.275,-6.173,11.929,16.826,0.00,0.00,0.00,0.00,0.00,0.00,0.00,0.00,0.00,0.00,0.00,0.00,0.00,0.00,0.00,0.00,0.00
20650,DL:0.1.0:AT.1.0.0,2022-3-4 18:47:24,42.50,0.00,0.00,18.075,-1.246,-6.148,11.927,16.829,0.00,0.00,0.00,0.00,0.00,0.00,0.00,0.00,0.00,0.00,0.00,0.00,0.00,0.00,0.00,0.00,0.00
20650,DL:0.1.0:AT.1.0.0,2022-3-4 18:47:29,42.50,0.00,0.00,18.082,-1.251,-6.155,11.927,16.831,0.00,0.00,0.00,0.00,0.00,0.00,0.00,0.00,0.00,0.00,0.00,0.00,0.00,0.00,0.00,0.00,0.00
20650,DL:0.1.0:AT.1.0.0,2022-3-4 18:47:34,42.50,0.00,0.00,18.117,-1.285,-6.190,11.927,16.832,0.00,0.00,0.00,0.00,0.00,0.00,0.00,0.00,0.00,0.00,0.00,0.00,0.00,0.00,0.00,0.00,0.00
20650,DL:0.1.0:AT.1.0.0,2022-3-4 18:47:39,42.50,0.00,0.00,18.085,-1.252,-6.158,11.926,16.832,0.00,0.00,0.00,0.00,0.00,0.00,0.00,0.00,0.00,0.00,0.00,0.00,0.00,0.00,0.00,0.00,0.00
20650,DL:0.1.0:AT.1.0.0,2022-3-4 18:47:50,42.50,0.00,0.00,18.098,-1.263,-6.174,11.924,16.835,0.00,0.00,0.00,0.00,0.00,0.00,0.00,0.00,0.00,0.00,0.00,0.00,0.00,0.00,0.00,0.00,0.00
20650,DL:0.1.0:AT.1.0.0,2022-3-4 18:47:55,42.50,0.00,0.00,18.089,-1.253,-6.166,11.924,16.836,0.00,0.00,0.00,0.00,0.00,0.00,0.00,0.00,0.00,0.00,0.00,0.00,0.00,0.00,0.00,0.00,0.00
20650,DL:0.1.0:AT.1.0.0,2022-3-4 18:48:0,42.50,0.00,0.00,18.076,-1.238,-6.154,11.923,16.838,0.00,0.00,0.00,0.00,0.00,0.00,0.00,0.00,0.00,0.00,0.00,0.00,0.00,0.00,0.00,0.00,0.00
20650,DL:0.1.0:AT.1.0.0,2022-3-4 18:48:5,42.50,0.00,0.00,18.091,-1.252,-6.168,11.923,16.838,0.00,0.00,0.00,0.00,0.00,0.00,0.00,0.00,0.00,0.00,0.00,0.00,0.00,0.00,0.00,0.00,0.00
20650,DL:0.1.0:AT.1.0.0,2022-3-4 18:48:10,42.50,0.00,0.00,18.095,-1.257,-6.173,11.923,16.838,0.00,0.00,0.00,0.00,0.00,0.00,0.00,0.00,0.00,0.00,0.00,0.00,0.00,0.00,0.00,0.00,0.00
20650,DL:0.1.0:AT.1.0.0,2022-3-4 18:48:18,42.50,0.00,0.00,18.095,-1.255,-6.174,11.921,16.841,0.00,0.00,0.00,0.00,0.00,0.00,0.00,0.00,0.00,0.00,0.00,0.00,0.00,0.00,0.00,0.00,0.00
20650,DL:0.1.0:AT.1.0.0,2022-3-4 18:48:24,42.50,0.00,0.00,18.097,-1.256,-6.176,11.920,16.841,0.00,0.00,0.00,0.00,0.00,0.00,0.00,0.00,0.00,0.00,0.00,0.00,0.00,0.00,0.00,0.00,0.00
20650,DL:0.1.0:AT.1.0.0,2022-3-4 18:48:29,42.50,0.00,0.00,18.088,-1.247,-6.167,11.921,16.841,0.00,0.00,0.00,0.00,0.00,0.00,0.00,0.00,0.00,0.00,0.00,0.00,0.00,0.00,0.00,0.00,0.00
20650,DL:0.1.0:AT.1.0.0,2022-3-4 18:48:34,42.50,0.00,0.00,18.089,-1.246,-6.169,11.920,16.843,0.00,0.00,0.00,0.00,0.00,0.00,0.00,0.00,0.00,0.00,0.00,0.00,0.00,0.00,0.00,0.00,0.00
20650,DL:0.1.0:AT.1.0.0,2022-3-4 18:48:39,42.50,0.00,0.00,18.071,-1.227,-6.152,11.919,16.845,0.00,0.00,0.00,0.00,0.00,0.00,0.00,0.00,0.00,0.00,0.00,0.00,0.00,0.00,0.00,0.00,0.00
20650,DL:0.1.0:AT.1.0.0,2022-3-4 18:48:46,42.50,0.00,0.00,18.105,-1.261,-6.186,11.919,16.845,0.00,0.00,0.00,0.00,0.00,0.00,0.00,0.00,0.00,0.00,0.00,0.00,0.00,0.00,0.00,0.00,0.00
20650,DL:0.1.0:AT.1.0.0,2022-3-4 18:48:51,42.50,0.00,0.00,18.076,-1.229,-6.158,11.918,16.847,0.00,0.00,0.00,0.00,0.00,0.00,0.00,0.00,0.00,0.00,0.00,0.00,0.00,0.00,0.00,0.00,0.00
20650,DL:0.1.0:AT.1.0.0,2022-3-4 18:48:56,42.50,0.00,0.00,18.088,-1.241,-6.170,11.918,16.847,0.00,0.00,0.00,0.00,0.00,0.00,0.00,0.00,0.00,0.00,0.00,0.00,0.00,0.00,0.00,0.00,0.00
20650,DL:0.1.0:AT.1.0.0,2022-3-4 18:49:2,42.50,0.00,0.00,18.094,-1.246,-6.176,11.918,16.848,0.00,0.00,0.00,0.00,0.00,0.00,0.00,0.00,0.00,0.00,0.00,0.00,0.00,0.00,0.00,0.00,0.00
20650,DL:0.1.0:AT.1.0.0,2022-3-4 18:49:8,42.50,0.00,0.00,18.093,-1.244,-6.176,11.917,16.849,0.00,0.00,0.00,0.00,0.00,0.00,0.00,0.00,0.00,0.00,0.00,0.00,0.00,0.00,0.00,0.00,0.00
20650,DL:0.1.0:AT.1.0.0,2022-3-4 18:49:15,42.50,0.00,0.00,18.083,-1.233,-6.168,11.915,16.851,0.00,0.00,0.00,0.00,0.00,0.00,0.00,0.00,0.00,0.00,0.00,0.00,0.00,0.00,0.00,0.00,0.00
20650,DL:0.1.0:AT.1.0.0,2022-3-4 18:49:20,42.50,0.00,0.00,18.069,-1.217,-6.155,11.914,16.852,0.00,0.00,0.00,0.00,0.00,0.00,0.00,0.00,0.00,0.00,0.00,0.00,0.00,0.00,0.00,0.00,0.00
20650,DL:0.1.0:AT.1.0.0,2022-3-4 18:49:26,42.50,0.00,0.00,18.071,-1.218,-6.157,11.914,16.853,0.00,0.00,0.00,0.00,0.00,0.00,0.00,0.00,0.00,0.00,0.00,0.00,0.00,0.00,0.00,0.00,0.00
20650,DL:0.1.0:AT.1.0.0,2022-3-4 18:49:31,42.50,0.00,0.00,18.071,-1.217,-6.157,11.914,16.854,0.00,0.00,0.00,0.00,0.00,0.00,0.00,0.00,0.00,0.00,0.00,0.00,0.00,0.00,0.00,0.00,0.00
20650,DL:0.1.0:AT.1.0.0,2022-3-4 18:49:36,42.50,0.00,0.00,18.081,-1.227,-6.167,11.914,16.854,0.00,0.00,0.00,0.00,0.00,0.00,0.00,0.00,0.00,0.00,0.00,0.00,0.00,0.00,0.00,0.00,0.00
20650,DL:0.1.0:AT.1.0.0,2022-3-4 18:49:41,42.50,0.00,0.00,18.087,-1.232,-6.173,11.914,16.855,0.00,0.00,0.00,0.00,0.00,0.00,0.00,0.00,0.00,0.00,0.00,0.00,0.00,0.00,0.00,0.00,0.00
20650,DL:0.1.0:AT.1.0.0,2022-3-4 18:49:46,42.50,0.00,0.00,18.077,-1.221,-6.164,11.913,16.857,0.00,0.00,0.00,0.00,0.00,0.00,0.00,0.00,0.00,0.00,0.00,0.00,0.00,0.00,0.00,0.00,0.00
20650,DL:0.1.0:AT.1.0.0,2022-3-4 18:49:51,42.50,0.00,0.00,18.065,-1.208,-6.154,11.912,16.858,0.00,0.00,0.00,0.00,0.00,0.00,0.00,0.00,0.00,0.00,0.00,0.00,0.00,0.00,0.00,0.00,0.00
20650,DL:0.1.0:AT.1.0.0,2022-3-4 18:49:57,42.50,0.00,0.00,18.087,-1.228,-6.175,11.912,16.859,0.00,0.00,0.00,0.00,0.00,0.00,0.00,0.00,0.00,0.00,0.00,0.00,0.00,0.00,0.00,0.00,0.00
20650,DL:0.1.0:AT.1.0.0,2022-3-4 18:50:2,42.50,0.00,0.00,18.077,-1.217,-6.167,11.911,16.860,0.00,0.00,0.00,0.00,0.00,0.00,0.00,0.00,0.00,0.00,0.00,0.00,0.00,0.00,0.00,0.00,0.00
20650,DL:0.1.0:AT.1.0.0,2022-3-4 18:50:7,42.50,0.00,0.00,18.062,-1.202,-6.152,11.909,16.860,0.00,0.00,0.00,0.00,0.00,0.00,0.00,0.00,0.00,0.00,0.00,0.00,0.00,0.00,0.00,0.00,0.00
20650,DL:0.1.0:AT.1.0.0,2022-3-4 18:50:12,42.50,0.00,0.00,18.079,-1.216,-6.169,11.909,16.863,0.00,0.00,0.00,0.00,0.00,0.00,0.00,0.00,0.00,0.00,0.00,0.00,0.00,0.00,0.00,0.00,0.00
20650,DL:0.1.0:AT.1.0.0,2022-3-4 18:50:17,42.50,0.00,0.00,18.087,-1.224,-6.178,11.909,16.863,0.00,0.00,0.00,0.00,0.00,0.00,0.00,0.00,0.00,0.00,0.00,0.00,0.00,0.00,0.00,0.00,0.00
20650,DL:0.1.0:AT.1.0.0,2022-3-4 18:50:22,42.50,0.00,0.00,18.052,-1.188,-6.144,11.908,16.864,0.00,0.00,0.00,0.00,0.00,0.00,0.00,0.00,0.00,0.00,0.00,0.00,0.00,0.00,0.00,0.00,0.00
20650,DL:0.1.0:AT.1.0.0,2022-3-4 18:50:27,42.50,0.00,0.00,18.062,-1.197,-6.154,11.908,16.865,0.00,0.00,0.00,0.00,0.00,0.00,0.00,0.00,0.00,0.00,0.00,0.00,0.00,0.00,0.00,0.00,0.00
20650,DL:0.1.0:AT.1.0.0,2022-3-4 18:50:32,42.50,0.00,0.00,18.074,-1.208,-6.164,11.909,16.866,0.00,0.00,0.00,0.00,0.00,0.00,0.00,0.00,0.00,0.00,0.00,0.00,0.00,0.00,0.00,0.00,0.00
20650,DL:0.1.0:AT.1.0.0,2022-3-4 18:50:38,42.50,0.00,0.00,18.065,-1.198,-6.158,11.907,16.867,0.00,0.00,0.00,0.00,0.00,0.00,0.00,0.00,0.00,0.00,0.00,0.00,0.00,0.00,0.00,0.00,0.00
20650,DL:0.1.0:AT.1.0.0,2022-3-4 18:50:44,42.50,0.00,0.00,18.037,-1.168,-6.130,11.907,16.869,0.00,0.00,0.00,0.00,0.00,0.00,0.00,0.00,0.00,0.00,0.00,0.00,0.00,0.00,0.00,0.00,0.00
20650,DL:0.1.0:AT.1.0.0,2022-3-4 18:50:49,42.50,0.00,0.00,18.058,-1.188,-6.151,11.907,16.870,0.00,0.00,0.00,0.00,0.00,0.00,0.00,0.00,0.00,0.00,0.00,0.00,0.00,0.00,0.00,0.00,0.00
20650,DL:0.1.0:AT.1.0.0,2022-3-4 18:50:54,42.50,0.00,0.00,18.064,-1.194,-6.158,11.906,16.870,0.00,0.00,0.00,0.00,0.00,0.00,0.00,0.00,0.00,0.00,0.00,0.00,0.00,0.00,0.00,0.00,0.00
20650,DL:0.1.0:AT.1.0.0,2022-3-4 18:50:59,42.50,0.00,0.00,18.046,-1.175,-6.142,11.905,16.871,0.00,0.00,0.00,0.00,0.00,0.00,0.00,0.00,0.00,0.00,0.00,0.00,0.00,0.00,0.00,0.00,0.00
20650,DL:0.1.0:AT.1.0.0,2022-3-4 18:51:6,42.50,0.00,0.00,18.046,-1.174,-6.143,11.903,16.872,0.00,0.00,0.00,0.00,0.00,0.00,0.00,0.00,0.00,0.00,0.00,0.00,0.00,0.00,0.00,0.00,0.00
20650,DL:0.1.0:AT.1.0.0,2022-3-4 18:51:13,42.50,0.00,0.00,18.045,-1.172,-6.140,11.905,16.873,0.00,0.00,0.00,0.00,0.00,0.00,0.00,0.00,0.00,0.00,0.00,0.00,0.00,0.00,0.00,0.00,0.00
20650,DL:0.1.0:AT.1.0.0,2022-3-4 18:51:18,42.50,0.00,0.00,18.057,-1.182,-6.155,11.902,16.875,0.00,0.00,0.00,0.00,0.00,0.00,0.00,0.00,0.00,0.00,0.00,0.00,0.00,0.00,0.00,0.00,0.00
20650,DL:0.1.0:AT.1.0.0,2022-3-4 18:51:23,42.50,0.00,0.00,18.063,-1.188,-6.160,11.903,16.875,0.00,0.00,0.00,0.00,0.00,0.00,0.00,0.00,0.00,0.00,0.00,0.00,0.00,0.00,0.00,0.00,0.00
20650,DL:0.1.0:AT.1.0.0,2022-3-4 18:51:28,42.50,0.00,0.00,18.080,-1.204,-6.179,11.901,16.876,0.00,0.00,0.00,0.00,0.00,0.00,0.00,0.00,0.00,0.00,0.00,0.00,0.00,0.00,0.00,0.00,0.00
20650,DL:0.1.0:AT.1.0.0,2022-3-4 18:51:34,42.50,0.00,0.00,18.092,-1.214,-6.191,11.901,16.878,0.00,0.00,0.00,0.00,0.00,0.00,0.00,0.00,0.00,0.00,0.00,0.00,0.00,0.00,0.00,0.00,0.00
20650,DL:0.1.0:AT.1.0.0,2022-3-4 18:51:39,42.50,0.00,0.00,18.057,-1.179,-6.156,11.901,16.878,0.00,0.00,0.00,0.00,0.00,0.00,0.00,0.00,0.00,0.00,0.00,0.00,0.00,0.00,0.00,0.00,0.00
20650,DL:0.1.0:AT.1.0.0,2022-3-4 18:51:44,42.50,0.00,0.00,18.057,-1.179,-6.156,11.901,16.878,0.00,0.00,0.00,0.00,0.00,0.00,0.00,0.00,0.00,0.00,0.00,0.00,0.00,0.00,0.00,0.00,0.00
20650,DL:0.1.0:AT.1.0.0,2022-3-4 18:51:49,42.25,0.00,0.00,18.086,-1.205,-6.186,11.900,16.881,0.00,0.00,0.00,0.00,0.00,0.00,0.00,0.00,0.00,0.00,0.00,0.00,0.00,0.00,0.00,0.00,0.00
20650,DL:0.1.0:AT.1.0.0,2022-3-4 18:51:54,42.25,0.00,0.00,18.067,-1.186,-6.168,11.899,16.881,0.00,0.00,0.00,0.00,0.00,0.00,0.00,0.00,0.00,0.00,0.00,0.00,0.00,0.00,0.00,0.00,0.00
20650,DL:0.1.0:AT.1.0.0,2022-3-4 18:52:1,42.25,0.00,0.00,18.070,-1.187,-6.172,11.899,16.883,0.00,0.00,0.00,0.00,0.00,0.00,0.00,0.00,0.00,0.00,0.00,0.00,0.00,0.00,0.00,0.00,0.00
20650,DL:0.1.0:AT.1.0.0,2022-3-4 18:52:6,42.25,0.00,0.00,18.104,-1.220,-6.205,11.899,16.884,0.00,0.00,0.00,0.00,0.00,0.00,0.00,0.00,0.00,0.00,0.00,0.00,0.00,0.00,0.00,0.00,0.00
20650,DL:0.1.0:AT.1.0.0,2022-3-4 18:52:11,42.25,0.00,0.00,18.089,-1.205,-6.191,11.899,16.884,0.00,0.00,0.00,0.00,0.00,0.00,0.00,0.00,0.00,0.00,0.00,0.00,0.00,0.00,0.00,0.00,0.00
20650,DL:0.1.0:AT.1.0.0,2022-3-4 18:52:16,42.25,0.00,0.00,18.063,-1.178,-6.166,11.897,16.885,0.00,0.00,0.00,0.00,0.00,0.00,0.00,0.00,0.00,0.00,0.00,0.00,0.00,0.00,0.00,0.00,0.00
20650,DL:0.1.0:AT.1.0.0,2022-3-4 18:52:23,42.25,0.00,0.00,18.070,-1.184,-6.174,11.896,16.887,0.00,0.00,0.00,0.00,0.00,0.00,0.00,0.00,0.00,0.00,0.00,0.00,0.00,0.00,0.00,0.00,0.00
20650,DL:0.1.0:AT.1.0.0,2022-3-4 18:52:28,42.25,0.00,0.00,18.083,-1.196,-6.187,11.896,16.888,0.00,0.00,0.00,0.00,0.00,0.00,0.00,0.00,0.00,0.00,0.00,0.00,0.00,0.00,0.00,0.00,0.00
20650,DL:0.1.0:AT.1.0.0,2022-3-4 18:52:33,42.25,0.00,0.00,18.089,-1.199,-6.194,11.895,16.890,0.00,0.00,0.00,0.00,0.00,0.00,0.00,0.00,0.00,0.00,0.00,0.00,0.00,0.00,0.00,0.00,0.00
20650,DL:0.1.0:AT.1.0.0,2022-3-4 18:52:39,42.25,0.00,0.00,18.057,-1.167,-6.162,11.895,16.890,0.00,0.00,0.00,0.00,0.00,0.00,0.00,0.00,0.00,0.00,0.00,0.00,0.00,0.00,0.00,0.00,0.00
20650,DL:0.1.0:AT.1.0.0,2022-3-4 18:52:44,42.25,0.00,0.00,18.100,-1.210,-6.205,11.895,16.890,0.00,0.00,0.00,0.00,0.00,0.00,0.00,0.00,0.00,0.00,0.00,0.00,0.00,0.00,0.00,0.00,0.00
20650,DL:0.1.0:AT.1.0.0,2022-3-4 18:52:49,42.25,0.00,0.00,18.070,-1.178,-6.175,11.895,16.893,0.00,0.00,0.00,0.00,0.00,0.00,0.00,0.00,0.00,0.00,0.00,0.00,0.00,0.00,0.00,0.00,0.00
20650,DL:0.1.0:AT.1.0.0,2022-3-4 18:52:55,42.25,0.00,0.00,18.073,-1.180,-6.179,11.894,16.893,0.00,0.00,0.00,0.00,0.00,0.00,0.00,0.00,0.00,0.00,0.00,0.00,0.00,0.00,0.00,0.00,0.00
20650,DL:0.1.0:AT.1.0.0,2022-3-4 18:53:0,42.25,0.00,0.00,18.070,-1.176,-6.178,11.893,16.894,0.00,0.00,0.00,0.00,0.00,0.00,0.00,0.00,0.00,0.00,0.00,0.00,0.00,0.00,0.00,0.00,0.00
20650,DL:0.1.0:AT.1.0.0,2022-3-4 18:53:5,42.25,0.00,0.00,18.095,-1.202,-6.204,11.891,16.894,0.00,0.00,0.00,0.00,0.00,0.00,0.00,0.00,0.00,0.00,0.00,0.00,0.00,0.00,0.00,0.00,0.00
20650,DL:0.1.0:AT.1.0.0,2022-3-4 18:53:10,42.25,0.00,0.00,18.075,-1.180,-6.184,11.891,16.895,0.00,0.00,0.00,0.00,0.00,0.00,0.00,0.00,0.00,0.00,0.00,0.00,0.00,0.00,0.00,0.00,0.00
20650,DL:0.1.0:AT.1.0.0,2022-3-4 18:53:15,42.25,0.00,0.00,18.070,-1.174,-6.179,11.891,16.896,0.00,0.00,0.00,0.00,0.00,0.00,0.00,0.00,0.00,0.00,0.00,0.00,0.00,0.00,0.00,0.00,0.00
20650,DL:0.1.0:AT.1.0.0,2022-3-4 18:53:21,42.25,0.00,0.00,18.086,-1.188,-6.196,11.890,16.897,0.00,0.00,0.00,0.00,0.00,0.00,0.00,0.00,0.00,0.00,0.00,0.00,0.00,0.00,0.00,0.00,0.00
20650,DL:0.1.0:AT.1.0.0,2022-3-4 18:53:27,42.25,0.00,0.00,18.081,-1.182,-6.192,11.889,16.899,0.00,0.00,0.00,0.00,0.00,0.00,0.00,0.00,0.00,0.00,0.00,0.00,0.00,0.00,0.00,0.00,0.00
20650,DL:0.1.0:AT.1.0.0,2022-3-4 18:53:34,42.25,0.00,0.00,18.095,-1.196,-6.206,11.889,16.900,0.00,0.00,0.00,0.00,0.00,0.00,0.00,0.00,0.00,0.00,0.00,0.00,0.00,0.00,0.00,0.00,0.00
20650,DL:0.1.0:AT.1.0.0,2022-3-4 18:53:39,42.25,0.00,0.00,18.074,-1.173,-6.186,11.888,16.901,0.00,0.00,0.00,0.00,0.00,0.00,0.00,0.00,0.00,0.00,0.00,0.00,0.00,0.00,0.00,0.00,0.00
20650,DL:0.1.0:AT.1.0.0,2022-3-4 18:53:44,42.25,0.00,0.00,18.052,-1.151,-6.166,11.887,16.901,0.00,0.00,0.00,0.00,0.00,0.00,0.00,0.00,0.00,0.00,0.00,0.00,0.00,0.00,0.00,0.00,0.00
20650,DL:0.1.0:AT.1.0.0,2022-3-4 18:53:49,42.25,0.00,0.00,18.083,-1.182,-6.196,11.888,16.901,0.00,0.00,0.00,0.00,0.00,0.00,0.00,0.00,0.00,0.00,0.00,0.00,0.00,0.00,0.00,0.00,0.00
20650,DL:0.1.0:AT.1.0.0,2022-3-4 18:53:54,42.25,0.00,0.00,18.100,-1.197,-6.214,11.887,16.903,0.00,0.00,0.00,0.00,0.00,0.00,0.00,0.00,0.00,0.00,0.00,0.00,0.00,0.00,0.00,0.00,0.00
20650,DL:0.1.0:AT.1.0.0,2022-3-4 18:53:59,42.25,0.00,0.00,18.052,-1.148,-6.166,11.887,16.905,0.00,0.00,0.00,0.00,0.00,0.00,0.00,0.00,0.00,0.00,0.00,0.00,0.00,0.00,0.00,0.00,0.00
20650,DL:0.1.0:AT.1.0.0,2022-3-4 18:54:4,42.25,0.00,0.00,18.071,-1.167,-6.186,11.885,16.905,0.00,0.00,0.00,0.00,0.00,0.00,0.00,0.00,0.00,0.00,0.00,0.00,0.00,0.00,0.00,0.00,0.00
20650,DL:0.1.0:AT.1.0.0,2022-3-4 18:54:9,42.25,0.00,0.00,18.085,-1.179,-6.199,11.885,16.906,0.00,0.00,0.00,0.00,0.00,0.00,0.00,0.00,0.00,0.00,0.00,0.00,0.00,0.00,0.00,0.00,0.00
20650,DL:0.1.0:AT.1.0.0,2022-3-4 18:54:14,42.25,0.00,0.00,18.095,-1.188,-6.211,11.884,16.907,0.00,0.00,0.00,0.00,0.00,0.00,0.00,0.00,0.00,0.00,0.00,0.00,0.00,0.00,0.00,0.00,0.00
20650,DL:0.1.0:AT.1.0.0,2022-3-4 18:54:19,42.25,0.00,0.00,18.099,-1.191,-6.215,11.884,16.908,0.00,0.00,0.00,0.00,0.00,0.00,0.00,0.00,0.00,0.00,0.00,0.00,0.00,0.00,0.00,0.00,0.00
20650,DL:0.1.0:AT.1.0.0,2022-3-4 18:54:24,42.25,0.00,0.00,18.103,-1.193,-6.218,11.884,16.909,0.00,0.00,0.00,0.00,0.00,0.00,0.00,0.00,0.00,0.00,0.00,0.00,0.00,0.00,0.00,0.00,0.00
20650,DL:0.1.0:AT.1.0.0,2022-3-4 18:54:29,42.25,0.00,0.00,18.089,-1.179,-6.206,11.883,16.911,0.00,0.00,0.00,0.00,0.00,0.00,0.00,0.00,0.00,0.00,0.00,0.00,0.00,0.00,0.00,0.00,0.00
20650,DL:0.1.0:AT.1.0.0,2022-3-4 18:54:36,42.25,0.00,0.00,18.082,-1.172,-6.200,11.882,16.911,0.00,0.00,0.00,0.00,0.00,0.00,0.00,0.00,0.00,0.00,0.00,0.00,0.00,0.00,0.00,0.00,0.00
20650,DL:0.1.0:AT.1.0.0,2022-3-4 18:54:43,42.25,0.00,0.00,18.100,-1.187,-6.218,11.882,16.913,0.00,0.00,0.00,0.00,0.00,0.00,0.00,0.00,0.00,0.00,0.00,0.00,0.00,0.00,0.00,0.00,0.00
20650,DL:0.1.0:AT.1.0.0,2022-3-4 18:54:48,42.25,0.00,0.00,18.063,-1.150,-6.181,11.882,16.913,0.00,0.00,0.00,0.00,0.00,0.00,0.00,0.00,0.00,0.00,0.00,0.00,0.00,0.00,0.00,0.00,0.00
20650,DL:0.1.0:AT.1.0.0,2022-3-4 18:54:53,42.25,0.00,0.00,18.098,-1.184,-6.217,11.881,16.914,0.00,0.00,0.00,0.00,0.00,0.00,0.00,0.00,0.00,0.00,0.00,0.00,0.00,0.00,0.00,0.00,0.00
20650,DL:0.1.0:AT.1.0.0,2022-3-4 18:55:0,42.25,0.00,0.00,18.062,-1.145,-6.181,11.881,16.917,0.00,0.00,0.00,0.00,0.00,0.00,0.00,0.00,0.00,0.00,0.00,0.00,0.00,0.00,0.00,0.00,0.00
20650,DL:0.1.0:AT.1.0.0,2022-3-4 18:55:7,42.25,0.00,0.00,18.091,-1.173,-6.211,11.879,16.918,0.00,0.00,0.00,0.00,0.00,0.00,0.00,0.00,0.00,0.00,0.00,0.00,0.00,0.00,0.00,0.00,0.00
20650,DL:0.1.0:AT.1.0.0,2022-3-4 18:55:12,42.25,0.00,0.00,18.093,-1.175,-6.214,11.879,16.918,0.00,0.00,0.00,0.00,0.00,0.00,0.00,0.00,0.00,0.00,0.00,0.00,0.00,0.00,0.00,0.00,0.00
20650,DL:0.1.0:AT.1.0.0,2022-3-4 18:55:17,42.25,0.00,0.00,18.070,-1.151,-6.192,11.878,16.919,0.00,0.00,0.00,0.00,0.00,0.00,0.00,0.00,0.00,0.00,0.00,0.00,0.00,0.00,0.00,0.00,0.00
20650,DL:0.1.0:AT.1.0.0,2022-3-4 18:55:22,42.25,0.00,0.00,18.049,-1.128,-6.170,11.878,16.920,0.00,0.00,0.00,0.00,0.00,0.00,0.00,0.00,0.00,0.00,0.00,0.00,0.00,0.00,0.00,0.00,0.00
20650,DL:0.1.0:AT.1.0.0,2022-3-4 18:55:27,42.25,0.00,0.00,18.079,-1.158,-6.196,11.883,16.920,0.00,0.00,0.00,0.00,0.00,0.00,0.00,0.00,0.00,0.00,0.00,0.00,0.00,0.00,0.00,0.00,0.00
20650,DL:0.1.0:AT.1.0.0,2022-3-4 18:55:34,42.25,0.00,0.00,18.075,-1.152,-6.193,11.882,16.923,0.00,0.00,0.00,0.00,0.00,0.00,0.00,0.00,0.00,0.00,0.00,0.00,0.00,0.00,0.00,0.00,0.00
20650,DL:0.1.0:AT.1.0.0,2022-3-4 18:55:39,42.25,0.00,0.00,18.085,-1.161,-6.205,11.879,16.924,0.00,0.00,0.00,0.00,0.00,0.00,0.00,0.00,0.00,0.00,0.00,0.00,0.00,0.00,0.00,0.00,0.00
20650,DL:0.1.0:AT.1.0.0,2022-3-4 18:55:44,42.25,0.00,0.00,18.064,-1.139,-6.185,11.879,16.925,0.00,0.00,0.00,0.00,0.00,0.00,0.00,0.00,0.00,0.00,0.00,0.00,0.00,0.00,0.00,0.00,0.00
20650,DL:0.1.0:AT.1.0.0,2022-3-4 18:55:49,42.25,0.00,0.00,18.061,-1.136,-6.181,11.879,16.925,0.00,0.00,0.00,0.00,0.00,0.00,0.00,0.00,0.00,0.00,0.00,0.00,0.00,0.00,0.00,0.00,0.00
20650,DL:0.1.0:AT.1.0.0,2022-3-4 18:55:55,42.25,0.00,0.00,18.068,-1.143,-6.188,11.879,16.925,0.00,0.00,0.00,0.00,0.00,0.00,0.00,0.00,0.00,0.00,0.00,0.00,0.00,0.00,0.00,0.00,0.00
20650,DL:0.1.0:AT.1.0.0,2022-3-4 18:56:2,42.25,0.00,0.00,18.067,-1.139,-6.190,11.877,16.927,0.00,0.00,0.00,0.00,0.00,0.00,0.00,0.00,0.00,0.00,0.00,0.00,0.00,0.00,0.00,0.00,0.00
20650,DL:0.1.0:AT.1.0.0,2022-3-4 18:56:7,42.25,0.00,0.00,18.067,-1.138,-6.188,11.878,16.929,0.00,0.00,0.00,0.00,0.00,0.00,0.00,0.00,0.00,0.00,0.00,0.00,0.00,0.00,0.00,0.00,0.00
20650,DL:0.1.0:AT.1.0.0,2022-3-4 18:56:12,42.25,0.00,0.00,18.063,-1.133,-6.186,11.877,16.930,0.00,0.00,0.00,0.00,0.00,0.00,0.00,0.00,0.00,0.00,0.00,0.00,0.00,0.00,0.00,0.00,0.00
20650,DL:0.1.0:AT.1.0.0,2022-3-4 18:56:17,42.25,0.00,0.00,18.080,-1.150,-6.203,11.877,16.930,0.00,0.00,0.00,0.00,0.00,0.00,0.00,0.00,0.00,0.00,0.00,0.00,0.00,0.00,0.00,0.00,0.00
20650,DL:0.1.0:AT.1.0.0,2022-3-4 18:56:26,42.25,0.00,0.00,18.088,-1.157,-6.214,11.875,16.931,0.00,0.00,0.00,0.00,0.00,0.00,0.00,0.00,0.00,0.00,0.00,0.00,0.00,0.00,0.00,0.00,0.00
20650,DL:0.1.0:AT.1.0.0,2022-3-4 18:56:33,42.25,0.00,0.00,18.092,-1.158,-6.216,11.876,16.933,0.00,0.00,0.00,0.00,0.00,0.00,0.00,0.00,0.00,0.00,0.00,0.00,0.00,0.00,0.00,0.00,0.00
20650,DL:0.1.0:AT.1.0.0,2022-3-4 18:56:38,42.25,0.00,0.00,18.118,-1.185,-6.244,11.875,16.933,0.00,0.00,0.00,0.00,0.00,0.00,0.00,0.00,0.00,0.00,0.00,0.00,0.00,0.00,0.00,0.00,0.00
20650,DL:0.1.0:AT.1.0.0,2022-3-4 18:56:43,42.25,0.00,0.00,18.111,-1.176,-6.236,11.875,16.935,0.00,0.00,0.00,0.00,0.00,0.00,0.00,0.00,0.00,0.00,0.00,0.00,0.00,0.00,0.00,0.00,0.00
20650,DL:0.1.0:AT.1.0.0,2022-3-4 18:56:50,42.25,0.00,0.00,18.082,-1.146,-6.209,11.873,16.936,0.00,0.00,0.00,0.00,0.00,0.00,0.00,0.00,0.00,0.00,0.00,0.00,0.00,0.00,0.00,0.00,0.00
20650,DL:0.1.0:AT.1.0.0,2022-3-4 18:56:58,42.25,0.00,0.00,18.092,-1.155,-6.220,11.872,16.937,0.00,0.00,0.00,0.00,0.00,0.00,0.00,0.00,0.00,0.00,0.00,0.00,0.00,0.00,0.00,0.00,0.00
20650,DL:0.1.0:AT.1.0.0,2022-3-4 18:57:4,42.25,0.00,0.00,18.099,-1.161,-6.227,11.872,16.938,0.00,0.00,0.00,0.00,0.00,0.00,0.00,0.00,0.00,0.00,0.00,0.00,0.00,0.00,0.00,0.00,0.00
20650,DL:0.1.0:AT.1.0.0,2022-3-4 18:57:9,42.25,0.00,0.00,18.098,-1.158,-6.227,11.871,16.939,0.00,0.00,0.00,0.00,0.00,0.00,0.00,0.00,0.00,0.00,0.00,0.00,0.00,0.00,0.00,0.00,0.00
20650,DL:0.1.0:AT.1.0.0,2022-3-4 18:57:14,42.25,0.00,0.00,18.083,-1.144,-6.212,11.871,16.939,0.00,0.00,0.00,0.00,0.00,0.00,0.00,0.00,0.00,0.00,0.00,0.00,0.00,0.00,0.00,0.00,0.00
20650,DL:0.1.0:AT.1.0.0,2022-3-4 18:57:21,42.25,0.00,0.00,18.094,-1.154,-6.226,11.869,16.941,0.00,0.00,0.00,0.00,0.00,0.00,0.00,0.00,0.00,0.00,0.00,0.00,0.00,0.00,0.00,0.00,0.00
20650,DL:0.1.0:AT.1.0.0,2022-3-4 18:57:26,42.25,0.00,0.00,18.073,-1.132,-6.203,11.870,16.941,0.00,0.00,0.00,0.00,0.00,0.00,0.00,0.00,0.00,0.00,0.00,0.00,0.00,0.00,0.00,0.00,0.00
20650,DL:0.1.0:AT.1.0.0,2022-3-4 18:57:31,42.25,0.00,0.00,18.109,-1.166,-6.240,11.869,16.943,0.00,0.00,0.00,0.00,0.00,0.00,0.00,0.00,0.00,0.00,0.00,0.00,0.00,0.00,0.00,0.00,0.00
20650,DL:0.1.0:AT.1.0.0,2022-3-4 18:57:38,42.25,0.00,0.00,18.092,-1.149,-6.223,11.869,16.943,0.00,0.00,0.00,0.00,0.00,0.00,0.00,0.00,0.00,0.00,0.00,0.00,0.00,0.00,0.00,0.00,0.00
20650,DL:0.1.0:AT.1.0.0,2022-3-4 18:57:43,42.25,0.00,0.00,18.097,-1.152,-6.230,11.866,16.944,0.00,0.00,0.00,0.00,0.00,0.00,0.00,0.00,0.00,0.00,0.00,0.00,0.00,0.00,0.00,0.00,0.00
20650,DL:0.1.0:AT.1.0.0,2022-3-4 18:57:48,42.25,0.00,0.00,18.113,-1.168,-6.246,11.867,16.945,0.00,0.00,0.00,0.00,0.00,0.00,0.00,0.00,0.00,0.00,0.00,0.00,0.00,0.00,0.00,0.00,0.00
20650,DL:0.1.0:AT.1.0.0,2022-3-4 18:57:56,42.25,0.00,0.00,18.105,-1.158,-6.239,11.866,16.947,0.00,0.00,0.00,0.00,0.00,0.00,0.00,0.00,0.00,0.00,0.00,0.00,0.00,0.00,0.00,0.00,0.00
20650,DL:0.1.0:AT.1.0.0,2022-3-4 18:58:5,42.25,0.00,0.00,18.091,-1.143,-6.224,11.866,16.948,0.00,0.00,0.00,0.00,0.00,0.00,0.00,0.00,0.00,0.00,0.00,0.00,0.00,0.00,0.00,0.00,0.00
20650,DL:0.1.0:AT.1.0.0,2022-3-4 18:58:12,42.25,0.00,0.00,18.092,-1.142,-6.227,11.865,16.950,0.00,0.00,0.00,0.00,0.00,0.00,0.00,0.00,0.00,0.00,0.00,0.00,0.00,0.00,0.00,0.00,0.00
20650,DL:0.1.0:AT.1.0.0,2022-3-4 18:58:19,42.25,0.00,0.00,18.104,-1.154,-6.239,11.865,16.950,0.00,0.00,0.00,0.00,0.00,0.00,0.00,0.00,0.00,0.00,0.00,0.00,0.00,0.00,0.00,0.00,0.00
20650,DL:0.1.0:AT.1.0.0,2022-3-4 18:58:30,42.25,0.00,0.00,18.101,-1.149,-6.238,11.864,16.953,0.00,0.00,0.00,0.00,0.00,0.00,0.00,0.00,0.00,0.00,0.00,0.00,0.00,0.00,0.00,0.00,0.00
20650,DL:0.1.0:AT.1.0.0,2022-3-4 18:58:37,42.25,0.00,0.00,18.086,-1.133,-6.223,11.863,16.953,0.00,0.00,0.00,0.00,0.00,0.00,0.00,0.00,0.00,0.00,0.00,0.00,0.00,0.00,0.00,0.00,0.00
20650,DL:0.1.0:AT.1.0.0,2022-3-4 18:58:43,42.25,0.00,0.00,18.117,-1.162,-6.256,11.861,16.955,0.00,0.00,0.00,0.00,0.00,0.00,0.00,0.00,0.00,0.00,0.00,0.00,0.00,0.00,0.00,0.00,0.00
20650,DL:0.1.0:AT.1.0.0,2022-3-4 18:58:48,42.25,0.00,0.00,18.097,-1.140,-6.235,11.861,16.956,0.00,0.00,0.00,0.00,0.00,0.00,0.00,0.00,0.00,0.00,0.00,0.00,0.00,0.00,0.00,0.00,0.00
20650,DL:0.1.0:AT.1.0.0,2022-3-4 18:58:53,42.25,0.00,0.00,18.093,-1.136,-6.233,11.860,16.957,0.00,0.00,0.00,0.00,0.00,0.00,0.00,0.00,0.00,0.00,0.00,0.00,0.00,0.00,0.00,0.00,0.00
20650,DL:0.1.0:AT.1.0.0,2022-3-4 18:58:59,42.25,0.00,0.00,18.088,-1.131,-6.229,11.859,16.957,0.00,0.00,0.00,0.00,0.00,0.00,0.00,0.00,0.00,0.00,0.00,0.00,0.00,0.00,0.00,0.00,0.00
20650,DL:0.1.0:AT.1.0.0,2022-3-4 18:59:4,42.25,0.00,0.00,18.085,-1.125,-6.224,11.860,16.960,0.00,0.00,0.00,0.00,0.00,0.00,0.00,0.00,0.00,0.00,0.00,0.00,0.00,0.00,0.00,0.00,0.00
20650,DL:0.1.0:AT.1.0.0,2022-3-4 18:59:14,42.25,0.00,0.00,18.067,-1.106,-6.208,11.859,16.961,0.00,0.00,0.00,0.00,0.00,0.00,0.00,0.00,0.00,0.00,0.00,0.00,0.00,0.00,0.00,0.00,0.00
20650,DL:0.1.0:AT.1.0.0,2022-3-4 18:59:21,42.25,0.00,0.00,18.073,-1.110,-6.215,11.858,16.962,0.00,0.00,0.00,0.00,0.00,0.00,0.00,0.00,0.00,0.00,0.00,0.00,0.00,0.00,0.00,0.00,0.00
20650,DL:0.1.0:AT.1.0.0,2022-3-4 18:59:26,42.25,0.00,0.00,18.088,-1.125,-6.230,11.858,16.963,0.00,0.00,0.00,0.00,0.00,0.00,0.00,0.00,0.00,0.00,0.00,0.00,0.00,0.00,0.00,0.00,0.00
20650,DL:0.1.0:AT.1.0.0,2022-3-4 18:59:32,42.25,0.00,0.00,18.087,-1.122,-6.230,11.857,16.965,0.00,0.00,0.00,0.00,0.00,0.00,0.00,0.00,0.00,0.00,0.00,0.00,0.00,0.00,0.00,0.00,0.00
20650,DL:0.1.0:AT.1.0.0,2022-3-4 18:59:37,42.25,0.00,0.00,18.097,-1.131,-6.240,11.857,16.966,0.00,0.00,0.00,0.00,0.00,0.00,0.00,0.00,0.00,0.00,0.00,0.00,0.00,0.00,0.00,0.00,0.00
20650,DL:0.1.0:AT.1.0.0,2022-3-4 18:59:42,42.25,0.00,0.00,18.089,-1.122,-6.233,11.857,16.967,0.00,0.00,0.00,0.00,0.00,0.00,0.00,0.00,0.00,0.00,0.00,0.00,0.00,0.00,0.00,0.00,0.00
20650,DL:0.1.0:AT.1.0.0,2022-3-4 18:59:47,42.25,0.00,0.00,18.086,-1.119,-6.230,11.855,16.967,0.00,0.00,0.00,0.00,0.00,0.00,0.00,0.00,0.00,0.00,0.00,0.00,0.00,0.00,0.00,0.00,0.00
20650,DL:0.1.0:AT.1.0.0,2022-3-4 18:59:55,42.25,0.00,0.00,18.070,-1.101,-6.215,11.855,16.969,0.00,0.00,0.00,0.00,0.00,0.00,0.00,0.00,0.00,0.00,0.00,0.00,0.00,0.00,0.00,0.00,0.00
20650,DL:0.1.0:AT.1.0.0,2022-3-4 19:0:2,42.25,0.00,0.00,18.073,-1.102,-6.220,11.853,16.971,0.00,0.00,0.00,0.00,0.00,0.00,0.00,0.00,0.00,0.00,0.00,0.00,0.00,0.00,0.00,0.00,0.00
20650,DL:0.1.0:AT.1.0.0,2022-3-4 19:0:9,42.25,0.00,0.00,18.103,-1.131,-6.250,11.853,16.972,0.00,0.00,0.00,0.00,0.00,0.00,0.00,0.00,0.00,0.00,0.00,0.00,0.00,0.00,0.00,0.00,0.00
20650,DL:0.1.0:AT.1.0.0,2022-3-4 19:0:14,42.25,0.00,0.00,18.101,-1.128,-6.250,11.852,16.973,0.00,0.00,0.00,0.00,0.00,0.00,0.00,0.00,0.00,0.00,0.00,0.00,0.00,0.00,0.00,0.00,0.00
20650,DL:0.1.0:AT.1.0.0,2022-3-4 19:0:19,42.25,0.00,0.00,18.100,-1.127,-6.248,11.852,16.973,0.00,0.00,0.00,0.00,0.00,0.00,0.00,0.00,0.00,0.00,0.00,0.00,0.00,0.00,0.00,0.00,0.00
20650,DL:0.1.0:AT.1.0.0,2022-3-4 19:0:24,42.25,0.00,0.00,18.097,-1.121,-6.246,11.851,16.975,0.00,0.00,0.00,0.00,0.00,0.00,0.00,0.00,0.00,0.00,0.00,0.00,0.00,0.00,0.00,0.00,0.00
20650,DL:0.1.0:AT.1.0.0,2022-3-4 19:0:32,42.25,0.00,0.00,18.101,-1.125,-6.251,11.851,16.977,0.00,0.00,0.00,0.00,0.00,0.00,0.00,0.00,0.00,0.00,0.00,0.00,0.00,0.00,0.00,0.00,0.00
20650,DL:0.1.0:AT.1.0.0,2022-3-4 19:0:37,42.25,0.00,0.00,18.089,-1.113,-6.240,11.849,16.977,0.00,0.00,0.00,0.00,0.00,0.00,0.00,0.00,0.00,0.00,0.00,0.00,0.00,0.00,0.00,0.00,0.00
20650,DL:0.1.0:AT.1.0.0,2022-3-4 19:0:42,42.25,0.00,0.00,18.088,-1.109,-6.239,11.849,16.979,0.00,0.00,0.00,0.00,0.00,0.00,0.00,0.00,0.00,0.00,0.00,0.00,0.00,0.00,0.00,0.00,0.00
20650,DL:0.1.0:AT.1.0.0,2022-3-4 19:0:47,42.25,0.00,0.00,18.085,-1.104,-6.235,11.849,16.980,0.00,0.00,0.00,0.00,0.00,0.00,0.00,0.00,0.00,0.00,0.00,0.00,0.00,0.00,0.00,0.00,0.00
20650,DL:0.1.0:AT.1.0.0,2022-3-4 19:0:53,42.25,0.00,0.00,18.105,-1.125,-6.257,11.848,16.980,0.00,0.00,0.00,0.00,0.00,0.00,0.00,0.00,0.00,0.00,0.00,0.00,0.00,0.00,0.00,0.00,0.00
20650,DL:0.1.0:AT.1.0.0,2022-3-4 19:1:1,42.25,0.00,0.00,18.101,-1.119,-6.255,11.847,16.983,0.00,0.00,0.00,0.00,0.00,0.00,0.00,0.00,0.00,0.00,0.00,0.00,0.00,0.00,0.00,0.00,0.00
20650,DL:0.1.0:AT.1.0.0,2022-3-4 19:1:7,42.25,0.00,0.00,18.074,-1.090,-6.227,11.847,16.984,0.00,0.00,0.00,0.00,0.00,0.00,0.00,0.00,0.00,0.00,0.00,0.00,0.00,0.00,0.00,0.00,0.00
20650,DL:0.1.0:AT.1.0.0,2022-3-4 19:1:14,42.25,0.00,0.00,18.103,-1.118,-6.257,11.846,16.985,0.00,0.00,0.00,0.00,0.00,0.00,0.00,0.00,0.00,0.00,0.00,0.00,0.00,0.00,0.00,0.00,0.00
20650,DL:0.1.0:AT.1.0.0,2022-3-4 19:1:19,42.25,0.00,0.00,18.065,-1.079,-6.220,11.846,16.986,0.00,0.00,0.00,0.00,0.00,0.00,0.00,0.00,0.00,0.00,0.00,0.00,0.00,0.00,0.00,0.00,0.00
20650,DL:0.1.0:AT.1.0.0,2022-3-4 19:1:24,42.25,0.00,0.00,18.075,-1.087,-6.230,11.845,16.988,0.00,0.00,0.00,0.00,0.00,0.00,0.00,0.00,0.00,0.00,0.00,0.00,0.00,0.00,0.00,0.00,0.00
20650,DL:0.1.0:AT.1.0.0,2022-3-4 19:1:32,42.25,0.00,0.00,18.051,-1.061,-6.208,11.843,16.990,0.00,0.00,0.00,0.00,0.00,0.00,0.00,0.00,0.00,0.00,0.00,0.00,0.00,0.00,0.00,0.00,0.00
20650,DL:0.1.0:AT.1.0.0,2022-3-4 19:1:38,42.25,0.00,0.00,18.067,-1.077,-6.222,11.845,16.990,0.00,0.00,0.00,0.00,0.00,0.00,0.00,0.00,0.00,0.00,0.00,0.00,0.00,0.00,0.00,0.00,0.00
20650,DL:0.1.0:AT.1.0.0,2022-3-4 19:1:45,42.25,0.00,0.00,18.094,-1.101,-6.252,11.842,16.994,0.00,0.00,0.00,0.00,0.00,0.00,0.00,0.00,0.00,0.00,0.00,0.00,0.00,0.00,0.00,0.00,0.00
20650,DL:0.1.0:AT.1.0.0,2022-3-4 19:1:52,42.25,0.00,0.00,18.080,-1.085,-6.238,11.842,16.995,0.00,0.00,0.00,0.00,0.00,0.00,0.00,0.00,0.00,0.00,0.00,0.00,0.00,0.00,0.00,0.00,0.00
20650,DL:0.1.0:AT.1.0.0,2022-3-4 19:1:58,42.25,0.00,0.00,18.063,-1.067,-6.221,11.842,16.996,0.00,0.00,0.00,0.00,0.00,0.00,0.00,0.00,0.00,0.00,0.00,0.00,0.00,0.00,0.00,0.00,0.00
20650,DL:0.1.0:AT.1.0.0,2022-3-4 19:2:6,42.25,0.00,0.00,18.074,-1.077,-6.233,11.841,16.997,0.00,0.00,0.00,0.00,0.00,0.00,0.00,0.00,0.00,0.00,0.00,0.00,0.00,0.00,0.00,0.00,0.00
20650,DL:0.1.0:AT.1.0.0,2022-3-4 19:2:12,42.25,0.00,0.00,18.100,-1.102,-6.259,11.841,16.998,0.00,0.00,0.00,0.00,0.00,0.00,0.00,0.00,0.00,0.00,0.00,0.00,0.00,0.00,0.00,0.00,0.00
20650,DL:0.1.0:AT.1.0.0,2022-3-4 19:2:19,42.25,0.00,0.00,18.099,-1.099,-6.261,11.839,17.000,0.00,0.00,0.00,0.00,0.00,0.00,0.00,0.00,0.00,0.00,0.00,0.00,0.00,0.00,0.00,0.00,0.00
20650,DL:0.1.0:AT.1.0.0,2022-3-4 19:2:26,42.00,0.00,0.00,18.099,-1.098,-6.261,11.839,17.001,0.00,0.00,0.00,0.00,0.00,0.00,0.00,0.00,0.00,0.00,0.00,0.00,0.00,0.00,0.00,0.00,0.00
20650,DL:0.1.0:AT.1.0.0,2022-3-4 19:2:33,42.00,0.00,0.00,18.077,-1.075,-6.239,11.839,17.002,0.00,0.00,0.00,0.00,0.00,0.00,0.00,0.00,0.00,0.00,0.00,0.00,0.00,0.00,0.00,0.00,0.00
20650,DL:0.1.0:AT.1.0.0,2022-3-4 19:2:39,42.00,0.00,0.00,18.099,-1.095,-6.261,11.839,17.004,0.00,0.00,0.00,0.00,0.00,0.00,0.00,0.00,0.00,0.00,0.00,0.00,0.00,0.00,0.00,0.00,0.00
20650,DL:0.1.0:AT.1.0.0,2022-3-4 19:2:46,42.00,0.00,0.00,18.098,-1.093,-6.261,11.837,17.004,0.00,0.00,0.00,0.00,0.00,0.00,0.00,0.00,0.00,0.00,0.00,0.00,0.00,0.00,0.00,0.00,0.00
20650,DL:0.1.0:AT.1.0.0,2022-3-4 19:2:53,42.00,0.00,0.00,18.122,-1.116,-6.286,11.836,17.006,0.00,0.00,0.00,0.00,0.00,0.00,0.00,0.00,0.00,0.00,0.00,0.00,0.00,0.00,0.00,0.00,0.00
20650,DL:0.1.0:AT.1.0.0,2022-3-4 19:3:0,42.00,0.00,0.00,18.073,-1.066,-6.236,11.836,17.007,0.00,0.00,0.00,0.00,0.00,0.00,0.00,0.00,0.00,0.00,0.00,0.00,0.00,0.00,0.00,0.00,0.00
20650,DL:0.1.0:AT.1.0.0,2022-3-4 19:3:5,42.00,0.00,0.00,18.082,-1.075,-6.246,11.836,17.007,0.00,0.00,0.00,0.00,0.00,0.00,0.00,0.00,0.00,0.00,0.00,0.00,0.00,0.00,0.00,0.00,0.00
20650,DL:0.1.0:AT.1.0.0,2022-3-4 19:3:10,42.00,0.00,0.00,18.077,-1.069,-6.244,11.834,17.008,0.00,0.00,0.00,0.00,0.00,0.00,0.00,0.00,0.00,0.00,0.00,0.00,0.00,0.00,0.00,0.00,0.00
20650,DL:0.1.0:AT.1.0.0,2022-3-4 19:3:17,42.00,0.00,0.00,18.100,-1.091,-6.267,11.834,17.009,0.00,0.00,0.00,0.00,0.00,0.00,0.00,0.00,0.00,0.00,0.00,0.00,0.00,0.00,0.00,0.00,0.00
20650,DL:0.1.0:AT.1.0.0,2022-3-4 19:3:24,42.00,0.00,0.00,18.071,-1.061,-6.238,11.834,17.010,0.00,0.00,0.00,0.00,0.00,0.00,0.00,0.00,0.00,0.00,0.00,0.00,0.00,0.00,0.00,0.00,0.00
20650,DL:0.1.0:AT.1.0.0,2022-3-4 19:3:29,42.00,0.00,0.00,18.112,-1.101,-6.280,11.832,17.012,0.00,0.00,0.00,0.00,0.00,0.00,0.00,0.00,0.00,0.00,0.00,0.00,0.00,0.00,0.00,0.00,0.00
20650,DL:0.1.0:AT.1.0.0,2022-3-4 19:3:36,42.00,0.00,0.00,18.082,-1.068,-6.251,11.831,17.014,0.00,0.00,0.00,0.00,0.00,0.00,0.00,0.00,0.00,0.00,0.00,0.00,0.00,0.00,0.00,0.00,0.00
20650,DL:0.1.0:AT.1.0.0,2022-3-4 19:3:41,42.00,0.00,0.00,18.088,-1.074,-6.256,11.832,17.014,0.00,0.00,0.00,0.00,0.00,0.00,0.00,0.00,0.00,0.00,0.00,0.00,0.00,0.00,0.00,0.00,0.00
20650,DL:0.1.0:AT.1.0.0,2022-3-4 19:3:48,42.00,0.00,0.00,18.065,-1.050,-6.235,11.830,17.015,0.00,0.00,0.00,0.00,0.00,0.00,0.00,0.00,0.00,0.00,0.00,0.00,0.00,0.00,0.00,0.00,0.00
20650,DL:0.1.0:AT.1.0.0,2022-3-4 19:3:53,42.00,0.00,0.00,18.076,-1.060,-6.245,11.831,17.016,0.00,0.00,0.00,0.00,0.00,0.00,0.00,0.00,0.00,0.00,0.00,0.00,0.00,0.00,0.00,0.00,0.00
20650,DL:0.1.0:AT.1.0.0,2022-3-4 19:3:58,42.00,0.00,0.00,18.065,-1.049,-6.234,11.831,17.016,0.00,0.00,0.00,0.00,0.00,0.00,0.00,0.00,0.00,0.00,0.00,0.00,0.00,0.00,0.00,0.00,0.00
20650,DL:0.1.0:AT.1.0.0,2022-3-4 19:4:4,42.00,0.00,0.00,18.083,-1.067,-6.255,11.829,17.016,0.00,0.00,0.00,0.00,0.00,0.00,0.00,0.00,0.00,0.00,0.00,0.00,0.00,0.00,0.00,0.00,0.00
20650,DL:0.1.0:AT.1.0.0,2022-3-4 19:4:9,42.00,0.00,0.00,18.091,-1.074,-6.262,11.829,17.016,0.00,0.00,0.00,0.00,0.00,0.00,0.00,0.00,0.00,0.00,0.00,0.00,0.00,0.00,0.00,0.00,0.00
20650,DL:0.1.0:AT.1.0.0,2022-3-4 19:4:16,42.00,0.00,0.00,18.058,-1.041,-6.229,11.829,17.018,0.00,0.00,0.00,0.00,0.00,0.00,0.00,0.00,0.00,0.00,0.00,0.00,0.00,0.00,0.00,0.00,0.00
20650,DL:0.1.0:AT.1.0.0,2022-3-4 19:4:22,42.00,0.00,0.00,18.088,-1.067,-6.261,11.828,17.021,0.00,0.00,0.00,0.00,0.00,0.00,0.00,0.00,0.00,0.00,0.00,0.00,0.00,0.00,0.00,0.00,0.00
20650,DL:0.1.0:AT.1.0.0,2022-3-4 19:4:28,42.00,0.00,0.00,18.074,-1.051,-6.245,11.829,17.022,0.00,0.00,0.00,0.00,0.00,0.00,0.00,0.00,0.00,0.00,0.00,0.00,0.00,0.00,0.00,0.00,0.00
20650,DL:0.1.0:AT.1.0.0,2022-3-4 19:4:33,42.00,0.00,0.00,18.075,-1.053,-6.248,11.826,17.022,0.00,0.00,0.00,0.00,0.00,0.00,0.00,0.00,0.00,0.00,0.00,0.00,0.00,0.00,0.00,0.00,0.00
20650,DL:0.1.0:AT.1.0.0,2022-3-4 19:4:40,42.00,0.00,0.00,18.086,-1.062,-6.259,11.826,17.024,0.00,0.00,0.00,0.00,0.00,0.00,0.00,0.00,0.00,0.00,0.00,0.00,0.00,0.00,0.00,0.00,0.00
20650,DL:0.1.0:AT.1.0.0,2022-3-4 19:4:47,42.00,0.00,0.00,18.073,-1.047,-6.247,11.825,17.026,0.00,0.00,0.00,0.00,0.00,0.00,0.00,0.00,0.00,0.00,0.00,0.00,0.00,0.00,0.00,0.00,0.00
20650,DL:0.1.0:AT.1.0.0,2022-3-4 19:4:53,42.00,0.00,0.00,18.087,-1.060,-6.262,11.825,17.027,0.00,0.00,0.00,0.00,0.00,0.00,0.00,0.00,0.00,0.00,0.00,0.00,0.00,0.00,0.00,0.00,0.00
20650,DL:0.1.0:AT.1.0.0,2022-3-4 19:5:0,42.00,0.00,0.00,18.075,-1.047,-6.251,11.824,17.028,0.00,0.00,0.00,0.00,0.00,0.00,0.00,0.00,0.00,0.00,0.00,0.00,0.00,0.00,0.00,0.00,0.00
20650,DL:0.1.0:AT.1.0.0,2022-3-4 19:5:5,42.00,0.00,0.00,18.037,-1.008,-6.214,11.823,17.028,0.00,0.00,0.00,0.00,0.00,0.00,0.00,0.00,0.00,0.00,0.00,0.00,0.00,0.00,0.00,0.00,0.00
20650,DL:0.1.0:AT.1.0.0,2022-3-4 19:5:11,42.00,0.00,0.00,18.093,-1.063,-6.270,11.823,17.030,0.00,0.00,0.00,0.00,0.00,0.00,0.00,0.00,0.00,0.00,0.00,0.00,0.00,0.00,0.00,0.00,0.00
20650,DL:0.1.0:AT.1.0.0,2022-3-4 19:5:18,42.00,0.00,0.00,18.064,-1.032,-6.242,11.822,17.032,0.00,0.00,0.00,0.00,0.00,0.00,0.00,0.00,0.00,0.00,0.00,0.00,0.00,0.00,0.00,0.00,0.00
20650,DL:0.1.0:AT.1.0.0,2022-3-4 19:5:24,42.00,0.00,0.00,18.070,-1.037,-6.248,11.822,17.033,0.00,0.00,0.00,0.00,0.00,0.00,0.00,0.00,0.00,0.00,0.00,0.00,0.00,0.00,0.00,0.00,0.00
20650,DL:0.1.0:AT.1.0.0,2022-3-4 19:5:31,42.00,0.00,0.00,18.087,-1.051,-6.265,11.822,17.036,0.00,0.00,0.00,0.00,0.00,0.00,0.00,0.00,0.00,0.00,0.00,0.00,0.00,0.00,0.00,0.00,0.00
20650,DL:0.1.0:AT.1.0.0,2022-3-4 19:5:40,42.00,0.00,0.00,18.075,-1.038,-6.255,11.820,17.037,0.00,0.00,0.00,0.00,0.00,0.00,0.00,0.00,0.00,0.00,0.00,0.00,0.00,0.00,0.00,0.00,0.00
20650,DL:0.1.0:AT.1.0.0,2022-3-4 19:5:45,42.00,0.00,0.00,18.070,-1.032,-6.252,11.818,17.038,0.00,0.00,0.00,0.00,0.00,0.00,0.00,0.00,0.00,0.00,0.00,0.00,0.00,0.00,0.00,0.00,0.00
20650,DL:0.1.0:AT.1.0.0,2022-3-4 19:5:52,42.00,0.00,0.00,18.037,-0.996,-6.218,11.818,17.040,0.00,0.00,0.00,0.00,0.00,0.00,0.00,0.00,0.00,0.00,0.00,0.00,0.00,0.00,0.00,0.00,0.00
20650,DL:0.1.0:AT.1.0.0,2022-3-4 19:5:59,42.00,0.00,0.00,18.070,-1.029,-6.252,11.818,17.042,0.00,0.00,0.00,0.00,0.00,0.00,0.00,0.00,0.00,0.00,0.00,0.00,0.00,0.00,0.00,0.00,0.00
20650,DL:0.1.0:AT.1.0.0,2022-3-4 19:6:5,42.00,0.00,0.00,18.052,-1.009,-6.235,11.817,17.043,0.00,0.00,0.00,0.00,0.00,0.00,0.00,0.00,0.00,0.00,0.00,0.00,0.00,0.00,0.00,0.00,0.00
20650,DL:0.1.0:AT.1.0.0,2022-3-4 19:6:13,42.00,0.00,0.00,18.039,-0.994,-6.222,11.817,17.045,0.00,0.00,0.00,0.00,0.00,0.00,0.00,0.00,0.00,0.00,0.00,0.00,0.00,0.00,0.00,0.00,0.00
20650,DL:0.1.0:AT.1.0.0,2022-3-4 19:6:20,42.00,0.00,0.00,18.011,-0.965,-6.196,11.816,17.046,0.00,0.00,0.00,0.00,0.00,0.00,0.00,0.00,0.00,0.00,0.00,0.00,0.00,0.00,0.00,0.00,0.00
20650,DL:0.1.0:AT.1.0.0,2022-3-4 19:6:26,42.00,0.00,0.00,18.049,-1.001,-6.234,11.814,17.048,0.00,0.00,0.00,0.00,0.00,0.00,0.00,0.00,0.00,0.00,0.00,0.00,0.00,0.00,0.00,0.00,0.00
20650,DL:0.1.0:AT.1.0.0,2022-3-4 19:6:33,42.00,0.00,0.00,18.076,-1.027,-6.262,11.814,17.049,0.00,0.00,0.00,0.00,0.00,0.00,0.00,0.00,0.00,0.00,0.00,0.00,0.00,0.00,0.00,0.00,0.00
20650,DL:0.1.0:AT.1.0.0,2022-3-4 19:6:41,42.00,0.00,0.00,18.063,-1.013,-6.248,11.814,17.050,0.00,0.00,0.00,0.00,0.00,0.00,0.00,0.00,0.00,0.00,0.00,0.00,0.00,0.00,0.00,0.00,0.00
20650,DL:0.1.0:AT.1.0.0,2022-3-4 19:6:47,42.00,0.00,0.00,18.051,-0.999,-6.238,11.813,17.052,0.00,0.00,0.00,0.00,0.00,0.00,0.00,0.00,0.00,0.00,0.00,0.00,0.00,0.00,0.00,0.00,0.00
20650,DL:0.1.0:AT.1.0.0,2022-3-4 19:6:52,42.00,0.00,0.00,18.049,-0.995,-6.236,11.812,17.054,0.00,0.00,0.00,0.00,0.00,0.00,0.00,0.00,0.00,0.00,0.00,0.00,0.00,0.00,0.00,0.00,0.00
20650,DL:0.1.0:AT.1.0.0,2022-3-4 19:6:57,42.00,0.00,0.00,18.055,-1.000,-6.242,11.812,17.055,0.00,0.00,0.00,0.00,0.00,0.00,0.00,0.00,0.00,0.00,0.00,0.00,0.00,0.00,0.00,0.00,0.00
20650,DL:0.1.0:AT.1.0.0,2022-3-4 19:7:2,42.00,0.00,0.00,18.058,-1.002,-6.247,11.811,17.056,0.00,0.00,0.00,0.00,0.00,0.00,0.00,0.00,0.00,0.00,0.00,0.00,0.00,0.00,0.00,0.00,0.00
20650,DL:0.1.0:AT.1.0.0,2022-3-4 19:7:8,42.00,0.00,0.00,18.069,-1.013,-6.258,11.811,17.056,0.00,0.00,0.00,0.00,0.00,0.00,0.00,0.00,0.00,0.00,0.00,0.00,0.00,0.00,0.00,0.00,0.00
20650,DL:0.1.0:AT.1.0.0,2022-3-4 19:7:13,42.00,0.00,0.00,18.040,-0.982,-6.230,11.810,17.058,0.00,0.00,0.00,0.00,0.00,0.00,0.00,0.00,0.00,0.00,0.00,0.00,0.00,0.00,0.00,0.00,0.00
20650,DL:0.1.0:AT.1.0.0,2022-3-4 19:7:18,42.00,0.00,0.00,18.028,-0.969,-6.217,11.811,17.060,0.00,0.00,0.00,0.00,0.00,0.00,0.00,0.00,0.00,0.00,0.00,0.00,0.00,0.00,0.00,0.00,0.00
20650,DL:0.1.0:AT.1.0.0,2022-3-4 19:7:23,42.00,0.00,0.00,18.043,-0.983,-6.233,11.810,17.060,0.00,0.00,0.00,0.00,0.00,0.00,0.00,0.00,0.00,0.00,0.00,0.00,0.00,0.00,0.00,0.00,0.00
20650,DL:0.1.0:AT.1.0.0,2022-3-4 19:7:28,42.00,0.00,0.00,18.059,-0.999,-6.250,11.810,17.061,0.00,0.00,0.00,0.00,0.00,0.00,0.00,0.00,0.00,0.00,0.00,0.00,0.00,0.00,0.00,0.00,0.00
20650,DL:0.1.0:AT.1.0.0,2022-3-4 19:7:35,42.00,0.00,0.00,18.061,-0.999,-6.251,11.810,17.062,0.00,0.00,0.00,0.00,0.00,0.00,0.00,0.00,0.00,0.00,0.00,0.00,0.00,0.00,0.00,0.00,0.00
20650,DL:0.1.0:AT.1.0.0,2022-3-4 19:7:43,42.00,0.00,0.00,18.086,-1.021,-6.279,11.807,17.064,0.00,0.00,0.00,0.00,0.00,0.00,0.00,0.00,0.00,0.00,0.00,0.00,0.00,0.00,0.00,0.00,0.00
20650,DL:0.1.0:AT.1.0.0,2022-3-4 19:7:49,42.00,0.00,0.00,18.068,-1.002,-6.259,11.808,17.066,0.00,0.00,0.00,0.00,0.00,0.00,0.00,0.00,0.00,0.00,0.00,0.00,0.00,0.00,0.00,0.00,0.00
20650,DL:0.1.0:AT.1.0.0,2022-3-4 19:7:56,42.00,0.00,0.00,18.052,-0.987,-6.245,11.807,17.066,0.00,0.00,0.00,0.00,0.00,0.00,0.00,0.00,0.00,0.00,0.00,0.00,0.00,0.00,0.00,0.00,0.00
20650,DL:0.1.0:AT.1.0.0,2022-3-4 19:8:1,42.00,0.00,0.00,18.040,-0.972,-6.234,11.806,17.068,0.00,0.00,0.00,0.00,0.00,0.00,0.00,0.00,0.00,0.00,0.00,0.00,0.00,0.00,0.00,0.00,0.00
20650,DL:0.1.0:AT.1.0.0,2022-3-4 19:8:6,42.00,0.00,0.00,18.079,-1.011,-6.274,11.805,17.068,0.00,0.00,0.00,0.00,0.00,0.00,0.00,0.00,0.00,0.00,0.00,0.00,0.00,0.00,0.00,0.00,0.00
20650,DL:0.1.0:AT.1.0.0,2022-3-4 19:8:11,42.00,0.00,0.00,18.059,-0.990,-6.255,11.805,17.069,0.00,0.00,0.00,0.00,0.00,0.00,0.00,0.00,0.00,0.00,0.00,0.00,0.00,0.00,0.00,0.00,0.00
20650,DL:0.1.0:AT.1.0.0,2022-3-4 19:8:16,42.00,0.00,0.00,18.039,-0.970,-6.234,11.805,17.069,0.00,0.00,0.00,0.00,0.00,0.00,0.00,0.00,0.00,0.00,0.00,0.00,0.00,0.00,0.00,0.00,0.00
20650,DL:0.1.0:AT.1.0.0,2022-3-4 19:8:21,42.00,0.00,0.00,18.061,-0.989,-6.256,11.805,17.072,0.00,0.00,0.00,0.00,0.00,0.00,0.00,0.00,0.00,0.00,0.00,0.00,0.00,0.00,0.00,0.00,0.00
20650,DL:0.1.0:AT.1.0.0,2022-3-4 19:8:26,42.00,0.00,0.00,18.061,-0.988,-6.257,11.804,17.073,0.00,0.00,0.00,0.00,0.00,0.00,0.00,0.00,0.00,0.00,0.00,0.00,0.00,0.00,0.00,0.00,0.00
20650,DL:0.1.0:AT.1.0.0,2022-3-4 19:8:33,42.00,0.00,0.00,18.064,-0.991,-6.262,11.802,17.073,0.00,0.00,0.00,0.00,0.00,0.00,0.00,0.00,0.00,0.00,0.00,0.00,0.00,0.00,0.00,0.00,0.00
20650,DL:0.1.0:AT.1.0.0,2022-3-4 19:8:40,42.00,0.00,0.00,18.080,-1.006,-6.277,11.802,17.074,0.00,0.00,0.00,0.00,0.00,0.00,0.00,0.00,0.00,0.00,0.00,0.00,0.00,0.00,0.00,0.00,0.00
20650,DL:0.1.0:AT.1.0.0,2022-3-4 19:8:48,42.00,0.00,0.00,18.052,-0.976,-6.250,11.802,17.076,0.00,0.00,0.00,0.00,0.00,0.00,0.00,0.00,0.00,0.00,0.00,0.00,0.00,0.00,0.00,0.00,0.00
20650,DL:0.1.0:AT.1.0.0,2022-3-4 19:8:53,42.00,0.00,0.00,18.044,-0.967,-6.242,11.801,17.076,0.00,0.00,0.00,0.00,0.00,0.00,0.00,0.00,0.00,0.00,0.00,0.00,0.00,0.00,0.00,0.00,0.00
20650,DL:0.1.0:AT.1.0.0,2022-3-4 19:8:58,42.00,0.00,0.00,18.055,-0.977,-6.253,11.801,17.078,0.00,0.00,0.00,0.00,0.00,0.00,0.00,0.00,0.00,0.00,0.00,0.00,0.00,0.00,0.00,0.00,0.00
20650,DL:0.1.0:AT.1.0.0,2022-3-4 19:9:3,42.00,0.00,0.00,18.037,-0.959,-6.236,11.800,17.078,0.00,0.00,0.00,0.00,0.00,0.00,0.00,0.00,0.00,0.00,0.00,0.00,0.00,0.00,0.00,0.00,0.00
20650,DL:0.1.0:AT.1.0.0,2022-3-4 19:9:8,42.00,0.00,0.00,18.037,-0.957,-6.238,11.799,17.080,0.00,0.00,0.00,0.00,0.00,0.00,0.00,0.00,0.00,0.00,0.00,0.00,0.00,0.00,0.00,0.00,0.00
20650,DL:0.1.0:AT.1.0.0,2022-3-4 19:9:13,42.00,0.00,0.00,18.071,-0.991,-6.273,11.799,17.080,0.00,0.00,0.00,0.00,0.00,0.00,0.00,0.00,0.00,0.00,0.00,0.00,0.00,0.00,0.00,0.00,0.00
20650,DL:0.1.0:AT.1.0.0,2022-3-4 19:9:18,42.00,0.00,0.00,18.063,-0.982,-6.264,11.799,17.081,0.00,0.00,0.00,0.00,0.00,0.00,0.00,0.00,0.00,0.00,0.00,0.00,0.00,0.00,0.00,0.00,0.00
20650,DL:0.1.0:AT.1.0.0,2022-3-4 19:9:23,42.00,0.00,0.00,18.035,-0.953,-6.238,11.798,17.082,0.00,0.00,0.00,0.00,0.00,0.00,0.00,0.00,0.00,0.00,0.00,0.00,0.00,0.00,0.00,0.00,0.00
20650,DL:0.1.0:AT.1.0.0,2022-3-4 19:9:28,42.00,0.00,0.00,18.056,-0.972,-6.257,11.799,17.084,0.00,0.00,0.00,0.00,0.00,0.00,0.00,0.00,0.00,0.00,0.00,0.00,0.00,0.00,0.00,0.00,0.00
20650,DL:0.1.0:AT.1.0.0,2022-3-4 19:9:33,42.00,0.00,0.00,18.043,-0.958,-6.246,11.796,17.085,0.00,0.00,0.00,0.00,0.00,0.00,0.00,0.00,0.00,0.00,0.00,0.00,0.00,0.00,0.00,0.00,0.00
20650,DL:0.1.0:AT.1.0.0,2022-3-4 19:9:38,42.00,0.00,0.00,18.005,-0.920,-6.208,11.798,17.085,0.00,0.00,0.00,0.00,0.00,0.00,0.00,0.00,0.00,0.00,0.00,0.00,0.00,0.00,0.00,0.00,0.00
20650,DL:0.1.0:AT.1.0.0,2022-3-4 19:9:46,42.00,0.00,0.00,18.028,-0.941,-6.232,11.796,17.087,0.00,0.00,0.00,0.00,0.00,0.00,0.00,0.00,0.00,0.00,0.00,0.00,0.00,0.00,0.00,0.00,0.00
20650,DL:0.1.0:AT.1.0.0,2022-3-4 19:9:51,42.00,0.00,0.00,18.031,-0.943,-6.234,11.796,17.087,0.00,0.00,0.00,0.00,0.00,0.00,0.00,0.00,0.00,0.00,0.00,0.00,0.00,0.00,0.00,0.00,0.00
20650,DL:0.1.0:AT.1.0.0,2022-3-4 19:9:56,42.00,0.00,0.00,18.043,-0.953,-6.247,11.795,17.090,0.00,0.00,0.00,0.00,0.00,0.00,0.00,0.00,0.00,0.00,0.00,0.00,0.00,0.00,0.00,0.00,0.00
20650,DL:0.1.0:AT.1.0.0,2022-3-4 19:10:2,42.00,0.00,0.00,18.046,-0.955,-6.251,11.795,17.091,0.00,0.00,0.00,0.00,0.00,0.00,0.00,0.00,0.00,0.00,0.00,0.00,0.00,0.00,0.00,0.00,0.00
20650,DL:0.1.0:AT.1.0.0,2022-3-4 19:10:9,42.00,0.00,0.00,18.041,-0.948,-6.248,11.793,17.093,0.00,0.00,0.00,0.00,0.00,0.00,0.00,0.00,0.00,0.00,0.00,0.00,0.00,0.00,0.00,0.00,0.00
20650,DL:0.1.0:AT.1.0.0,2022-3-4 19:10:14,42.00,0.00,0.00,18.040,-0.946,-6.247,11.793,17.094,0.00,0.00,0.00,0.00,0.00,0.00,0.00,0.00,0.00,0.00,0.00,0.00,0.00,0.00,0.00,0.00,0.00
20650,DL:0.1.0:AT.1.0.0,2022-3-4 19:10:20,42.00,0.00,0.00,18.053,-0.958,-6.261,11.793,17.096,0.00,0.00,0.00,0.00,0.00,0.00,0.00,0.00,0.00,0.00,0.00,0.00,0.00,0.00,0.00,0.00,0.00
20650,DL:0.1.0:AT.1.0.0,2022-3-4 19:10:27,42.00,0.00,0.00,18.047,-0.949,-6.257,11.790,17.098,0.00,0.00,0.00,0.00,0.00,0.00,0.00,0.00,0.00,0.00,0.00,0.00,0.00,0.00,0.00,0.00,0.00
20650,DL:0.1.0:AT.1.0.0,2022-3-4 19:10:33,42.00,0.00,0.00,18.033,-0.934,-6.242,11.790,17.099,0.00,0.00,0.00,0.00,0.00,0.00,0.00,0.00,0.00,0.00,0.00,0.00,0.00,0.00,0.00,0.00,0.00
20650,DL:0.1.0:AT.1.0.0,2022-3-4 19:10:38,42.00,0.00,0.00,18.040,-0.940,-6.251,11.789,17.100,0.00,0.00,0.00,0.00,0.00,0.00,0.00,0.00,0.00,0.00,0.00,0.00,0.00,0.00,0.00,0.00,0.00
20650,DL:0.1.0:AT.1.0.0,2022-3-4 19:10:43,42.00,0.00,0.00,18.059,-0.959,-6.269,11.790,17.100,0.00,0.00,0.00,0.00,0.00,0.00,0.00,0.00,0.00,0.00,0.00,0.00,0.00,0.00,0.00,0.00,0.00
20650,DL:0.1.0:AT.1.0.0,2022-3-4 19:10:51,42.00,0.00,0.00,18.050,-0.947,-6.261,11.789,17.103,0.00,0.00,0.00,0.00,0.00,0.00,0.00,0.00,0.00,0.00,0.00,0.00,0.00,0.00,0.00,0.00,0.00
20650,DL:0.1.0:AT.1.0.0,2022-3-4 19:10:56,42.00,0.00,0.00,18.065,-0.963,-6.276,11.789,17.103,0.00,0.00,0.00,0.00,0.00,0.00,0.00,0.00,0.00,0.00,0.00,0.00,0.00,0.00,0.00,0.00,0.00
20650,DL:0.1.0:AT.1.0.0,2022-3-4 19:11:1,42.00,0.00,0.00,18.058,-0.954,-6.270,11.788,17.104,0.00,0.00,0.00,0.00,0.00,0.00,0.00,0.00,0.00,0.00,0.00,0.00,0.00,0.00,0.00,0.00,0.00
20650,DL:0.1.0:AT.1.0.0,2022-3-4 19:11:6,42.00,0.00,0.00,18.037,-0.931,-6.248,11.788,17.105,0.00,0.00,0.00,0.00,0.00,0.00,0.00,0.00,0.00,0.00,0.00,0.00,0.00,0.00,0.00,0.00,0.00
20650,DL:0.1.0:AT.1.0.0,2022-3-4 19:11:11,42.00,0.00,0.00,18.035,-0.928,-6.248,11.787,17.108,0.00,0.00,0.00,0.00,0.00,0.00,0.00,0.00,0.00,0.00,0.00,0.00,0.00,0.00,0.00,0.00,0.00
20650,DL:0.1.0:AT.1.0.0,2022-3-4 19:11:19,42.00,0.00,0.00,18.033,-0.924,-6.246,11.787,17.109,0.00,0.00,0.00,0.00,0.00,0.00,0.00,0.00,0.00,0.00,0.00,0.00,0.00,0.00,0.00,0.00,0.00
20650,DL:0.1.0:AT.1.0.0,2022-3-4 19:11:25,42.00,0.00,0.00,18.027,-0.917,-6.241,11.786,17.110,0.00,0.00,0.00,0.00,0.00,0.00,0.00,0.00,0.00,0.00,0.00,0.00,0.00,0.00,0.00,0.00,0.00
20650,DL:0.1.0:AT.1.0.0,2022-3-4 19:11:32,42.00,0.00,0.00,18.051,-0.940,-6.265,11.786,17.111,0.00,0.00,0.00,0.00,0.00,0.00,0.00,0.00,0.00,0.00,0.00,0.00,0.00,0.00,0.00,0.00,0.00
20650,DL:0.1.0:AT.1.0.0,2022-3-4 19:11:39,42.00,0.00,0.00,18.040,-0.928,-6.256,11.784,17.112,0.00,0.00,0.00,0.00,0.00,0.00,0.00,0.00,0.00,0.00,0.00,0.00,0.00,0.00,0.00,0.00,0.00
20650,DL:0.1.0:AT.1.0.0,2022-3-4 19:11:46,42.00,0.00,0.00,18.061,-0.946,-6.277,11.783,17.115,0.00,0.00,0.00,0.00,0.00,0.00,0.00,0.00,0.00,0.00,0.00,0.00,0.00,0.00,0.00,0.00,0.00
20650,DL:0.1.0:AT.1.0.0,2022-3-4 19:11:52,42.00,0.00,0.00,18.029,-0.913,-6.247,11.782,17.116,0.00,0.00,0.00,0.00,0.00,0.00,0.00,0.00,0.00,0.00,0.00,0.00,0.00,0.00,0.00,0.00,0.00
20650,DL:0.1.0:AT.1.0.0,2022-3-4 19:11:59,42.00,0.00,0.00,18.053,-0.935,-6.270,11.783,17.118,0.00,0.00,0.00,0.00,0.00,0.00,0.00,0.00,0.00,0.00,0.00,0.00,0.00,0.00,0.00,0.00,0.00
20650,DL:0.1.0:AT.1.0.0,2022-3-4 19:12:6,42.00,0.00,0.00,18.040,-0.922,-6.259,11.781,17.118,0.00,0.00,0.00,0.00,0.00,0.00,0.00,0.00,0.00,0.00,0.00,0.00,0.00,0.00,0.00,0.00,0.00
20650,DL:0.1.0:AT.1.0.0,2022-3-4 19:12:11,42.00,0.00,0.00,18.029,-0.908,-6.248,11.781,17.121,0.00,0.00,0.00,0.00,0.00,0.00,0.00,0.00,0.00,0.00,0.00,0.00,0.00,0.00,0.00,0.00,0.00
20650,DL:0.1.0:AT.1.0.0,2022-3-4 19:12:16,42.00,0.00,0.00,18.035,-0.913,-6.255,11.781,17.122,0.00,0.00,0.00,0.00,0.00,0.00,0.00,0.00,0.00,0.00,0.00,0.00,0.00,0.00,0.00,0.00,0.00
20650,DL:0.1.0:AT.1.0.0,2022-3-4 19:12:21,42.00,0.00,0.00,18.064,-0.942,-6.283,11.781,17.122,0.00,0.00,0.00,0.00,0.00,0.00,0.00,0.00,0.00,0.00,0.00,0.00,0.00,0.00,0.00,0.00,0.00
20650,DL:0.1.0:AT.1.0.0,2022-3-4 19:12:26,42.00,0.00,0.00,18.059,-0.936,-6.280,11.780,17.123,0.00,0.00,0.00,0.00,0.00,0.00,0.00,0.00,0.00,0.00,0.00,0.00,0.00,0.00,0.00,0.00,0.00
20650,DL:0.1.0:AT.1.0.0,2022-3-4 19:12:33,42.00,0.00,0.00,18.052,-0.925,-6.274,11.778,17.127,0.00,0.00,0.00,0.00,0.00,0.00,0.00,0.00,0.00,0.00,0.00,0.00,0.00,0.00,0.00,0.00,0.00
20650,DL:0.1.0:AT.1.0.0,2022-3-4 19:12:38,42.00,0.00,0.00,18.044,-0.916,-6.267,11.777,17.128,0.00,0.00,0.00,0.00,0.00,0.00,0.00,0.00,0.00,0.00,0.00,0.00,0.00,0.00,0.00,0.00,0.00
20650,DL:0.1.0:AT.1.0.0,2022-3-4 19:12:44,42.00,0.00,0.00,18.058,-0.928,-6.281,11.777,17.130,0.00,0.00,0.00,0.00,0.00,0.00,0.00,0.00,0.00,0.00,0.00,0.00,0.00,0.00,0.00,0.00,0.00
20650,DL:0.1.0:AT.1.0.0,2022-3-4 19:12:49,42.00,0.00,0.00,18.034,-0.902,-6.257,11.777,17.132,0.00,0.00,0.00,0.00,0.00,0.00,0.00,0.00,0.00,0.00,0.00,0.00,0.00,0.00,0.00,0.00,0.00
20650,DL:0.1.0:AT.1.0.0,2022-3-4 19:12:54,42.00,0.00,0.00,18.063,-0.930,-6.287,11.776,17.133,0.00,0.00,0.00,0.00,0.00,0.00,0.00,0.00,0.00,0.00,0.00,0.00,0.00,0.00,0.00,0.00,0.00
20650,DL:0.1.0:AT.1.0.0,2022-3-4 19:13:0,42.00,0.00,0.00,18.035,-0.900,-6.259,11.776,17.135,0.00,0.00,0.00,0.00,0.00,0.00,0.00,0.00,0.00,0.00,0.00,0.00,0.00,0.00,0.00,0.00,0.00
20650,DL:0.1.0:AT.1.0.0,2022-3-4 19:13:5,42.00,0.00,0.00,18.031,-0.893,-6.257,11.774,17.138,0.00,0.00,0.00,0.00,0.00,0.00,0.00,0.00,0.00,0.00,0.00,0.00,0.00,0.00,0.00,0.00,0.00
20650,DL:0.1.0:AT.1.0.0,2022-3-4 19:13:11,42.00,0.00,0.00,18.055,-0.917,-6.281,11.774,17.138,0.00,0.00,0.00,0.00,0.00,0.00,0.00,0.00,0.00,0.00,0.00,0.00,0.00,0.00,0.00,0.00,0.00
20650,DL:0.1.0:AT.1.0.0,2022-3-4 19:13:18,42.00,0.00,0.00,18.059,-0.919,-6.286,11.774,17.140,0.00,0.00,0.00,0.00,0.00,0.00,0.00,0.00,0.00,0.00,0.00,0.00,0.00,0.00,0.00,0.00,0.00
20650,DL:0.1.0:AT.1.0.0,2022-3-4 19:13:23,42.00,0.00,0.00,18.063,-0.919,-6.291,11.772,17.144,0.00,0.00,0.00,0.00,0.00,0.00,0.00,0.00,0.00,0.00,0.00,0.00,0.00,0.00,0.00,0.00,0.00
20650,DL:0.1.0:AT.1.0.0,2022-3-4 19:13:28,42.00,0.00,0.00,18.047,-0.901,-6.276,11.771,17.146,0.00,0.00,0.00,0.00,0.00,0.00,0.00,0.00,0.00,0.00,0.00,0.00,0.00,0.00,0.00,0.00,0.00
20650,DL:0.1.0:AT.1.0.0,2022-3-4 19:13:35,42.00,0.00,0.00,18.031,-0.881,-6.258,11.772,17.150,0.00,0.00,0.00,0.00,0.00,0.00,0.00,0.00,0.00,0.00,0.00,0.00,0.00,0.00,0.00,0.00,0.00
20650,DL:0.1.0:AT.1.0.0,2022-3-4 19:13:40,42.00,0.00,0.00,18.055,-0.902,-6.283,11.771,17.152,0.00,0.00,0.00,0.00,0.00,0.00,0.00,0.00,0.00,0.00,0.00,0.00,0.00,0.00,0.00,0.00,0.00
20650,DL:0.1.0:AT.1.0.0,2022-3-4 19:13:45,42.00,0.00,0.00,18.045,-0.892,-6.275,11.770,17.153,0.00,0.00,0.00,0.00,0.00,0.00,0.00,0.00,0.00,0.00,0.00,0.00,0.00,0.00,0.00,0.00,0.00
20650,DL:0.1.0:AT.1.0.0,2022-3-4 19:13:50,42.00,0.00,0.00,18.039,-0.886,-6.269,11.770,17.153,0.00,0.00,0.00,0.00,0.00,0.00,0.00,0.00,0.00,0.00,0.00,0.00,0.00,0.00,0.00,0.00,0.00
20650,DL:0.1.0:AT.1.0.0,2022-3-4 19:13:56,42.00,0.00,0.00,18.069,-0.914,-6.300,11.769,17.155,0.00,0.00,0.00,0.00,0.00,0.00,0.00,0.00,0.00,0.00,0.00,0.00,0.00,0.00,0.00,0.00,0.00
20650,DL:0.1.0:AT.1.0.0,2022-3-4 19:14:1,42.00,0.00,0.00,18.061,-0.906,-6.292,11.769,17.155,0.00,0.00,0.00,0.00,0.00,0.00,0.00,0.00,0.00,0.00,0.00,0.00,0.00,0.00,0.00,0.00,0.00
20650,DL:0.1.0:AT.1.0.0,2022-3-4 19:14:6,42.00,0.00,0.00,18.049,-0.893,-6.282,11.766,17.156,0.00,0.00,0.00,0.00,0.00,0.00,0.00,0.00,0.00,0.00,0.00,0.00,0.00,0.00,0.00,0.00,0.00
20650,DL:0.1.0:AT.1.0.0,2022-3-4 19:14:13,41.75,0.00,0.00,18.025,-0.866,-6.258,11.766,17.158,0.00,0.00,0.00,0.00,0.00,0.00,0.00,0.00,0.00,0.00,0.00,0.00,0.00,0.00,0.00,0.00,0.00
20650,DL:0.1.0:AT.1.0.0,2022-3-4 19:14:20,41.75,0.00,0.00,18.068,-0.907,-6.301,11.766,17.161,0.00,0.00,0.00,0.00,0.00,0.00,0.00,0.00,0.00,0.00,0.00,0.00,0.00,0.00,0.00,0.00,0.00
20650,DL:0.1.0:AT.1.0.0,2022-3-4 19:14:27,41.75,0.00,0.00,18.038,-0.877,-6.271,11.766,17.161,0.00,0.00,0.00,0.00,0.00,0.00,0.00,0.00,0.00,0.00,0.00,0.00,0.00,0.00,0.00,0.00,0.00
20650,DL:0.1.0:AT.1.0.0,2022-3-4 19:14:34,41.75,0.00,0.00,18.076,-0.914,-6.312,11.764,17.162,0.00,0.00,0.00,0.00,0.00,0.00,0.00,0.00,0.00,0.00,0.00,0.00,0.00,0.00,0.00,0.00,0.00
20650,DL:0.1.0:AT.1.0.0,2022-3-4 19:14:40,41.75,0.00,0.00,18.058,-0.894,-6.294,11.764,17.164,0.00,0.00,0.00,0.00,0.00,0.00,0.00,0.00,0.00,0.00,0.00,0.00,0.00,0.00,0.00,0.00,0.00
20650,DL:0.1.0:AT.1.0.0,2022-3-4 19:14:48,41.75,0.00,0.00,18.069,-0.902,-6.306,11.763,17.167,0.00,0.00,0.00,0.00,0.00,0.00,0.00,0.00,0.00,0.00,0.00,0.00,0.00,0.00,0.00,0.00,0.00
20650,DL:0.1.0:AT.1.0.0,2022-3-4 19:14:55,41.75,0.00,0.00,18.071,-0.905,-6.309,11.763,17.167,0.00,0.00,0.00,0.00,0.00,0.00,0.00,0.00,0.00,0.00,0.00,0.00,0.00,0.00,0.00,0.00,0.00
20650,DL:0.1.0:AT.1.0.0,2022-3-4 19:15:1,41.75,0.00,0.00,18.074,-0.906,-6.312,11.762,17.168,0.00,0.00,0.00,0.00,0.00,0.00,0.00,0.00,0.00,0.00,0.00,0.00,0.00,0.00,0.00,0.00,0.00
20650,DL:0.1.0:AT.1.0.0,2022-3-4 19:15:6,41.75,0.00,0.00,18.039,-0.870,-6.277,11.762,17.169,0.00,0.00,0.00,0.00,0.00,0.00,0.00,0.00,0.00,0.00,0.00,0.00,0.00,0.00,0.00,0.00,0.00
20650,DL:0.1.0:AT.1.0.0,2022-3-4 19:15:11,41.75,0.00,0.00,18.052,-0.881,-6.292,11.760,17.171,0.00,0.00,0.00,0.00,0.00,0.00,0.00,0.00,0.00,0.00,0.00,0.00,0.00,0.00,0.00,0.00,0.00
20650,DL:0.1.0:AT.1.0.0,2022-3-4 19:15:19,41.75,0.00,0.00,18.070,-0.898,-6.311,11.759,17.173,0.00,0.00,0.00,0.00,0.00,0.00,0.00,0.00,0.00,0.00,0.00,0.00,0.00,0.00,0.00,0.00,0.00
20650,DL:0.1.0:AT.1.0.0,2022-3-4 19:15:26,41.75,0.00,0.00,18.031,-0.857,-6.271,11.759,17.174,0.00,0.00,0.00,0.00,0.00,0.00,0.00,0.00,0.00,0.00,0.00,0.00,0.00,0.00,0.00,0.00,0.00
20650,DL:0.1.0:AT.1.0.0,2022-3-4 19:15:32,41.75,0.00,0.00,18.063,-0.888,-6.305,11.758,17.175,0.00,0.00,0.00,0.00,0.00,0.00,0.00,0.00,0.00,0.00,0.00,0.00,0.00,0.00,0.00,0.00,0.00
20650,DL:0.1.0:AT.1.0.0,2022-3-4 19:15:37,41.75,0.00,0.00,18.045,-0.866,-6.287,11.758,17.179,0.00,0.00,0.00,0.00,0.00,0.00,0.00,0.00,0.00,0.00,0.00,0.00,0.00,0.00,0.00,0.00,0.00
20650,DL:0.1.0:AT.1.0.0,2022-3-4 19:15:42,41.75,0.00,0.00,18.045,-0.865,-6.288,11.757,17.180,0.00,0.00,0.00,0.00,0.00,0.00,0.00,0.00,0.00,0.00,0.00,0.00,0.00,0.00,0.00,0.00,0.00
20650,DL:0.1.0:AT.1.0.0,2022-3-4 19:15:49,41.75,0.00,0.00,18.040,-0.859,-6.285,11.756,17.181,0.00,0.00,0.00,0.00,0.00,0.00,0.00,0.00,0.00,0.00,0.00,0.00,0.00,0.00,0.00,0.00,0.00
20650,DL:0.1.0:AT.1.0.0,2022-3-4 19:16:0,41.75,0.00,0.00,18.070,-0.887,-6.315,11.756,17.183,0.00,0.00,0.00,0.00,0.00,0.00,0.00,0.00,0.00,0.00,0.00,0.00,0.00,0.00,0.00,0.00,0.00
20650,DL:0.1.0:AT.1.0.0,2022-3-4 19:16:6,41.75,0.00,0.00,18.050,-0.862,-6.295,11.754,17.188,0.00,0.00,0.00,0.00,0.00,0.00,0.00,0.00,0.00,0.00,0.00,0.00,0.00,0.00,0.00,0.00,0.00
20650,DL:0.1.0:AT.1.0.0,2022-3-4 19:16:11,41.75,0.00,0.00,18.058,-0.869,-6.305,11.753,17.189,0.00,0.00,0.00,0.00,0.00,0.00,0.00,0.00,0.00,0.00,0.00,0.00,0.00,0.00,0.00,0.00,0.00
20650,DL:0.1.0:AT.1.0.0,2022-3-4 19:16:17,41.75,0.00,0.00,18.047,-0.856,-6.294,11.753,17.192,0.00,0.00,0.00,0.00,0.00,0.00,0.00,0.00,0.00,0.00,0.00,0.00,0.00,0.00,0.00,0.00,0.00
20650,DL:0.1.0:AT.1.0.0,2022-3-4 19:16:27,41.75,0.00,0.00,18.064,-0.868,-6.312,11.752,17.197,0.00,0.00,0.00,0.00,0.00,0.00,0.00,0.00,0.00,0.00,0.00,0.00,0.00,0.00,0.00,0.00,0.00
20650,DL:0.1.0:AT.1.0.0,2022-3-4 19:16:34,41.75,0.00,0.00,18.063,-0.864,-6.311,11.752,17.199,0.00,0.00,0.00,0.00,0.00,0.00,0.00,0.00,0.00,0.00,0.00,0.00,0.00,0.00,0.00,0.00,0.00
20650,DL:0.1.0:AT.1.0.0,2022-3-4 19:16:39,41.75,0.00,0.00,18.046,-0.847,-6.294,11.752,17.199,0.00,0.00,0.00,0.00,0.00,0.00,0.00,0.00,0.00,0.00,0.00,0.00,0.00,0.00,0.00,0.00,0.00
20650,DL:0.1.0:AT.1.0.0,2022-3-4 19:16:44,41.75,0.00,0.00,18.053,-0.853,-6.303,11.751,17.200,0.00,0.00,0.00,0.00,0.00,0.00,0.00,0.00,0.00,0.00,0.00,0.00,0.00,0.00,0.00,0.00,0.00
20650,DL:0.1.0:AT.1.0.0,2022-3-4 19:16:51,41.75,0.00,0.00,18.061,-0.859,-6.311,11.750,17.201,0.00,0.00,0.00,0.00,0.00,0.00,0.00,0.00,0.00,0.00,0.00,0.00,0.00,0.00,0.00,0.00,0.00
20650,DL:0.1.0:AT.1.0.0,2022-3-4 19:17:0,41.75,0.00,0.00,18.044,-0.840,-6.294,11.750,17.204,0.00,0.00,0.00,0.00,0.00,0.00,0.00,0.00,0.00,0.00,0.00,0.00,0.00,0.00,0.00,0.00,0.00
20650,DL:0.1.0:AT.1.0.0,2022-3-4 19:17:5,41.75,0.00,0.00,18.041,-0.838,-6.294,11.747,17.204,0.00,0.00,0.00,0.00,0.00,0.00,0.00,0.00,0.00,0.00,0.00,0.00,0.00,0.00,0.00,0.00,0.00
20650,DL:0.1.0:AT.1.0.0,2022-3-4 19:17:10,41.75,0.00,0.00,18.049,-0.844,-6.301,11.747,17.205,0.00,0.00,0.00,0.00,0.00,0.00,0.00,0.00,0.00,0.00,0.00,0.00,0.00,0.00,0.00,0.00,0.00
20650,DL:0.1.0:AT.1.0.0,2022-3-4 19:17:15,41.75,0.00,0.00,18.043,-0.838,-6.295,11.747,17.205,0.00,0.00,0.00,0.00,0.00,0.00,0.00,0.00,0.00,0.00,0.00,0.00,0.00,0.00,0.00,0.00,0.00
20650,DL:0.1.0:AT.1.0.0,2022-3-4 19:17:20,41.75,0.00,0.00,18.068,-0.862,-6.322,11.746,17.206,0.00,0.00,0.00,0.00,0.00,0.00,0.00,0.00,0.00,0.00,0.00,0.00,0.00,0.00,0.00,0.00,0.00
20650,DL:0.1.0:AT.1.0.0,2022-3-4 19:17:25,41.75,0.00,0.00,18.028,-0.821,-6.282,11.746,17.207,0.00,0.00,0.00,0.00,0.00,0.00,0.00,0.00,0.00,0.00,0.00,0.00,0.00,0.00,0.00,0.00,0.00
20650,DL:0.1.0:AT.1.0.0,2022-3-4 19:17:30,41.75,0.00,0.00,18.029,-0.822,-6.285,11.745,17.207,0.00,0.00,0.00,0.00,0.00,0.00,0.00,0.00,0.00,0.00,0.00,0.00,0.00,0.00,0.00,0.00,0.00
20650,DL:0.1.0:AT.1.0.0,2022-3-4 19:17:35,41.75,0.00,0.00,18.028,-0.820,-6.285,11.744,17.209,0.00,0.00,0.00,0.00,0.00,0.00,0.00,0.00,0.00,0.00,0.00,0.00,0.00,0.00,0.00,0.00,0.00
20650,DL:0.1.0:AT.1.0.0,2022-3-4 19:17:45,41.75,0.00,0.00,18.071,-0.863,-6.329,11.742,17.209,0.00,0.00,0.00,0.00,0.00,0.00,0.00,0.00,0.00,0.00,0.00,0.00,0.00,0.00,0.00,0.00,0.00
20650,DL:0.1.0:AT.1.0.0,2022-3-4 19:17:52,41.75,0.00,0.00,18.087,-0.877,-6.346,11.741,17.210,0.00,0.00,0.00,0.00,0.00,0.00,0.00,0.00,0.00,0.00,0.00,0.00,0.00,0.00,0.00,0.00,0.00
20650,DL:0.1.0:AT.1.0.0,2022-3-4 19:17:57,41.75,0.00,0.00,18.050,-0.840,-6.309,11.741,17.210,0.00,0.00,0.00,0.00,0.00,0.00,0.00,0.00,0.00,0.00,0.00,0.00,0.00,0.00,0.00,0.00,0.00
20650,DL:0.1.0:AT.1.0.0,2022-3-4 19:18:3,41.75,0.00,0.00,18.051,-0.841,-6.310,11.741,17.210,0.00,0.00,0.00,0.00,0.00,0.00,0.00,0.00,0.00,0.00,0.00,0.00,0.00,0.00,0.00,0.00,0.00
20650,DL:0.1.0:AT.1.0.0,2022-3-4 19:18:10,41.75,0.00,0.00,18.082,-0.871,-6.342,11.740,17.211,0.00,0.00,0.00,0.00,0.00,0.00,0.00,0.00,0.00,0.00,0.00,0.00,0.00,0.00,0.00,0.00,0.00
20650,DL:0.1.0:AT.1.0.0,2022-3-4 19:18:16,41.75,0.00,0.00,18.067,-0.854,-6.328,11.739,17.212,0.00,0.00,0.00,0.00,0.00,0.00,0.00,0.00,0.00,0.00,0.00,0.00,0.00,0.00,0.00,0.00,0.00
20650,DL:0.1.0:AT.1.0.0,2022-3-4 19:18:21,41.75,0.00,0.00,18.073,-0.859,-6.334,11.739,17.213,0.00,0.00,0.00,0.00,0.00,0.00,0.00,0.00,0.00,0.00,0.00,0.00,0.00,0.00,0.00,0.00,0.00
20650,DL:0.1.0:AT.1.0.0,2022-3-4 19:18:26,41.75,0.00,0.00,18.073,-0.859,-6.335,11.738,17.213,0.00,0.00,0.00,0.00,0.00,0.00,0.00,0.00,0.00,0.00,0.00,0.00,0.00,0.00,0.00,0.00,0.00
20650,DL:0.1.0:AT.1.0.0,2022-3-4 19:18:32,41.75,0.00,0.00,18.059,-0.845,-6.322,11.738,17.215,0.00,0.00,0.00,0.00,0.00,0.00,0.00,0.00,0.00,0.00,0.00,0.00,0.00,0.00,0.00,0.00,0.00
20650,DL:0.1.0:AT.1.0.0,2022-3-4 19:18:37,41.75,0.00,0.00,18.061,-0.845,-6.324,11.736,17.216,0.00,0.00,0.00,0.00,0.00,0.00,0.00,0.00,0.00,0.00,0.00,0.00,0.00,0.00,0.00,0.00,0.00
20650,DL:0.1.0:AT.1.0.0,2022-3-4 19:18:44,41.75,0.00,0.00,18.057,-0.840,-6.323,11.734,17.217,0.00,0.00,0.00,0.00,0.00,0.00,0.00,0.00,0.00,0.00,0.00,0.00,0.00,0.00,0.00,0.00,0.00
20650,DL:0.1.0:AT.1.0.0,2022-3-4 19:18:49,41.75,0.00,0.00,18.064,-0.847,-6.329,11.735,17.217,0.00,0.00,0.00,0.00,0.00,0.00,0.00,0.00,0.00,0.00,0.00,0.00,0.00,0.00,0.00,0.00,0.00
20650,DL:0.1.0:AT.1.0.0,2022-3-4 19:18:54,41.75,0.00,0.00,18.061,-0.844,-6.327,11.734,17.217,0.00,0.00,0.00,0.00,0.00,0.00,0.00,0.00,0.00,0.00,0.00,0.00,0.00,0.00,0.00,0.00,0.00
20650,DL:0.1.0:AT.1.0.0,2022-3-4 19:19:2,41.75,0.00,0.00,18.038,-0.818,-6.304,11.734,17.219,0.00,0.00,0.00,0.00,0.00,0.00,0.00,0.00,0.00,0.00,0.00,0.00,0.00,0.00,0.00,0.00,0.00
20650,DL:0.1.0:AT.1.0.0,2022-3-4 19:19:8,41.75,0.00,0.00,18.055,-0.835,-6.322,11.733,17.219,0.00,0.00,0.00,0.00,0.00,0.00,0.00,0.00,0.00,0.00,0.00,0.00,0.00,0.00,0.00,0.00,0.00
20650,DL:0.1.0:AT.1.0.0,2022-3-4 19:19:15,41.75,0.00,0.00,18.068,-0.847,-6.337,11.730,17.221,0.00,0.00,0.00,0.00,0.00,0.00,0.00,0.00,0.00,0.00,0.00,0.00,0.00,0.00,0.00,0.00,0.00
20650,DL:0.1.0:AT.1.0.0,2022-3-4 19:19:25,41.75,0.00,0.00,18.050,-0.827,-6.319,11.730,17.223,0.00,0.00,0.00,0.00,0.00,0.00,0.00,0.00,0.00,0.00,0.00,0.00,0.00,0.00,0.00,0.00,0.00
20650,DL:0.1.0:AT.1.0.0,2022-3-4 19:19:30,41.75,0.00,0.00,18.050,-0.826,-6.318,11.732,17.224,0.00,0.00,0.00,0.00,0.00,0.00,0.00,0.00,0.00,0.00,0.00,0.00,0.00,0.00,0.00,0.00,0.00
20650,DL:0.1.0:AT.1.0.0,2022-3-4 19:19:36,41.75,0.00,0.00,18.065,-0.839,-6.336,11.729,17.227,0.00,0.00,0.00,0.00,0.00,0.00,0.00,0.00,0.00,0.00,0.00,0.00,0.00,0.00,0.00,0.00,0.00
20650,DL:0.1.0:AT.1.0.0,2022-3-4 19:19:42,41.75,0.00,0.00,18.058,-0.830,-6.329,11.729,17.228,0.00,0.00,0.00,0.00,0.00,0.00,0.00,0.00,0.00,0.00,0.00,0.00,0.00,0.00,0.00,0.00,0.00
20650,DL:0.1.0:AT.1.0.0,2022-3-4 19:19:47,41.75,0.00,0.00,18.053,-0.824,-6.327,11.727,17.229,0.00,0.00,0.00,0.00,0.00,0.00,0.00,0.00,0.00,0.00,0.00,0.00,0.00,0.00,0.00,0.00,0.00
20650,DL:0.1.0:AT.1.0.0,2022-3-4 19:19:53,41.75,0.00,0.00,18.062,-0.830,-6.335,11.727,17.231,0.00,0.00,0.00,0.00,0.00,0.00,0.00,0.00,0.00,0.00,0.00,0.00,0.00,0.00,0.00,0.00,0.00
20650,DL:0.1.0:AT.1.0.0,2022-3-4 19:19:59,41.75,0.00,0.00,18.076,-0.844,-6.349,11.727,17.233,0.00,0.00,0.00,0.00,0.00,0.00,0.00,0.00,0.00,0.00,0.00,0.00,0.00,0.00,0.00,0.00,0.00
20650,DL:0.1.0:AT.1.0.0,2022-3-4 19:20:4,41.75,0.00,0.00,18.071,-0.836,-6.345,11.727,17.235,0.00,0.00,0.00,0.00,0.00,0.00,0.00,0.00,0.00,0.00,0.00,0.00,0.00,0.00,0.00,0.00,0.00
20650,DL:0.1.0:AT.1.0.0,2022-3-4 19:20:10,41.75,0.00,0.00,18.067,-0.832,-6.342,11.724,17.235,0.00,0.00,0.00,0.00,0.00,0.00,0.00,0.00,0.00,0.00,0.00,0.00,0.00,0.00,0.00,0.00,0.00
20650,DL:0.1.0:AT.1.0.0,2022-3-4 19:20:17,41.75,0.00,0.00,18.056,-0.820,-6.330,11.726,17.236,0.00,0.00,0.00,0.00,0.00,0.00,0.00,0.00,0.00,0.00,0.00,0.00,0.00,0.00,0.00,0.00,0.00
20650,DL:0.1.0:AT.1.0.0,2022-3-4 19:20:23,41.75,0.00,0.00,18.065,-0.826,-6.342,11.723,17.240,0.00,0.00,0.00,0.00,0.00,0.00,0.00,0.00,0.00,0.00,0.00,0.00,0.00,0.00,0.00,0.00,0.00
20650,DL:0.1.0:AT.1.0.0,2022-3-4 19:20:28,41.75,0.00,0.00,18.079,-0.840,-6.355,11.723,17.239,0.00,0.00,0.00,0.00,0.00,0.00,0.00,0.00,0.00,0.00,0.00,0.00,0.00,0.00,0.00,0.00,0.00
20650,DL:0.1.0:AT.1.0.0,2022-3-4 19:20:35,41.75,0.00,0.00,18.061,-0.820,-6.339,11.722,17.241,0.00,0.00,0.00,0.00,0.00,0.00,0.00,0.00,0.00,0.00,0.00,0.00,0.00,0.00,0.00,0.00,0.00
20650,DL:0.1.0:AT.1.0.0,2022-3-4 19:20:40,41.75,0.00,0.00,18.099,-0.857,-6.377,11.722,17.242,0.00,0.00,0.00,0.00,0.00,0.00,0.00,0.00,0.00,0.00,0.00,0.00,0.00,0.00,0.00,0.00,0.00
20650,DL:0.1.0:AT.1.0.0,2022-3-4 19:20:45,41.75,0.00,0.00,18.071,-0.828,-6.349,11.722,17.243,0.00,0.00,0.00,0.00,0.00,0.00,0.00,0.00,0.00,0.00,0.00,0.00,0.00,0.00,0.00,0.00,0.00
20650,DL:0.1.0:AT.1.0.0,2022-3-4 19:20:51,41.75,0.00,0.00,18.074,-0.829,-6.353,11.721,17.245,0.00,0.00,0.00,0.00,0.00,0.00,0.00,0.00,0.00,0.00,0.00,0.00,0.00,0.00,0.00,0.00,0.00
20650,DL:0.1.0:AT.1.0.0,2022-3-4 19:20:56,41.75,0.00,0.00,18.073,-0.828,-6.353,11.720,17.245,0.00,0.00,0.00,0.00,0.00,0.00,0.00,0.00,0.00,0.00,0.00,0.00,0.00,0.00,0.00,0.00,0.00
20650,DL:0.1.0:AT.1.0.0,2022-3-4 19:21:1,41.75,0.00,0.00,18.065,-0.821,-6.346,11.720,17.245,0.00,0.00,0.00,0.00,0.00,0.00,0.00,0.00,0.00,0.00,0.00,0.00,0.00,0.00,0.00,0.00,0.00
20650,DL:0.1.0:AT.1.0.0,2022-3-4 19:21:8,41.75,0.00,0.00,18.077,-0.832,-6.358,11.720,17.246,0.00,0.00,0.00,0.00,0.00,0.00,0.00,0.00,0.00,0.00,0.00,0.00,0.00,0.00,0.00,0.00,0.00
20650,DL:0.1.0:AT.1.0.0,2022-3-4 19:21:15,41.75,0.00,0.00,18.067,-0.820,-6.349,11.717,17.247,0.00,0.00,0.00,0.00,0.00,0.00,0.00,0.00,0.00,0.00,0.00,0.00,0.00,0.00,0.00,0.00,0.00
20650,DL:0.1.0:AT.1.0.0,2022-3-4 19:21:22,41.75,0.00,0.00,18.061,-0.814,-6.345,11.716,17.247,0.00,0.00,0.00,0.00,0.00,0.00,0.00,0.00,0.00,0.00,0.00,0.00,0.00,0.00,0.00,0.00,0.00
20650,DL:0.1.0:AT.1.0.0,2022-3-4 19:21:27,41.75,0.00,0.00,18.065,-0.817,-6.348,11.717,17.248,0.00,0.00,0.00,0.00,0.00,0.00,0.00,0.00,0.00,0.00,0.00,0.00,0.00,0.00,0.00,0.00,0.00
20650,DL:0.1.0:AT.1.0.0,2022-3-4 19:21:32,41.75,0.00,0.00,18.045,-0.795,-6.328,11.717,17.249,0.00,0.00,0.00,0.00,0.00,0.00,0.00,0.00,0.00,0.00,0.00,0.00,0.00,0.00,0.00,0.00,0.00
20650,DL:0.1.0:AT.1.0.0,2022-3-4 19:21:39,41.75,0.00,0.00,18.092,-0.841,-6.377,11.715,17.251,0.00,0.00,0.00,0.00,0.00,0.00,0.00,0.00,0.00,0.00,0.00,0.00,0.00,0.00,0.00,0.00,0.00
20650,DL:0.1.0:AT.1.0.0,2022-3-4 19:21:44,41.75,0.00,0.00,18.070,-0.820,-6.355,11.715,17.251,0.00,0.00,0.00,0.00,0.00,0.00,0.00,0.00,0.00,0.00,0.00,0.00,0.00,0.00,0.00,0.00,0.00
20650,DL:0.1.0:AT.1.0.0,2022-3-4 19:21:49,41.75,0.00,0.00,18.081,-0.830,-6.366,11.715,17.251,0.00,0.00,0.00,0.00,0.00,0.00,0.00,0.00,0.00,0.00,0.00,0.00,0.00,0.00,0.00,0.00,0.00
20650,DL:0.1.0:AT.1.0.0,2022-3-4 19:21:56,41.75,0.00,0.00,18.080,-0.828,-6.366,11.714,17.252,0.00,0.00,0.00,0.00,0.00,0.00,0.00,0.00,0.00,0.00,0.00,0.00,0.00,0.00,0.00,0.00,0.00
20650,DL:0.1.0:AT.1.0.0,2022-3-4 19:22:3,41.75,0.00,0.00,18.075,-0.822,-6.363,11.712,17.253,0.00,0.00,0.00,0.00,0.00,0.00,0.00,0.00,0.00,0.00,0.00,0.00,0.00,0.00,0.00,0.00,0.00
20650,DL:0.1.0:AT.1.0.0,2022-3-4 19:22:8,41.75,0.00,0.00,18.043,-0.789,-6.330,11.712,17.253,0.00,0.00,0.00,0.00,0.00,0.00,0.00,0.00,0.00,0.00,0.00,0.00,0.00,0.00,0.00,0.00,0.00
20650,DL:0.1.0:AT.1.0.0,2022-3-4 19:22:13,41.75,0.00,0.00,18.074,-0.820,-6.363,11.711,17.254,0.00,0.00,0.00,0.00,0.00,0.00,0.00,0.00,0.00,0.00,0.00,0.00,0.00,0.00,0.00,0.00,0.00
20650,DL:0.1.0:AT.1.0.0,2022-3-4 19:22:20,41.75,0.00,0.00,18.049,-0.794,-6.339,11.710,17.254,0.00,0.00,0.00,0.00,0.00,0.00,0.00,0.00,0.00,0.00,0.00,0.00,0.00,0.00,0.00,0.00,0.00
20650,DL:0.1.0:AT.1.0.0,2022-3-4 19:22:26,41.75,0.00,0.00,18.050,-0.795,-6.340,11.710,17.254,0.00,0.00,0.00,0.00,0.00,0.00,0.00,0.00,0.00,0.00,0.00,0.00,0.00,0.00,0.00,0.00,0.00
20650,DL:0.1.0:AT.1.0.0,2022-3-4 19:22:31,41.75,0.00,0.00,18.076,-0.820,-6.366,11.710,17.257,0.00,0.00,0.00,0.00,0.00,0.00,0.00,0.00,0.00,0.00,0.00,0.00,0.00,0.00,0.00,0.00,0.00
20650,DL:0.1.0:AT.1.0.0,2022-3-4 19:22:38,41.75,0.00,0.00,18.033,-0.776,-6.323,11.710,17.257,0.00,0.00,0.00,0.00,0.00,0.00,0.00,0.00,0.00,0.00,0.00,0.00,0.00,0.00,0.00,0.00,0.00
20650,DL:0.1.0:AT.1.0.0,2022-3-4 19:22:43,41.50,0.00,0.00,18.049,-0.791,-6.339,11.710,17.258,0.00,0.00,0.00,0.00,0.00,0.00,0.00,0.00,0.00,0.00,0.00,0.00,0.00,0.00,0.00,0.00,0.00
20650,DL:0.1.0:AT.1.0.0,2022-3-4 19:22:48,41.50,0.00,0.00,18.063,-0.805,-6.355,11.708,17.258,0.00,0.00,0.00,0.00,0.00,0.00,0.00,0.00,0.00,0.00,0.00,0.00,0.00,0.00,0.00,0.00,0.00
20650,DL:0.1.0:AT.1.0.0,2022-3-4 19:22:53,41.50,0.00,0.00,18.038,-0.780,-6.331,11.706,17.258,0.00,0.00,0.00,0.00,0.00,0.00,0.00,0.00,0.00,0.00,0.00,0.00,0.00,0.00,0.00,0.00,0.00
20650,DL:0.1.0:AT.1.0.0,2022-3-4 19:22:58,41.50,0.00,0.00,18.003,-0.745,-6.297,11.706,17.258,0.00,0.00,0.00,0.00,0.00,0.00,0.00,0.00,0.00,0.00,0.00,0.00,0.00,0.00,0.00,0.00,0.00
20650,DL:0.1.0:AT.1.0.0,2022-3-4 19:23:3,41.50,0.00,0.00,18.046,-0.788,-6.340,11.706,17.258,0.00,0.00,0.00,0.00,0.00,0.00,0.00,0.00,0.00,0.00,0.00,0.00,0.00,0.00,0.00,0.00,0.00
20650,DL:0.1.0:AT.1.0.0,2022-3-4 19:23:8,41.50,0.00,0.00,18.029,-0.769,-6.324,11.705,17.260,0.00,0.00,0.00,0.00,0.00,0.00,0.00,0.00,0.00,0.00,0.00,0.00,0.00,0.00,0.00,0.00,0.00
20650,DL:0.1.0:AT.1.0.0,2022-3-4 19:23:13,41.50,0.00,0.00,18.057,-0.797,-6.353,11.704,17.260,0.00,0.00,0.00,0.00,0.00,0.00,0.00,0.00,0.00,0.00,0.00,0.00,0.00,0.00,0.00,0.00,0.00
20650,DL:0.1.0:AT.1.0.0,2022-3-4 19:23:19,41.50,0.00,0.00,18.049,-0.788,-6.346,11.703,17.260,0.00,0.00,0.00,0.00,0.00,0.00,0.00,0.00,0.00,0.00,0.00,0.00,0.00,0.00,0.00,0.00,0.00
20650,DL:0.1.0:AT.1.0.0,2022-3-4 19:23:26,41.50,0.00,0.00,18.061,-0.799,-6.358,11.703,17.261,0.00,0.00,0.00,0.00,0.00,0.00,0.00,0.00,0.00,0.00,0.00,0.00,0.00,0.00,0.00,0.00,0.00
20650,DL:0.1.0:AT.1.0.0,2022-3-4 19:23:33,41.50,0.00,0.00,18.033,-0.771,-6.331,11.702,17.261,0.00,0.00,0.00,0.00,0.00,0.00,0.00,0.00,0.00,0.00,0.00,0.00,0.00,0.00,0.00,0.00,0.00
20650,DL:0.1.0:AT.1.0.0,2022-3-4 19:23:38,41.50,0.00,0.00,18.019,-0.757,-6.316,11.703,17.261,0.00,0.00,0.00,0.00,0.00,0.00,0.00,0.00,0.00,0.00,0.00,0.00,0.00,0.00,0.00,0.00,0.00
20650,DL:0.1.0:AT.1.0.0,2022-3-4 19:23:43,41.50,0.00,0.00,18.067,-0.804,-6.365,11.702,17.263,0.00,0.00,0.00,0.00,0.00,0.00,0.00,0.00,0.00,0.00,0.00,0.00,0.00,0.00,0.00,0.00,0.00
20650,DL:0.1.0:AT.1.0.0,2022-3-4 19:23:50,41.50,0.00,0.00,18.077,-0.814,-6.376,11.702,17.264,0.00,0.00,0.00,0.00,0.00,0.00,0.00,0.00,0.00,0.00,0.00,0.00,0.00,0.00,0.00,0.00,0.00
20650,DL:0.1.0:AT.1.0.0,2022-3-4 19:23:56,41.50,0.00,0.00,18.071,-0.807,-6.371,11.700,17.264,0.00,0.00,0.00,0.00,0.00,0.00,0.00,0.00,0.00,0.00,0.00,0.00,0.00,0.00,0.00,0.00,0.00
20650,DL:0.1.0:AT.1.0.0,2022-3-4 19:24:1,41.50,0.00,0.00,18.049,-0.782,-6.351,11.698,17.266,0.00,0.00,0.00,0.00,0.00,0.00,0.00,0.00,0.00,0.00,0.00,0.00,0.00,0.00,0.00,0.00,0.00
20650,DL:0.1.0:AT.1.0.0,2022-3-4 19:24:11,41.50,0.00,0.00,18.052,-0.783,-6.353,11.699,17.269,0.00,0.00,0.00,0.00,0.00,0.00,0.00,0.00,0.00,0.00,0.00,0.00,0.00,0.00,0.00,0.00,0.00
20650,DL:0.1.0:AT.1.0.0,2022-3-4 19:24:16,41.50,0.00,0.00,18.017,-0.749,-6.319,11.698,17.269,0.00,0.00,0.00,0.00,0.00,0.00,0.00,0.00,0.00,0.00,0.00,0.00,0.00,0.00,0.00,0.00,0.00
20650,DL:0.1.0:AT.1.0.0,2022-3-4 19:24:24,41.50,0.00,0.00,18.074,-0.804,-6.377,11.697,17.270,0.00,0.00,0.00,0.00,0.00,0.00,0.00,0.00,0.00,0.00,0.00,0.00,0.00,0.00,0.00,0.00,0.00
20650,DL:0.1.0:AT.1.0.0,2022-3-4 19:24:31,41.50,0.00,0.00,18.028,-0.757,-6.333,11.696,17.271,0.00,0.00,0.00,0.00,0.00,0.00,0.00,0.00,0.00,0.00,0.00,0.00,0.00,0.00,0.00,0.00,0.00
20650,DL:0.1.0:AT.1.0.0,2022-3-4 19:24:36,41.50,0.00,0.00,18.081,-0.809,-6.387,11.694,17.272,0.00,0.00,0.00,0.00,0.00,0.00,0.00,0.00,0.00,0.00,0.00,0.00,0.00,0.00,0.00,0.00,0.00
20650,DL:0.1.0:AT.1.0.0,2022-3-4 19:24:41,41.50,0.00,0.00,18.031,-0.757,-6.335,11.696,17.273,0.00,0.00,0.00,0.00,0.00,0.00,0.00,0.00,0.00,0.00,0.00,0.00,0.00,0.00,0.00,0.00,0.00
20650,DL:0.1.0:AT.1.0.0,2022-3-4 19:24:48,41.50,0.00,0.00,18.047,-0.773,-6.353,11.694,17.275,0.00,0.00,0.00,0.00,0.00,0.00,0.00,0.00,0.00,0.00,0.00,0.00,0.00,0.00,0.00,0.00,0.00
20650,DL:0.1.0:AT.1.0.0,2022-3-4 19:24:55,41.50,0.00,0.00,18.034,-0.759,-6.341,11.693,17.275,0.00,0.00,0.00,0.00,0.00,0.00,0.00,0.00,0.00,0.00,0.00,0.00,0.00,0.00,0.00,0.00,0.00
20650,DL:0.1.0:AT.1.0.0,2022-3-4 19:25:2,41.50,0.00,0.00,18.058,-0.783,-6.366,11.692,17.275,0.00,0.00,0.00,0.00,0.00,0.00,0.00,0.00,0.00,0.00,0.00,0.00,0.00,0.00,0.00,0.00,0.00
20650,DL:0.1.0:AT.1.0.0,2022-3-4 19:25:9,41.50,0.00,0.00,18.040,-0.764,-6.348,11.692,17.276,0.00,0.00,0.00,0.00,0.00,0.00,0.00,0.00,0.00,0.00,0.00,0.00,0.00,0.00,0.00,0.00,0.00
20650,DL:0.1.0:AT.1.0.0,2022-3-4 19:25:15,41.50,0.00,0.00,18.034,-0.757,-6.343,11.691,17.277,0.00,0.00,0.00,0.00,0.00,0.00,0.00,0.00,0.00,0.00,0.00,0.00,0.00,0.00,0.00,0.00,0.00
20650,DL:0.1.0:AT.1.0.0,2022-3-4 19:25:22,41.50,0.00,0.00,18.032,-0.753,-6.342,11.689,17.278,0.00,0.00,0.00,0.00,0.00,0.00,0.00,0.00,0.00,0.00,0.00,0.00,0.00,0.00,0.00,0.00,0.00
20650,DL:0.1.0:AT.1.0.0,2022-3-4 19:25:29,41.50,0.00,0.00,18.056,-0.777,-6.367,11.688,17.278,0.00,0.00,0.00,0.00,0.00,0.00,0.00,0.00,0.00,0.00,0.00,0.00,0.00,0.00,0.00,0.00,0.00
20650,DL:0.1.0:AT.1.0.0,2022-3-4 19:25:34,41.50,0.00,0.00,18.040,-0.761,-6.352,11.688,17.279,0.00,0.00,0.00,0.00,0.00,0.00,0.00,0.00,0.00,0.00,0.00,0.00,0.00,0.00,0.00,0.00,0.00
20650,DL:0.1.0:AT.1.0.0,2022-3-4 19:25:44,41.50,0.00,0.00,18.014,-0.732,-6.325,11.688,17.282,0.00,0.00,0.00,0.00,0.00,0.00,0.00,0.00,0.00,0.00,0.00,0.00,0.00,0.00,0.00,0.00,0.00
20650,DL:0.1.0:AT.1.0.0,2022-3-4 19:25:50,41.50,0.00,0.00,18.046,-0.763,-6.359,11.687,17.283,0.00,0.00,0.00,0.00,0.00,0.00,0.00,0.00,0.00,0.00,0.00,0.00,0.00,0.00,0.00,0.00,0.00
20650,DL:0.1.0:AT.1.0.0,2022-3-4 19:25:57,41.50,0.00,0.00,18.011,-0.727,-6.324,11.687,17.284,0.00,0.00,0.00,0.00,0.00,0.00,0.00,0.00,0.00,0.00,0.00,0.00,0.00,0.00,0.00,0.00,0.00
20650,DL:0.1.0:AT.1.0.0,2022-3-4 19:26:4,41.50,0.00,0.00,18.035,-0.750,-6.349,11.686,17.286,0.00,0.00,0.00,0.00,0.00,0.00,0.00,0.00,0.00,0.00,0.00,0.00,0.00,0.00,0.00,0.00,0.00
20650,DL:0.1.0:AT.1.0.0,2022-3-4 19:26:12,41.50,0.00,0.00,18.021,-0.734,-6.337,11.683,17.287,0.00,0.00,0.00,0.00,0.00,0.00,0.00,0.00,0.00,0.00,0.00,0.00,0.00,0.00,0.00,0.00,0.00
20650,DL:0.1.0:AT.1.0.0,2022-3-4 19:26:17,41.50,0.00,0.00,18.038,-0.750,-6.354,11.683,17.288,0.00,0.00,0.00,0.00,0.00,0.00,0.00,0.00,0.00,0.00,0.00,0.00,0.00,0.00,0.00,0.00,0.00
20650,DL:0.1.0:AT.1.0.0,2022-3-4 19:26:22,41.50,0.00,0.00,18.015,-0.725,-6.331,11.683,17.290,0.00,0.00,0.00,0.00,0.00,0.00,0.00,0.00,0.00,0.00,0.00,0.00,0.00,0.00,0.00,0.00,0.00
20650,DL:0.1.0:AT.1.0.0,2022-3-4 19:26:27,41.50,0.00,0.00,17.999,-0.709,-6.316,11.683,17.290,0.00,0.00,0.00,0.00,0.00,0.00,0.00,0.00,0.00,0.00,0.00,0.00,0.00,0.00,0.00,0.00,0.00
20650,DL:0.1.0:AT.1.0.0,2022-3-4 19:26:32,41.50,0.00,0.00,18.050,-0.758,-6.366,11.683,17.292,0.00,0.00,0.00,0.00,0.00,0.00,0.00,0.00,0.00,0.00,0.00,0.00,0.00,0.00,0.00,0.00,0.00
20650,DL:0.1.0:AT.1.0.0,2022-3-4 19:26:38,41.50,0.00,0.00,18.062,-0.769,-6.379,11.682,17.293,0.00,0.00,0.00,0.00,0.00,0.00,0.00,0.00,0.00,0.00,0.00,0.00,0.00,0.00,0.00,0.00,0.00
20650,DL:0.1.0:AT.1.0.0,2022-3-4 19:26:45,41.50,0.00,0.00,18.026,-0.732,-6.345,11.681,17.294,0.00,0.00,0.00,0.00,0.00,0.00,0.00,0.00,0.00,0.00,0.00,0.00,0.00,0.00,0.00,0.00,0.00
20650,DL:0.1.0:AT.1.0.0,2022-3-4 19:26:52,41.50,0.00,0.00,18.032,-0.737,-6.352,11.680,17.295,0.00,0.00,0.00,0.00,0.00,0.00,0.00,0.00,0.00,0.00,0.00,0.00,0.00,0.00,0.00,0.00,0.00
20650,DL:0.1.0:AT.1.0.0,2022-3-4 19:26:59,41.50,0.00,0.00,18.044,-0.747,-6.364,11.680,17.296,0.00,0.00,0.00,0.00,0.00,0.00,0.00,0.00,0.00,0.00,0.00,0.00,0.00,0.00,0.00,0.00,0.00
20650,DL:0.1.0:AT.1.0.0,2022-3-4 19:27:4,41.50,0.00,0.00,18.034,-0.738,-6.354,11.680,17.296,0.00,0.00,0.00,0.00,0.00,0.00,0.00,0.00,0.00,0.00,0.00,0.00,0.00,0.00,0.00,0.00,0.00
20650,DL:0.1.0:AT.1.0.0,2022-3-4 19:27:9,41.50,0.00,0.00,18.010,-0.713,-6.331,11.679,17.298,0.00,0.00,0.00,0.00,0.00,0.00,0.00,0.00,0.00,0.00,0.00,0.00,0.00,0.00,0.00,0.00,0.00
20650,DL:0.1.0:AT.1.0.0,2022-3-4 19:27:15,41.50,0.00,0.00,18.056,-0.757,-6.378,11.677,17.299,0.00,0.00,0.00,0.00,0.00,0.00,0.00,0.00,0.00,0.00,0.00,0.00,0.00,0.00,0.00,0.00,0.00
20650,DL:0.1.0:AT.1.0.0,2022-3-4 19:27:21,41.50,0.00,0.00,18.029,-0.728,-6.352,11.677,17.301,0.00,0.00,0.00,0.00,0.00,0.00,0.00,0.00,0.00,0.00,0.00,0.00,0.00,0.00,0.00,0.00,0.00
20650,DL:0.1.0:AT.1.0.0,2022-3-4 19:27:26,41.50,0.00,0.00,18.027,-0.726,-6.351,11.676,17.301,0.00,0.00,0.00,0.00,0.00,0.00,0.00,0.00,0.00,0.00,0.00,0.00,0.00,0.00,0.00,0.00,0.00
20650,DL:0.1.0:AT.1.0.0,2022-3-4 19:27:31,41.50,0.00,0.00,18.004,-0.702,-6.328,11.676,17.302,0.00,0.00,0.00,0.00,0.00,0.00,0.00,0.00,0.00,0.00,0.00,0.00,0.00,0.00,0.00,0.00,0.00
20650,DL:0.1.0:AT.1.0.0,2022-3-4 19:27:36,41.50,0.00,0.00,18.008,-0.704,-6.333,11.675,17.304,0.00,0.00,0.00,0.00,0.00,0.00,0.00,0.00,0.00,0.00,0.00,0.00,0.00,0.00,0.00,0.00,0.00
20650,DL:0.1.0:AT.1.0.0,2022-3-4 19:27:44,41.50,0.00,0.00,18.020,-0.715,-6.345,11.675,17.305,0.00,0.00,0.00,0.00,0.00,0.00,0.00,0.00,0.00,0.00,0.00,0.00,0.00,0.00,0.00,0.00,0.00
20650,DL:0.1.0:AT.1.0.0,2022-3-4 19:27:50,41.50,0.00,0.00,18.052,-0.747,-6.377,11.675,17.305,0.00,0.00,0.00,0.00,0.00,0.00,0.00,0.00,0.00,0.00,0.00,0.00,0.00,0.00,0.00,0.00,0.00
20650,DL:0.1.0:AT.1.0.0,2022-3-4 19:27:57,41.50,0.00,0.00,17.996,-0.689,-6.322,11.674,17.307,0.00,0.00,0.00,0.00,0.00,0.00,0.00,0.00,0.00,0.00,0.00,0.00,0.00,0.00,0.00,0.00,0.00
20650,DL:0.1.0:AT.1.0.0,2022-3-4 19:28:4,41.50,0.00,0.00,18.039,-0.731,-6.365,11.674,17.308,0.00,0.00,0.00,0.00,0.00,0.00,0.00,0.00,0.00,0.00,0.00,0.00,0.00,0.00,0.00,0.00,0.00
20650,DL:0.1.0:AT.1.0.0,2022-3-4 19:28:11,41.50,0.00,0.00,17.998,-0.689,-6.327,11.671,17.310,0.00,0.00,0.00,0.00,0.00,0.00,0.00,0.00,0.00,0.00,0.00,0.00,0.00,0.00,0.00,0.00,0.00
20650,DL:0.1.0:AT.1.0.0,2022-3-4 19:28:18,41.50,0.00,0.00,18.002,-0.691,-6.330,11.671,17.311,0.00,0.00,0.00,0.00,0.00,0.00,0.00,0.00,0.00,0.00,0.00,0.00,0.00,0.00,0.00,0.00,0.00
20650,DL:0.1.0:AT.1.0.0,2022-3-4 19:28:23,41.50,0.00,0.00,18.012,-0.702,-6.341,11.671,17.311,0.00,0.00,0.00,0.00,0.00,0.00,0.00,0.00,0.00,0.00,0.00,0.00,0.00,0.00,0.00,0.00,0.00
20650,DL:0.1.0:AT.1.0.0,2022-3-4 19:28:28,41.50,0.00,0.00,17.993,-0.681,-6.323,11.670,17.312,0.00,0.00,0.00,0.00,0.00,0.00,0.00,0.00,0.00,0.00,0.00,0.00,0.00,0.00,0.00,0.00,0.00
20650,DL:0.1.0:AT.1.0.0,2022-3-4 19:28:33,41.50,0.00,0.00,17.997,-0.684,-6.328,11.669,17.313,0.00,0.00,0.00,0.00,0.00,0.00,0.00,0.00,0.00,0.00,0.00,0.00,0.00,0.00,0.00,0.00,0.00
20650,DL:0.1.0:AT.1.0.0,2022-3-4 19:28:38,41.50,0.00,0.00,18.033,-0.719,-6.365,11.668,17.314,0.00,0.00,0.00,0.00,0.00,0.00,0.00,0.00,0.00,0.00,0.00,0.00,0.00,0.00,0.00,0.00,0.00
20650,DL:0.1.0:AT.1.0.0,2022-3-4 19:28:46,41.50,0.00,0.00,17.992,-0.677,-6.324,11.668,17.316,0.00,0.00,0.00,0.00,0.00,0.00,0.00,0.00,0.00,0.00,0.00,0.00,0.00,0.00,0.00,0.00,0.00
20650,DL:0.1.0:AT.1.0.0,2022-3-4 19:28:52,41.50,0.00,0.00,18.011,-0.696,-6.343,11.668,17.316,0.00,0.00,0.00,0.00,0.00,0.00,0.00,0.00,0.00,0.00,0.00,0.00,0.00,0.00,0.00,0.00,0.00
20650,DL:0.1.0:AT.1.0.0,2022-3-4 19:28:59,41.50,0.00,0.00,18.006,-0.689,-6.340,11.667,17.318,0.00,0.00,0.00,0.00,0.00,0.00,0.00,0.00,0.00,0.00,0.00,0.00,0.00,0.00,0.00,0.00,0.00
20650,DL:0.1.0:AT.1.0.0,2022-3-4 19:29:6,41.50,0.00,0.00,17.999,-0.681,-6.333,11.667,17.318,0.00,0.00,0.00,0.00,0.00,0.00,0.00,0.00,0.00,0.00,0.00,0.00,0.00,0.00,0.00,0.00,0.00
20650,DL:0.1.0:AT.1.0.0,2022-3-4 19:29:11,41.50,0.00,0.00,17.985,-0.666,-6.319,11.665,17.319,0.00,0.00,0.00,0.00,0.00,0.00,0.00,0.00,0.00,0.00,0.00,0.00,0.00,0.00,0.00,0.00,0.00
20650,DL:0.1.0:AT.1.0.0,2022-3-4 19:29:16,41.50,0.00,0.00,17.994,-0.674,-6.329,11.665,17.320,0.00,0.00,0.00,0.00,0.00,0.00,0.00,0.00,0.00,0.00,0.00,0.00,0.00,0.00,0.00,0.00,0.00
20650,DL:0.1.0:AT.1.0.0,2022-3-4 19:29:23,41.50,0.00,0.00,18.015,-0.695,-6.351,11.664,17.320,0.00,0.00,0.00,0.00,0.00,0.00,0.00,0.00,0.00,0.00,0.00,0.00,0.00,0.00,0.00,0.00,0.00
20650,DL:0.1.0:AT.1.0.0,2022-3-4 19:29:30,41.50,0.00,0.00,18.016,-0.695,-6.351,11.665,17.322,0.00,0.00,0.00,0.00,0.00,0.00,0.00,0.00,0.00,0.00,0.00,0.00,0.00,0.00,0.00,0.00,0.00
20650,DL:0.1.0:AT.1.0.0,2022-3-4 19:29:35,41.50,0.00,0.00,18.008,-0.684,-6.345,11.663,17.324,0.00,0.00,0.00,0.00,0.00,0.00,0.00,0.00,0.00,0.00,0.00,0.00,0.00,0.00,0.00,0.00,0.00
20650,DL:0.1.0:AT.1.0.0,2022-3-4 19:29:40,41.50,0.00,0.00,17.999,-0.675,-6.336,11.663,17.324,0.00,0.00,0.00,0.00,0.00,0.00,0.00,0.00,0.00,0.00,0.00,0.00,0.00,0.00,0.00,0.00,0.00
20650,DL:0.1.0:AT.1.0.0,2022-3-4 19:29:48,41.50,0.00,0.00,17.998,-0.673,-6.336,11.662,17.325,0.00,0.00,0.00,0.00,0.00,0.00,0.00,0.00,0.00,0.00,0.00,0.00,0.00,0.00,0.00,0.00,0.00
20650,DL:0.1.0:AT.1.0.0,2022-3-4 19:29:54,41.50,0.00,0.00,18.032,-0.705,-6.370,11.662,17.326,0.00,0.00,0.00,0.00,0.00,0.00,0.00,0.00,0.00,0.00,0.00,0.00,0.00,0.00,0.00,0.00,0.00
20650,DL:0.1.0:AT.1.0.0,2022-3-4 19:30:0,41.50,0.00,0.00,17.997,-0.669,-6.336,11.661,17.328,0.00,0.00,0.00,0.00,0.00,0.00,0.00,0.00,0.00,0.00,0.00,0.00,0.00,0.00,0.00,0.00,0.00
20650,DL:0.1.0:AT.1.0.0,2022-3-4 19:30:7,41.50,0.00,0.00,18.005,-0.678,-6.346,11.659,17.328,0.00,0.00,0.00,0.00,0.00,0.00,0.00,0.00,0.00,0.00,0.00,0.00,0.00,0.00,0.00,0.00,0.00
20650,DL:0.1.0:AT.1.0.0,2022-3-4 19:30:12,41.50,0.00,0.00,18.009,-0.679,-6.349,11.659,17.330,0.00,0.00,0.00,0.00,0.00,0.00,0.00,0.00,0.00,0.00,0.00,0.00,0.00,0.00,0.00,0.00,0.00
20650,DL:0.1.0:AT.1.0.0,2022-3-4 19:30:21,41.50,0.00,0.00,17.990,-0.660,-6.331,11.658,17.330,0.00,0.00,0.00,0.00,0.00,0.00,0.00,0.00,0.00,0.00,0.00,0.00,0.00,0.00,0.00,0.00,0.00
20650,DL:0.1.0:AT.1.0.0,2022-3-4 19:30:28,41.50,0.00,0.00,18.009,-0.678,-6.351,11.658,17.331,0.00,0.00,0.00,0.00,0.00,0.00,0.00,0.00,0.00,0.00,0.00,0.00,0.00,0.00,0.00,0.00,0.00
20650,DL:0.1.0:AT.1.0.0,2022-3-4 19:30:35,41.50,0.00,0.00,18.010,-0.678,-6.352,11.658,17.332,0.00,0.00,0.00,0.00,0.00,0.00,0.00,0.00,0.00,0.00,0.00,0.00,0.00,0.00,0.00,0.00,0.00
20650,DL:0.1.0:AT.1.0.0,2022-3-4 19:30:41,41.50,0.00,0.00,18.002,-0.668,-6.346,11.656,17.334,0.00,0.00,0.00,0.00,0.00,0.00,0.00,0.00,0.00,0.00,0.00,0.00,0.00,0.00,0.00,0.00,0.00
20650,DL:0.1.0:AT.1.0.0,2022-3-4 19:30:47,41.50,0.00,0.00,18.006,-0.673,-6.351,11.656,17.334,0.00,0.00,0.00,0.00,0.00,0.00,0.00,0.00,0.00,0.00,0.00,0.00,0.00,0.00,0.00,0.00,0.00
20650,DL:0.1.0:AT.1.0.0,2022-3-4 19:30:55,41.50,0.00,0.00,18.021,-0.685,-6.366,11.655,17.336,0.00,0.00,0.00,0.00,0.00,0.00,0.00,0.00,0.00,0.00,0.00,0.00,0.00,0.00,0.00,0.00,0.00
20650,DL:0.1.0:AT.1.0.0,2022-3-4 19:31:0,41.50,0.00,0.00,18.028,-0.692,-6.375,11.653,17.336,0.00,0.00,0.00,0.00,0.00,0.00,0.00,0.00,0.00,0.00,0.00,0.00,0.00,0.00,0.00,0.00,0.00
20650,DL:0.1.0:AT.1.0.0,2022-3-4 19:31:6,41.50,0.00,0.00,18.000,-0.663,-6.347,11.653,17.337,0.00,0.00,0.00,0.00,0.00,0.00,0.00,0.00,0.00,0.00,0.00,0.00,0.00,0.00,0.00,0.00,0.00
20650,DL:0.1.0:AT.1.0.0,2022-3-4 19:31:11,41.50,0.00,0.00,17.979,-0.640,-6.325,11.653,17.338,0.00,0.00,0.00,0.00,0.00,0.00,0.00,0.00,0.00,0.00,0.00,0.00,0.00,0.00,0.00,0.00,0.00
20650,DL:0.1.0:AT.1.0.0,2022-3-4 19:31:16,41.50,0.00,0.00,18.009,-0.671,-6.357,11.652,17.338,0.00,0.00,0.00,0.00,0.00,0.00,0.00,0.00,0.00,0.00,0.00,0.00,0.00,0.00,0.00,0.00,0.00
20650,DL:0.1.0:AT.1.0.0,2022-3-4 19:31:21,41.50,0.00,0.00,18.014,-0.674,-6.361,11.652,17.340,0.00,0.00,0.00,0.00,0.00,0.00,0.00,0.00,0.00,0.00,0.00,0.00,0.00,0.00,0.00,0.00,0.00
20650,DL:0.1.0:AT.1.0.0,2022-3-4 19:31:26,41.50,0.00,0.00,18.000,-0.661,-6.348,11.652,17.340,0.00,0.00,0.00,0.00,0.00,0.00,0.00,0.00,0.00,0.00,0.00,0.00,0.00,0.00,0.00,0.00,0.00
20650,DL:0.1.0:AT.1.0.0,2022-3-4 19:31:33,41.50,0.00,0.00,18.009,-0.668,-6.357,11.652,17.341,0.00,0.00,0.00,0.00,0.00,0.00,0.00,0.00,0.00,0.00,0.00,0.00,0.00,0.00,0.00,0.00,0.00
20650,DL:0.1.0:AT.1.0.0,2022-3-4 19:31:38,41.50,0.00,0.00,18.019,-0.677,-6.369,11.650,17.342,0.00,0.00,0.00,0.00,0.00,0.00,0.00,0.00,0.00,0.00,0.00,0.00,0.00,0.00,0.00,0.00,0.00
20650,DL:0.1.0:AT.1.0.0,2022-3-4 19:31:43,41.50,0.00,0.00,18.006,-0.665,-6.357,11.650,17.342,0.00,0.00,0.00,0.00,0.00,0.00,0.00,0.00,0.00,0.00,0.00,0.00,0.00,0.00,0.00,0.00,0.00
20650,DL:0.1.0:AT.1.0.0,2022-3-4 19:31:51,41.50,0.00,0.00,17.999,-0.657,-6.349,11.650,17.342,0.00,0.00,0.00,0.00,0.00,0.00,0.00,0.00,0.00,0.00,0.00,0.00,0.00,0.00,0.00,0.00,0.00
20650,DL:0.1.0:AT.1.0.0,2022-3-4 19:31:57,41.50,0.00,0.00,18.033,-0.690,-6.384,11.649,17.343,0.00,0.00,0.00,0.00,0.00,0.00,0.00,0.00,0.00,0.00,0.00,0.00,0.00,0.00,0.00,0.00,0.00
20650,DL:0.1.0:AT.1.0.0,2022-3-4 19:32:4,41.50,0.00,0.00,17.998,-0.654,-6.349,11.649,17.344,0.00,0.00,0.00,0.00,0.00,0.00,0.00,0.00,0.00,0.00,0.00,0.00,0.00,0.00,0.00,0.00,0.00
20650,DL:0.1.0:AT.1.0.0,2022-3-4 19:32:9,41.50,0.00,0.00,18.009,-0.663,-6.361,11.647,17.346,0.00,0.00,0.00,0.00,0.00,0.00,0.00,0.00,0.00,0.00,0.00,0.00,0.00,0.00,0.00,0.00,0.00
20650,DL:0.1.0:AT.1.0.0,2022-3-4 19:32:15,41.50,0.00,0.00,18.010,-0.665,-6.364,11.646,17.346,0.00,0.00,0.00,0.00,0.00,0.00,0.00,0.00,0.00,0.00,0.00,0.00,0.00,0.00,0.00,0.00,0.00
20650,DL:0.1.0:AT.1.0.0,2022-3-4 19:32:22,41.25,0.00,0.00,17.982,-0.637,-6.337,11.645,17.346,0.00,0.00,0.00,0.00,0.00,0.00,0.00,0.00,0.00,0.00,0.00,0.00,0.00,0.00,0.00,0.00,0.00
20650,DL:0.1.0:AT.1.0.0,2022-3-4 19:32:28,41.25,0.00,0.00,18.000,-0.654,-6.357,11.644,17.347,0.00,0.00,0.00,0.00,0.00,0.00,0.00,0.00,0.00,0.00,0.00,0.00,0.00,0.00,0.00,0.00,0.00
20650,DL:0.1.0:AT.1.0.0,2022-3-4 19:32:35,41.25,0.00,0.00,18.003,-0.656,-6.359,11.644,17.347,0.00,0.00,0.00,0.00,0.00,0.00,0.00,0.00,0.00,0.00,0.00,0.00,0.00,0.00,0.00,0.00,0.00
20650,DL:0.1.0:AT.1.0.0,2022-3-4 19:32:42,41.25,0.00,0.00,18.014,-0.666,-6.371,11.643,17.348,0.00,0.00,0.00,0.00,0.00,0.00,0.00,0.00,0.00,0.00,0.00,0.00,0.00,0.00,0.00,0.00,0.00
20650,DL:0.1.0:AT.1.0.0,2022-3-4 19:32:49,41.25,0.00,0.00,18.028,-0.679,-6.384,11.644,17.349,0.00,0.00,0.00,0.00,0.00,0.00,0.00,0.00,0.00,0.00,0.00,0.00,0.00,0.00,0.00,0.00,0.00
20650,DL:0.1.0:AT.1.0.0,2022-3-4 19:32:56,41.25,0.00,0.00,18.031,-0.681,-6.388,11.643,17.349,0.00,0.00,0.00,0.00,0.00,0.00,0.00,0.00,0.00,0.00,0.00,0.00,0.00,0.00,0.00,0.00,0.00
20650,DL:0.1.0:AT.1.0.0,2022-3-4 19:33:2,41.25,0.00,0.00,18.015,-0.665,-6.373,11.641,17.350,0.00,0.00,0.00,0.00,0.00,0.00,0.00,0.00,0.00,0.00,0.00,0.00,0.00,0.00,0.00,0.00,0.00
20650,DL:0.1.0:AT.1.0.0,2022-3-4 19:33:7,41.25,0.00,0.00,17.998,-0.646,-6.357,11.641,17.352,0.00,0.00,0.00,0.00,0.00,0.00,0.00,0.00,0.00,0.00,0.00,0.00,0.00,0.00,0.00,0.00,0.00
20650,DL:0.1.0:AT.1.0.0,2022-3-4 19:33:13,41.25,0.00,0.00,18.045,-0.693,-6.405,11.640,17.352,0.00,0.00,0.00,0.00,0.00,0.00,0.00,0.00,0.00,0.00,0.00,0.00,0.00,0.00,0.00,0.00,0.00
20650,DL:0.1.0:AT.1.0.0,2022-3-4 19:33:19,41.25,0.00,0.00,18.017,-0.665,-6.377,11.640,17.353,0.00,0.00,0.00,0.00,0.00,0.00,0.00,0.00,0.00,0.00,0.00,0.00,0.00,0.00,0.00,0.00,0.00
20650,DL:0.1.0:AT.1.0.0,2022-3-4 19:33:25,41.25,0.00,0.00,18.046,-0.693,-6.406,11.640,17.353,0.00,0.00,0.00,0.00,0.00,0.00,0.00,0.00,0.00,0.00,0.00,0.00,0.00,0.00,0.00,0.00,0.00
20650,DL:0.1.0:AT.1.0.0,2022-3-4 19:33:30,41.25,0.00,0.00,18.021,-0.667,-6.382,11.639,17.354,0.00,0.00,0.00,0.00,0.00,0.00,0.00,0.00,0.00,0.00,0.00,0.00,0.00,0.00,0.00,0.00,0.00
20650,DL:0.1.0:AT.1.0.0,2022-3-4 19:33:35,41.25,0.00,0.00,18.021,-0.667,-6.383,11.638,17.354,0.00,0.00,0.00,0.00,0.00,0.00,0.00,0.00,0.00,0.00,0.00,0.00,0.00,0.00,0.00,0.00,0.00
20650,DL:0.1.0:AT.1.0.0,2022-3-4 19:33:41,41.25,0.00,0.00,18.009,-0.654,-6.371,11.638,17.355,0.00,0.00,0.00,0.00,0.00,0.00,0.00,0.00,0.00,0.00,0.00,0.00,0.00,0.00,0.00,0.00,0.00
20650,DL:0.1.0:AT.1.0.0,2022-3-4 19:33:46,41.25,0.00,0.00,18.014,-0.657,-6.376,11.638,17.356,0.00,0.00,0.00,0.00,0.00,0.00,0.00,0.00,0.00,0.00,0.00,0.00,0.00,0.00,0.00,0.00,0.00
20650,DL:0.1.0:AT.1.0.0,2022-3-4 19:33:51,41.25,0.00,0.00,18.010,-0.652,-6.373,11.637,17.358,0.00,0.00,0.00,0.00,0.00,0.00,0.00,0.00,0.00,0.00,0.00,0.00,0.00,0.00,0.00,0.00,0.00
20650,DL:0.1.0:AT.1.0.0,2022-3-4 19:33:56,41.25,0.00,0.00,18.009,-0.651,-6.372,11.637,17.358,0.00,0.00,0.00,0.00,0.00,0.00,0.00,0.00,0.00,0.00,0.00,0.00,0.00,0.00,0.00,0.00,0.00
20650,DL:0.1.0:AT.1.0.0,2022-3-4 19:34:1,41.25,0.00,0.00,18.038,-0.680,-6.402,11.635,17.358,0.00,0.00,0.00,0.00,0.00,0.00,0.00,0.00,0.00,0.00,0.00,0.00,0.00,0.00,0.00,0.00,0.00
20650,DL:0.1.0:AT.1.0.0,2022-3-4 19:34:8,41.25,0.00,0.00,18.012,-0.654,-6.377,11.635,17.359,0.00,0.00,0.00,0.00,0.00,0.00,0.00,0.00,0.00,0.00,0.00,0.00,0.00,0.00,0.00,0.00,0.00
20650,DL:0.1.0:AT.1.0.0,2022-3-4 19:34:13,41.25,0.00,0.00,18.021,-0.661,-6.387,11.634,17.360,0.00,0.00,0.00,0.00,0.00,0.00,0.00,0.00,0.00,0.00,0.00,0.00,0.00,0.00,0.00,0.00,0.00
20650,DL:0.1.0:AT.1.0.0,2022-3-4 19:34:18,41.25,0.00,0.00,18.015,-0.654,-6.381,11.634,17.361,0.00,0.00,0.00,0.00,0.00,0.00,0.00,0.00,0.00,0.00,0.00,0.00,0.00,0.00,0.00,0.00,0.00
20650,DL:0.1.0:AT.1.0.0,2022-3-4 19:34:23,41.25,0.00,0.00,17.980,-0.619,-6.347,11.633,17.361,0.00,0.00,0.00,0.00,0.00,0.00,0.00,0.00,0.00,0.00,0.00,0.00,0.00,0.00,0.00,0.00,0.00
20650,DL:0.1.0:AT.1.0.0,2022-3-4 19:34:28,41.25,0.00,0.00,18.010,-0.648,-6.377,11.633,17.362,0.00,0.00,0.00,0.00,0.00,0.00,0.00,0.00,0.00,0.00,0.00,0.00,0.00,0.00,0.00,0.00,0.00
20650,DL:0.1.0:AT.1.0.0,2022-3-4 19:34:33,41.25,0.00,0.00,18.014,-0.651,-6.381,11.633,17.362,0.00,0.00,0.00,0.00,0.00,0.00,0.00,0.00,0.00,0.00,0.00,0.00,0.00,0.00,0.00,0.00,0.00
20650,DL:0.1.0:AT.1.0.0,2022-3-4 19:34:38,41.25,0.00,0.00,18.009,-0.645,-6.377,11.632,17.364,0.00,0.00,0.00,0.00,0.00,0.00,0.00,0.00,0.00,0.00,0.00,0.00,0.00,0.00,0.00,0.00,0.00
20650,DL:0.1.0:AT.1.0.0,2022-3-4 19:34:43,41.25,0.00,0.00,18.011,-0.648,-6.379,11.632,17.364,0.00,0.00,0.00,0.00,0.00,0.00,0.00,0.00,0.00,0.00,0.00,0.00,0.00,0.00,0.00,0.00,0.00
20650,DL:0.1.0:AT.1.0.0,2022-3-4 19:34:49,41.25,0.00,0.00,18.012,-0.648,-6.382,11.631,17.365,0.00,0.00,0.00,0.00,0.00,0.00,0.00,0.00,0.00,0.00,0.00,0.00,0.00,0.00,0.00,0.00,0.00
20650,DL:0.1.0:AT.1.0.0,2022-3-4 19:34:55,41.25,0.00,0.00,17.998,-0.632,-6.367,11.631,17.366,0.00,0.00,0.00,0.00,0.00,0.00,0.00,0.00,0.00,0.00,0.00,0.00,0.00,0.00,0.00,0.00,0.00
20650,DL:0.1.0:AT.1.0.0,2022-3-4 19:35:1,41.25,0.00,0.00,18.004,-0.637,-6.375,11.629,17.367,0.00,0.00,0.00,0.00,0.00,0.00,0.00,0.00,0.00,0.00,0.00,0.00,0.00,0.00,0.00,0.00,0.00
20650,DL:0.1.0:AT.1.0.0,2022-3-4 19:35:6,41.25,0.00,0.00,18.006,-0.640,-6.377,11.629,17.366,0.00,0.00,0.00,0.00,0.00,0.00,0.00,0.00,0.00,0.00,0.00,0.00,0.00,0.00,0.00,0.00,0.00
20650,DL:0.1.0:AT.1.0.0,2022-3-4 19:35:11,41.25,0.00,0.00,18.004,-0.637,-6.375,11.629,17.367,0.00,0.00,0.00,0.00,0.00,0.00,0.00,0.00,0.00,0.00,0.00,0.00,0.00,0.00,0.00,0.00,0.00
20650,DL:0.1.0:AT.1.0.0,2022-3-4 19:35:16,41.25,0.00,0.00,18.023,-0.656,-6.395,11.628,17.367,0.00,0.00,0.00,0.00,0.00,0.00,0.00,0.00,0.00,0.00,0.00,0.00,0.00,0.00,0.00,0.00,0.00
20650,DL:0.1.0:AT.1.0.0,2022-3-4 19:35:24,41.25,0.00,0.00,17.982,-0.613,-6.354,11.628,17.370,0.00,0.00,0.00,0.00,0.00,0.00,0.00,0.00,0.00,0.00,0.00,0.00,0.00,0.00,0.00,0.00,0.00
20650,DL:0.1.0:AT.1.0.0,2022-3-4 19:35:31,41.25,0.00,0.00,18.019,-0.648,-6.391,11.627,17.371,0.00,0.00,0.00,0.00,0.00,0.00,0.00,0.00,0.00,0.00,0.00,0.00,0.00,0.00,0.00,0.00,0.00
20650,DL:0.1.0:AT.1.0.0,2022-3-4 19:35:36,41.25,0.00,0.00,18.043,-0.671,-6.417,11.626,17.372,0.00,0.00,0.00,0.00,0.00,0.00,0.00,0.00,0.00,0.00,0.00,0.00,0.00,0.00,0.00,0.00,0.00
20650,DL:0.1.0:AT.1.0.0,2022-3-4 19:35:44,41.25,0.00,0.00,18.003,-0.630,-6.378,11.625,17.373,0.00,0.00,0.00,0.00,0.00,0.00,0.00,0.00,0.00,0.00,0.00,0.00,0.00,0.00,0.00,0.00,0.00
20650,DL:0.1.0:AT.1.0.0,2022-3-4 19:35:51,41.25,0.00,0.00,18.016,-0.642,-6.390,11.626,17.374,0.00,0.00,0.00,0.00,0.00,0.00,0.00,0.00,0.00,0.00,0.00,0.00,0.00,0.00,0.00,0.00,0.00
20650,DL:0.1.0:AT.1.0.0,2022-3-4 19:36:0,41.25,0.00,0.00,17.973,-0.597,-6.349,11.623,17.376,0.00,0.00,0.00,0.00,0.00,0.00,0.00,0.00,0.00,0.00,0.00,0.00,0.00,0.00,0.00,0.00,0.00
20650,DL:0.1.0:AT.1.0.0,2022-3-4 19:36:5,41.25,0.00,0.00,18.003,-0.627,-6.379,11.623,17.376,0.00,0.00,0.00,0.00,0.00,0.00,0.00,0.00,0.00,0.00,0.00,0.00,0.00,0.00,0.00,0.00,0.00
20650,DL:0.1.0:AT.1.0.0,2022-3-4 19:36:12,41.25,0.00,0.00,18.005,-0.628,-6.383,11.622,17.377,0.00,0.00,0.00,0.00,0.00,0.00,0.00,0.00,0.00,0.00,0.00,0.00,0.00,0.00,0.00,0.00,0.00
20650,DL:0.1.0:AT.1.0.0,2022-3-4 19:36:17,41.25,0.00,0.00,18.010,-0.632,-6.389,11.621,17.378,0.00,0.00,0.00,0.00,0.00,0.00,0.00,0.00,0.00,0.00,0.00,0.00,0.00,0.00,0.00,0.00,0.00
20650,DL:0.1.0:AT.1.0.0,2022-3-4 19:36:22,41.25,0.00,0.00,18.026,-0.646,-6.405,11.621,17.379,0.00,0.00,0.00,0.00,0.00,0.00,0.00,0.00,0.00,0.00,0.00,0.00,0.00,0.00,0.00,0.00,0.00
20650,DL:0.1.0:AT.1.0.0,2022-3-4 19:36:30,41.25,0.00,0.00,18.009,-0.628,-6.389,11.620,17.380,0.00,0.00,0.00,0.00,0.00,0.00,0.00,0.00,0.00,0.00,0.00,0.00,0.00,0.00,0.00,0.00,0.00
20650,DL:0.1.0:AT.1.0.0,2022-3-4 19:36:36,41.25,0.00,0.00,18.004,-0.624,-6.383,11.621,17.380,0.00,0.00,0.00,0.00,0.00,0.00,0.00,0.00,0.00,0.00,0.00,0.00,0.00,0.00,0.00,0.00,0.00
20650,DL:0.1.0:AT.1.0.0,2022-3-4 19:36:43,41.25,0.00,0.00,18.006,-0.624,-6.388,11.619,17.383,0.00,0.00,0.00,0.00,0.00,0.00,0.00,0.00,0.00,0.00,0.00,0.00,0.00,0.00,0.00,0.00,0.00
20650,DL:0.1.0:AT.1.0.0,2022-3-4 19:36:48,41.25,0.00,0.00,17.999,-0.616,-6.381,11.619,17.383,0.00,0.00,0.00,0.00,0.00,0.00,0.00,0.00,0.00,0.00,0.00,0.00,0.00,0.00,0.00,0.00,0.00
20650,DL:0.1.0:AT.1.0.0,2022-3-4 19:36:53,41.25,0.00,0.00,17.992,-0.609,-6.373,11.619,17.383,0.00,0.00,0.00,0.00,0.00,0.00,0.00,0.00,0.00,0.00,0.00,0.00,0.00,0.00,0.00,0.00,0.00
20650,DL:0.1.0:AT.1.0.0,2022-3-4 19:36:58,41.25,0.00,0.00,18.000,-0.616,-6.383,11.617,17.384,0.00,0.00,0.00,0.00,0.00,0.00,0.00,0.00,0.00,0.00,0.00,0.00,0.00,0.00,0.00,0.00,0.00
20650,DL:0.1.0:AT.1.0.0,2022-3-4 19:37:3,41.25,0.00,0.00,17.994,-0.610,-6.377,11.617,17.384,0.00,0.00,0.00,0.00,0.00,0.00,0.00,0.00,0.00,0.00,0.00,0.00,0.00,0.00,0.00,0.00,0.00
20650,DL:0.1.0:AT.1.0.0,2022-3-4 19:37:8,41.25,0.00,0.00,18.022,-0.638,-6.405,11.617,17.384,0.00,0.00,0.00,0.00,0.00,0.00,0.00,0.00,0.00,0.00,0.00,0.00,0.00,0.00,0.00,0.00,0.00
20650,DL:0.1.0:AT.1.0.0,2022-3-4 19:37:14,41.25,0.00,0.00,17.998,-0.613,-6.382,11.616,17.385,0.00,0.00,0.00,0.00,0.00,0.00,0.00,0.00,0.00,0.00,0.00,0.00,0.00,0.00,0.00,0.00,0.00
20650,DL:0.1.0:AT.1.0.0,2022-3-4 19:37:20,41.25,0.00,0.00,17.997,-0.610,-6.382,11.615,17.386,0.00,0.00,0.00,0.00,0.00,0.00,0.00,0.00,0.00,0.00,0.00,0.00,0.00,0.00,0.00,0.00,0.00
20650,DL:0.1.0:AT.1.0.0,2022-3-4 19:37:27,41.25,0.00,0.00,17.984,-0.596,-6.369,11.615,17.388,0.00,0.00,0.00,0.00,0.00,0.00,0.00,0.00,0.00,0.00,0.00,0.00,0.00,0.00,0.00,0.00,0.00
20650,DL:0.1.0:AT.1.0.0,2022-3-4 19:37:32,41.25,0.00,0.00,17.984,-0.595,-6.369,11.615,17.389,0.00,0.00,0.00,0.00,0.00,0.00,0.00,0.00,0.00,0.00,0.00,0.00,0.00,0.00,0.00,0.00,0.00
20650,DL:0.1.0:AT.1.0.0,2022-3-4 19:37:37,41.25,0.00,0.00,17.986,-0.598,-6.373,11.613,17.388,0.00,0.00,0.00,0.00,0.00,0.00,0.00,0.00,0.00,0.00,0.00,0.00,0.00,0.00,0.00,0.00,0.00
20650,DL:0.1.0:AT.1.0.0,2022-3-4 19:37:42,41.25,0.00,0.00,17.999,-0.612,-6.385,11.614,17.388,0.00,0.00,0.00,0.00,0.00,0.00,0.00,0.00,0.00,0.00,0.00,0.00,0.00,0.00,0.00,0.00,0.00
20650,DL:0.1.0:AT.1.0.0,2022-3-4 19:37:48,41.25,0.00,0.00,17.998,-0.609,-6.385,11.613,17.389,0.00,0.00,0.00,0.00,0.00,0.00,0.00,0.00,0.00,0.00,0.00,0.00,0.00,0.00,0.00,0.00,0.00
20650,DL:0.1.0:AT.1.0.0,2022-3-4 19:37:53,41.25,0.00,0.00,17.979,-0.589,-6.366,11.613,17.390,0.00,0.00,0.00,0.00,0.00,0.00,0.00,0.00,0.00,0.00,0.00,0.00,0.00,0.00,0.00,0.00,0.00
20650,DL:0.1.0:AT.1.0.0,2022-3-4 19:38:3,41.25,0.00,0.00,17.998,-0.607,-6.387,11.611,17.391,0.00,0.00,0.00,0.00,0.00,0.00,0.00,0.00,0.00,0.00,0.00,0.00,0.00,0.00,0.00,0.00,0.00
20650,DL:0.1.0:AT.1.0.0,2022-3-4 19:38:9,41.25,0.00,0.00,18.016,-0.624,-6.405,11.611,17.392,0.00,0.00,0.00,0.00,0.00,0.00,0.00,0.00,0.00,0.00,0.00,0.00,0.00,0.00,0.00,0.00,0.00
20650,DL:0.1.0:AT.1.0.0,2022-3-4 19:38:14,41.25,0.00,0.00,17.956,-0.562,-6.346,11.610,17.394,0.00,0.00,0.00,0.00,0.00,0.00,0.00,0.00,0.00,0.00,0.00,0.00,0.00,0.00,0.00,0.00,0.00
20650,DL:0.1.0:AT.1.0.0,2022-3-4 19:38:19,41.25,0.00,0.00,17.969,-0.574,-6.360,11.609,17.395,0.00,0.00,0.00,0.00,0.00,0.00,0.00,0.00,0.00,0.00,0.00,0.00,0.00,0.00,0.00,0.00,0.00
20650,DL:0.1.0:AT.1.0.0,2022-3-4 19:38:24,41.25,0.00,0.00,17.998,-0.602,-6.390,11.608,17.396,0.00,0.00,0.00,0.00,0.00,0.00,0.00,0.00,0.00,0.00,0.00,0.00,0.00,0.00,0.00,0.00,0.00
20650,DL:0.1.0:AT.1.0.0,2022-3-4 19:38:30,41.25,0.00,0.00,17.998,-0.602,-6.390,11.608,17.396,0.00,0.00,0.00,0.00,0.00,0.00,0.00,0.00,0.00,0.00,0.00,0.00,0.00,0.00,0.00,0.00,0.00
20650,DL:0.1.0:AT.1.0.0,2022-3-4 19:38:35,41.25,0.00,0.00,17.964,-0.567,-6.357,11.608,17.397,0.00,0.00,0.00,0.00,0.00,0.00,0.00,0.00,0.00,0.00,0.00,0.00,0.00,0.00,0.00,0.00,0.00
20650,DL:0.1.0:AT.1.0.0,2022-3-4 19:38:40,41.25,0.00,0.00,18.008,-0.610,-6.400,11.608,17.397,0.00,0.00,0.00,0.00,0.00,0.00,0.00,0.00,0.00,0.00,0.00,0.00,0.00,0.00,0.00,0.00,0.00
20650,DL:0.1.0:AT.1.0.0,2022-3-4 19:38:45,41.25,0.00,0.00,18.002,-0.603,-6.395,11.607,17.398,0.00,0.00,0.00,0.00,0.00,0.00,0.00,0.00,0.00,0.00,0.00,0.00,0.00,0.00,0.00,0.00,0.00
20650,DL:0.1.0:AT.1.0.0,2022-3-4 19:38:50,41.25,0.00,0.00,18.004,-0.604,-6.399,11.605,17.400,0.00,0.00,0.00,0.00,0.00,0.00,0.00,0.00,0.00,0.00,0.00,0.00,0.00,0.00,0.00,0.00,0.00
20650,DL:0.1.0:AT.1.0.0,2022-3-4 19:38:57,41.25,0.00,0.00,18.006,-0.607,-6.401,11.605,17.400,0.00,0.00,0.00,0.00,0.00,0.00,0.00,0.00,0.00,0.00,0.00,0.00,0.00,0.00,0.00,0.00,0.00
20650,DL:0.1.0:AT.1.0.0,2022-3-4 19:39:4,41.25,0.00,0.00,18.026,-0.625,-6.420,11.605,17.401,0.00,0.00,0.00,0.00,0.00,0.00,0.00,0.00,0.00,0.00,0.00,0.00,0.00,0.00,0.00,0.00,0.00
20650,DL:0.1.0:AT.1.0.0,2022-3-4 19:39:9,41.25,0.00,0.00,18.006,-0.604,-6.402,11.604,17.402,0.00,0.00,0.00,0.00,0.00,0.00,0.00,0.00,0.00,0.00,0.00,0.00,0.00,0.00,0.00,0.00,0.00
20650,DL:0.1.0:AT.1.0.0,2022-3-4 19:39:14,41.25,0.00,0.00,18.002,-0.598,-6.399,11.603,17.403,0.00,0.00,0.00,0.00,0.00,0.00,0.00,0.00,0.00,0.00,0.00,0.00,0.00,0.00,0.00,0.00,0.00
20650,DL:0.1.0:AT.1.0.0,2022-3-4 19:39:20,41.25,0.00,0.00,17.998,-0.594,-6.395,11.603,17.404,0.00,0.00,0.00,0.00,0.00,0.00,0.00,0.00,0.00,0.00,0.00,0.00,0.00,0.00,0.00,0.00,0.00
20650,DL:0.1.0:AT.1.0.0,2022-3-4 19:39:28,41.25,0.00,0.00,17.997,-0.592,-6.394,11.603,17.404,0.00,0.00,0.00,0.00,0.00,0.00,0.00,0.00,0.00,0.00,0.00,0.00,0.00,0.00,0.00,0.00,0.00
20650,DL:0.1.0:AT.1.0.0,2022-3-4 19:39:35,41.25,0.00,0.00,18.004,-0.598,-6.402,11.602,17.406,0.00,0.00,0.00,0.00,0.00,0.00,0.00,0.00,0.00,0.00,0.00,0.00,0.00,0.00,0.00,0.00,0.00
20650,DL:0.1.0:AT.1.0.0,2022-3-4 19:39:41,41.25,0.00,0.00,18.014,-0.606,-6.413,11.601,17.408,0.00,0.00,0.00,0.00,0.00,0.00,0.00,0.00,0.00,0.00,0.00,0.00,0.00,0.00,0.00,0.00,0.00
20650,DL:0.1.0:AT.1.0.0,2022-3-4 19:39:46,41.25,0.00,0.00,17.998,-0.590,-6.398,11.601,17.408,0.00,0.00,0.00,0.00,0.00,0.00,0.00,0.00,0.00,0.00,0.00,0.00,0.00,0.00,0.00,0.00,0.00
20650,DL:0.1.0:AT.1.0.0,2022-3-4 19:39:51,41.25,0.00,0.00,17.973,-0.565,-6.373,11.599,17.408,0.00,0.00,0.00,0.00,0.00,0.00,0.00,0.00,0.00,0.00,0.00,0.00,0.00,0.00,0.00,0.00,0.00
20650,DL:0.1.0:AT.1.0.0,2022-3-4 19:39:56,41.25,0.00,0.00,17.998,-0.590,-6.399,11.599,17.408,0.00,0.00,0.00,0.00,0.00,0.00,0.00,0.00,0.00,0.00,0.00,0.00,0.00,0.00,0.00,0.00,0.00
20650,DL:0.1.0:AT.1.0.0,2022-3-4 19:40:2,41.25,0.00,0.00,17.984,-0.574,-6.384,11.599,17.409,0.00,0.00,0.00,0.00,0.00,0.00,0.00,0.00,0.00,0.00,0.00,0.00,0.00,0.00,0.00,0.00,0.00
20650,DL:0.1.0:AT.1.0.0,2022-3-4 19:40:9,41.25,0.00,0.00,18.006,-0.596,-6.410,11.597,17.410,0.00,0.00,0.00,0.00,0.00,0.00,0.00,0.00,0.00,0.00,0.00,0.00,0.00,0.00,0.00,0.00,0.00
20650,DL:0.1.0:AT.1.0.0,2022-3-4 19:40:16,41.25,0.00,0.00,18.008,-0.597,-6.410,11.598,17.410,0.00,0.00,0.00,0.00,0.00,0.00,0.00,0.00,0.00,0.00,0.00,0.00,0.00,0.00,0.00,0.00,0.00
20650,DL:0.1.0:AT.1.0.0,2022-3-4 19:40:22,41.25,0.00,0.00,18.006,-0.594,-6.410,11.597,17.413,0.00,0.00,0.00,0.00,0.00,0.00,0.00,0.00,0.00,0.00,0.00,0.00,0.00,0.00,0.00,0.00,0.00
20650,DL:0.1.0:AT.1.0.0,2022-3-4 19:40:27,41.25,0.00,0.00,17.978,-0.565,-6.381,11.597,17.413,0.00,0.00,0.00,0.00,0.00,0.00,0.00,0.00,0.00,0.00,0.00,0.00,0.00,0.00,0.00,0.00,0.00
20650,DL:0.1.0:AT.1.0.0,2022-3-4 19:40:33,41.25,0.00,0.00,17.988,-0.576,-6.394,11.595,17.413,0.00,0.00,0.00,0.00,0.00,0.00,0.00,0.00,0.00,0.00,0.00,0.00,0.00,0.00,0.00,0.00,0.00
20650,DL:0.1.0:AT.1.0.0,2022-3-4 19:40:38,41.25,0.00,0.00,17.985,-0.572,-6.389,11.596,17.413,0.00,0.00,0.00,0.00,0.00,0.00,0.00,0.00,0.00,0.00,0.00,0.00,0.00,0.00,0.00,0.00,0.00
20650,DL:0.1.0:AT.1.0.0,2022-3-4 19:40:43,41.25,0.00,0.00,18.017,-0.603,-6.423,11.595,17.414,0.00,0.00,0.00,0.00,0.00,0.00,0.00,0.00,0.00,0.00,0.00,0.00,0.00,0.00,0.00,0.00,0.00
20650,DL:0.1.0:AT.1.0.0,2022-3-4 19:40:50,41.25,0.00,0.00,18.012,-0.597,-6.413,11.599,17.415,0.00,0.00,0.00,0.00,0.00,0.00,0.00,0.00,0.00,0.00,0.00,0.00,0.00,0.00,0.00,0.00,0.00
20650,DL:0.1.0:AT.1.0.0,2022-3-4 19:40:55,41.25,0.00,0.00,18.009,-0.592,-6.411,11.598,17.416,0.00,0.00,0.00,0.00,0.00,0.00,0.00,0.00,0.00,0.00,0.00,0.00,0.00,0.00,0.00,0.00,0.00
20650,DL:0.1.0:AT.1.0.0,2022-3-4 19:41:1,41.25,0.00,0.00,18.014,-0.597,-6.417,11.597,17.416,0.00,0.00,0.00,0.00,0.00,0.00,0.00,0.00,0.00,0.00,0.00,0.00,0.00,0.00,0.00,0.00,0.00
20650,DL:0.1.0:AT.1.0.0,2022-3-4 19:41:7,41.25,0.00,0.00,17.978,-0.560,-6.382,11.596,17.418,0.00,0.00,0.00,0.00,0.00,0.00,0.00,0.00,0.00,0.00,0.00,0.00,0.00,0.00,0.00,0.00,0.00
20650,DL:0.1.0:AT.1.0.0,2022-3-4 19:41:12,41.25,0.00,0.00,17.980,-0.562,-6.384,11.596,17.418,0.00,0.00,0.00,0.00,0.00,0.00,0.00,0.00,0.00,0.00,0.00,0.00,0.00,0.00,0.00,0.00,0.00
20650,DL:0.1.0:AT.1.0.0,2022-3-4 19:41:18,41.25,0.00,0.00,18.004,-0.585,-6.408,11.596,17.419,0.00,0.00,0.00,0.00,0.00,0.00,0.00,0.00,0.00,0.00,0.00,0.00,0.00,0.00,0.00,0.00,0.00
20650,DL:0.1.0:AT.1.0.0,2022-3-4 19:41:23,41.25,0.00,0.00,17.991,-0.571,-6.396,11.595,17.420,0.00,0.00,0.00,0.00,0.00,0.00,0.00,0.00,0.00,0.00,0.00,0.00,0.00,0.00,0.00,0.00,0.00
20650,DL:0.1.0:AT.1.0.0,2022-3-4 19:41:28,41.25,0.00,0.00,17.979,-0.559,-6.384,11.595,17.420,0.00,0.00,0.00,0.00,0.00,0.00,0.00,0.00,0.00,0.00,0.00,0.00,0.00,0.00,0.00,0.00,0.00
20650,DL:0.1.0:AT.1.0.0,2022-3-4 19:41:38,41.25,0.00,0.00,18.003,-0.582,-6.410,11.593,17.421,0.00,0.00,0.00,0.00,0.00,0.00,0.00,0.00,0.00,0.00,0.00,0.00,0.00,0.00,0.00,0.00,0.00
20650,DL:0.1.0:AT.1.0.0,2022-3-4 19:41:43,41.25,0.00,0.00,18.023,-0.601,-6.430,11.593,17.422,0.00,0.00,0.00,0.00,0.00,0.00,0.00,0.00,0.00,0.00,0.00,0.00,0.00,0.00,0.00,0.00,0.00
20650,DL:0.1.0:AT.1.0.0,2022-3-4 19:41:48,41.25,0.00,0.00,17.982,-0.559,-6.390,11.592,17.424,0.00,0.00,0.00,0.00,0.00,0.00,0.00,0.00,0.00,0.00,0.00,0.00,0.00,0.00,0.00,0.00,0.00
20650,DL:0.1.0:AT.1.0.0,2022-3-4 19:41:53,41.25,0.00,0.00,18.017,-0.595,-6.425,11.592,17.422,0.00,0.00,0.00,0.00,0.00,0.00,0.00,0.00,0.00,0.00,0.00,0.00,0.00,0.00,0.00,0.00,0.00
20650,DL:0.1.0:AT.1.0.0,2022-3-4 19:41:59,41.25,0.00,0.00,18.037,-0.612,-6.446,11.591,17.425,0.00,0.00,0.00,0.00,0.00,0.00,0.00,0.00,0.00,0.00,0.00,0.00,0.00,0.00,0.00,0.00,0.00
20650,DL:0.1.0:AT.1.0.0,2022-3-4 19:42:4,41.25,0.00,0.00,18.005,-0.580,-6.416,11.590,17.425,0.00,0.00,0.00,0.00,0.00,0.00,0.00,0.00,0.00,0.00,0.00,0.00,0.00,0.00,0.00,0.00,0.00
20650,DL:0.1.0:AT.1.0.0,2022-3-4 19:42:9,41.25,0.00,0.00,17.999,-0.573,-6.408,11.591,17.426,0.00,0.00,0.00,0.00,0.00,0.00,0.00,0.00,0.00,0.00,0.00,0.00,0.00,0.00,0.00,0.00,0.00
20650,DL:0.1.0:AT.1.0.0,2022-3-4 19:42:14,41.25,0.00,0.00,17.993,-0.567,-6.404,11.590,17.426,0.00,0.00,0.00,0.00,0.00,0.00,0.00,0.00,0.00,0.00,0.00,0.00,0.00,0.00,0.00,0.00,0.00
20650,DL:0.1.0:AT.1.0.0,2022-3-4 19:42:19,41.25,0.00,0.00,17.992,-0.566,-6.402,11.590,17.426,0.00,0.00,0.00,0.00,0.00,0.00,0.00,0.00,0.00,0.00,0.00,0.00,0.00,0.00,0.00,0.00,0.00
20650,DL:0.1.0:AT.1.0.0,2022-3-4 19:42:26,41.25,0.00,0.00,17.997,-0.570,-6.408,11.589,17.427,0.00,0.00,0.00,0.00,0.00,0.00,0.00,0.00,0.00,0.00,0.00,0.00,0.00,0.00,0.00,0.00,0.00
20650,DL:0.1.0:AT.1.0.0,2022-3-4 19:42:33,41.25,0.00,0.00,17.994,-0.567,-6.407,11.587,17.427,0.00,0.00,0.00,0.00,0.00,0.00,0.00,0.00,0.00,0.00,0.00,0.00,0.00,0.00,0.00,0.00,0.00
20650,DL:0.1.0:AT.1.0.0,2022-3-4 19:42:39,41.25,0.00,0.00,18.005,-0.577,-6.418,11.587,17.429,0.00,0.00,0.00,0.00,0.00,0.00,0.00,0.00,0.00,0.00,0.00,0.00,0.00,0.00,0.00,0.00,0.00
20650,DL:0.1.0:AT.1.0.0,2022-3-4 19:42:44,41.25,0.00,0.00,18.005,-0.576,-6.418,11.587,17.430,0.00,0.00,0.00,0.00,0.00,0.00,0.00,0.00,0.00,0.00,0.00,0.00,0.00,0.00,0.00,0.00,0.00
20650,DL:0.1.0:AT.1.0.0,2022-3-4 19:42:49,41.25,0.00,0.00,17.976,-0.547,-6.390,11.586,17.430,0.00,0.00,0.00,0.00,0.00,0.00,0.00,0.00,0.00,0.00,0.00,0.00,0.00,0.00,0.00,0.00,0.00
20650,DL:0.1.0:AT.1.0.0,2022-3-4 19:42:54,41.25,0.00,0.00,17.997,-0.566,-6.411,11.586,17.431,0.00,0.00,0.00,0.00,0.00,0.00,0.00,0.00,0.00,0.00,0.00,0.00,0.00,0.00,0.00,0.00,0.00
20650,DL:0.1.0:AT.1.0.0,2022-3-4 19:43:1,41.25,0.00,0.00,17.998,-0.566,-6.412,11.586,17.432,0.00,0.00,0.00,0.00,0.00,0.00,0.00,0.00,0.00,0.00,0.00,0.00,0.00,0.00,0.00,0.00,0.00
20650,DL:0.1.0:AT.1.0.0,2022-3-4 19:43:6,41.25,0.00,0.00,18.008,-0.577,-6.423,11.585,17.431,0.00,0.00,0.00,0.00,0.00,0.00,0.00,0.00,0.00,0.00,0.00,0.00,0.00,0.00,0.00,0.00,0.00
20650,DL:0.1.0:AT.1.0.0,2022-3-4 19:43:11,41.25,0.00,0.00,18.038,-0.606,-6.454,11.584,17.432,0.00,0.00,0.00,0.00,0.00,0.00,0.00,0.00,0.00,0.00,0.00,0.00,0.00,0.00,0.00,0.00,0.00
20650,DL:0.1.0:AT.1.0.0,2022-3-4 19:43:17,41.25,0.00,0.00,18.000,-0.567,-6.418,11.583,17.433,0.00,0.00,0.00,0.00,0.00,0.00,0.00,0.00,0.00,0.00,0.00,0.00,0.00,0.00,0.00,0.00,0.00
20650,DL:0.1.0:AT.1.0.0,2022-3-4 19:43:22,41.25,0.00,0.00,18.005,-0.571,-6.422,11.584,17.435,0.00,0.00,0.00,0.00,0.00,0.00,0.00,0.00,0.00,0.00,0.00,0.00,0.00,0.00,0.00,0.00,0.00
20650,DL:0.1.0:AT.1.0.0,2022-3-4 19:43:27,41.25,0.00,0.00,17.987,-0.553,-6.404,11.584,17.435,0.00,0.00,0.00,0.00,0.00,0.00,0.00,0.00,0.00,0.00,0.00,0.00,0.00,0.00,0.00,0.00,0.00
20650,DL:0.1.0:AT.1.0.0,2022-3-4 19:43:34,41.25,0.00,0.00,18.002,-0.566,-6.419,11.583,17.436,0.00,0.00,0.00,0.00,0.00,0.00,0.00,0.00,0.00,0.00,0.00,0.00,0.00,0.00,0.00,0.00,0.00
20650,DL:0.1.0:AT.1.0.0,2022-3-4 19:43:39,41.25,0.00,0.00,17.993,-0.556,-6.412,11.581,17.437,0.00,0.00,0.00,0.00,0.00,0.00,0.00,0.00,0.00,0.00,0.00,0.00,0.00,0.00,0.00,0.00,0.00
20650,DL:0.1.0:AT.1.0.0,2022-3-4 19:43:44,41.25,0.00,0.00,17.987,-0.550,-6.406,11.581,17.437,0.00,0.00,0.00,0.00,0.00,0.00,0.00,0.00,0.00,0.00,0.00,0.00,0.00,0.00,0.00,0.00,0.00
20650,DL:0.1.0:AT.1.0.0,2022-3-4 19:43:49,41.25,0.00,0.00,18.002,-0.565,-6.422,11.580,17.437,0.00,0.00,0.00,0.00,0.00,0.00,0.00,0.00,0.00,0.00,0.00,0.00,0.00,0.00,0.00,0.00,0.00
20650,DL:0.1.0:AT.1.0.0,2022-3-4 19:43:54,41.25,0.00,0.00,17.964,-0.526,-6.384,11.580,17.438,0.00,0.00,0.00,0.00,0.00,0.00,0.00,0.00,0.00,0.00,0.00,0.00,0.00,0.00,0.00,0.00,0.00
20650,DL:0.1.0:AT.1.0.0,2022-3-4 19:43:59,41.25,0.00,0.00,18.011,-0.573,-6.431,11.580,17.438,0.00,0.00,0.00,0.00,0.00,0.00,0.00,0.00,0.00,0.00,0.00,0.00,0.00,0.00,0.00,0.00,0.00
20650,DL:0.1.0:AT.1.0.0,2022-3-4 19:44:5,41.25,0.00,0.00,18.004,-0.565,-6.425,11.579,17.439,0.00,0.00,0.00,0.00,0.00,0.00,0.00,0.00,0.00,0.00,0.00,0.00,0.00,0.00,0.00,0.00,0.00
20650,DL:0.1.0:AT.1.0.0,2022-3-4 19:44:10,41.25,0.00,0.00,18.025,-0.585,-6.446,11.579,17.439,0.00,0.00,0.00,0.00,0.00,0.00,0.00,0.00,0.00,0.00,0.00,0.00,0.00,0.00,0.00,0.00,0.00
20650,DL:0.1.0:AT.1.0.0,2022-3-4 19:44:17,41.25,0.00,0.00,18.016,-0.576,-6.438,11.578,17.441,0.00,0.00,0.00,0.00,0.00,0.00,0.00,0.00,0.00,0.00,0.00,0.00,0.00,0.00,0.00,0.00,0.00
20650,DL:0.1.0:AT.1.0.0,2022-3-4 19:44:23,41.25,0.00,0.00,18.004,-0.564,-6.428,11.577,17.441,0.00,0.00,0.00,0.00,0.00,0.00,0.00,0.00,0.00,0.00,0.00,0.00,0.00,0.00,0.00,0.00,0.00
20650,DL:0.1.0:AT.1.0.0,2022-3-4 19:44:28,41.25,0.00,0.00,17.997,-0.555,-6.420,11.577,17.442,0.00,0.00,0.00,0.00,0.00,0.00,0.00,0.00,0.00,0.00,0.00,0.00,0.00,0.00,0.00,0.00,0.00
20650,DL:0.1.0:AT.1.0.0,2022-3-4 19:44:33,41.25,0.00,0.00,18.016,-0.574,-6.441,11.575,17.442,0.00,0.00,0.00,0.00,0.00,0.00,0.00,0.00,0.00,0.00,0.00,0.00,0.00,0.00,0.00,0.00,0.00
20650,DL:0.1.0:AT.1.0.0,2022-3-4 19:44:38,41.25,0.00,0.00,17.986,-0.543,-6.412,11.574,17.443,0.00,0.00,0.00,0.00,0.00,0.00,0.00,0.00,0.00,0.00,0.00,0.00,0.00,0.00,0.00,0.00,0.00
20650,DL:0.1.0:AT.1.0.0,2022-3-4 19:44:44,41.25,0.00,0.00,17.951,-0.508,-6.377,11.574,17.443,0.00,0.00,0.00,0.00,0.00,0.00,0.00,0.00,0.00,0.00,0.00,0.00,0.00,0.00,0.00,0.00,0.00
20650,DL:0.1.0:AT.1.0.0,2022-3-4 19:44:51,41.25,0.00,0.00,18.021,-0.576,-6.448,11.573,17.445,0.00,0.00,0.00,0.00,0.00,0.00,0.00,0.00,0.00,0.00,0.00,0.00,0.00,0.00,0.00,0.00,0.00
20650,DL:0.1.0:AT.1.0.0,2022-3-4 19:44:56,41.25,0.00,0.00,18.009,-0.562,-6.436,11.573,17.447,0.00,0.00,0.00,0.00,0.00,0.00,0.00,0.00,0.00,0.00,0.00,0.00,0.00,0.00,0.00,0.00,0.00
20650,DL:0.1.0:AT.1.0.0,2022-3-4 19:45:1,41.25,0.00,0.00,17.999,-0.553,-6.426,11.573,17.447,0.00,0.00,0.00,0.00,0.00,0.00,0.00,0.00,0.00,0.00,0.00,0.00,0.00,0.00,0.00,0.00,0.00
20650,DL:0.1.0:AT.1.0.0,2022-3-4 19:45:9,41.25,0.00,0.00,18.011,-0.564,-6.440,11.572,17.448,0.00,0.00,0.00,0.00,0.00,0.00,0.00,0.00,0.00,0.00,0.00,0.00,0.00,0.00,0.00,0.00,0.00
20650,DL:0.1.0:AT.1.0.0,2022-3-4 19:45:14,41.25,0.00,0.00,18.021,-0.573,-6.449,11.572,17.448,0.00,0.00,0.00,0.00,0.00,0.00,0.00,0.00,0.00,0.00,0.00,0.00,0.00,0.00,0.00,0.00,0.00
20650,DL:0.1.0:AT.1.0.0,2022-3-4 19:45:19,41.25,0.00,0.00,18.029,-0.582,-6.458,11.572,17.448,0.00,0.00,0.00,0.00,0.00,0.00,0.00,0.00,0.00,0.00,0.00,0.00,0.00,0.00,0.00,0.00,0.00
20650,DL:0.1.0:AT.1.0.0,2022-3-4 19:45:24,41.25,0.00,0.00,18.002,-0.553,-6.431,11.571,17.449,0.00,0.00,0.00,0.00,0.00,0.00,0.00,0.00,0.00,0.00,0.00,0.00,0.00,0.00,0.00,0.00,0.00
20650,DL:0.1.0:AT.1.0.0,2022-3-4 19:45:29,41.25,0.00,0.00,18.003,-0.553,-6.432,11.571,17.450,0.00,0.00,0.00,0.00,0.00,0.00,0.00,0.00,0.00,0.00,0.00,0.00,0.00,0.00,0.00,0.00,0.00
20650,DL:0.1.0:AT.1.0.0,2022-3-4 19:45:35,41.25,0.00,0.00,18.010,-0.560,-6.441,11.569,17.450,0.00,0.00,0.00,0.00,0.00,0.00,0.00,0.00,0.00,0.00,0.00,0.00,0.00,0.00,0.00,0.00,0.00
20650,DL:0.1.0:AT.1.0.0,2022-3-4 19:45:43,41.25,0.00,0.00,17.998,-0.547,-6.429,11.569,17.451,0.00,0.00,0.00,0.00,0.00,0.00,0.00,0.00,0.00,0.00,0.00,0.00,0.00,0.00,0.00,0.00,0.00
20650,DL:0.1.0:AT.1.0.0,2022-3-4 19:45:48,41.25,0.00,0.00,18.006,-0.554,-6.438,11.568,17.453,0.00,0.00,0.00,0.00,0.00,0.00,0.00,0.00,0.00,0.00,0.00,0.00,0.00,0.00,0.00,0.00,0.00
20650,DL:0.1.0:AT.1.0.0,2022-3-4 19:45:53,41.25,0.00,0.00,18.009,-0.556,-6.441,11.568,17.453,0.00,0.00,0.00,0.00,0.00,0.00,0.00,0.00,0.00,0.00,0.00,0.00,0.00,0.00,0.00,0.00,0.00
20650,DL:0.1.0:AT.1.0.0,2022-3-4 19:45:58,41.25,0.00,0.00,17.975,-0.522,-6.408,11.567,17.454,0.00,0.00,0.00,0.00,0.00,0.00,0.00,0.00,0.00,0.00,0.00,0.00,0.00,0.00,0.00,0.00,0.00
20650,DL:0.1.0:AT.1.0.0,2022-3-4 19:46:3,41.25,0.00,0.00,17.972,-0.518,-6.405,11.567,17.454,0.00,0.00,0.00,0.00,0.00,0.00,0.00,0.00,0.00,0.00,0.00,0.00,0.00,0.00,0.00,0.00,0.00
20650,DL:0.1.0:AT.1.0.0,2022-3-4 19:46:8,41.25,0.00,0.00,17.998,-0.543,-6.432,11.566,17.455,0.00,0.00,0.00,0.00,0.00,0.00,0.00,0.00,0.00,0.00,0.00,0.00,0.00,0.00,0.00,0.00,0.00
20650,DL:0.1.0:AT.1.0.0,2022-3-4 19:46:13,41.25,0.00,0.00,17.982,-0.528,-6.417,11.566,17.455,0.00,0.00,0.00,0.00,0.00,0.00,0.00,0.00,0.00,0.00,0.00,0.00,0.00,0.00,0.00,0.00,0.00
20650,DL:0.1.0:AT.1.0.0,2022-3-4 19:46:18,41.25,0.00,0.00,18.004,-0.548,-6.440,11.565,17.456,0.00,0.00,0.00,0.00,0.00,0.00,0.00,0.00,0.00,0.00,0.00,0.00,0.00,0.00,0.00,0.00,0.00
20650,DL:0.1.0:AT.1.0.0,2022-3-4 19:46:24,41.25,0.00,0.00,18.021,-0.564,-6.458,11.563,17.457,0.00,0.00,0.00,0.00,0.00,0.00,0.00,0.00,0.00,0.00,0.00,0.00,0.00,0.00,0.00,0.00,0.00
20650,DL:0.1.0:AT.1.0.0,2022-3-4 19:46:31,41.25,0.00,0.00,18.027,-0.568,-6.464,11.563,17.459,0.00,0.00,0.00,0.00,0.00,0.00,0.00,0.00,0.00,0.00,0.00,0.00,0.00,0.00,0.00,0.00,0.00
20650,DL:0.1.0:AT.1.0.0,2022-3-4 19:46:36,41.25,0.00,0.00,17.997,-0.538,-6.434,11.563,17.459,0.00,0.00,0.00,0.00,0.00,0.00,0.00,0.00,0.00,0.00,0.00,0.00,0.00,0.00,0.00,0.00,0.00
20650,DL:0.1.0:AT.1.0.0,2022-3-4 19:46:42,41.25,0.00,0.00,18.002,-0.543,-6.440,11.562,17.459,0.00,0.00,0.00,0.00,0.00,0.00,0.00,0.00,0.00,0.00,0.00,0.00,0.00,0.00,0.00,0.00,0.00
20650,DL:0.1.0:AT.1.0.0,2022-3-4 19:46:47,41.25,0.00,0.00,17.986,-0.526,-6.425,11.561,17.460,0.00,0.00,0.00,0.00,0.00,0.00,0.00,0.00,0.00,0.00,0.00,0.00,0.00,0.00,0.00,0.00,0.00
20650,DL:0.1.0:AT.1.0.0,2022-3-4 19:46:52,41.25,0.00,0.00,17.993,-0.534,-6.431,11.562,17.460,0.00,0.00,0.00,0.00,0.00,0.00,0.00,0.00,0.00,0.00,0.00,0.00,0.00,0.00,0.00,0.00,0.00
20650,DL:0.1.0:AT.1.0.0,2022-3-4 19:46:58,41.25,0.00,0.00,18.000,-0.540,-6.440,11.561,17.461,0.00,0.00,0.00,0.00,0.00,0.00,0.00,0.00,0.00,0.00,0.00,0.00,0.00,0.00,0.00,0.00,0.00
20650,DL:0.1.0:AT.1.0.0,2022-3-4 19:47:3,41.25,0.00,0.00,18.011,-0.549,-6.452,11.560,17.462,0.00,0.00,0.00,0.00,0.00,0.00,0.00,0.00,0.00,0.00,0.00,0.00,0.00,0.00,0.00,0.00,0.00
20650,DL:0.1.0:AT.1.0.0,2022-3-4 19:47:8,41.25,0.00,0.00,17.998,-0.537,-6.438,11.560,17.461,0.00,0.00,0.00,0.00,0.00,0.00,0.00,0.00,0.00,0.00,0.00,0.00,0.00,0.00,0.00,0.00,0.00
20650,DL:0.1.0:AT.1.0.0,2022-3-4 19:47:15,41.25,0.00,0.00,18.008,-0.546,-6.448,11.560,17.462,0.00,0.00,0.00,0.00,0.00,0.00,0.00,0.00,0.00,0.00,0.00,0.00,0.00,0.00,0.00,0.00,0.00
20650,DL:0.1.0:AT.1.0.0,2022-3-4 19:47:22,41.25,0.00,0.00,17.994,-0.531,-6.436,11.559,17.463,0.00,0.00,0.00,0.00,0.00,0.00,0.00,0.00,0.00,0.00,0.00,0.00,0.00,0.00,0.00,0.00,0.00
20650,DL:0.1.0:AT.1.0.0,2022-3-4 19:47:29,41.25,0.00,0.00,18.017,-0.553,-6.460,11.557,17.465,0.00,0.00,0.00,0.00,0.00,0.00,0.00,0.00,0.00,0.00,0.00,0.00,0.00,0.00,0.00,0.00,0.00
20650,DL:0.1.0:AT.1.0.0,2022-3-4 19:47:34,41.25,0.00,0.00,18.016,-0.550,-6.460,11.556,17.466,0.00,0.00,0.00,0.00,0.00,0.00,0.00,0.00,0.00,0.00,0.00,0.00,0.00,0.00,0.00,0.00,0.00
20650,DL:0.1.0:AT.1.0.0,2022-3-4 19:47:40,41.25,0.00,0.00,17.993,-0.529,-6.436,11.557,17.465,0.00,0.00,0.00,0.00,0.00,0.00,0.00,0.00,0.00,0.00,0.00,0.00,0.00,0.00,0.00,0.00,0.00
20650,DL:0.1.0:AT.1.0.0,2022-3-4 19:47:45,41.25,0.00,0.00,18.005,-0.538,-6.449,11.556,17.467,0.00,0.00,0.00,0.00,0.00,0.00,0.00,0.00,0.00,0.00,0.00,0.00,0.00,0.00,0.00,0.00,0.00
20650,DL:0.1.0:AT.1.0.0,2022-3-4 19:47:51,41.25,0.00,0.00,18.028,-0.560,-6.472,11.556,17.468,0.00,0.00,0.00,0.00,0.00,0.00,0.00,0.00,0.00,0.00,0.00,0.00,0.00,0.00,0.00,0.00,0.00
20650,DL:0.1.0:AT.1.0.0,2022-3-4 19:47:58,41.25,0.00,0.00,17.993,-0.524,-6.437,11.556,17.469,0.00,0.00,0.00,0.00,0.00,0.00,0.00,0.00,0.00,0.00,0.00,0.00,0.00,0.00,0.00,0.00,0.00
20650,DL:0.1.0:AT.1.0.0,2022-3-4 19:48:6,41.25,0.00,0.00,18.000,-0.531,-6.446,11.555,17.469,0.00,0.00,0.00,0.00,0.00,0.00,0.00,0.00,0.00,0.00,0.00,0.00,0.00,0.00,0.00,0.00,0.00
20650,DL:0.1.0:AT.1.0.0,2022-3-4 19:48:11,41.25,0.00,0.00,17.993,-0.523,-6.438,11.555,17.471,0.00,0.00,0.00,0.00,0.00,0.00,0.00,0.00,0.00,0.00,0.00,0.00,0.00,0.00,0.00,0.00,0.00
20650,DL:0.1.0:AT.1.0.0,2022-3-4 19:48:16,41.25,0.00,0.00,18.005,-0.535,-6.452,11.554,17.471,0.00,0.00,0.00,0.00,0.00,0.00,0.00,0.00,0.00,0.00,0.00,0.00,0.00,0.00,0.00,0.00,0.00
20650,DL:0.1.0:AT.1.0.0,2022-3-4 19:48:21,41.25,0.00,0.00,18.009,-0.538,-6.455,11.554,17.471,0.00,0.00,0.00,0.00,0.00,0.00,0.00,0.00,0.00,0.00,0.00,0.00,0.00,0.00,0.00,0.00,0.00
20650,DL:0.1.0:AT.1.0.0,2022-3-4 19:48:27,41.25,0.00,0.00,17.990,-0.518,-6.437,11.553,17.472,0.00,0.00,0.00,0.00,0.00,0.00,0.00,0.00,0.00,0.00,0.00,0.00,0.00,0.00,0.00,0.00,0.00
20650,DL:0.1.0:AT.1.0.0,2022-3-4 19:48:34,41.25,0.00,0.00,18.000,-0.526,-6.449,11.551,17.474,0.00,0.00,0.00,0.00,0.00,0.00,0.00,0.00,0.00,0.00,0.00,0.00,0.00,0.00,0.00,0.00,0.00
20650,DL:0.1.0:AT.1.0.0,2022-3-4 19:48:41,41.25,0.00,0.00,17.970,-0.496,-6.420,11.550,17.474,0.00,0.00,0.00,0.00,0.00,0.00,0.00,0.00,0.00,0.00,0.00,0.00,0.00,0.00,0.00,0.00,0.00
20650,DL:0.1.0:AT.1.0.0,2022-3-4 19:48:48,41.25,0.00,0.00,17.988,-0.513,-6.437,11.551,17.475,0.00,0.00,0.00,0.00,0.00,0.00,0.00,0.00,0.00,0.00,0.00,0.00,0.00,0.00,0.00,0.00,0.00
20650,DL:0.1.0:AT.1.0.0,2022-3-4 19:48:54,41.25,0.00,0.00,17.998,-0.523,-6.448,11.550,17.475,0.00,0.00,0.00,0.00,0.00,0.00,0.00,0.00,0.00,0.00,0.00,0.00,0.00,0.00,0.00,0.00,0.00
20650,DL:0.1.0:AT.1.0.0,2022-3-4 19:48:59,41.25,0.00,0.00,17.980,-0.503,-6.431,11.549,17.477,0.00,0.00,0.00,0.00,0.00,0.00,0.00,0.00,0.00,0.00,0.00,0.00,0.00,0.00,0.00,0.00,0.00
20650,DL:0.1.0:AT.1.0.0,2022-3-4 19:49:4,41.25,0.00,0.00,17.988,-0.511,-6.440,11.549,17.478,0.00,0.00,0.00,0.00,0.00,0.00,0.00,0.00,0.00,0.00,0.00,0.00,0.00,0.00,0.00,0.00,0.00
20650,DL:0.1.0:AT.1.0.0,2022-3-4 19:49:10,41.25,0.00,0.00,17.998,-0.518,-6.449,11.549,17.480,0.00,0.00,0.00,0.00,0.00,0.00,0.00,0.00,0.00,0.00,0.00,0.00,0.00,0.00,0.00,0.00,0.00
20650,DL:0.1.0:AT.1.0.0,2022-3-4 19:49:18,41.25,0.00,0.00,17.991,-0.509,-6.443,11.548,17.481,0.00,0.00,0.00,0.00,0.00,0.00,0.00,0.00,0.00,0.00,0.00,0.00,0.00,0.00,0.00,0.00,0.00
20650,DL:0.1.0:AT.1.0.0,2022-3-4 19:49:23,41.00,0.00,0.00,18.019,-0.536,-6.471,11.548,17.483,0.00,0.00,0.00,0.00,0.00,0.00,0.00,0.00,0.00,0.00,0.00,0.00,0.00,0.00,0.00,0.00,0.00
20650,DL:0.1.0:AT.1.0.0,2022-3-4 19:49:28,41.00,0.00,0.00,18.000,-0.518,-6.454,11.547,17.483,0.00,0.00,0.00,0.00,0.00,0.00,0.00,0.00,0.00,0.00,0.00,0.00,0.00,0.00,0.00,0.00,0.00
20650,DL:0.1.0:AT.1.0.0,2022-3-4 19:49:33,41.00,0.00,0.00,17.986,-0.502,-6.440,11.547,17.484,0.00,0.00,0.00,0.00,0.00,0.00,0.00,0.00,0.00,0.00,0.00,0.00,0.00,0.00,0.00,0.00,0.00
20650,DL:0.1.0:AT.1.0.0,2022-3-4 19:49:38,41.00,0.00,0.00,18.003,-0.518,-6.456,11.547,17.485,0.00,0.00,0.00,0.00,0.00,0.00,0.00,0.00,0.00,0.00,0.00,0.00,0.00,0.00,0.00,0.00,0.00
20650,DL:0.1.0:AT.1.0.0,2022-3-4 19:49:43,41.00,0.00,0.00,17.987,-0.501,-6.442,11.545,17.486,0.00,0.00,0.00,0.00,0.00,0.00,0.00,0.00,0.00,0.00,0.00,0.00,0.00,0.00,0.00,0.00,0.00
20650,DL:0.1.0:AT.1.0.0,2022-3-4 19:49:49,41.00,0.00,0.00,17.984,-0.497,-6.438,11.545,17.486,0.00,0.00,0.00,0.00,0.00,0.00,0.00,0.00,0.00,0.00,0.00,0.00,0.00,0.00,0.00,0.00,0.00
20650,DL:0.1.0:AT.1.0.0,2022-3-4 19:49:56,41.00,0.00,0.00,17.987,-0.500,-6.444,11.543,17.487,0.00,0.00,0.00,0.00,0.00,0.00,0.00,0.00,0.00,0.00,0.00,0.00,0.00,0.00,0.00,0.00,0.00
20650,DL:0.1.0:AT.1.0.0,2022-3-4 19:50:3,41.00,0.00,0.00,17.992,-0.502,-6.449,11.543,17.490,0.00,0.00,0.00,0.00,0.00,0.00,0.00,0.00,0.00,0.00,0.00,0.00,0.00,0.00,0.00,0.00,0.00
20650,DL:0.1.0:AT.1.0.0,2022-3-4 19:50:10,41.00,0.00,0.00,17.998,-0.508,-6.455,11.543,17.490,0.00,0.00,0.00,0.00,0.00,0.00,0.00,0.00,0.00,0.00,0.00,0.00,0.00,0.00,0.00,0.00,0.00
20650,DL:0.1.0:AT.1.0.0,2022-3-4 19:50:18,41.00,0.00,0.00,17.987,-0.496,-6.446,11.542,17.491,0.00,0.00,0.00,0.00,0.00,0.00,0.00,0.00,0.00,0.00,0.00,0.00,0.00,0.00,0.00,0.00,0.00
20650,DL:0.1.0:AT.1.0.0,2022-3-4 19:50:24,41.00,0.00,0.00,17.986,-0.494,-6.446,11.540,17.492,0.00,0.00,0.00,0.00,0.00,0.00,0.00,0.00,0.00,0.00,0.00,0.00,0.00,0.00,0.00,0.00,0.00
20650,DL:0.1.0:AT.1.0.0,2022-3-4 19:50:30,41.00,0.00,0.00,17.987,-0.494,-6.447,11.540,17.493,0.00,0.00,0.00,0.00,0.00,0.00,0.00,0.00,0.00,0.00,0.00,0.00,0.00,0.00,0.00,0.00,0.00
20650,DL:0.1.0:AT.1.0.0,2022-3-4 19:50:35,41.00,0.00,0.00,17.991,-0.499,-6.450,11.540,17.492,0.00,0.00,0.00,0.00,0.00,0.00,0.00,0.00,0.00,0.00,0.00,0.00,0.00,0.00,0.00,0.00,0.00
20650,DL:0.1.0:AT.1.0.0,2022-3-4 19:50:41,41.00,0.00,0.00,17.998,-0.506,-6.458,11.540,17.492,0.00,0.00,0.00,0.00,0.00,0.00,0.00,0.00,0.00,0.00,0.00,0.00,0.00,0.00,0.00,0.00,0.00
20650,DL:0.1.0:AT.1.0.0,2022-3-4 19:50:46,41.00,0.00,0.00,17.975,-0.482,-6.436,11.539,17.493,0.00,0.00,0.00,0.00,0.00,0.00,0.00,0.00,0.00,0.00,0.00,0.00,0.00,0.00,0.00,0.00,0.00
20650,DL:0.1.0:AT.1.0.0,2022-3-4 19:50:51,41.00,0.00,0.00,17.972,-0.477,-6.432,11.539,17.495,0.00,0.00,0.00,0.00,0.00,0.00,0.00,0.00,0.00,0.00,0.00,0.00,0.00,0.00,0.00,0.00,0.00
20650,DL:0.1.0:AT.1.0.0,2022-3-4 19:50:56,41.00,0.00,0.00,17.978,-0.483,-6.440,11.538,17.495,0.00,0.00,0.00,0.00,0.00,0.00,0.00,0.00,0.00,0.00,0.00,0.00,0.00,0.00,0.00,0.00,0.00
20650,DL:0.1.0:AT.1.0.0,2022-3-4 19:51:1,41.00,0.00,0.00,17.944,-0.451,-6.406,11.538,17.493,0.00,0.00,0.00,0.00,0.00,0.00,0.00,0.00,0.00,0.00,0.00,0.00,0.00,0.00,0.00,0.00,0.00
20650,DL:0.1.0:AT.1.0.0,2022-3-4 19:51:8,41.00,0.00,0.00,17.972,-0.475,-6.435,11.537,17.497,0.00,0.00,0.00,0.00,0.00,0.00,0.00,0.00,0.00,0.00,0.00,0.00,0.00,0.00,0.00,0.00,0.00
20650,DL:0.1.0:AT.1.0.0,2022-3-4 19:51:15,41.00,0.00,0.00,17.975,-0.478,-6.438,11.537,17.497,0.00,0.00,0.00,0.00,0.00,0.00,0.00,0.00,0.00,0.00,0.00,0.00,0.00,0.00,0.00,0.00,0.00
20650,DL:0.1.0:AT.1.0.0,2022-3-4 19:51:20,41.00,0.00,0.00,17.961,-0.463,-6.425,11.536,17.498,0.00,0.00,0.00,0.00,0.00,0.00,0.00,0.00,0.00,0.00,0.00,0.00,0.00,0.00,0.00,0.00,0.00
20650,DL:0.1.0:AT.1.0.0,2022-3-4 19:51:25,41.00,0.00,0.00,17.994,-0.496,-6.459,11.536,17.498,0.00,0.00,0.00,0.00,0.00,0.00,0.00,0.00,0.00,0.00,0.00,0.00,0.00,0.00,0.00,0.00,0.00
20650,DL:0.1.0:AT.1.0.0,2022-3-4 19:51:32,41.00,0.00,0.00,17.956,-0.458,-6.420,11.536,17.498,0.00,0.00,0.00,0.00,0.00,0.00,0.00,0.00,0.00,0.00,0.00,0.00,0.00,0.00,0.00,0.00,0.00
20650,DL:0.1.0:AT.1.0.0,2022-3-4 19:51:39,41.00,0.00,0.00,17.975,-0.477,-6.441,11.534,17.498,0.00,0.00,0.00,0.00,0.00,0.00,0.00,0.00,0.00,0.00,0.00,0.00,0.00,0.00,0.00,0.00,0.00
20650,DL:0.1.0:AT.1.0.0,2022-3-4 19:51:44,41.00,0.00,0.00,17.982,-0.484,-6.449,11.533,17.498,0.00,0.00,0.00,0.00,0.00,0.00,0.00,0.00,0.00,0.00,0.00,0.00,0.00,0.00,0.00,0.00,0.00
20650,DL:0.1.0:AT.1.0.0,2022-3-4 19:51:50,41.00,0.00,0.00,17.952,-0.453,-6.419,11.533,17.499,0.00,0.00,0.00,0.00,0.00,0.00,0.00,0.00,0.00,0.00,0.00,0.00,0.00,0.00,0.00,0.00,0.00
20650,DL:0.1.0:AT.1.0.0,2022-3-4 19:51:56,41.00,0.00,0.00,17.964,-0.465,-6.431,11.533,17.499,0.00,0.00,0.00,0.00,0.00,0.00,0.00,0.00,0.00,0.00,0.00,0.00,0.00,0.00,0.00,0.00,0.00
20650,DL:0.1.0:AT.1.0.0,2022-3-4 19:52:3,41.00,0.00,0.00,17.972,-0.472,-6.440,11.532,17.499,0.00,0.00,0.00,0.00,0.00,0.00,0.00,0.00,0.00,0.00,0.00,0.00,0.00,0.00,0.00,0.00,0.00
20650,DL:0.1.0:AT.1.0.0,2022-3-4 19:52:9,41.00,0.00,0.00,17.976,-0.476,-6.446,11.531,17.501,0.00,0.00,0.00,0.00,0.00,0.00,0.00,0.00,0.00,0.00,0.00,0.00,0.00,0.00,0.00,0.00,0.00
20650,DL:0.1.0:AT.1.0.0,2022-3-4 19:52:16,41.00,0.00,0.00,17.944,-0.445,-6.413,11.531,17.499,0.00,0.00,0.00,0.00,0.00,0.00,0.00,0.00,0.00,0.00,0.00,0.00,0.00,0.00,0.00,0.00,0.00
20650,DL:0.1.0:AT.1.0.0,2022-3-4 19:52:21,41.00,0.00,0.00,17.963,-0.463,-6.432,11.531,17.501,0.00,0.00,0.00,0.00,0.00,0.00,0.00,0.00,0.00,0.00,0.00,0.00,0.00,0.00,0.00,0.00,0.00
20650,DL:0.1.0:AT.1.0.0,2022-3-4 19:52:26,41.00,0.00,0.00,17.964,-0.464,-6.434,11.531,17.501,0.00,0.00,0.00,0.00,0.00,0.00,0.00,0.00,0.00,0.00,0.00,0.00,0.00,0.00,0.00,0.00,0.00
20650,DL:0.1.0:AT.1.0.0,2022-3-4 19:52:31,41.00,0.00,0.00,17.944,-0.442,-6.416,11.528,17.502,0.00,0.00,0.00,0.00,0.00,0.00,0.00,0.00,0.00,0.00,0.00,0.00,0.00,0.00,0.00,0.00,0.00
20650,DL:0.1.0:AT.1.0.0,2022-3-4 19:52:37,41.00,0.00,0.00,17.970,-0.469,-6.441,11.530,17.502,0.00,0.00,0.00,0.00,0.00,0.00,0.00,0.00,0.00,0.00,0.00,0.00,0.00,0.00,0.00,0.00,0.00
20650,DL:0.1.0:AT.1.0.0,2022-3-4 19:52:44,41.00,0.00,0.00,17.962,-0.460,-6.434,11.528,17.502,0.00,0.00,0.00,0.00,0.00,0.00,0.00,0.00,0.00,0.00,0.00,0.00,0.00,0.00,0.00,0.00,0.00
20650,DL:0.1.0:AT.1.0.0,2022-3-4 19:52:51,41.00,0.00,0.00,17.972,-0.469,-6.444,11.527,17.503,0.00,0.00,0.00,0.00,0.00,0.00,0.00,0.00,0.00,0.00,0.00,0.00,0.00,0.00,0.00,0.00,0.00
20650,DL:0.1.0:AT.1.0.0,2022-3-4 19:52:56,41.00,0.00,0.00,17.969,-0.466,-6.442,11.527,17.503,0.00,0.00,0.00,0.00,0.00,0.00,0.00,0.00,0.00,0.00,0.00,0.00,0.00,0.00,0.00,0.00,0.00
20650,DL:0.1.0:AT.1.0.0,2022-3-4 19:53:1,41.00,0.00,0.00,17.955,-0.451,-6.429,11.526,17.504,0.00,0.00,0.00,0.00,0.00,0.00,0.00,0.00,0.00,0.00,0.00,0.00,0.00,0.00,0.00,0.00,0.00
20650,DL:0.1.0:AT.1.0.0,2022-3-4 19:53:6,41.00,0.00,0.00,17.981,-0.478,-6.455,11.526,17.503,0.00,0.00,0.00,0.00,0.00,0.00,0.00,0.00,0.00,0.00,0.00,0.00,0.00,0.00,0.00,0.00,0.00
20650,DL:0.1.0:AT.1.0.0,2022-3-4 19:53:11,41.00,0.00,0.00,17.961,-0.457,-6.436,11.525,17.504,0.00,0.00,0.00,0.00,0.00,0.00,0.00,0.00,0.00,0.00,0.00,0.00,0.00,0.00,0.00,0.00,0.00
20650,DL:0.1.0:AT.1.0.0,2022-3-4 19:53:22,41.00,0.00,0.00,17.963,-0.459,-6.440,11.524,17.504,0.00,0.00,0.00,0.00,0.00,0.00,0.00,0.00,0.00,0.00,0.00,0.00,0.00,0.00,0.00,0.00,0.00
20650,DL:0.1.0:AT.1.0.0,2022-3-4 19:53:28,41.00,0.00,0.00,17.964,-0.459,-6.440,11.525,17.505,0.00,0.00,0.00,0.00,0.00,0.00,0.00,0.00,0.00,0.00,0.00,0.00,0.00,0.00,0.00,0.00,0.00
20650,DL:0.1.0:AT.1.0.0,2022-3-4 19:53:36,41.00,0.00,0.00,17.962,-0.457,-6.440,11.522,17.505,0.00,0.00,0.00,0.00,0.00,0.00,0.00,0.00,0.00,0.00,0.00,0.00,0.00,0.00,0.00,0.00,0.00
20650,DL:0.1.0:AT.1.0.0,2022-3-4 19:53:42,41.00,0.00,0.00,17.979,-0.473,-6.456,11.522,17.505,0.00,0.00,0.00,0.00,0.00,0.00,0.00,0.00,0.00,0.00,0.00,0.00,0.00,0.00,0.00,0.00,0.00
20650,DL:0.1.0:AT.1.0.0,2022-3-4 19:53:47,41.00,0.00,0.00,17.957,-0.451,-6.435,11.522,17.507,0.00,0.00,0.00,0.00,0.00,0.00,0.00,0.00,0.00,0.00,0.00,0.00,0.00,0.00,0.00,0.00,0.00
20650,DL:0.1.0:AT.1.0.0,2022-3-4 19:53:53,41.00,0.00,0.00,17.960,-0.453,-6.438,11.521,17.507,0.00,0.00,0.00,0.00,0.00,0.00,0.00,0.00,0.00,0.00,0.00,0.00,0.00,0.00,0.00,0.00,0.00
20650,DL:0.1.0:AT.1.0.0,2022-3-4 19:53:59,41.00,0.00,0.00,17.973,-0.465,-6.452,11.521,17.508,0.00,0.00,0.00,0.00,0.00,0.00,0.00,0.00,0.00,0.00,0.00,0.00,0.00,0.00,0.00,0.00,0.00
20650,DL:0.1.0:AT.1.0.0,2022-3-4 19:54:4,41.00,0.00,0.00,17.961,-0.453,-6.441,11.520,17.508,0.00,0.00,0.00,0.00,0.00,0.00,0.00,0.00,0.00,0.00,0.00,0.00,0.00,0.00,0.00,0.00,0.00
20650,DL:0.1.0:AT.1.0.0,2022-3-4 19:54:9,41.00,0.00,0.00,17.952,-0.446,-6.432,11.520,17.507,0.00,0.00,0.00,0.00,0.00,0.00,0.00,0.00,0.00,0.00,0.00,0.00,0.00,0.00,0.00,0.00,0.00
20650,DL:0.1.0:AT.1.0.0,2022-3-4 19:54:16,41.00,0.00,0.00,17.981,-0.473,-6.462,11.519,17.508,0.00,0.00,0.00,0.00,0.00,0.00,0.00,0.00,0.00,0.00,0.00,0.00,0.00,0.00,0.00,0.00,0.00
20650,DL:0.1.0:AT.1.0.0,2022-3-4 19:54:30,41.00,0.00,0.00,17.950,-0.441,-6.431,11.519,17.509,0.00,0.00,0.00,0.00,0.00,0.00,0.00,0.00,0.00,0.00,0.00,0.00,0.00,0.00,0.00,0.00,0.00
20650,DL:0.1.0:AT.1.0.0,2022-3-4 19:54:35,41.00,0.00,0.00,17.976,-0.467,-6.459,11.518,17.509,0.00,0.00,0.00,0.00,0.00,0.00,0.00,0.00,0.00,0.00,0.00,0.00,0.00,0.00,0.00,0.00,0.00
20650,DL:0.1.0:AT.1.0.0,2022-3-4 19:54:40,41.00,0.00,0.00,17.963,-0.454,-6.446,11.518,17.509,0.00,0.00,0.00,0.00,0.00,0.00,0.00,0.00,0.00,0.00,0.00,0.00,0.00,0.00,0.00,0.00,0.00
20650,DL:0.1.0:AT.1.0.0,2022-3-4 19:54:47,41.00,0.00,0.00,17.957,-0.448,-6.442,11.515,17.509,0.00,0.00,0.00,0.00,0.00,0.00,0.00,0.00,0.00,0.00,0.00,0.00,0.00,0.00,0.00,0.00,0.00
20650,DL:0.1.0:AT.1.0.0,2022-3-4 19:54:52,41.00,0.00,0.00,17.956,-0.446,-6.440,11.516,17.510,0.00,0.00,0.00,0.00,0.00,0.00,0.00,0.00,0.00,0.00,0.00,0.00,0.00,0.00,0.00,0.00,0.00
20650,DL:0.1.0:AT.1.0.0,2022-3-4 19:54:57,41.00,0.00,0.00,17.961,-0.449,-6.446,11.515,17.511,0.00,0.00,0.00,0.00,0.00,0.00,0.00,0.00,0.00,0.00,0.00,0.00,0.00,0.00,0.00,0.00,0.00
20650,DL:0.1.0:AT.1.0.0,2022-3-4 19:55:2,41.00,0.00,0.00,17.951,-0.440,-6.436,11.515,17.511,0.00,0.00,0.00,0.00,0.00,0.00,0.00,0.00,0.00,0.00,0.00,0.00,0.00,0.00,0.00,0.00,0.00
20650,DL:0.1.0:AT.1.0.0,2022-3-4 19:55:8,41.00,0.00,0.00,17.958,-0.446,-6.444,11.514,17.513,0.00,0.00,0.00,0.00,0.00,0.00,0.00,0.00,0.00,0.00,0.00,0.00,0.00,0.00,0.00,0.00,0.00
20650,DL:0.1.0:AT.1.0.0,2022-3-4 19:55:15,41.00,0.00,0.00,17.963,-0.451,-6.449,11.514,17.513,0.00,0.00,0.00,0.00,0.00,0.00,0.00,0.00,0.00,0.00,0.00,0.00,0.00,0.00,0.00,0.00,0.00
20650,DL:0.1.0:AT.1.0.0,2022-3-4 19:55:23,41.00,0.00,0.00,17.964,-0.452,-6.453,11.512,17.513,0.00,0.00,0.00,0.00,0.00,0.00,0.00,0.00,0.00,0.00,0.00,0.00,0.00,0.00,0.00,0.00,0.00
20650,DL:0.1.0:AT.1.0.0,2022-3-4 19:55:28,41.00,0.00,0.00,17.975,-0.461,-6.464,11.512,17.514,0.00,0.00,0.00,0.00,0.00,0.00,0.00,0.00,0.00,0.00,0.00,0.00,0.00,0.00,0.00,0.00,0.00
20650,DL:0.1.0:AT.1.0.0,2022-3-4 19:55:35,41.00,0.00,0.00,17.973,-0.459,-6.455,11.518,17.514,0.00,0.00,0.00,0.00,0.00,0.00,0.00,0.00,0.00,0.00,0.00,0.00,0.00,0.00,0.00,0.00,0.00
20650,DL:0.1.0:AT.1.0.0,2022-3-4 19:55:40,41.00,0.00,0.00,17.994,-0.479,-6.470,11.525,17.515,0.00,0.00,0.00,0.00,0.00,0.00,0.00,0.00,0.00,0.00,0.00,0.00,0.00,0.00,0.00,0.00,0.00
20650,DL:0.1.0:AT.1.0.0,2022-3-4 19:55:46,41.00,0.00,0.00,17.966,-0.451,-6.437,11.528,17.515,0.00,0.00,0.00,0.00,0.00,0.00,0.00,0.00,0.00,0.00,0.00,0.00,0.00,0.00,0.00,0.00,0.00
20650,DL:0.1.0:AT.1.0.0,2022-3-4 19:55:54,41.00,0.00,0.00,17.962,-0.447,-6.434,11.528,17.515,0.00,0.00,0.00,0.00,0.00,0.00,0.00,0.00,0.00,0.00,0.00,0.00,0.00,0.00,0.00,0.00,0.00
20650,DL:0.1.0:AT.1.0.0,2022-3-4 19:55:59,41.00,0.00,0.00,18.003,-0.488,-6.474,11.528,17.515,0.00,0.00,0.00,0.00,0.00,0.00,0.00,0.00,0.00,0.00,0.00,0.00,0.00,0.00,0.00,0.00,0.00
20650,DL:0.1.0:AT.1.0.0,2022-3-4 19:56:6,41.00,0.00,0.00,17.973,-0.455,-6.446,11.527,17.517,0.00,0.00,0.00,0.00,0.00,0.00,0.00,0.00,0.00,0.00,0.00,0.00,0.00,0.00,0.00,0.00,0.00
20650,DL:0.1.0:AT.1.0.0,2022-3-4 19:56:13,41.00,0.00,0.00,17.960,-0.442,-6.432,11.527,17.517,0.00,0.00,0.00,0.00,0.00,0.00,0.00,0.00,0.00,0.00,0.00,0.00,0.00,0.00,0.00,0.00,0.00
20650,DL:0.1.0:AT.1.0.0,2022-3-4 19:56:19,41.00,0.00,0.00,17.930,-0.411,-6.404,11.526,17.519,0.00,0.00,0.00,0.00,0.00,0.00,0.00,0.00,0.00,0.00,0.00,0.00,0.00,0.00,0.00,0.00,0.00
20650,DL:0.1.0:AT.1.0.0,2022-3-4 19:56:25,41.00,0.00,0.00,17.980,-0.461,-6.455,11.525,17.519,0.00,0.00,0.00,0.00,0.00,0.00,0.00,0.00,0.00,0.00,0.00,0.00,0.00,0.00,0.00,0.00,0.00
20650,DL:0.1.0:AT.1.0.0,2022-3-4 19:56:30,41.00,0.00,0.00,17.967,-0.448,-6.442,11.525,17.519,0.00,0.00,0.00,0.00,0.00,0.00,0.00,0.00,0.00,0.00,0.00,0.00,0.00,0.00,0.00,0.00,0.00
20650,DL:0.1.0:AT.1.0.0,2022-3-4 19:56:35,41.00,0.00,0.00,17.967,-0.447,-6.443,11.524,17.520,0.00,0.00,0.00,0.00,0.00,0.00,0.00,0.00,0.00,0.00,0.00,0.00,0.00,0.00,0.00,0.00,0.00
20650,DL:0.1.0:AT.1.0.0,2022-3-4 19:56:40,41.00,0.00,0.00,17.958,-0.437,-6.435,11.524,17.521,0.00,0.00,0.00,0.00,0.00,0.00,0.00,0.00,0.00,0.00,0.00,0.00,0.00,0.00,0.00,0.00,0.00
20650,DL:0.1.0:AT.1.0.0,2022-3-4 19:56:47,41.00,0.00,0.00,17.962,-0.440,-6.437,11.525,17.522,0.00,0.00,0.00,0.00,0.00,0.00,0.00,0.00,0.00,0.00,0.00,0.00,0.00,0.00,0.00,0.00,0.00
20650,DL:0.1.0:AT.1.0.0,2022-3-4 19:56:55,41.00,0.00,0.00,17.957,-0.435,-6.434,11.524,17.522,0.00,0.00,0.00,0.00,0.00,0.00,0.00,0.00,0.00,0.00,0.00,0.00,0.00,0.00,0.00,0.00,0.00
20650,DL:0.1.0:AT.1.0.0,2022-3-4 19:57:1,41.00,0.00,0.00,17.968,-0.446,-6.446,11.522,17.522,0.00,0.00,0.00,0.00,0.00,0.00,0.00,0.00,0.00,0.00,0.00,0.00,0.00,0.00,0.00,0.00,0.00
20650,DL:0.1.0:AT.1.0.0,2022-3-4 19:57:8,41.00,0.00,0.00,17.993,-0.470,-6.471,11.522,17.523,0.00,0.00,0.00,0.00,0.00,0.00,0.00,0.00,0.00,0.00,0.00,0.00,0.00,0.00,0.00,0.00,0.00
20650,DL:0.1.0:AT.1.0.0,2022-3-4 19:57:15,41.00,0.00,0.00,17.975,-0.451,-6.455,11.520,17.525,0.00,0.00,0.00,0.00,0.00,0.00,0.00,0.00,0.00,0.00,0.00,0.00,0.00,0.00,0.00,0.00,0.00
20650,DL:0.1.0:AT.1.0.0,2022-3-4 19:57:21,41.00,0.00,0.00,17.991,-0.466,-6.471,11.520,17.525,0.00,0.00,0.00,0.00,0.00,0.00,0.00,0.00,0.00,0.00,0.00,0.00,0.00,0.00,0.00,0.00,0.00
20650,DL:0.1.0:AT.1.0.0,2022-3-4 19:57:26,41.00,0.00,0.00,17.958,-0.434,-6.438,11.520,17.525,0.00,0.00,0.00,0.00,0.00,0.00,0.00,0.00,0.00,0.00,0.00,0.00,0.00,0.00,0.00,0.00,0.00
20650,DL:0.1.0:AT.1.0.0,2022-3-4 19:57:32,41.00,0.00,0.00,17.963,-0.439,-6.444,11.519,17.525,0.00,0.00,0.00,0.00,0.00,0.00,0.00,0.00,0.00,0.00,0.00,0.00,0.00,0.00,0.00,0.00,0.00
20650,DL:0.1.0:AT.1.0.0,2022-3-4 19:57:37,41.00,0.00,0.00,17.968,-0.442,-6.449,11.519,17.526,0.00,0.00,0.00,0.00,0.00,0.00,0.00,0.00,0.00,0.00,0.00,0.00,0.00,0.00,0.00,0.00,0.00
20650,DL:0.1.0:AT.1.0.0,2022-3-4 19:57:42,41.00,0.00,0.00,17.993,-0.466,-6.476,11.518,17.527,0.00,0.00,0.00,0.00,0.00,0.00,0.00,0.00,0.00,0.00,0.00,0.00,0.00,0.00,0.00,0.00,0.00
20650,DL:0.1.0:AT.1.0.0,2022-3-4 19:57:49,41.00,0.00,0.00,17.970,-0.442,-6.453,11.518,17.528,0.00,0.00,0.00,0.00,0.00,0.00,0.00,0.00,0.00,0.00,0.00,0.00,0.00,0.00,0.00,0.00,0.00
20650,DL:0.1.0:AT.1.0.0,2022-3-4 19:57:54,41.00,0.00,0.00,17.946,-0.418,-6.429,11.518,17.528,0.00,0.00,0.00,0.00,0.00,0.00,0.00,0.00,0.00,0.00,0.00,0.00,0.00,0.00,0.00,0.00,0.00
20650,DL:0.1.0:AT.1.0.0,2022-3-4 19:57:59,41.00,0.00,0.00,17.976,-0.447,-6.460,11.516,17.529,0.00,0.00,0.00,0.00,0.00,0.00,0.00,0.00,0.00,0.00,0.00,0.00,0.00,0.00,0.00,0.00,0.00
20650,DL:0.1.0:AT.1.0.0,2022-3-4 19:58:6,41.00,0.00,0.00,17.981,-0.452,-6.465,11.516,17.529,0.00,0.00,0.00,0.00,0.00,0.00,0.00,0.00,0.00,0.00,0.00,0.00,0.00,0.00,0.00,0.00,0.00
20650,DL:0.1.0:AT.1.0.0,2022-3-4 19:58:13,41.00,0.00,0.00,17.975,-0.445,-6.459,11.516,17.531,0.00,0.00,0.00,0.00,0.00,0.00,0.00,0.00,0.00,0.00,0.00,0.00,0.00,0.00,0.00,0.00,0.00
20650,DL:0.1.0:AT.1.0.0,2022-3-4 19:58:19,41.00,0.00,0.00,17.968,-0.437,-6.453,11.515,17.531,0.00,0.00,0.00,0.00,0.00,0.00,0.00,0.00,0.00,0.00,0.00,0.00,0.00,0.00,0.00,0.00,0.00
20650,DL:0.1.0:AT.1.0.0,2022-3-4 19:58:24,41.00,0.00,0.00,17.972,-0.440,-6.456,11.515,17.532,0.00,0.00,0.00,0.00,0.00,0.00,0.00,0.00,0.00,0.00,0.00,0.00,0.00,0.00,0.00,0.00,0.00
20650,DL:0.1.0:AT.1.0.0,2022-3-4 19:58:29,41.00,0.00,0.00,17.994,-0.463,-6.479,11.515,17.532,0.00,0.00,0.00,0.00,0.00,0.00,0.00,0.00,0.00,0.00,0.00,0.00,0.00,0.00,0.00,0.00,0.00
20650,DL:0.1.0:AT.1.0.0,2022-3-4 19:58:34,41.00,0.00,0.00,17.969,-0.436,-6.455,11.514,17.533,0.00,0.00,0.00,0.00,0.00,0.00,0.00,0.00,0.00,0.00,0.00,0.00,0.00,0.00,0.00,0.00,0.00
20650,DL:0.1.0:AT.1.0.0,2022-3-4 19:58:40,41.00,0.00,0.00,17.972,-0.439,-6.459,11.513,17.533,0.00,0.00,0.00,0.00,0.00,0.00,0.00,0.00,0.00,0.00,0.00,0.00,0.00,0.00,0.00,0.00,0.00
20650,DL:0.1.0:AT.1.0.0,2022-3-4 19:58:45,41.00,0.00,0.00,17.979,-0.445,-6.466,11.513,17.534,0.00,0.00,0.00,0.00,0.00,0.00,0.00,0.00,0.00,0.00,0.00,0.00,0.00,0.00,0.00,0.00,0.00
20650,DL:0.1.0:AT.1.0.0,2022-3-4 19:58:51,41.00,0.00,0.00,17.966,-0.430,-6.454,11.512,17.535,0.00,0.00,0.00,0.00,0.00,0.00,0.00,0.00,0.00,0.00,0.00,0.00,0.00,0.00,0.00,0.00,0.00
20650,DL:0.1.0:AT.1.0.0,2022-3-4 19:58:58,41.00,0.00,0.00,17.987,-0.452,-6.474,11.513,17.535,0.00,0.00,0.00,0.00,0.00,0.00,0.00,0.00,0.00,0.00,0.00,0.00,0.00,0.00,0.00,0.00,0.00
20650,DL:0.1.0:AT.1.0.0,2022-3-4 19:59:4,41.00,0.00,0.00,17.994,-0.458,-6.484,11.510,17.537,0.00,0.00,0.00,0.00,0.00,0.00,0.00,0.00,0.00,0.00,0.00,0.00,0.00,0.00,0.00,0.00,0.00
20650,DL:0.1.0:AT.1.0.0,2022-3-4 19:59:9,41.00,0.00,0.00,17.969,-0.433,-6.459,11.510,17.537,0.00,0.00,0.00,0.00,0.00,0.00,0.00,0.00,0.00,0.00,0.00,0.00,0.00,0.00,0.00,0.00,0.00
20650,DL:0.1.0:AT.1.0.0,2022-3-4 19:59:14,41.00,0.00,0.00,17.972,-0.434,-6.461,11.510,17.538,0.00,0.00,0.00,0.00,0.00,0.00,0.00,0.00,0.00,0.00,0.00,0.00,0.00,0.00,0.00,0.00,0.00
20650,DL:0.1.0:AT.1.0.0,2022-3-4 19:59:21,41.00,0.00,0.00,17.985,-0.446,-6.476,11.509,17.539,0.00,0.00,0.00,0.00,0.00,0.00,0.00,0.00,0.00,0.00,0.00,0.00,0.00,0.00,0.00,0.00,0.00
20650,DL:0.1.0:AT.1.0.0,2022-3-4 19:59:26,41.00,0.00,0.00,17.986,-0.447,-6.477,11.509,17.539,0.00,0.00,0.00,0.00,0.00,0.00,0.00,0.00,0.00,0.00,0.00,0.00,0.00,0.00,0.00,0.00,0.00
20650,DL:0.1.0:AT.1.0.0,2022-3-4 19:59:32,41.00,0.00,0.00,17.967,-0.428,-6.458,11.509,17.539,0.00,0.00,0.00,0.00,0.00,0.00,0.00,0.00,0.00,0.00,0.00,0.00,0.00,0.00,0.00,0.00,0.00
20650,DL:0.1.0:AT.1.0.0,2022-3-4 19:59:38,41.00,0.00,0.00,17.978,-0.436,-6.470,11.508,17.541,0.00,0.00,0.00,0.00,0.00,0.00,0.00,0.00,0.00,0.00,0.00,0.00,0.00,0.00,0.00,0.00,0.00
20650,DL:0.1.0:AT.1.0.0,2022-3-4 19:59:44,41.00,0.00,0.00,17.975,-0.435,-6.467,11.508,17.540,0.00,0.00,0.00,0.00,0.00,0.00,0.00,0.00,0.00,0.00,0.00,0.00,0.00,0.00,0.00,0.00,0.00
20650,DL:0.1.0:AT.1.0.0,2022-3-4 19:59:52,41.00,0.00,0.00,18.010,-0.470,-6.503,11.507,17.540,0.00,0.00,0.00,0.00,0.00,0.00,0.00,0.00,0.00,0.00,0.00,0.00,0.00,0.00,0.00,0.00,0.00
20650,DL:0.1.0:AT.1.0.0,2022-3-4 20:0:0,41.00,0.00,0.00,17.978,-0.435,-6.471,11.507,17.543,0.00,0.00,0.00,0.00,0.00,0.00,0.00,0.00,0.00,0.00,0.00,0.00,0.00,0.00,0.00,0.00,0.00
20650,DL:0.1.0:AT.1.0.0,2022-3-4 20:0:5,41.00,0.00,0.00,17.986,-0.443,-6.480,11.506,17.543,0.00,0.00,0.00,0.00,0.00,0.00,0.00,0.00,0.00,0.00,0.00,0.00,0.00,0.00,0.00,0.00,0.00
20650,DL:0.1.0:AT.1.0.0,2022-3-4 20:0:10,41.00,0.00,0.00,17.994,-0.451,-6.488,11.507,17.544,0.00,0.00,0.00,0.00,0.00,0.00,0.00,0.00,0.00,0.00,0.00,0.00,0.00,0.00,0.00,0.00,0.00
20650,DL:0.1.0:AT.1.0.0,2022-3-4 20:0:16,41.00,0.00,0.00,17.998,-0.454,-6.494,11.504,17.544,0.00,0.00,0.00,0.00,0.00,0.00,0.00,0.00,0.00,0.00,0.00,0.00,0.00,0.00,0.00,0.00,0.00
20650,DL:0.1.0:AT.1.0.0,2022-3-4 20:0:23,41.00,0.00,0.00,18.003,-0.459,-6.497,11.506,17.544,0.00,0.00,0.00,0.00,0.00,0.00,0.00,0.00,0.00,0.00,0.00,0.00,0.00,0.00,0.00,0.00,0.00
20650,DL:0.1.0:AT.1.0.0,2022-3-4 20:0:34,41.00,0.00,0.00,17.975,-0.429,-6.471,11.504,17.546,0.00,0.00,0.00,0.00,0.00,0.00,0.00,0.00,0.00,0.00,0.00,0.00,0.00,0.00,0.00,0.00,0.00
20650,DL:0.1.0:AT.1.0.0,2022-3-4 20:0:39,41.00,0.00,0.00,17.963,-0.418,-6.460,11.503,17.545,0.00,0.00,0.00,0.00,0.00,0.00,0.00,0.00,0.00,0.00,0.00,0.00,0.00,0.00,0.00,0.00,0.00
20650,DL:0.1.0:AT.1.0.0,2022-3-4 20:0:45,41.00,0.00,0.00,17.990,-0.443,-6.486,11.503,17.546,0.00,0.00,0.00,0.00,0.00,0.00,0.00,0.00,0.00,0.00,0.00,0.00,0.00,0.00,0.00,0.00,0.00
20650,DL:0.1.0:AT.1.0.0,2022-3-4 20:0:50,41.00,0.00,0.00,17.962,-0.416,-6.460,11.502,17.546,0.00,0.00,0.00,0.00,0.00,0.00,0.00,0.00,0.00,0.00,0.00,0.00,0.00,0.00,0.00,0.00,0.00
20650,DL:0.1.0:AT.1.0.0,2022-3-4 20:0:57,41.00,0.00,0.00,18.006,-0.459,-6.504,11.502,17.547,0.00,0.00,0.00,0.00,0.00,0.00,0.00,0.00,0.00,0.00,0.00,0.00,0.00,0.00,0.00,0.00,0.00
20650,DL:0.1.0:AT.1.0.0,2022-3-4 20:1:3,41.00,0.00,0.00,17.981,-0.434,-6.480,11.501,17.547,0.00,0.00,0.00,0.00,0.00,0.00,0.00,0.00,0.00,0.00,0.00,0.00,0.00,0.00,0.00,0.00,0.00
20650,DL:0.1.0:AT.1.0.0,2022-3-4 20:1:9,41.00,0.00,0.00,18.005,-0.458,-6.504,11.501,17.547,0.00,0.00,0.00,0.00,0.00,0.00,0.00,0.00,0.00,0.00,0.00,0.00,0.00,0.00,0.00,0.00,0.00
20650,DL:0.1.0:AT.1.0.0,2022-3-4 20:1:14,41.00,0.00,0.00,17.988,-0.441,-6.489,11.500,17.547,0.00,0.00,0.00,0.00,0.00,0.00,0.00,0.00,0.00,0.00,0.00,0.00,0.00,0.00,0.00,0.00,0.00
20650,DL:0.1.0:AT.1.0.0,2022-3-4 20:1:19,41.00,0.00,0.00,17.966,-0.418,-6.466,11.500,17.547,0.00,0.00,0.00,0.00,0.00,0.00,0.00,0.00,0.00,0.00,0.00,0.00,0.00,0.00,0.00,0.00,0.00
20650,DL:0.1.0:AT.1.0.0,2022-3-4 20:1:24,41.00,0.00,0.00,17.978,-0.430,-6.479,11.498,17.547,0.00,0.00,0.00,0.00,0.00,0.00,0.00,0.00,0.00,0.00,0.00,0.00,0.00,0.00,0.00,0.00,0.00
20650,DL:0.1.0:AT.1.0.0,2022-3-4 20:1:30,41.00,0.00,0.00,17.987,-0.439,-6.488,11.500,17.549,0.00,0.00,0.00,0.00,0.00,0.00,0.00,0.00,0.00,0.00,0.00,0.00,0.00,0.00,0.00,0.00,0.00
20650,DL:0.1.0:AT.1.0.0,2022-3-4 20:1:35,41.00,0.00,0.00,17.992,-0.442,-6.492,11.500,17.550,0.00,0.00,0.00,0.00,0.00,0.00,0.00,0.00,0.00,0.00,0.00,0.00,0.00,0.00,0.00,0.00,0.00
20650,DL:0.1.0:AT.1.0.0,2022-3-4 20:1:40,41.00,0.00,0.00,18.000,-0.449,-6.502,11.498,17.551,0.00,0.00,0.00,0.00,0.00,0.00,0.00,0.00,0.00,0.00,0.00,0.00,0.00,0.00,0.00,0.00,0.00
20650,DL:0.1.0:AT.1.0.0,2022-3-4 20:1:45,41.00,0.00,0.00,18.005,-0.454,-6.508,11.497,17.551,0.00,0.00,0.00,0.00,0.00,0.00,0.00,0.00,0.00,0.00,0.00,0.00,0.00,0.00,0.00,0.00,0.00
20650,DL:0.1.0:AT.1.0.0,2022-3-4 20:1:51,41.00,0.00,0.00,17.992,-0.441,-6.495,11.497,17.551,0.00,0.00,0.00,0.00,0.00,0.00,0.00,0.00,0.00,0.00,0.00,0.00,0.00,0.00,0.00,0.00,0.00
20650,DL:0.1.0:AT.1.0.0,2022-3-4 20:1:56,41.00,0.00,0.00,18.029,-0.478,-6.533,11.496,17.551,0.00,0.00,0.00,0.00,0.00,0.00,0.00,0.00,0.00,0.00,0.00,0.00,0.00,0.00,0.00,0.00,0.00
20650,DL:0.1.0:AT.1.0.0,2022-3-4 20:2:3,41.00,0.00,0.00,18.021,-0.469,-6.525,11.496,17.552,0.00,0.00,0.00,0.00,0.00,0.00,0.00,0.00,0.00,0.00,0.00,0.00,0.00,0.00,0.00,0.00,0.00
20650,DL:0.1.0:AT.1.0.0,2022-3-4 20:2:9,41.00,0.00,0.00,17.993,-0.440,-6.498,11.495,17.553,0.00,0.00,0.00,0.00,0.00,0.00,0.00,0.00,0.00,0.00,0.00,0.00,0.00,0.00,0.00,0.00,0.00
20650,DL:0.1.0:AT.1.0.0,2022-3-4 20:2:16,41.00,0.00,0.00,17.993,-0.441,-6.497,11.496,17.552,0.00,0.00,0.00,0.00,0.00,0.00,0.00,0.00,0.00,0.00,0.00,0.00,0.00,0.00,0.00,0.00,0.00
20650,DL:0.1.0:AT.1.0.0,2022-3-4 20:2:21,41.00,0.00,0.00,17.991,-0.437,-6.496,11.495,17.553,0.00,0.00,0.00,0.00,0.00,0.00,0.00,0.00,0.00,0.00,0.00,0.00,0.00,0.00,0.00,0.00,0.00
20650,DL:0.1.0:AT.1.0.0,2022-3-4 20:2:26,41.00,0.00,0.00,17.986,-0.433,-6.492,11.494,17.553,0.00,0.00,0.00,0.00,0.00,0.00,0.00,0.00,0.00,0.00,0.00,0.00,0.00,0.00,0.00,0.00,0.00
20650,DL:0.1.0:AT.1.0.0,2022-3-4 20:2:34,41.00,0.00,0.00,17.991,-0.437,-6.497,11.494,17.553,0.00,0.00,0.00,0.00,0.00,0.00,0.00,0.00,0.00,0.00,0.00,0.00,0.00,0.00,0.00,0.00,0.00
20650,DL:0.1.0:AT.1.0.0,2022-3-4 20:2:39,41.00,0.00,0.00,17.988,-0.435,-6.496,11.492,17.553,0.00,0.00,0.00,0.00,0.00,0.00,0.00,0.00,0.00,0.00,0.00,0.00,0.00,0.00,0.00,0.00,0.00
20650,DL:0.1.0:AT.1.0.0,2022-3-4 20:2:44,41.00,0.00,0.00,17.997,-0.443,-6.504,11.492,17.553,0.00,0.00,0.00,0.00,0.00,0.00,0.00,0.00,0.00,0.00,0.00,0.00,0.00,0.00,0.00,0.00,0.00
20650,DL:0.1.0:AT.1.0.0,2022-3-4 20:2:51,41.00,0.00,0.00,17.981,-0.429,-6.489,11.492,17.552,0.00,0.00,0.00,0.00,0.00,0.00,0.00,0.00,0.00,0.00,0.00,0.00,0.00,0.00,0.00,0.00,0.00
20650,DL:0.1.0:AT.1.0.0,2022-3-4 20:2:56,41.00,0.00,0.00,18.022,-0.467,-6.531,11.491,17.555,0.00,0.00,0.00,0.00,0.00,0.00,0.00,0.00,0.00,0.00,0.00,0.00,0.00,0.00,0.00,0.00,0.00
20650,DL:0.1.0:AT.1.0.0,2022-3-4 20:3:1,41.00,0.00,0.00,17.974,-0.421,-6.483,11.491,17.553,0.00,0.00,0.00,0.00,0.00,0.00,0.00,0.00,0.00,0.00,0.00,0.00,0.00,0.00,0.00,0.00,0.00
20650,DL:0.1.0:AT.1.0.0,2022-3-4 20:3:8,41.00,0.00,0.00,17.987,-0.433,-6.497,11.490,17.555,0.00,0.00,0.00,0.00,0.00,0.00,0.00,0.00,0.00,0.00,0.00,0.00,0.00,0.00,0.00,0.00,0.00
20650,DL:0.1.0:AT.1.0.0,2022-3-4 20:3:14,41.00,0.00,0.00,17.988,-0.434,-6.498,11.490,17.555,0.00,0.00,0.00,0.00,0.00,0.00,0.00,0.00,0.00,0.00,0.00,0.00,0.00,0.00,0.00,0.00,0.00
20650,DL:0.1.0:AT.1.0.0,2022-3-4 20:3:19,41.00,0.00,0.00,18.017,-0.461,-6.527,11.490,17.556,0.00,0.00,0.00,0.00,0.00,0.00,0.00,0.00,0.00,0.00,0.00,0.00,0.00,0.00,0.00,0.00,0.00
20650,DL:0.1.0:AT.1.0.0,2022-3-4 20:3:25,41.00,0.00,0.00,17.996,-0.440,-6.507,11.489,17.556,0.00,0.00,0.00,0.00,0.00,0.00,0.00,0.00,0.00,0.00,0.00,0.00,0.00,0.00,0.00,0.00,0.00
20650,DL:0.1.0:AT.1.0.0,2022-3-4 20:3:32,41.00,0.00,0.00,17.990,-0.434,-6.502,11.488,17.556,0.00,0.00,0.00,0.00,0.00,0.00,0.00,0.00,0.00,0.00,0.00,0.00,0.00,0.00,0.00,0.00,0.00
20650,DL:0.1.0:AT.1.0.0,2022-3-4 20:3:37,41.00,0.00,0.00,17.986,-0.430,-6.498,11.488,17.556,0.00,0.00,0.00,0.00,0.00,0.00,0.00,0.00,0.00,0.00,0.00,0.00,0.00,0.00,0.00,0.00,0.00
20650,DL:0.1.0:AT.1.0.0,2022-3-4 20:3:44,41.00,0.00,0.00,18.021,-0.464,-6.533,11.488,17.557,0.00,0.00,0.00,0.00,0.00,0.00,0.00,0.00,0.00,0.00,0.00,0.00,0.00,0.00,0.00,0.00,0.00
20650,DL:0.1.0:AT.1.0.0,2022-3-4 20:3:49,41.00,0.00,0.00,18.034,-0.477,-6.547,11.488,17.557,0.00,0.00,0.00,0.00,0.00,0.00,0.00,0.00,0.00,0.00,0.00,0.00,0.00,0.00,0.00,0.00,0.00
20650,DL:0.1.0:AT.1.0.0,2022-3-4 20:3:56,41.00,0.00,0.00,17.993,-0.436,-6.508,11.485,17.557,0.00,0.00,0.00,0.00,0.00,0.00,0.00,0.00,0.00,0.00,0.00,0.00,0.00,0.00,0.00,0.00,0.00
20650,DL:0.1.0:AT.1.0.0,2022-3-4 20:4:1,41.00,0.00,0.00,18.012,-0.454,-6.527,11.485,17.558,0.00,0.00,0.00,0.00,0.00,0.00,0.00,0.00,0.00,0.00,0.00,0.00,0.00,0.00,0.00,0.00,0.00
20650,DL:0.1.0:AT.1.0.0,2022-3-4 20:4:6,41.00,0.00,0.00,18.025,-0.466,-6.539,11.485,17.558,0.00,0.00,0.00,0.00,0.00,0.00,0.00,0.00,0.00,0.00,0.00,0.00,0.00,0.00,0.00,0.00,0.00
20650,DL:0.1.0:AT.1.0.0,2022-3-4 20:4:11,41.00,0.00,0.00,18.019,-0.460,-6.533,11.485,17.558,0.00,0.00,0.00,0.00,0.00,0.00,0.00,0.00,0.00,0.00,0.00,0.00,0.00,0.00,0.00,0.00,0.00
20650,DL:0.1.0:AT.1.0.0,2022-3-4 20:4:17,41.00,0.00,0.00,17.992,-0.433,-6.508,11.484,17.559,0.00,0.00,0.00,0.00,0.00,0.00,0.00,0.00,0.00,0.00,0.00,0.00,0.00,0.00,0.00,0.00,0.00
20650,DL:0.1.0:AT.1.0.0,2022-3-4 20:4:22,41.00,0.00,0.00,17.997,-0.436,-6.513,11.484,17.561,0.00,0.00,0.00,0.00,0.00,0.00,0.00,0.00,0.00,0.00,0.00,0.00,0.00,0.00,0.00,0.00,0.00
20650,DL:0.1.0:AT.1.0.0,2022-3-4 20:4:27,41.00,0.00,0.00,17.990,-0.429,-6.506,11.484,17.561,0.00,0.00,0.00,0.00,0.00,0.00,0.00,0.00,0.00,0.00,0.00,0.00,0.00,0.00,0.00,0.00,0.00
20650,DL:0.1.0:AT.1.0.0,2022-3-4 20:4:33,41.00,0.00,0.00,18.026,-0.464,-6.543,11.483,17.562,0.00,0.00,0.00,0.00,0.00,0.00,0.00,0.00,0.00,0.00,0.00,0.00,0.00,0.00,0.00,0.00,0.00
20650,DL:0.1.0:AT.1.0.0,2022-3-4 20:4:38,41.00,0.00,0.00,18.020,-0.458,-6.538,11.482,17.562,0.00,0.00,0.00,0.00,0.00,0.00,0.00,0.00,0.00,0.00,0.00,0.00,0.00,0.00,0.00,0.00,0.00
20650,DL:0.1.0:AT.1.0.0,2022-3-4 20:4:43,41.00,0.00,0.00,18.002,-0.439,-6.520,11.482,17.563,0.00,0.00,0.00,0.00,0.00,0.00,0.00,0.00,0.00,0.00,0.00,0.00,0.00,0.00,0.00,0.00,0.00
20650,DL:0.1.0:AT.1.0.0,2022-3-4 20:4:49,41.00,0.00,0.00,18.005,-0.442,-6.524,11.482,17.563,0.00,0.00,0.00,0.00,0.00,0.00,0.00,0.00,0.00,0.00,0.00,0.00,0.00,0.00,0.00,0.00,0.00
20650,DL:0.1.0:AT.1.0.0,2022-3-4 20:4:54,41.00,0.00,0.00,18.016,-0.452,-6.537,11.479,17.564,0.00,0.00,0.00,0.00,0.00,0.00,0.00,0.00,0.00,0.00,0.00,0.00,0.00,0.00,0.00,0.00,0.00
20650,DL:0.1.0:AT.1.0.0,2022-3-4 20:4:59,41.00,0.00,0.00,17.975,-0.411,-6.495,11.480,17.564,0.00,0.00,0.00,0.00,0.00,0.00,0.00,0.00,0.00,0.00,0.00,0.00,0.00,0.00,0.00,0.00,0.00
20650,DL:0.1.0:AT.1.0.0,2022-3-4 20:5:4,41.00,0.00,0.00,18.002,-0.437,-6.521,11.480,17.564,0.00,0.00,0.00,0.00,0.00,0.00,0.00,0.00,0.00,0.00,0.00,0.00,0.00,0.00,0.00,0.00,0.00
20650,DL:0.1.0:AT.1.0.0,2022-3-4 20:5:9,41.00,0.00,0.00,18.004,-0.440,-6.525,11.479,17.564,0.00,0.00,0.00,0.00,0.00,0.00,0.00,0.00,0.00,0.00,0.00,0.00,0.00,0.00,0.00,0.00,0.00
20650,DL:0.1.0:AT.1.0.0,2022-3-4 20:5:14,41.00,0.00,0.00,18.020,-0.454,-6.542,11.478,17.565,0.00,0.00,0.00,0.00,0.00,0.00,0.00,0.00,0.00,0.00,0.00,0.00,0.00,0.00,0.00,0.00,0.00
20650,DL:0.1.0:AT.1.0.0,2022-3-4 20:5:19,41.00,0.00,0.00,18.045,-0.479,-6.567,11.478,17.565,0.00,0.00,0.00,0.00,0.00,0.00,0.00,0.00,0.00,0.00,0.00,0.00,0.00,0.00,0.00,0.00,0.00
20650,DL:0.1.0:AT.1.0.0,2022-3-4 20:5:25,41.00,0.00,0.00,18.002,-0.436,-6.525,11.477,17.565,0.00,0.00,0.00,0.00,0.00,0.00,0.00,0.00,0.00,0.00,0.00,0.00,0.00,0.00,0.00,0.00,0.00
20650,DL:0.1.0:AT.1.0.0,2022-3-4 20:5:30,41.00,0.00,0.00,18.032,-0.465,-6.554,11.478,17.567,0.00,0.00,0.00,0.00,0.00,0.00,0.00,0.00,0.00,0.00,0.00,0.00,0.00,0.00,0.00,0.00,0.00
20650,DL:0.1.0:AT.1.0.0,2022-3-4 20:5:36,41.00,0.00,0.00,17.998,-0.431,-6.521,11.477,17.567,0.00,0.00,0.00,0.00,0.00,0.00,0.00,0.00,0.00,0.00,0.00,0.00,0.00,0.00,0.00,0.00,0.00
20650,DL:0.1.0:AT.1.0.0,2022-3-4 20:5:42,41.00,0.00,0.00,18.011,-0.442,-6.536,11.476,17.569,0.00,0.00,0.00,0.00,0.00,0.00,0.00,0.00,0.00,0.00,0.00,0.00,0.00,0.00,0.00,0.00,0.00
20650,DL:0.1.0:AT.1.0.0,2022-3-4 20:5:49,41.00,0.00,0.00,18.010,-0.441,-6.534,11.476,17.569,0.00,0.00,0.00,0.00,0.00,0.00,0.00,0.00,0.00,0.00,0.00,0.00,0.00,0.00,0.00,0.00,0.00
20650,DL:0.1.0:AT.1.0.0,2022-3-4 20:5:54,41.00,0.00,0.00,18.023,-0.453,-6.548,11.476,17.570,0.00,0.00,0.00,0.00,0.00,0.00,0.00,0.00,0.00,0.00,0.00,0.00,0.00,0.00,0.00,0.00,0.00
20650,DL:0.1.0:AT.1.0.0,2022-3-4 20:5:59,41.00,0.00,0.00,18.009,-0.439,-6.534,11.474,17.570,0.00,0.00,0.00,0.00,0.00,0.00,0.00,0.00,0.00,0.00,0.00,0.00,0.00,0.00,0.00,0.00,0.00
20650,DL:0.1.0:AT.1.0.0,2022-3-4 20:6:4,41.00,0.00,0.00,18.035,-0.464,-6.561,11.474,17.571,0.00,0.00,0.00,0.00,0.00,0.00,0.00,0.00,0.00,0.00,0.00,0.00,0.00,0.00,0.00,0.00,0.00
20650,DL:0.1.0:AT.1.0.0,2022-3-4 20:6:10,41.00,0.00,0.00,18.037,-0.465,-6.563,11.473,17.571,0.00,0.00,0.00,0.00,0.00,0.00,0.00,0.00,0.00,0.00,0.00,0.00,0.00,0.00,0.00,0.00,0.00
20650,DL:0.1.0:AT.1.0.0,2022-3-4 20:6:17,41.00,0.00,0.00,18.028,-0.455,-6.555,11.473,17.573,0.00,0.00,0.00,0.00,0.00,0.00,0.00,0.00,0.00,0.00,0.00,0.00,0.00,0.00,0.00,0.00,0.00
20650,DL:0.1.0:AT.1.0.0,2022-3-4 20:6:22,41.00,0.00,0.00,18.053,-0.481,-6.581,11.472,17.573,0.00,0.00,0.00,0.00,0.00,0.00,0.00,0.00,0.00,0.00,0.00,0.00,0.00,0.00,0.00,0.00,0.00
20650,DL:0.1.0:AT.1.0.0,2022-3-4 20:6:27,41.00,0.00,0.00,18.010,-0.436,-6.538,11.472,17.574,0.00,0.00,0.00,0.00,0.00,0.00,0.00,0.00,0.00,0.00,0.00,0.00,0.00,0.00,0.00,0.00,0.00
20650,DL:0.1.0:AT.1.0.0,2022-3-4 20:6:32,41.00,0.00,0.00,18.043,-0.469,-6.571,11.472,17.574,0.00,0.00,0.00,0.00,0.00,0.00,0.00,0.00,0.00,0.00,0.00,0.00,0.00,0.00,0.00,0.00,0.00
20650,DL:0.1.0:AT.1.0.0,2022-3-4 20:6:39,41.00,0.00,0.00,18.032,-0.455,-6.561,11.471,17.576,0.00,0.00,0.00,0.00,0.00,0.00,0.00,0.00,0.00,0.00,0.00,0.00,0.00,0.00,0.00,0.00,0.00
20650,DL:0.1.0:AT.1.0.0,2022-3-4 20:6:44,41.00,0.00,0.00,18.004,-0.428,-6.533,11.471,17.576,0.00,0.00,0.00,0.00,0.00,0.00,0.00,0.00,0.00,0.00,0.00,0.00,0.00,0.00,0.00,0.00,0.00
20650,DL:0.1.0:AT.1.0.0,2022-3-4 20:6:49,41.00,0.00,0.00,18.005,-0.428,-6.536,11.470,17.578,0.00,0.00,0.00,0.00,0.00,0.00,0.00,0.00,0.00,0.00,0.00,0.00,0.00,0.00,0.00,0.00,0.00
20650,DL:0.1.0:AT.1.0.0,2022-3-4 20:6:55,41.00,0.00,0.00,18.003,-0.427,-6.533,11.470,17.576,0.00,0.00,0.00,0.00,0.00,0.00,0.00,0.00,0.00,0.00,0.00,0.00,0.00,0.00,0.00,0.00,0.00
20650,DL:0.1.0:AT.1.0.0,2022-3-4 20:7:2,41.00,0.00,0.00,18.031,-0.452,-6.562,11.468,17.579,0.00,0.00,0.00,0.00,0.00,0.00,0.00,0.00,0.00,0.00,0.00,0.00,0.00,0.00,0.00,0.00,0.00
20650,DL:0.1.0:AT.1.0.0,2022-3-4 20:7:10,41.00,0.00,0.00,17.996,-0.417,-6.527,11.468,17.579,0.00,0.00,0.00,0.00,0.00,0.00,0.00,0.00,0.00,0.00,0.00,0.00,0.00,0.00,0.00,0.00,0.00
20650,DL:0.1.0:AT.1.0.0,2022-3-4 20:7:15,41.00,0.00,0.00,18.019,-0.439,-6.551,11.467,17.580,0.00,0.00,0.00,0.00,0.00,0.00,0.00,0.00,0.00,0.00,0.00,0.00,0.00,0.00,0.00,0.00,0.00
20650,DL:0.1.0:AT.1.0.0,2022-3-4 20:7:23,41.00,0.00,0.00,18.035,-0.454,-6.569,11.466,17.581,0.00,0.00,0.00,0.00,0.00,0.00,0.00,0.00,0.00,0.00,0.00,0.00,0.00,0.00,0.00,0.00,0.00
20650,DL:0.1.0:AT.1.0.0,2022-3-4 20:7:29,41.00,0.00,0.00,18.038,-0.457,-6.571,11.467,17.581,0.00,0.00,0.00,0.00,0.00,0.00,0.00,0.00,0.00,0.00,0.00,0.00,0.00,0.00,0.00,0.00,0.00
20650,DL:0.1.0:AT.1.0.0,2022-3-4 20:7:35,41.00,0.00,0.00,18.031,-0.448,-6.565,11.466,17.582,0.00,0.00,0.00,0.00,0.00,0.00,0.00,0.00,0.00,0.00,0.00,0.00,0.00,0.00,0.00,0.00,0.00
20650,DL:0.1.0:AT.1.0.0,2022-3-4 20:7:43,41.00,0.00,0.00,18.026,-0.443,-6.561,11.465,17.582,0.00,0.00,0.00,0.00,0.00,0.00,0.00,0.00,0.00,0.00,0.00,0.00,0.00,0.00,0.00,0.00,0.00
20650,DL:0.1.0:AT.1.0.0,2022-3-4 20:7:48,41.00,0.00,0.00,18.015,-0.433,-6.549,11.466,17.582,0.00,0.00,0.00,0.00,0.00,0.00,0.00,0.00,0.00,0.00,0.00,0.00,0.00,0.00,0.00,0.00,0.00
20650,DL:0.1.0:AT.1.0.0,2022-3-4 20:7:53,41.00,0.00,0.00,18.004,-0.421,-6.539,11.465,17.584,0.00,0.00,0.00,0.00,0.00,0.00,0.00,0.00,0.00,0.00,0.00,0.00,0.00,0.00,0.00,0.00,0.00
20650,DL:0.1.0:AT.1.0.0,2022-3-4 20:7:58,41.00,0.00,0.00,18.005,-0.423,-6.540,11.465,17.582,0.00,0.00,0.00,0.00,0.00,0.00,0.00,0.00,0.00,0.00,0.00,0.00,0.00,0.00,0.00,0.00,0.00
20650,DL:0.1.0:AT.1.0.0,2022-3-4 20:8:4,41.00,0.00,0.00,18.033,-0.449,-6.568,11.465,17.584,0.00,0.00,0.00,0.00,0.00,0.00,0.00,0.00,0.00,0.00,0.00,0.00,0.00,0.00,0.00,0.00,0.00
20650,DL:0.1.0:AT.1.0.0,2022-3-4 20:8:9,41.00,0.00,0.00,18.027,-0.442,-6.563,11.464,17.585,0.00,0.00,0.00,0.00,0.00,0.00,0.00,0.00,0.00,0.00,0.00,0.00,0.00,0.00,0.00,0.00,0.00
20650,DL:0.1.0:AT.1.0.0,2022-3-4 20:8:14,41.00,0.00,0.00,18.009,-0.424,-6.547,11.462,17.585,0.00,0.00,0.00,0.00,0.00,0.00,0.00,0.00,0.00,0.00,0.00,0.00,0.00,0.00,0.00,0.00,0.00
20650,DL:0.1.0:AT.1.0.0,2022-3-4 20:8:21,41.00,0.00,0.00,18.011,-0.425,-6.549,11.462,17.586,0.00,0.00,0.00,0.00,0.00,0.00,0.00,0.00,0.00,0.00,0.00,0.00,0.00,0.00,0.00,0.00,0.00
20650,DL:0.1.0:AT.1.0.0,2022-3-4 20:8:27,41.00,0.00,0.00,17.994,-0.409,-6.532,11.462,17.586,0.00,0.00,0.00,0.00,0.00,0.00,0.00,0.00,0.00,0.00,0.00,0.00,0.00,0.00,0.00,0.00,0.00
20650,DL:0.1.0:AT.1.0.0,2022-3-4 20:8:35,40.75,0.00,0.00,18.011,-0.423,-6.550,11.461,17.588,0.00,0.00,0.00,0.00,0.00,0.00,0.00,0.00,0.00,0.00,0.00,0.00,0.00,0.00,0.00,0.00,0.00
20650,DL:0.1.0:AT.1.0.0,2022-3-4 20:8:43,40.75,0.00,0.00,18.008,-0.419,-6.547,11.461,17.588,0.00,0.00,0.00,0.00,0.00,0.00,0.00,0.00,0.00,0.00,0.00,0.00,0.00,0.00,0.00,0.00,0.00
20650,DL:0.1.0:AT.1.0.0,2022-3-4 20:8:48,40.75,0.00,0.00,18.031,-0.442,-6.571,11.460,17.588,0.00,0.00,0.00,0.00,0.00,0.00,0.00,0.00,0.00,0.00,0.00,0.00,0.00,0.00,0.00,0.00,0.00
20650,DL:0.1.0:AT.1.0.0,2022-3-4 20:8:55,40.75,0.00,0.00,18.049,-0.459,-6.590,11.459,17.590,0.00,0.00,0.00,0.00,0.00,0.00,0.00,0.00,0.00,0.00,0.00,0.00,0.00,0.00,0.00,0.00,0.00
20650,DL:0.1.0:AT.1.0.0,2022-3-4 20:9:0,40.75,0.00,0.00,18.016,-0.425,-6.557,11.459,17.591,0.00,0.00,0.00,0.00,0.00,0.00,0.00,0.00,0.00,0.00,0.00,0.00,0.00,0.00,0.00,0.00,0.00
20650,DL:0.1.0:AT.1.0.0,2022-3-4 20:9:6,40.75,0.00,0.00,18.025,-0.433,-6.567,11.458,17.592,0.00,0.00,0.00,0.00,0.00,0.00,0.00,0.00,0.00,0.00,0.00,0.00,0.00,0.00,0.00,0.00,0.00
20650,DL:0.1.0:AT.1.0.0,2022-3-4 20:9:13,40.75,0.00,0.00,18.010,-0.418,-6.553,11.458,17.592,0.00,0.00,0.00,0.00,0.00,0.00,0.00,0.00,0.00,0.00,0.00,0.00,0.00,0.00,0.00,0.00,0.00
20650,DL:0.1.0:AT.1.0.0,2022-3-4 20:9:19,40.75,0.00,0.00,18.034,-0.441,-6.578,11.456,17.593,0.00,0.00,0.00,0.00,0.00,0.00,0.00,0.00,0.00,0.00,0.00,0.00,0.00,0.00,0.00,0.00,0.00
20650,DL:0.1.0:AT.1.0.0,2022-3-4 20:9:26,40.75,0.00,0.00,18.000,-0.409,-6.544,11.456,17.592,0.00,0.00,0.00,0.00,0.00,0.00,0.00,0.00,0.00,0.00,0.00,0.00,0.00,0.00,0.00,0.00,0.00
20650,DL:0.1.0:AT.1.0.0,2022-3-4 20:9:33,40.75,0.00,0.00,18.019,-0.425,-6.563,11.455,17.593,0.00,0.00,0.00,0.00,0.00,0.00,0.00,0.00,0.00,0.00,0.00,0.00,0.00,0.00,0.00,0.00,0.00
20650,DL:0.1.0:AT.1.0.0,2022-3-4 20:9:38,40.75,0.00,0.00,18.021,-0.428,-6.566,11.455,17.593,0.00,0.00,0.00,0.00,0.00,0.00,0.00,0.00,0.00,0.00,0.00,0.00,0.00,0.00,0.00,0.00,0.00
20650,DL:0.1.0:AT.1.0.0,2022-3-4 20:9:43,40.75,0.00,0.00,18.003,-0.410,-6.549,11.454,17.593,0.00,0.00,0.00,0.00,0.00,0.00,0.00,0.00,0.00,0.00,0.00,0.00,0.00,0.00,0.00,0.00,0.00
20650,DL:0.1.0:AT.1.0.0,2022-3-4 20:9:48,40.75,0.00,0.00,18.025,-0.430,-6.569,11.455,17.594,0.00,0.00,0.00,0.00,0.00,0.00,0.00,0.00,0.00,0.00,0.00,0.00,0.00,0.00,0.00,0.00,0.00
20650,DL:0.1.0:AT.1.0.0,2022-3-4 20:9:54,40.75,0.00,0.00,18.021,-0.427,-6.567,11.454,17.594,0.00,0.00,0.00,0.00,0.00,0.00,0.00,0.00,0.00,0.00,0.00,0.00,0.00,0.00,0.00,0.00,0.00
20650,DL:0.1.0:AT.1.0.0,2022-3-4 20:10:0,40.75,0.00,0.00,18.005,-0.411,-6.551,11.454,17.594,0.00,0.00,0.00,0.00,0.00,0.00,0.00,0.00,0.00,0.00,0.00,0.00,0.00,0.00,0.00,0.00,0.00
20650,DL:0.1.0:AT.1.0.0,2022-3-4 20:10:5,40.75,0.00,0.00,18.038,-0.443,-6.585,11.453,17.594,0.00,0.00,0.00,0.00,0.00,0.00,0.00,0.00,0.00,0.00,0.00,0.00,0.00,0.00,0.00,0.00,0.00
20650,DL:0.1.0:AT.1.0.0,2022-3-4 20:10:12,40.75,0.00,0.00,18.027,-0.430,-6.574,11.453,17.597,0.00,0.00,0.00,0.00,0.00,0.00,0.00,0.00,0.00,0.00,0.00,0.00,0.00,0.00,0.00,0.00,0.00
20650,DL:0.1.0:AT.1.0.0,2022-3-4 20:10:18,40.75,0.00,0.00,18.012,-0.416,-6.561,11.452,17.597,0.00,0.00,0.00,0.00,0.00,0.00,0.00,0.00,0.00,0.00,0.00,0.00,0.00,0.00,0.00,0.00,0.00
20650,DL:0.1.0:AT.1.0.0,2022-3-4 20:10:23,40.75,0.00,0.00,17.997,-0.399,-6.545,11.452,17.598,0.00,0.00,0.00,0.00,0.00,0.00,0.00,0.00,0.00,0.00,0.00,0.00,0.00,0.00,0.00,0.00,0.00
20650,DL:0.1.0:AT.1.0.0,2022-3-4 20:10:28,40.75,0.00,0.00,18.031,-0.433,-6.580,11.450,17.598,0.00,0.00,0.00,0.00,0.00,0.00,0.00,0.00,0.00,0.00,0.00,0.00,0.00,0.00,0.00,0.00,0.00
20650,DL:0.1.0:AT.1.0.0,2022-3-4 20:10:35,40.75,0.00,0.00,18.011,-0.413,-6.561,11.450,17.598,0.00,0.00,0.00,0.00,0.00,0.00,0.00,0.00,0.00,0.00,0.00,0.00,0.00,0.00,0.00,0.00,0.00
20650,DL:0.1.0:AT.1.0.0,2022-3-4 20:10:46,40.75,0.00,0.00,18.025,-0.425,-6.575,11.449,17.599,0.00,0.00,0.00,0.00,0.00,0.00,0.00,0.00,0.00,0.00,0.00,0.00,0.00,0.00,0.00,0.00,0.00
20650,DL:0.1.0:AT.1.0.0,2022-3-4 20:10:52,40.75,0.00,0.00,17.987,-0.388,-6.539,11.448,17.599,0.00,0.00,0.00,0.00,0.00,0.00,0.00,0.00,0.00,0.00,0.00,0.00,0.00,0.00,0.00,0.00,0.00
20650,DL:0.1.0:AT.1.0.0,2022-3-4 20:10:57,40.75,0.00,0.00,17.986,-0.386,-6.538,11.448,17.600,0.00,0.00,0.00,0.00,0.00,0.00,0.00,0.00,0.00,0.00,0.00,0.00,0.00,0.00,0.00,0.00,0.00
20650,DL:0.1.0:AT.1.0.0,2022-3-4 20:11:2,40.75,0.00,0.00,17.992,-0.391,-6.544,11.448,17.602,0.00,0.00,0.00,0.00,0.00,0.00,0.00,0.00,0.00,0.00,0.00,0.00,0.00,0.00,0.00,0.00,0.00
20650,DL:0.1.0:AT.1.0.0,2022-3-4 20:11:9,40.75,0.00,0.00,17.970,-0.368,-6.524,11.447,17.603,0.00,0.00,0.00,0.00,0.00,0.00,0.00,0.00,0.00,0.00,0.00,0.00,0.00,0.00,0.00,0.00,0.00
20650,DL:0.1.0:AT.1.0.0,2022-3-4 20:11:16,40.75,0.00,0.00,17.981,-0.377,-6.534,11.447,17.604,0.00,0.00,0.00,0.00,0.00,0.00,0.00,0.00,0.00,0.00,0.00,0.00,0.00,0.00,0.00,0.00,0.00
20650,DL:0.1.0:AT.1.0.0,2022-3-4 20:11:23,40.75,0.00,0.00,17.997,-0.393,-6.551,11.446,17.604,0.00,0.00,0.00,0.00,0.00,0.00,0.00,0.00,0.00,0.00,0.00,0.00,0.00,0.00,0.00,0.00,0.00
20650,DL:0.1.0:AT.1.0.0,2022-3-4 20:11:30,40.75,0.00,0.00,18.003,-0.398,-6.557,11.446,17.605,0.00,0.00,0.00,0.00,0.00,0.00,0.00,0.00,0.00,0.00,0.00,0.00,0.00,0.00,0.00,0.00,0.00
20650,DL:0.1.0:AT.1.0.0,2022-3-4 20:11:36,40.75,0.00,0.00,18.017,-0.411,-6.573,11.444,17.606,0.00,0.00,0.00,0.00,0.00,0.00,0.00,0.00,0.00,0.00,0.00,0.00,0.00,0.00,0.00,0.00,0.00
20650,DL:0.1.0:AT.1.0.0,2022-3-4 20:11:45,40.75,0.00,0.00,18.012,-0.405,-6.569,11.443,17.608,0.00,0.00,0.00,0.00,0.00,0.00,0.00,0.00,0.00,0.00,0.00,0.00,0.00,0.00,0.00,0.00,0.00
20650,DL:0.1.0:AT.1.0.0,2022-3-4 20:11:51,40.75,0.00,0.00,18.004,-0.395,-6.562,11.442,17.609,0.00,0.00,0.00,0.00,0.00,0.00,0.00,0.00,0.00,0.00,0.00,0.00,0.00,0.00,0.00,0.00,0.00
20650,DL:0.1.0:AT.1.0.0,2022-3-4 20:11:57,40.75,0.00,0.00,18.016,-0.406,-6.572,11.444,17.610,0.00,0.00,0.00,0.00,0.00,0.00,0.00,0.00,0.00,0.00,0.00,0.00,0.00,0.00,0.00,0.00,0.00
20650,DL:0.1.0:AT.1.0.0,2022-3-4 20:12:2,40.75,0.00,0.00,18.015,-0.405,-6.573,11.442,17.610,0.00,0.00,0.00,0.00,0.00,0.00,0.00,0.00,0.00,0.00,0.00,0.00,0.00,0.00,0.00,0.00,0.00
20650,DL:0.1.0:AT.1.0.0,2022-3-4 20:12:7,40.75,0.00,0.00,18.009,-0.398,-6.567,11.442,17.611,0.00,0.00,0.00,0.00,0.00,0.00,0.00,0.00,0.00,0.00,0.00,0.00,0.00,0.00,0.00,0.00,0.00
20650,DL:0.1.0:AT.1.0.0,2022-3-4 20:12:12,40.75,0.00,0.00,18.011,-0.399,-6.571,11.441,17.612,0.00,0.00,0.00,0.00,0.00,0.00,0.00,0.00,0.00,0.00,0.00,0.00,0.00,0.00,0.00,0.00,0.00
20650,DL:0.1.0:AT.1.0.0,2022-3-4 20:12:19,40.75,0.00,0.00,18.005,-0.394,-6.565,11.441,17.611,0.00,0.00,0.00,0.00,0.00,0.00,0.00,0.00,0.00,0.00,0.00,0.00,0.00,0.00,0.00,0.00,0.00
20650,DL:0.1.0:AT.1.0.0,2022-3-4 20:12:25,40.75,0.00,0.00,18.004,-0.393,-6.565,11.440,17.611,0.00,0.00,0.00,0.00,0.00,0.00,0.00,0.00,0.00,0.00,0.00,0.00,0.00,0.00,0.00,0.00,0.00
20650,DL:0.1.0:AT.1.0.0,2022-3-4 20:12:32,40.75,0.00,0.00,17.998,-0.386,-6.560,11.438,17.612,0.00,0.00,0.00,0.00,0.00,0.00,0.00,0.00,0.00,0.00,0.00,0.00,0.00,0.00,0.00,0.00,0.00
20650,DL:0.1.0:AT.1.0.0,2022-3-4 20:12:37,40.75,0.00,0.00,18.025,-0.412,-6.585,11.440,17.612,0.00,0.00,0.00,0.00,0.00,0.00,0.00,0.00,0.00,0.00,0.00,0.00,0.00,0.00,0.00,0.00,0.00
20650,DL:0.1.0:AT.1.0.0,2022-3-4 20:12:42,40.75,0.00,0.00,18.038,-0.424,-6.598,11.440,17.614,0.00,0.00,0.00,0.00,0.00,0.00,0.00,0.00,0.00,0.00,0.00,0.00,0.00,0.00,0.00,0.00,0.00
20650,DL:0.1.0:AT.1.0.0,2022-3-4 20:12:48,40.75,0.00,0.00,17.998,-0.383,-6.560,11.438,17.615,0.00,0.00,0.00,0.00,0.00,0.00,0.00,0.00,0.00,0.00,0.00,0.00,0.00,0.00,0.00,0.00,0.00
20650,DL:0.1.0:AT.1.0.0,2022-3-4 20:12:54,40.75,0.00,0.00,18.003,-0.388,-6.565,11.438,17.615,0.00,0.00,0.00,0.00,0.00,0.00,0.00,0.00,0.00,0.00,0.00,0.00,0.00,0.00,0.00,0.00,0.00
20650,DL:0.1.0:AT.1.0.0,2022-3-4 20:12:59,40.75,0.00,0.00,18.002,-0.386,-6.565,11.437,17.616,0.00,0.00,0.00,0.00,0.00,0.00,0.00,0.00,0.00,0.00,0.00,0.00,0.00,0.00,0.00,0.00,0.00
20650,DL:0.1.0:AT.1.0.0,2022-3-4 20:13:4,40.75,0.00,0.00,18.014,-0.398,-6.578,11.436,17.616,0.00,0.00,0.00,0.00,0.00,0.00,0.00,0.00,0.00,0.00,0.00,0.00,0.00,0.00,0.00,0.00,0.00
20650,DL:0.1.0:AT.1.0.0,2022-3-4 20:13:10,40.75,0.00,0.00,17.998,-0.382,-6.562,11.436,17.616,0.00,0.00,0.00,0.00,0.00,0.00,0.00,0.00,0.00,0.00,0.00,0.00,0.00,0.00,0.00,0.00,0.00
20650,DL:0.1.0:AT.1.0.0,2022-3-4 20:13:16,40.75,0.00,0.00,18.032,-0.416,-6.595,11.437,17.616,0.00,0.00,0.00,0.00,0.00,0.00,0.00,0.00,0.00,0.00,0.00,0.00,0.00,0.00,0.00,0.00,0.00
20650,DL:0.1.0:AT.1.0.0,2022-3-4 20:13:21,40.75,0.00,0.00,18.021,-0.405,-6.585,11.436,17.616,0.00,0.00,0.00,0.00,0.00,0.00,0.00,0.00,0.00,0.00,0.00,0.00,0.00,0.00,0.00,0.00,0.00
20650,DL:0.1.0:AT.1.0.0,2022-3-4 20:13:27,40.75,0.00,0.00,18.005,-0.388,-6.571,11.435,17.617,0.00,0.00,0.00,0.00,0.00,0.00,0.00,0.00,0.00,0.00,0.00,0.00,0.00,0.00,0.00,0.00,0.00
20650,DL:0.1.0:AT.1.0.0,2022-3-4 20:13:34,40.75,0.00,0.00,18.028,-0.410,-6.593,11.435,17.618,0.00,0.00,0.00,0.00,0.00,0.00,0.00,0.00,0.00,0.00,0.00,0.00,0.00,0.00,0.00,0.00,0.00
20650,DL:0.1.0:AT.1.0.0,2022-3-4 20:13:41,40.75,0.00,0.00,18.028,-0.409,-6.593,11.435,17.620,0.00,0.00,0.00,0.00,0.00,0.00,0.00,0.00,0.00,0.00,0.00,0.00,0.00,0.00,0.00,0.00,0.00
20650,DL:0.1.0:AT.1.0.0,2022-3-4 20:13:46,40.75,0.00,0.00,18.044,-0.423,-6.611,11.432,17.621,0.00,0.00,0.00,0.00,0.00,0.00,0.00,0.00,0.00,0.00,0.00,0.00,0.00,0.00,0.00,0.00,0.00
20650,DL:0.1.0:AT.1.0.0,2022-3-4 20:13:51,40.75,0.00,0.00,18.011,-0.389,-6.579,11.432,17.622,0.00,0.00,0.00,0.00,0.00,0.00,0.00,0.00,0.00,0.00,0.00,0.00,0.00,0.00,0.00,0.00,0.00
20650,DL:0.1.0:AT.1.0.0,2022-3-4 20:13:56,40.75,0.00,0.00,17.993,-0.373,-6.561,11.432,17.621,0.00,0.00,0.00,0.00,0.00,0.00,0.00,0.00,0.00,0.00,0.00,0.00,0.00,0.00,0.00,0.00,0.00
20650,DL:0.1.0:AT.1.0.0,2022-3-4 20:14:1,40.75,0.00,0.00,18.037,-0.416,-6.604,11.432,17.621,0.00,0.00,0.00,0.00,0.00,0.00,0.00,0.00,0.00,0.00,0.00,0.00,0.00,0.00,0.00,0.00,0.00
20650,DL:0.1.0:AT.1.0.0,2022-3-4 20:14:8,40.75,0.00,0.00,18.012,-0.391,-6.581,11.431,17.622,0.00,0.00,0.00,0.00,0.00,0.00,0.00,0.00,0.00,0.00,0.00,0.00,0.00,0.00,0.00,0.00,0.00
20650,DL:0.1.0:AT.1.0.0,2022-3-4 20:14:13,40.75,0.00,0.00,18.022,-0.400,-6.592,11.430,17.622,0.00,0.00,0.00,0.00,0.00,0.00,0.00,0.00,0.00,0.00,0.00,0.00,0.00,0.00,0.00,0.00,0.00
20650,DL:0.1.0:AT.1.0.0,2022-3-4 20:14:20,40.75,0.00,0.00,18.031,-0.409,-6.599,11.431,17.622,0.00,0.00,0.00,0.00,0.00,0.00,0.00,0.00,0.00,0.00,0.00,0.00,0.00,0.00,0.00,0.00,0.00
20650,DL:0.1.0:AT.1.0.0,2022-3-4 20:14:25,40.75,0.00,0.00,18.034,-0.412,-6.604,11.430,17.622,0.00,0.00,0.00,0.00,0.00,0.00,0.00,0.00,0.00,0.00,0.00,0.00,0.00,0.00,0.00,0.00,0.00
20650,DL:0.1.0:AT.1.0.0,2022-3-4 20:14:30,40.75,0.00,0.00,18.046,-0.423,-6.616,11.430,17.623,0.00,0.00,0.00,0.00,0.00,0.00,0.00,0.00,0.00,0.00,0.00,0.00,0.00,0.00,0.00,0.00,0.00
20650,DL:0.1.0:AT.1.0.0,2022-3-4 20:14:35,40.75,0.00,0.00,18.022,-0.399,-6.593,11.429,17.623,0.00,0.00,0.00,0.00,0.00,0.00,0.00,0.00,0.00,0.00,0.00,0.00,0.00,0.00,0.00,0.00,0.00
20650,DL:0.1.0:AT.1.0.0,2022-3-4 20:14:40,40.75,0.00,0.00,18.043,-0.421,-6.613,11.430,17.622,0.00,0.00,0.00,0.00,0.00,0.00,0.00,0.00,0.00,0.00,0.00,0.00,0.00,0.00,0.00,0.00,0.00
20650,DL:0.1.0:AT.1.0.0,2022-3-4 20:14:47,40.75,0.00,0.00,18.003,-0.380,-6.575,11.428,17.623,0.00,0.00,0.00,0.00,0.00,0.00,0.00,0.00,0.00,0.00,0.00,0.00,0.00,0.00,0.00,0.00,0.00
20650,DL:0.1.0:AT.1.0.0,2022-3-4 20:14:53,40.75,0.00,0.00,18.027,-0.405,-6.599,11.428,17.622,0.00,0.00,0.00,0.00,0.00,0.00,0.00,0.00,0.00,0.00,0.00,0.00,0.00,0.00,0.00,0.00,0.00
20650,DL:0.1.0:AT.1.0.0,2022-3-4 20:15:0,40.75,0.00,0.00,18.016,-0.392,-6.589,11.428,17.624,0.00,0.00,0.00,0.00,0.00,0.00,0.00,0.00,0.00,0.00,0.00,0.00,0.00,0.00,0.00,0.00,0.00
20650,DL:0.1.0:AT.1.0.0,2022-3-4 20:15:7,40.75,0.00,0.00,18.027,-0.401,-6.601,11.426,17.626,0.00,0.00,0.00,0.00,0.00,0.00,0.00,0.00,0.00,0.00,0.00,0.00,0.00,0.00,0.00,0.00,0.00
20650,DL:0.1.0:AT.1.0.0,2022-3-4 20:15:14,40.75,0.00,0.00,18.022,-0.398,-6.597,11.425,17.624,0.00,0.00,0.00,0.00,0.00,0.00,0.00,0.00,0.00,0.00,0.00,0.00,0.00,0.00,0.00,0.00,0.00
20650,DL:0.1.0:AT.1.0.0,2022-3-4 20:15:20,40.75,0.00,0.00,18.017,-0.391,-6.591,11.426,17.627,0.00,0.00,0.00,0.00,0.00,0.00,0.00,0.00,0.00,0.00,0.00,0.00,0.00,0.00,0.00,0.00,0.00
20650,DL:0.1.0:AT.1.0.0,2022-3-4 20:15:25,40.75,0.00,0.00,18.033,-0.405,-6.608,11.425,17.628,0.00,0.00,0.00,0.00,0.00,0.00,0.00,0.00,0.00,0.00,0.00,0.00,0.00,0.00,0.00,0.00,0.00
20650,DL:0.1.0:AT.1.0.0,2022-3-4 20:15:31,40.75,0.00,0.00,18.020,-0.392,-6.596,11.424,17.628,0.00,0.00,0.00,0.00,0.00,0.00,0.00,0.00,0.00,0.00,0.00,0.00,0.00,0.00,0.00,0.00,0.00
20650,DL:0.1.0:AT.1.0.0,2022-3-4 20:15:38,40.75,0.00,0.00,18.003,-0.374,-6.579,11.424,17.629,0.00,0.00,0.00,0.00,0.00,0.00,0.00,0.00,0.00,0.00,0.00,0.00,0.00,0.00,0.00,0.00,0.00
20650,DL:0.1.0:AT.1.0.0,2022-3-4 20:15:44,40.75,0.00,0.00,18.012,-0.383,-6.589,11.424,17.629,0.00,0.00,0.00,0.00,0.00,0.00,0.00,0.00,0.00,0.00,0.00,0.00,0.00,0.00,0.00,0.00,0.00
20650,DL:0.1.0:AT.1.0.0,2022-3-4 20:15:49,40.75,0.00,0.00,18.051,-0.422,-6.628,11.423,17.629,0.00,0.00,0.00,0.00,0.00,0.00,0.00,0.00,0.00,0.00,0.00,0.00,0.00,0.00,0.00,0.00,0.00
20650,DL:0.1.0:AT.1.0.0,2022-3-4 20:15:55,40.75,0.00,0.00,18.029,-0.400,-6.608,11.422,17.629,0.00,0.00,0.00,0.00,0.00,0.00,0.00,0.00,0.00,0.00,0.00,0.00,0.00,0.00,0.00,0.00,0.00
20650,DL:0.1.0:AT.1.0.0,2022-3-4 20:16:0,40.75,0.00,0.00,18.040,-0.411,-6.619,11.422,17.629,0.00,0.00,0.00,0.00,0.00,0.00,0.00,0.00,0.00,0.00,0.00,0.00,0.00,0.00,0.00,0.00,0.00
20650,DL:0.1.0:AT.1.0.0,2022-3-4 20:16:6,40.75,0.00,0.00,18.003,-0.373,-6.581,11.422,17.630,0.00,0.00,0.00,0.00,0.00,0.00,0.00,0.00,0.00,0.00,0.00,0.00,0.00,0.00,0.00,0.00,0.00
20650,DL:0.1.0:AT.1.0.0,2022-3-4 20:16:11,40.75,0.00,0.00,18.017,-0.387,-6.596,11.422,17.630,0.00,0.00,0.00,0.00,0.00,0.00,0.00,0.00,0.00,0.00,0.00,0.00,0.00,0.00,0.00,0.00,0.00
20650,DL:0.1.0:AT.1.0.0,2022-3-4 20:16:16,40.75,0.00,0.00,18.010,-0.380,-6.590,11.420,17.630,0.00,0.00,0.00,0.00,0.00,0.00,0.00,0.00,0.00,0.00,0.00,0.00,0.00,0.00,0.00,0.00,0.00
20650,DL:0.1.0:AT.1.0.0,2022-3-4 20:16:21,40.75,0.00,0.00,17.991,-0.360,-6.571,11.420,17.630,0.00,0.00,0.00,0.00,0.00,0.00,0.00,0.00,0.00,0.00,0.00,0.00,0.00,0.00,0.00,0.00,0.00
20650,DL:0.1.0:AT.1.0.0,2022-3-4 20:16:26,40.75,0.00,0.00,18.021,-0.389,-6.602,11.419,17.632,0.00,0.00,0.00,0.00,0.00,0.00,0.00,0.00,0.00,0.00,0.00,0.00,0.00,0.00,0.00,0.00,0.00
20650,DL:0.1.0:AT.1.0.0,2022-3-4 20:16:31,40.75,0.00,0.00,17.998,-0.366,-6.579,11.419,17.632,0.00,0.00,0.00,0.00,0.00,0.00,0.00,0.00,0.00,0.00,0.00,0.00,0.00,0.00,0.00,0.00,0.00
20650,DL:0.1.0:AT.1.0.0,2022-3-4 20:16:37,40.75,0.00,0.00,18.031,-0.398,-6.611,11.419,17.633,0.00,0.00,0.00,0.00,0.00,0.00,0.00,0.00,0.00,0.00,0.00,0.00,0.00,0.00,0.00,0.00,0.00
20650,DL:0.1.0:AT.1.0.0,2022-3-4 20:16:42,40.75,0.00,0.00,18.031,-0.398,-6.613,11.418,17.633,0.00,0.00,0.00,0.00,0.00,0.00,0.00,0.00,0.00,0.00,0.00,0.00,0.00,0.00,0.00,0.00,0.00
20650,DL:0.1.0:AT.1.0.0,2022-3-4 20:16:47,40.75,0.00,0.00,18.014,-0.381,-6.596,11.418,17.633,0.00,0.00,0.00,0.00,0.00,0.00,0.00,0.00,0.00,0.00,0.00,0.00,0.00,0.00,0.00,0.00,0.00
20650,DL:0.1.0:AT.1.0.0,2022-3-4 20:16:54,40.75,0.00,0.00,18.000,-0.366,-6.584,11.417,17.634,0.00,0.00,0.00,0.00,0.00,0.00,0.00,0.00,0.00,0.00,0.00,0.00,0.00,0.00,0.00,0.00,0.00
20650,DL:0.1.0:AT.1.0.0,2022-3-4 20:17:0,40.75,0.00,0.00,18.023,-0.389,-6.608,11.416,17.634,0.00,0.00,0.00,0.00,0.00,0.00,0.00,0.00,0.00,0.00,0.00,0.00,0.00,0.00,0.00,0.00,0.00
20650,DL:0.1.0:AT.1.0.0,2022-3-4 20:17:5,40.75,0.00,0.00,17.993,-0.358,-6.577,11.417,17.635,0.00,0.00,0.00,0.00,0.00,0.00,0.00,0.00,0.00,0.00,0.00,0.00,0.00,0.00,0.00,0.00,0.00
20650,DL:0.1.0:AT.1.0.0,2022-3-4 20:17:10,40.75,0.00,0.00,18.027,-0.392,-6.611,11.416,17.635,0.00,0.00,0.00,0.00,0.00,0.00,0.00,0.00,0.00,0.00,0.00,0.00,0.00,0.00,0.00,0.00,0.00
20650,DL:0.1.0:AT.1.0.0,2022-3-4 20:17:15,40.75,0.00,0.00,18.021,-0.386,-6.605,11.416,17.635,0.00,0.00,0.00,0.00,0.00,0.00,0.00,0.00,0.00,0.00,0.00,0.00,0.00,0.00,0.00,0.00,0.00
20650,DL:0.1.0:AT.1.0.0,2022-3-4 20:17:20,40.75,0.00,0.00,18.011,-0.376,-6.596,11.416,17.635,0.00,0.00,0.00,0.00,0.00,0.00,0.00,0.00,0.00,0.00,0.00,0.00,0.00,0.00,0.00,0.00,0.00
20650,DL:0.1.0:AT.1.0.0,2022-3-4 20:17:25,40.75,0.00,0.00,17.994,-0.358,-6.580,11.414,17.636,0.00,0.00,0.00,0.00,0.00,0.00,0.00,0.00,0.00,0.00,0.00,0.00,0.00,0.00,0.00,0.00,0.00
20650,DL:0.1.0:AT.1.0.0,2022-3-4 20:17:30,40.75,0.00,0.00,18.027,-0.392,-6.613,11.414,17.635,0.00,0.00,0.00,0.00,0.00,0.00,0.00,0.00,0.00,0.00,0.00,0.00,0.00,0.00,0.00,0.00,0.00
20650,DL:0.1.0:AT.1.0.0,2022-3-4 20:17:35,40.75,0.00,0.00,18.026,-0.391,-6.613,11.413,17.635,0.00,0.00,0.00,0.00,0.00,0.00,0.00,0.00,0.00,0.00,0.00,0.00,0.00,0.00,0.00,0.00,0.00
20650,DL:0.1.0:AT.1.0.0,2022-3-4 20:17:42,40.75,0.00,0.00,18.005,-0.370,-6.592,11.413,17.635,0.00,0.00,0.00,0.00,0.00,0.00,0.00,0.00,0.00,0.00,0.00,0.00,0.00,0.00,0.00,0.00,0.00
20650,DL:0.1.0:AT.1.0.0,2022-3-4 20:17:47,40.75,0.00,0.00,17.993,-0.358,-6.581,11.412,17.635,0.00,0.00,0.00,0.00,0.00,0.00,0.00,0.00,0.00,0.00,0.00,0.00,0.00,0.00,0.00,0.00,0.00
20650,DL:0.1.0:AT.1.0.0,2022-3-4 20:17:53,40.75,0.00,0.00,18.019,-0.383,-6.608,11.411,17.635,0.00,0.00,0.00,0.00,0.00,0.00,0.00,0.00,0.00,0.00,0.00,0.00,0.00,0.00,0.00,0.00,0.00
20650,DL:0.1.0:AT.1.0.0,2022-3-4 20:17:58,40.75,0.00,0.00,18.006,-0.373,-6.595,11.412,17.634,0.00,0.00,0.00,0.00,0.00,0.00,0.00,0.00,0.00,0.00,0.00,0.00,0.00,0.00,0.00,0.00,0.00
20650,DL:0.1.0:AT.1.0.0,2022-3-4 20:18:3,40.75,0.00,0.00,18.010,-0.376,-6.598,11.412,17.634,0.00,0.00,0.00,0.00,0.00,0.00,0.00,0.00,0.00,0.00,0.00,0.00,0.00,0.00,0.00,0.00,0.00
20650,DL:0.1.0:AT.1.0.0,2022-3-4 20:18:8,40.75,0.00,0.00,18.006,-0.370,-6.596,11.411,17.636,0.00,0.00,0.00,0.00,0.00,0.00,0.00,0.00,0.00,0.00,0.00,0.00,0.00,0.00,0.00,0.00,0.00
20650,DL:0.1.0:AT.1.0.0,2022-3-4 20:18:13,40.75,0.00,0.00,18.003,-0.366,-6.593,11.410,17.636,0.00,0.00,0.00,0.00,0.00,0.00,0.00,0.00,0.00,0.00,0.00,0.00,0.00,0.00,0.00,0.00,0.00
20650,DL:0.1.0:AT.1.0.0,2022-3-4 20:18:18,40.75,0.00,0.00,17.990,-0.352,-6.581,11.408,17.638,0.00,0.00,0.00,0.00,0.00,0.00,0.00,0.00,0.00,0.00,0.00,0.00,0.00,0.00,0.00,0.00,0.00
20650,DL:0.1.0:AT.1.0.0,2022-3-4 20:18:28,40.75,0.00,0.00,18.033,-0.395,-6.623,11.410,17.638,0.00,0.00,0.00,0.00,0.00,0.00,0.00,0.00,0.00,0.00,0.00,0.00,0.00,0.00,0.00,0.00,0.00
20650,DL:0.1.0:AT.1.0.0,2022-3-4 20:18:34,40.75,0.00,0.00,17.976,-0.339,-6.568,11.408,17.638,0.00,0.00,0.00,0.00,0.00,0.00,0.00,0.00,0.00,0.00,0.00,0.00,0.00,0.00,0.00,0.00,0.00
20650,DL:0.1.0:AT.1.0.0,2022-3-4 20:18:43,40.75,0.00,0.00,17.987,-0.348,-6.579,11.408,17.639,0.00,0.00,0.00,0.00,0.00,0.00,0.00,0.00,0.00,0.00,0.00,0.00,0.00,0.00,0.00,0.00,0.00
20650,DL:0.1.0:AT.1.0.0,2022-3-4 20:18:49,40.75,0.00,0.00,17.972,-0.333,-6.565,11.407,17.639,0.00,0.00,0.00,0.00,0.00,0.00,0.00,0.00,0.00,0.00,0.00,0.00,0.00,0.00,0.00,0.00,0.00
20650,DL:0.1.0:AT.1.0.0,2022-3-4 20:18:55,40.75,0.00,0.00,17.978,-0.339,-6.571,11.407,17.639,0.00,0.00,0.00,0.00,0.00,0.00,0.00,0.00,0.00,0.00,0.00,0.00,0.00,0.00,0.00,0.00,0.00
20650,DL:0.1.0:AT.1.0.0,2022-3-4 20:19:0,40.75,0.00,0.00,18.019,-0.379,-6.613,11.406,17.640,0.00,0.00,0.00,0.00,0.00,0.00,0.00,0.00,0.00,0.00,0.00,0.00,0.00,0.00,0.00,0.00,0.00
20650,DL:0.1.0:AT.1.0.0,2022-3-4 20:19:5,40.75,0.00,0.00,18.031,-0.391,-6.625,11.406,17.640,0.00,0.00,0.00,0.00,0.00,0.00,0.00,0.00,0.00,0.00,0.00,0.00,0.00,0.00,0.00,0.00,0.00
20650,DL:0.1.0:AT.1.0.0,2022-3-4 20:19:10,40.75,0.00,0.00,17.990,-0.350,-6.585,11.405,17.640,0.00,0.00,0.00,0.00,0.00,0.00,0.00,0.00,0.00,0.00,0.00,0.00,0.00,0.00,0.00,0.00,0.00
20650,DL:0.1.0:AT.1.0.0,2022-3-4 20:19:18,40.50,0.00,0.00,18.000,-0.358,-6.596,11.405,17.642,0.00,0.00,0.00,0.00,0.00,0.00,0.00,0.00,0.00,0.00,0.00,0.00,0.00,0.00,0.00,0.00,0.00
20650,DL:0.1.0:AT.1.0.0,2022-3-4 20:19:23,40.50,0.00,0.00,18.000,-0.358,-6.597,11.404,17.642,0.00,0.00,0.00,0.00,0.00,0.00,0.00,0.00,0.00,0.00,0.00,0.00,0.00,0.00,0.00,0.00,0.00
20650,DL:0.1.0:AT.1.0.0,2022-3-4 20:19:28,40.50,0.00,0.00,18.000,-0.357,-6.598,11.402,17.644,0.00,0.00,0.00,0.00,0.00,0.00,0.00,0.00,0.00,0.00,0.00,0.00,0.00,0.00,0.00,0.00,0.00
20650,DL:0.1.0:AT.1.0.0,2022-3-4 20:19:35,40.50,0.00,0.00,17.987,-0.342,-6.585,11.402,17.645,0.00,0.00,0.00,0.00,0.00,0.00,0.00,0.00,0.00,0.00,0.00,0.00,0.00,0.00,0.00,0.00,0.00
20650,DL:0.1.0:AT.1.0.0,2022-3-4 20:19:42,40.50,0.00,0.00,18.008,-0.363,-6.605,11.402,17.645,0.00,0.00,0.00,0.00,0.00,0.00,0.00,0.00,0.00,0.00,0.00,0.00,0.00,0.00,0.00,0.00,0.00
20650,DL:0.1.0:AT.1.0.0,2022-3-4 20:19:47,40.50,0.00,0.00,18.039,-0.393,-6.638,11.401,17.646,0.00,0.00,0.00,0.00,0.00,0.00,0.00,0.00,0.00,0.00,0.00,0.00,0.00,0.00,0.00,0.00,0.00
20650,DL:0.1.0:AT.1.0.0,2022-3-4 20:19:52,40.50,0.00,0.00,18.003,-0.357,-6.602,11.401,17.646,0.00,0.00,0.00,0.00,0.00,0.00,0.00,0.00,0.00,0.00,0.00,0.00,0.00,0.00,0.00,0.00,0.00
20650,DL:0.1.0:AT.1.0.0,2022-3-4 20:19:57,40.50,0.00,0.00,17.991,-0.344,-6.590,11.401,17.647,0.00,0.00,0.00,0.00,0.00,0.00,0.00,0.00,0.00,0.00,0.00,0.00,0.00,0.00,0.00,0.00,0.00
20650,DL:0.1.0:AT.1.0.0,2022-3-4 20:20:3,40.50,0.00,0.00,17.997,-0.350,-6.596,11.401,17.647,0.00,0.00,0.00,0.00,0.00,0.00,0.00,0.00,0.00,0.00,0.00,0.00,0.00,0.00,0.00,0.00,0.00
20650,DL:0.1.0:AT.1.0.0,2022-3-4 20:20:10,40.50,0.00,0.00,17.996,-0.347,-6.596,11.400,17.648,0.00,0.00,0.00,0.00,0.00,0.00,0.00,0.00,0.00,0.00,0.00,0.00,0.00,0.00,0.00,0.00,0.00
20650,DL:0.1.0:AT.1.0.0,2022-3-4 20:20:15,40.50,0.00,0.00,17.997,-0.348,-6.595,11.402,17.648,0.00,0.00,0.00,0.00,0.00,0.00,0.00,0.00,0.00,0.00,0.00,0.00,0.00,0.00,0.00,0.00,0.00
20650,DL:0.1.0:AT.1.0.0,2022-3-4 20:20:20,40.50,0.00,0.00,17.991,-0.341,-6.590,11.401,17.650,0.00,0.00,0.00,0.00,0.00,0.00,0.00,0.00,0.00,0.00,0.00,0.00,0.00,0.00,0.00,0.00,0.00
20650,DL:0.1.0:AT.1.0.0,2022-3-4 20:20:28,40.50,0.00,0.00,18.010,-0.360,-6.611,11.399,17.650,0.00,0.00,0.00,0.00,0.00,0.00,0.00,0.00,0.00,0.00,0.00,0.00,0.00,0.00,0.00,0.00,0.00
20650,DL:0.1.0:AT.1.0.0,2022-3-4 20:20:33,40.50,0.00,0.00,17.998,-0.348,-6.599,11.399,17.650,0.00,0.00,0.00,0.00,0.00,0.00,0.00,0.00,0.00,0.00,0.00,0.00,0.00,0.00,0.00,0.00,0.00
20650,DL:0.1.0:AT.1.0.0,2022-3-4 20:20:38,40.50,0.00,0.00,18.003,-0.351,-6.604,11.399,17.652,0.00,0.00,0.00,0.00,0.00,0.00,0.00,0.00,0.00,0.00,0.00,0.00,0.00,0.00,0.00,0.00,0.00
20650,DL:0.1.0:AT.1.0.0,2022-3-4 20:20:44,40.50,0.00,0.00,18.005,-0.354,-6.607,11.399,17.651,0.00,0.00,0.00,0.00,0.00,0.00,0.00,0.00,0.00,0.00,0.00,0.00,0.00,0.00,0.00,0.00,0.00
20650,DL:0.1.0:AT.1.0.0,2022-3-4 20:20:51,40.50,0.00,0.00,18.025,-0.373,-6.627,11.398,17.652,0.00,0.00,0.00,0.00,0.00,0.00,0.00,0.00,0.00,0.00,0.00,0.00,0.00,0.00,0.00,0.00,0.00
20650,DL:0.1.0:AT.1.0.0,2022-3-4 20:20:56,40.50,0.00,0.00,18.006,-0.354,-6.609,11.398,17.652,0.00,0.00,0.00,0.00,0.00,0.00,0.00,0.00,0.00,0.00,0.00,0.00,0.00,0.00,0.00,0.00,0.00
20650,DL:0.1.0:AT.1.0.0,2022-3-4 20:21:1,40.50,0.00,0.00,18.019,-0.366,-6.621,11.398,17.652,0.00,0.00,0.00,0.00,0.00,0.00,0.00,0.00,0.00,0.00,0.00,0.00,0.00,0.00,0.00,0.00,0.00
20650,DL:0.1.0:AT.1.0.0,2022-3-4 20:21:6,40.50,0.00,0.00,18.010,-0.358,-6.613,11.398,17.652,0.00,0.00,0.00,0.00,0.00,0.00,0.00,0.00,0.00,0.00,0.00,0.00,0.00,0.00,0.00,0.00,0.00
20650,DL:0.1.0:AT.1.0.0,2022-3-4 20:21:12,40.50,0.00,0.00,17.998,-0.346,-6.602,11.396,17.652,0.00,0.00,0.00,0.00,0.00,0.00,0.00,0.00,0.00,0.00,0.00,0.00,0.00,0.00,0.00,0.00,0.00
20650,DL:0.1.0:AT.1.0.0,2022-3-4 20:21:18,40.50,0.00,0.00,17.998,-0.345,-6.602,11.396,17.653,0.00,0.00,0.00,0.00,0.00,0.00,0.00,0.00,0.00,0.00,0.00,0.00,0.00,0.00,0.00,0.00,0.00
20650,DL:0.1.0:AT.1.0.0,2022-3-4 20:21:24,40.50,0.00,0.00,17.999,-0.346,-6.603,11.396,17.653,0.00,0.00,0.00,0.00,0.00,0.00,0.00,0.00,0.00,0.00,0.00,0.00,0.00,0.00,0.00,0.00,0.00
20650,DL:0.1.0:AT.1.0.0,2022-3-4 20:21:29,40.50,0.00,0.00,18.010,-0.357,-6.615,11.395,17.653,0.00,0.00,0.00,0.00,0.00,0.00,0.00,0.00,0.00,0.00,0.00,0.00,0.00,0.00,0.00,0.00,0.00
20650,DL:0.1.0:AT.1.0.0,2022-3-4 20:21:35,40.50,0.00,0.00,17.998,-0.345,-6.604,11.394,17.653,0.00,0.00,0.00,0.00,0.00,0.00,0.00,0.00,0.00,0.00,0.00,0.00,0.00,0.00,0.00,0.00,0.00
20650,DL:0.1.0:AT.1.0.0,2022-3-4 20:21:42,40.50,0.00,0.00,17.974,-0.320,-6.580,11.394,17.654,0.00,0.00,0.00,0.00,0.00,0.00,0.00,0.00,0.00,0.00,0.00,0.00,0.00,0.00,0.00,0.00,0.00
20650,DL:0.1.0:AT.1.0.0,2022-3-4 20:21:47,40.50,0.00,0.00,17.988,-0.334,-6.595,11.394,17.654,0.00,0.00,0.00,0.00,0.00,0.00,0.00,0.00,0.00,0.00,0.00,0.00,0.00,0.00,0.00,0.00,0.00
20650,DL:0.1.0:AT.1.0.0,2022-3-4 20:21:53,40.50,0.00,0.00,17.992,-0.336,-6.598,11.394,17.656,0.00,0.00,0.00,0.00,0.00,0.00,0.00,0.00,0.00,0.00,0.00,0.00,0.00,0.00,0.00,0.00,0.00
20650,DL:0.1.0:AT.1.0.0,2022-3-4 20:21:58,40.50,0.00,0.00,18.004,-0.347,-6.613,11.391,17.657,0.00,0.00,0.00,0.00,0.00,0.00,0.00,0.00,0.00,0.00,0.00,0.00,0.00,0.00,0.00,0.00,0.00
20650,DL:0.1.0:AT.1.0.0,2022-3-4 20:22:3,40.50,0.00,0.00,18.021,-0.364,-6.628,11.393,17.657,0.00,0.00,0.00,0.00,0.00,0.00,0.00,0.00,0.00,0.00,0.00,0.00,0.00,0.00,0.00,0.00,0.00
20650,DL:0.1.0:AT.1.0.0,2022-3-4 20:22:10,40.50,0.00,0.00,17.970,-0.312,-6.579,11.391,17.658,0.00,0.00,0.00,0.00,0.00,0.00,0.00,0.00,0.00,0.00,0.00,0.00,0.00,0.00,0.00,0.00,0.00
20650,DL:0.1.0:AT.1.0.0,2022-3-4 20:22:17,40.50,0.00,0.00,17.963,-0.305,-6.573,11.390,17.658,0.00,0.00,0.00,0.00,0.00,0.00,0.00,0.00,0.00,0.00,0.00,0.00,0.00,0.00,0.00,0.00,0.00
20650,DL:0.1.0:AT.1.0.0,2022-3-4 20:22:22,40.50,0.00,0.00,17.955,-0.296,-6.565,11.390,17.659,0.00,0.00,0.00,0.00,0.00,0.00,0.00,0.00,0.00,0.00,0.00,0.00,0.00,0.00,0.00,0.00,0.00
20650,DL:0.1.0:AT.1.0.0,2022-3-4 20:22:28,40.50,0.00,0.00,17.981,-0.323,-6.591,11.390,17.658,0.00,0.00,0.00,0.00,0.00,0.00,0.00,0.00,0.00,0.00,0.00,0.00,0.00,0.00,0.00,0.00,0.00
20650,DL:0.1.0:AT.1.0.0,2022-3-4 20:22:34,40.50,0.00,0.00,17.998,-0.339,-6.608,11.390,17.659,0.00,0.00,0.00,0.00,0.00,0.00,0.00,0.00,0.00,0.00,0.00,0.00,0.00,0.00,0.00,0.00,0.00
20650,DL:0.1.0:AT.1.0.0,2022-3-4 20:22:41,40.50,0.00,0.00,17.992,-0.333,-6.603,11.389,17.659,0.00,0.00,0.00,0.00,0.00,0.00,0.00,0.00,0.00,0.00,0.00,0.00,0.00,0.00,0.00,0.00,0.00
20650,DL:0.1.0:AT.1.0.0,2022-3-4 20:22:47,40.50,0.00,0.00,17.974,-0.315,-6.581,11.393,17.659,0.00,0.00,0.00,0.00,0.00,0.00,0.00,0.00,0.00,0.00,0.00,0.00,0.00,0.00,0.00,0.00,0.00
20650,DL:0.1.0:AT.1.0.0,2022-3-4 20:22:52,40.50,0.00,0.00,17.968,-0.309,-6.577,11.391,17.659,0.00,0.00,0.00,0.00,0.00,0.00,0.00,0.00,0.00,0.00,0.00,0.00,0.00,0.00,0.00,0.00,0.00
20650,DL:0.1.0:AT.1.0.0,2022-3-4 20:23:0,40.50,0.00,0.00,17.984,-0.323,-6.591,11.393,17.660,0.00,0.00,0.00,0.00,0.00,0.00,0.00,0.00,0.00,0.00,0.00,0.00,0.00,0.00,0.00,0.00,0.00
20650,DL:0.1.0:AT.1.0.0,2022-3-4 20:23:5,40.50,0.00,0.00,17.985,-0.324,-6.593,11.391,17.660,0.00,0.00,0.00,0.00,0.00,0.00,0.00,0.00,0.00,0.00,0.00,0.00,0.00,0.00,0.00,0.00,0.00
20650,DL:0.1.0:AT.1.0.0,2022-3-4 20:23:10,40.50,0.00,0.00,17.998,-0.336,-6.608,11.390,17.662,0.00,0.00,0.00,0.00,0.00,0.00,0.00,0.00,0.00,0.00,0.00,0.00,0.00,0.00,0.00,0.00,0.00
20650,DL:0.1.0:AT.1.0.0,2022-3-4 20:23:15,40.50,0.00,0.00,17.992,-0.330,-6.602,11.390,17.662,0.00,0.00,0.00,0.00,0.00,0.00,0.00,0.00,0.00,0.00,0.00,0.00,0.00,0.00,0.00,0.00,0.00
20650,DL:0.1.0:AT.1.0.0,2022-3-4 20:23:22,40.50,0.00,0.00,17.986,-0.324,-6.596,11.390,17.662,0.00,0.00,0.00,0.00,0.00,0.00,0.00,0.00,0.00,0.00,0.00,0.00,0.00,0.00,0.00,0.00,0.00
20650,DL:0.1.0:AT.1.0.0,2022-3-4 20:23:27,40.50,0.00,0.00,17.981,-0.318,-6.592,11.389,17.663,0.00,0.00,0.00,0.00,0.00,0.00,0.00,0.00,0.00,0.00,0.00,0.00,0.00,0.00,0.00,0.00,0.00
20650,DL:0.1.0:AT.1.0.0,2022-3-4 20:23:32,40.50,0.00,0.00,17.998,-0.335,-6.609,11.389,17.663,0.00,0.00,0.00,0.00,0.00,0.00,0.00,0.00,0.00,0.00,0.00,0.00,0.00,0.00,0.00,0.00,0.00
20650,DL:0.1.0:AT.1.0.0,2022-3-4 20:23:39,40.50,0.00,0.00,17.979,-0.316,-6.591,11.388,17.663,0.00,0.00,0.00,0.00,0.00,0.00,0.00,0.00,0.00,0.00,0.00,0.00,0.00,0.00,0.00,0.00,0.00
20650,DL:0.1.0:AT.1.0.0,2022-3-4 20:23:44,40.50,0.00,0.00,18.020,-0.357,-6.632,11.388,17.663,0.00,0.00,0.00,0.00,0.00,0.00,0.00,0.00,0.00,0.00,0.00,0.00,0.00,0.00,0.00,0.00,0.00
20650,DL:0.1.0:AT.1.0.0,2022-3-4 20:23:49,40.50,0.00,0.00,17.982,-0.318,-6.596,11.387,17.664,0.00,0.00,0.00,0.00,0.00,0.00,0.00,0.00,0.00,0.00,0.00,0.00,0.00,0.00,0.00,0.00,0.00
20650,DL:0.1.0:AT.1.0.0,2022-3-4 20:23:54,40.50,0.00,0.00,17.942,-0.279,-6.554,11.388,17.663,0.00,0.00,0.00,0.00,0.00,0.00,0.00,0.00,0.00,0.00,0.00,0.00,0.00,0.00,0.00,0.00,0.00
20650,DL:0.1.0:AT.1.0.0,2022-3-4 20:24:4,40.50,0.00,0.00,17.974,-0.310,-6.587,11.387,17.664,0.00,0.00,0.00,0.00,0.00,0.00,0.00,0.00,0.00,0.00,0.00,0.00,0.00,0.00,0.00,0.00,0.00
20650,DL:0.1.0:AT.1.0.0,2022-3-4 20:24:9,40.50,0.00,0.00,18.006,-0.342,-6.622,11.384,17.664,0.00,0.00,0.00,0.00,0.00,0.00,0.00,0.00,0.00,0.00,0.00,0.00,0.00,0.00,0.00,0.00,0.00
20650,DL:0.1.0:AT.1.0.0,2022-3-4 20:24:14,40.50,0.00,0.00,18.010,-0.346,-6.626,11.384,17.664,0.00,0.00,0.00,0.00,0.00,0.00,0.00,0.00,0.00,0.00,0.00,0.00,0.00,0.00,0.00,0.00,0.00
20650,DL:0.1.0:AT.1.0.0,2022-3-4 20:24:20,40.50,0.00,0.00,17.982,-0.318,-6.598,11.384,17.664,0.00,0.00,0.00,0.00,0.00,0.00,0.00,0.00,0.00,0.00,0.00,0.00,0.00,0.00,0.00,0.00,0.00
20650,DL:0.1.0:AT.1.0.0,2022-3-4 20:24:27,40.50,0.00,0.00,17.967,-0.302,-6.584,11.383,17.665,0.00,0.00,0.00,0.00,0.00,0.00,0.00,0.00,0.00,0.00,0.00,0.00,0.00,0.00,0.00,0.00,0.00
20650,DL:0.1.0:AT.1.0.0,2022-3-4 20:24:34,40.50,0.00,0.00,17.988,-0.323,-6.605,11.383,17.665,0.00,0.00,0.00,0.00,0.00,0.00,0.00,0.00,0.00,0.00,0.00,0.00,0.00,0.00,0.00,0.00,0.00
20650,DL:0.1.0:AT.1.0.0,2022-3-4 20:24:39,40.50,0.00,0.00,17.958,-0.292,-6.575,11.383,17.666,0.00,0.00,0.00,0.00,0.00,0.00,0.00,0.00,0.00,0.00,0.00,0.00,0.00,0.00,0.00,0.00,0.00
20650,DL:0.1.0:AT.1.0.0,2022-3-4 20:24:44,40.50,0.00,0.00,17.990,-0.323,-6.608,11.382,17.666,0.00,0.00,0.00,0.00,0.00,0.00,0.00,0.00,0.00,0.00,0.00,0.00,0.00,0.00,0.00,0.00,0.00
20650,DL:0.1.0:AT.1.0.0,2022-3-4 20:24:50,40.50,0.00,0.00,17.982,-0.316,-6.601,11.382,17.666,0.00,0.00,0.00,0.00,0.00,0.00,0.00,0.00,0.00,0.00,0.00,0.00,0.00,0.00,0.00,0.00,0.00
20650,DL:0.1.0:AT.1.0.0,2022-3-4 20:24:55,40.50,0.00,0.00,18.009,-0.342,-6.627,11.382,17.666,0.00,0.00,0.00,0.00,0.00,0.00,0.00,0.00,0.00,0.00,0.00,0.00,0.00,0.00,0.00,0.00,0.00
20650,DL:0.1.0:AT.1.0.0,2022-3-4 20:25:4,40.50,0.00,0.00,17.996,-0.329,-6.615,11.381,17.666,0.00,0.00,0.00,0.00,0.00,0.00,0.00,0.00,0.00,0.00,0.00,0.00,0.00,0.00,0.00,0.00,0.00
20650,DL:0.1.0:AT.1.0.0,2022-3-4 20:25:9,40.50,0.00,0.00,17.986,-0.318,-6.607,11.379,17.668,0.00,0.00,0.00,0.00,0.00,0.00,0.00,0.00,0.00,0.00,0.00,0.00,0.00,0.00,0.00,0.00,0.00
20650,DL:0.1.0:AT.1.0.0,2022-3-4 20:25:14,40.50,0.00,0.00,17.973,-0.305,-6.593,11.379,17.668,0.00,0.00,0.00,0.00,0.00,0.00,0.00,0.00,0.00,0.00,0.00,0.00,0.00,0.00,0.00,0.00,0.00
20650,DL:0.1.0:AT.1.0.0,2022-3-4 20:25:21,40.50,0.00,0.00,17.986,-0.317,-6.607,11.379,17.669,0.00,0.00,0.00,0.00,0.00,0.00,0.00,0.00,0.00,0.00,0.00,0.00,0.00,0.00,0.00,0.00,0.00
20650,DL:0.1.0:AT.1.0.0,2022-3-4 20:25:26,40.50,0.00,0.00,17.987,-0.318,-6.609,11.378,17.669,0.00,0.00,0.00,0.00,0.00,0.00,0.00,0.00,0.00,0.00,0.00,0.00,0.00,0.00,0.00,0.00,0.00
20650,DL:0.1.0:AT.1.0.0,2022-3-4 20:25:31,40.50,0.00,0.00,17.999,-0.330,-6.621,11.378,17.669,0.00,0.00,0.00,0.00,0.00,0.00,0.00,0.00,0.00,0.00,0.00,0.00,0.00,0.00,0.00,0.00,0.00
20650,DL:0.1.0:AT.1.0.0,2022-3-4 20:25:36,40.50,0.00,0.00,17.982,-0.312,-6.604,11.378,17.670,0.00,0.00,0.00,0.00,0.00,0.00,0.00,0.00,0.00,0.00,0.00,0.00,0.00,0.00,0.00,0.00,0.00
20650,DL:0.1.0:AT.1.0.0,2022-3-4 20:25:43,40.50,0.00,0.00,17.998,-0.327,-6.621,11.377,17.671,0.00,0.00,0.00,0.00,0.00,0.00,0.00,0.00,0.00,0.00,0.00,0.00,0.00,0.00,0.00,0.00,0.00
20650,DL:0.1.0:AT.1.0.0,2022-3-4 20:25:49,40.50,0.00,0.00,17.975,-0.305,-6.598,11.377,17.670,0.00,0.00,0.00,0.00,0.00,0.00,0.00,0.00,0.00,0.00,0.00,0.00,0.00,0.00,0.00,0.00,0.00
20650,DL:0.1.0:AT.1.0.0,2022-3-4 20:25:56,40.50,0.00,0.00,17.960,-0.288,-6.584,11.376,17.671,0.00,0.00,0.00,0.00,0.00,0.00,0.00,0.00,0.00,0.00,0.00,0.00,0.00,0.00,0.00,0.00,0.00
20650,DL:0.1.0:AT.1.0.0,2022-3-4 20:26:2,40.50,0.00,0.00,17.976,-0.305,-6.602,11.375,17.671,0.00,0.00,0.00,0.00,0.00,0.00,0.00,0.00,0.00,0.00,0.00,0.00,0.00,0.00,0.00,0.00,0.00
20650,DL:0.1.0:AT.1.0.0,2022-3-4 20:26:7,40.50,0.00,0.00,17.985,-0.312,-6.610,11.375,17.672,0.00,0.00,0.00,0.00,0.00,0.00,0.00,0.00,0.00,0.00,0.00,0.00,0.00,0.00,0.00,0.00,0.00
20650,DL:0.1.0:AT.1.0.0,2022-3-4 20:26:13,40.50,0.00,0.00,17.951,-0.279,-6.578,11.373,17.672,0.00,0.00,0.00,0.00,0.00,0.00,0.00,0.00,0.00,0.00,0.00,0.00,0.00,0.00,0.00,0.00,0.00
20650,DL:0.1.0:AT.1.0.0,2022-3-4 20:26:20,40.50,0.00,0.00,17.934,-0.261,-6.561,11.373,17.674,0.00,0.00,0.00,0.00,0.00,0.00,0.00,0.00,0.00,0.00,0.00,0.00,0.00,0.00,0.00,0.00,0.00
20650,DL:0.1.0:AT.1.0.0,2022-3-4 20:26:25,40.50,0.00,0.00,17.945,-0.273,-6.572,11.373,17.672,0.00,0.00,0.00,0.00,0.00,0.00,0.00,0.00,0.00,0.00,0.00,0.00,0.00,0.00,0.00,0.00,0.00
20650,DL:0.1.0:AT.1.0.0,2022-3-4 20:26:31,40.50,0.00,0.00,17.967,-0.292,-6.595,11.372,17.675,0.00,0.00,0.00,0.00,0.00,0.00,0.00,0.00,0.00,0.00,0.00,0.00,0.00,0.00,0.00,0.00,0.00
20650,DL:0.1.0:AT.1.0.0,2022-3-4 20:26:36,40.50,0.00,0.00,17.991,-0.316,-6.619,11.372,17.675,0.00,0.00,0.00,0.00,0.00,0.00,0.00,0.00,0.00,0.00,0.00,0.00,0.00,0.00,0.00,0.00,0.00
20650,DL:0.1.0:AT.1.0.0,2022-3-4 20:26:41,40.50,0.00,0.00,17.979,-0.304,-6.608,11.371,17.675,0.00,0.00,0.00,0.00,0.00,0.00,0.00,0.00,0.00,0.00,0.00,0.00,0.00,0.00,0.00,0.00,0.00
20650,DL:0.1.0:AT.1.0.0,2022-3-4 20:26:46,40.50,0.00,0.00,17.966,-0.290,-6.596,11.370,17.676,0.00,0.00,0.00,0.00,0.00,0.00,0.00,0.00,0.00,0.00,0.00,0.00,0.00,0.00,0.00,0.00,0.00
20650,DL:0.1.0:AT.1.0.0,2022-3-4 20:26:51,40.50,0.00,0.00,17.956,-0.280,-6.585,11.371,17.676,0.00,0.00,0.00,0.00,0.00,0.00,0.00,0.00,0.00,0.00,0.00,0.00,0.00,0.00,0.00,0.00,0.00
20650,DL:0.1.0:AT.1.0.0,2022-3-4 20:26:58,40.50,0.00,0.00,17.973,-0.297,-6.604,11.369,17.676,0.00,0.00,0.00,0.00,0.00,0.00,0.00,0.00,0.00,0.00,0.00,0.00,0.00,0.00,0.00,0.00,0.00
20650,DL:0.1.0:AT.1.0.0,2022-3-4 20:27:9,40.50,0.00,0.00,17.972,-0.294,-6.603,11.369,17.677,0.00,0.00,0.00,0.00,0.00,0.00,0.00,0.00,0.00,0.00,0.00,0.00,0.00,0.00,0.00,0.00,0.00
20650,DL:0.1.0:AT.1.0.0,2022-3-4 20:27:15,40.50,0.00,0.00,17.963,-0.285,-6.596,11.367,17.678,0.00,0.00,0.00,0.00,0.00,0.00,0.00,0.00,0.00,0.00,0.00,0.00,0.00,0.00,0.00,0.00,0.00
20650,DL:0.1.0:AT.1.0.0,2022-3-4 20:27:22,40.50,0.00,0.00,17.974,-0.296,-6.607,11.367,17.678,0.00,0.00,0.00,0.00,0.00,0.00,0.00,0.00,0.00,0.00,0.00,0.00,0.00,0.00,0.00,0.00,0.00
20650,DL:0.1.0:AT.1.0.0,2022-3-4 20:27:29,40.50,0.00,0.00,17.934,-0.256,-6.568,11.366,17.678,0.00,0.00,0.00,0.00,0.00,0.00,0.00,0.00,0.00,0.00,0.00,0.00,0.00,0.00,0.00,0.00,0.00
20650,DL:0.1.0:AT.1.0.0,2022-3-4 20:27:39,40.50,0.00,0.00,17.970,-0.291,-6.604,11.366,17.680,0.00,0.00,0.00,0.00,0.00,0.00,0.00,0.00,0.00,0.00,0.00,0.00,0.00,0.00,0.00,0.00,0.00
20650,DL:0.1.0:AT.1.0.0,2022-3-4 20:27:44,40.50,0.00,0.00,18.005,-0.326,-6.641,11.364,17.680,0.00,0.00,0.00,0.00,0.00,0.00,0.00,0.00,0.00,0.00,0.00,0.00,0.00,0.00,0.00,0.00,0.00
20650,DL:0.1.0:AT.1.0.0,2022-3-4 20:27:49,40.50,0.00,0.00,18.012,-0.333,-6.649,11.364,17.680,0.00,0.00,0.00,0.00,0.00,0.00,0.00,0.00,0.00,0.00,0.00,0.00,0.00,0.00,0.00,0.00,0.00
20650,DL:0.1.0:AT.1.0.0,2022-3-4 20:27:55,40.50,0.00,0.00,18.011,-0.332,-6.647,11.364,17.680,0.00,0.00,0.00,0.00,0.00,0.00,0.00,0.00,0.00,0.00,0.00,0.00,0.00,0.00,0.00,0.00,0.00
20650,DL:0.1.0:AT.1.0.0,2022-3-4 20:28:0,40.50,0.00,0.00,17.974,-0.293,-6.610,11.364,17.681,0.00,0.00,0.00,0.00,0.00,0.00,0.00,0.00,0.00,0.00,0.00,0.00,0.00,0.00,0.00,0.00,0.00
20650,DL:0.1.0:AT.1.0.0,2022-3-4 20:28:7,40.50,0.00,0.00,17.960,-0.279,-6.596,11.364,17.681,0.00,0.00,0.00,0.00,0.00,0.00,0.00,0.00,0.00,0.00,0.00,0.00,0.00,0.00,0.00,0.00,0.00
20650,DL:0.1.0:AT.1.0.0,2022-3-4 20:28:13,40.50,0.00,0.00,17.966,-0.284,-6.603,11.363,17.682,0.00,0.00,0.00,0.00,0.00,0.00,0.00,0.00,0.00,0.00,0.00,0.00,0.00,0.00,0.00,0.00,0.00
20650,DL:0.1.0:AT.1.0.0,2022-3-4 20:28:18,40.50,0.00,0.00,17.997,-0.314,-6.635,11.361,17.683,0.00,0.00,0.00,0.00,0.00,0.00,0.00,0.00,0.00,0.00,0.00,0.00,0.00,0.00,0.00,0.00,0.00
20650,DL:0.1.0:AT.1.0.0,2022-3-4 20:28:24,40.50,0.00,0.00,17.949,-0.264,-6.586,11.363,17.684,0.00,0.00,0.00,0.00,0.00,0.00,0.00,0.00,0.00,0.00,0.00,0.00,0.00,0.00,0.00,0.00,0.00
20650,DL:0.1.0:AT.1.0.0,2022-3-4 20:28:30,40.50,0.00,0.00,17.980,-0.296,-6.620,11.360,17.684,0.00,0.00,0.00,0.00,0.00,0.00,0.00,0.00,0.00,0.00,0.00,0.00,0.00,0.00,0.00,0.00,0.00
20650,DL:0.1.0:AT.1.0.0,2022-3-4 20:28:41,40.50,0.00,0.00,17.973,-0.287,-6.613,11.360,17.686,0.00,0.00,0.00,0.00,0.00,0.00,0.00,0.00,0.00,0.00,0.00,0.00,0.00,0.00,0.00,0.00,0.00
20650,DL:0.1.0:AT.1.0.0,2022-3-4 20:28:47,40.50,0.00,0.00,17.966,-0.280,-6.607,11.359,17.686,0.00,0.00,0.00,0.00,0.00,0.00,0.00,0.00,0.00,0.00,0.00,0.00,0.00,0.00,0.00,0.00,0.00
20650,DL:0.1.0:AT.1.0.0,2022-3-4 20:28:54,40.25,0.00,0.00,17.986,-0.299,-6.627,11.359,17.687,0.00,0.00,0.00,0.00,0.00,0.00,0.00,0.00,0.00,0.00,0.00,0.00,0.00,0.00,0.00,0.00,0.00
20650,DL:0.1.0:AT.1.0.0,2022-3-4 20:28:59,40.25,0.00,0.00,17.990,-0.303,-6.631,11.359,17.687,0.00,0.00,0.00,0.00,0.00,0.00,0.00,0.00,0.00,0.00,0.00,0.00,0.00,0.00,0.00,0.00,0.00
20650,DL:0.1.0:AT.1.0.0,2022-3-4 20:29:5,40.25,0.00,0.00,17.985,-0.297,-6.627,11.358,17.688,0.00,0.00,0.00,0.00,0.00,0.00,0.00,0.00,0.00,0.00,0.00,0.00,0.00,0.00,0.00,0.00,0.00
20650,DL:0.1.0:AT.1.0.0,2022-3-4 20:29:10,40.25,0.00,0.00,17.994,-0.306,-6.637,11.358,17.688,0.00,0.00,0.00,0.00,0.00,0.00,0.00,0.00,0.00,0.00,0.00,0.00,0.00,0.00,0.00,0.00,0.00
20650,DL:0.1.0:AT.1.0.0,2022-3-4 20:29:15,40.25,0.00,0.00,17.986,-0.298,-6.629,11.357,17.688,0.00,0.00,0.00,0.00,0.00,0.00,0.00,0.00,0.00,0.00,0.00,0.00,0.00,0.00,0.00,0.00,0.00
20650,DL:0.1.0:AT.1.0.0,2022-3-4 20:29:22,40.25,0.00,0.00,18.012,-0.323,-6.656,11.357,17.689,0.00,0.00,0.00,0.00,0.00,0.00,0.00,0.00,0.00,0.00,0.00,0.00,0.00,0.00,0.00,0.00,0.00
20650,DL:0.1.0:AT.1.0.0,2022-3-4 20:29:28,40.25,0.00,0.00,17.990,-0.300,-6.633,11.357,17.689,0.00,0.00,0.00,0.00,0.00,0.00,0.00,0.00,0.00,0.00,0.00,0.00,0.00,0.00,0.00,0.00,0.00
20650,DL:0.1.0:AT.1.0.0,2022-3-4 20:29:35,40.25,0.00,0.00,17.973,-0.282,-6.617,11.355,17.690,0.00,0.00,0.00,0.00,0.00,0.00,0.00,0.00,0.00,0.00,0.00,0.00,0.00,0.00,0.00,0.00,0.00
20650,DL:0.1.0:AT.1.0.0,2022-3-4 20:29:43,40.25,0.00,0.00,17.981,-0.291,-6.627,11.354,17.690,0.00,0.00,0.00,0.00,0.00,0.00,0.00,0.00,0.00,0.00,0.00,0.00,0.00,0.00,0.00,0.00,0.00
20650,DL:0.1.0:AT.1.0.0,2022-3-4 20:29:48,40.25,0.00,0.00,17.991,-0.302,-6.637,11.354,17.689,0.00,0.00,0.00,0.00,0.00,0.00,0.00,0.00,0.00,0.00,0.00,0.00,0.00,0.00,0.00,0.00,0.00
20650,DL:0.1.0:AT.1.0.0,2022-3-4 20:29:53,40.25,0.00,0.00,17.981,-0.291,-6.627,11.354,17.690,0.00,0.00,0.00,0.00,0.00,0.00,0.00,0.00,0.00,0.00,0.00,0.00,0.00,0.00,0.00,0.00,0.00
20650,DL:0.1.0:AT.1.0.0,2022-3-4 20:29:59,40.25,0.00,0.00,17.999,-0.308,-6.646,11.353,17.692,0.00,0.00,0.00,0.00,0.00,0.00,0.00,0.00,0.00,0.00,0.00,0.00,0.00,0.00,0.00,0.00,0.00
20650,DL:0.1.0:AT.1.0.0,2022-3-4 20:30:6,40.25,0.00,0.00,17.987,-0.296,-6.634,11.353,17.692,0.00,0.00,0.00,0.00,0.00,0.00,0.00,0.00,0.00,0.00,0.00,0.00,0.00,0.00,0.00,0.00,0.00
20650,DL:0.1.0:AT.1.0.0,2022-3-4 20:30:13,40.25,0.00,0.00,17.969,-0.276,-6.616,11.353,17.693,0.00,0.00,0.00,0.00,0.00,0.00,0.00,0.00,0.00,0.00,0.00,0.00,0.00,0.00,0.00,0.00,0.00
20650,DL:0.1.0:AT.1.0.0,2022-3-4 20:30:18,40.25,0.00,0.00,18.021,-0.328,-6.669,11.352,17.693,0.00,0.00,0.00,0.00,0.00,0.00,0.00,0.00,0.00,0.00,0.00,0.00,0.00,0.00,0.00,0.00,0.00
20650,DL:0.1.0:AT.1.0.0,2022-3-4 20:30:23,40.25,0.00,0.00,17.993,-0.300,-6.641,11.352,17.693,0.00,0.00,0.00,0.00,0.00,0.00,0.00,0.00,0.00,0.00,0.00,0.00,0.00,0.00,0.00,0.00,0.00
20650,DL:0.1.0:AT.1.0.0,2022-3-4 20:30:30,40.25,0.00,0.00,17.973,-0.279,-6.622,11.351,17.694,0.00,0.00,0.00,0.00,0.00,0.00,0.00,0.00,0.00,0.00,0.00,0.00,0.00,0.00,0.00,0.00,0.00
20650,DL:0.1.0:AT.1.0.0,2022-3-4 20:30:35,40.25,0.00,0.00,17.961,-0.267,-6.610,11.351,17.694,0.00,0.00,0.00,0.00,0.00,0.00,0.00,0.00,0.00,0.00,0.00,0.00,0.00,0.00,0.00,0.00,0.00
20650,DL:0.1.0:AT.1.0.0,2022-3-4 20:30:45,40.25,0.00,0.00,18.010,-0.316,-6.662,11.348,17.694,0.00,0.00,0.00,0.00,0.00,0.00,0.00,0.00,0.00,0.00,0.00,0.00,0.00,0.00,0.00,0.00,0.00
20650,DL:0.1.0:AT.1.0.0,2022-3-4 20:30:50,40.25,0.00,0.00,17.972,-0.276,-6.622,11.349,17.695,0.00,0.00,0.00,0.00,0.00,0.00,0.00,0.00,0.00,0.00,0.00,0.00,0.00,0.00,0.00,0.00,0.00
20650,DL:0.1.0:AT.1.0.0,2022-3-4 20:30:55,40.25,0.00,0.00,17.998,-0.303,-6.650,11.348,17.695,0.00,0.00,0.00,0.00,0.00,0.00,0.00,0.00,0.00,0.00,0.00,0.00,0.00,0.00,0.00,0.00,0.00
20650,DL:0.1.0:AT.1.0.0,2022-3-4 20:31:1,40.25,0.00,0.00,17.975,-0.279,-6.627,11.348,17.696,0.00,0.00,0.00,0.00,0.00,0.00,0.00,0.00,0.00,0.00,0.00,0.00,0.00,0.00,0.00,0.00,0.00
20650,DL:0.1.0:AT.1.0.0,2022-3-4 20:31:8,40.25,0.00,0.00,17.969,-0.273,-6.622,11.347,17.696,0.00,0.00,0.00,0.00,0.00,0.00,0.00,0.00,0.00,0.00,0.00,0.00,0.00,0.00,0.00,0.00,0.00
20650,DL:0.1.0:AT.1.0.0,2022-3-4 20:31:15,40.25,0.00,0.00,17.990,-0.292,-6.644,11.346,17.698,0.00,0.00,0.00,0.00,0.00,0.00,0.00,0.00,0.00,0.00,0.00,0.00,0.00,0.00,0.00,0.00,0.00
20650,DL:0.1.0:AT.1.0.0,2022-3-4 20:31:22,40.25,0.00,0.00,17.999,-0.302,-6.653,11.346,17.698,0.00,0.00,0.00,0.00,0.00,0.00,0.00,0.00,0.00,0.00,0.00,0.00,0.00,0.00,0.00,0.00,0.00
20650,DL:0.1.0:AT.1.0.0,2022-3-4 20:31:27,40.25,0.00,0.00,18.016,-0.317,-6.670,11.346,17.699,0.00,0.00,0.00,0.00,0.00,0.00,0.00,0.00,0.00,0.00,0.00,0.00,0.00,0.00,0.00,0.00,0.00
20650,DL:0.1.0:AT.1.0.0,2022-3-4 20:31:32,40.25,0.00,0.00,18.014,-0.315,-6.669,11.345,17.699,0.00,0.00,0.00,0.00,0.00,0.00,0.00,0.00,0.00,0.00,0.00,0.00,0.00,0.00,0.00,0.00,0.00
20650,DL:0.1.0:AT.1.0.0,2022-3-4 20:31:37,40.25,0.00,0.00,18.015,-0.316,-6.670,11.345,17.699,0.00,0.00,0.00,0.00,0.00,0.00,0.00,0.00,0.00,0.00,0.00,0.00,0.00,0.00,0.00,0.00,0.00
20650,DL:0.1.0:AT.1.0.0,2022-3-4 20:31:42,40.25,0.00,0.00,18.016,-0.316,-6.673,11.343,17.700,0.00,0.00,0.00,0.00,0.00,0.00,0.00,0.00,0.00,0.00,0.00,0.00,0.00,0.00,0.00,0.00,0.00
20650,DL:0.1.0:AT.1.0.0,2022-3-4 20:31:49,40.25,0.00,0.00,17.992,-0.292,-6.649,11.343,17.700,0.00,0.00,0.00,0.00,0.00,0.00,0.00,0.00,0.00,0.00,0.00,0.00,0.00,0.00,0.00,0.00,0.00
20650,DL:0.1.0:AT.1.0.0,2022-3-4 20:31:56,40.25,0.00,0.00,17.986,-0.286,-6.644,11.342,17.700,0.00,0.00,0.00,0.00,0.00,0.00,0.00,0.00,0.00,0.00,0.00,0.00,0.00,0.00,0.00,0.00,0.00
20650,DL:0.1.0:AT.1.0.0,2022-3-4 20:32:2,40.25,0.00,0.00,17.980,-0.279,-6.638,11.342,17.701,0.00,0.00,0.00,0.00,0.00,0.00,0.00,0.00,0.00,0.00,0.00,0.00,0.00,0.00,0.00,0.00,0.00
20650,DL:0.1.0:AT.1.0.0,2022-3-4 20:32:7,40.25,0.00,0.00,17.991,-0.288,-6.649,11.342,17.702,0.00,0.00,0.00,0.00,0.00,0.00,0.00,0.00,0.00,0.00,0.00,0.00,0.00,0.00,0.00,0.00,0.00
20650,DL:0.1.0:AT.1.0.0,2022-3-4 20:32:14,40.25,0.00,0.00,17.994,-0.292,-6.653,11.341,17.702,0.00,0.00,0.00,0.00,0.00,0.00,0.00,0.00,0.00,0.00,0.00,0.00,0.00,0.00,0.00,0.00,0.00
20650,DL:0.1.0:AT.1.0.0,2022-3-4 20:32:19,40.25,0.00,0.00,18.009,-0.306,-6.668,11.341,17.702,0.00,0.00,0.00,0.00,0.00,0.00,0.00,0.00,0.00,0.00,0.00,0.00,0.00,0.00,0.00,0.00,0.00
20650,DL:0.1.0:AT.1.0.0,2022-3-4 20:32:24,40.25,0.00,0.00,17.998,-0.294,-6.657,11.341,17.704,0.00,0.00,0.00,0.00,0.00,0.00,0.00,0.00,0.00,0.00,0.00,0.00,0.00,0.00,0.00,0.00,0.00
20650,DL:0.1.0:AT.1.0.0,2022-3-4 20:32:29,40.25,0.00,0.00,17.981,-0.278,-6.641,11.340,17.704,0.00,0.00,0.00,0.00,0.00,0.00,0.00,0.00,0.00,0.00,0.00,0.00,0.00,0.00,0.00,0.00,0.00
20650,DL:0.1.0:AT.1.0.0,2022-3-4 20:32:39,40.25,0.00,0.00,18.012,-0.308,-6.674,11.339,17.705,0.00,0.00,0.00,0.00,0.00,0.00,0.00,0.00,0.00,0.00,0.00,0.00,0.00,0.00,0.00,0.00,0.00
20650,DL:0.1.0:AT.1.0.0,2022-3-4 20:32:45,40.25,0.00,0.00,17.974,-0.268,-6.635,11.339,17.706,0.00,0.00,0.00,0.00,0.00,0.00,0.00,0.00,0.00,0.00,0.00,0.00,0.00,0.00,0.00,0.00,0.00
20650,DL:0.1.0:AT.1.0.0,2022-3-4 20:32:51,40.25,0.00,0.00,18.000,-0.294,-6.663,11.337,17.706,0.00,0.00,0.00,0.00,0.00,0.00,0.00,0.00,0.00,0.00,0.00,0.00,0.00,0.00,0.00,0.00,0.00
20650,DL:0.1.0:AT.1.0.0,2022-3-4 20:32:56,40.25,0.00,0.00,17.981,-0.274,-6.644,11.337,17.707,0.00,0.00,0.00,0.00,0.00,0.00,0.00,0.00,0.00,0.00,0.00,0.00,0.00,0.00,0.00,0.00,0.00
20650,DL:0.1.0:AT.1.0.0,2022-3-4 20:33:1,40.25,0.00,0.00,17.968,-0.261,-6.631,11.337,17.707,0.00,0.00,0.00,0.00,0.00,0.00,0.00,0.00,0.00,0.00,0.00,0.00,0.00,0.00,0.00,0.00,0.00
20650,DL:0.1.0:AT.1.0.0,2022-3-4 20:33:8,40.25,0.00,0.00,17.966,-0.258,-6.628,11.337,17.707,0.00,0.00,0.00,0.00,0.00,0.00,0.00,0.00,0.00,0.00,0.00,0.00,0.00,0.00,0.00,0.00,0.00
20650,DL:0.1.0:AT.1.0.0,2022-3-4 20:33:13,40.25,0.00,0.00,17.942,-0.234,-6.604,11.337,17.707,0.00,0.00,0.00,0.00,0.00,0.00,0.00,0.00,0.00,0.00,0.00,0.00,0.00,0.00,0.00,0.00,0.00
20650,DL:0.1.0:AT.1.0.0,2022-3-4 20:33:19,40.25,0.00,0.00,17.972,-0.263,-6.635,11.336,17.708,0.00,0.00,0.00,0.00,0.00,0.00,0.00,0.00,0.00,0.00,0.00,0.00,0.00,0.00,0.00,0.00,0.00
20650,DL:0.1.0:AT.1.0.0,2022-3-4 20:33:24,40.25,0.00,0.00,17.963,-0.255,-6.628,11.335,17.708,0.00,0.00,0.00,0.00,0.00,0.00,0.00,0.00,0.00,0.00,0.00,0.00,0.00,0.00,0.00,0.00,0.00
20650,DL:0.1.0:AT.1.0.0,2022-3-4 20:33:29,40.25,0.00,0.00,17.993,-0.284,-6.658,11.335,17.710,0.00,0.00,0.00,0.00,0.00,0.00,0.00,0.00,0.00,0.00,0.00,0.00,0.00,0.00,0.00,0.00,0.00
20650,DL:0.1.0:AT.1.0.0,2022-3-4 20:33:35,40.25,0.00,0.00,17.984,-0.274,-6.650,11.334,17.710,0.00,0.00,0.00,0.00,0.00,0.00,0.00,0.00,0.00,0.00,0.00,0.00,0.00,0.00,0.00,0.00,0.00
20650,DL:0.1.0:AT.1.0.0,2022-3-4 20:33:40,40.25,0.00,0.00,17.954,-0.243,-6.619,11.335,17.711,0.00,0.00,0.00,0.00,0.00,0.00,0.00,0.00,0.00,0.00,0.00,0.00,0.00,0.00,0.00,0.00,0.00
20650,DL:0.1.0:AT.1.0.0,2022-3-4 20:33:47,40.25,0.00,0.00,17.969,-0.257,-6.637,11.333,17.712,0.00,0.00,0.00,0.00,0.00,0.00,0.00,0.00,0.00,0.00,0.00,0.00,0.00,0.00,0.00,0.00,0.00
20650,DL:0.1.0:AT.1.0.0,2022-3-4 20:33:52,40.25,0.00,0.00,17.961,-0.249,-6.627,11.334,17.712,0.00,0.00,0.00,0.00,0.00,0.00,0.00,0.00,0.00,0.00,0.00,0.00,0.00,0.00,0.00,0.00,0.00
20650,DL:0.1.0:AT.1.0.0,2022-3-4 20:33:57,40.25,0.00,0.00,17.994,-0.282,-6.662,11.333,17.712,0.00,0.00,0.00,0.00,0.00,0.00,0.00,0.00,0.00,0.00,0.00,0.00,0.00,0.00,0.00,0.00,0.00
20650,DL:0.1.0:AT.1.0.0,2022-3-4 20:34:2,40.25,0.00,0.00,17.998,-0.285,-6.665,11.333,17.713,0.00,0.00,0.00,0.00,0.00,0.00,0.00,0.00,0.00,0.00,0.00,0.00,0.00,0.00,0.00,0.00,0.00
20650,DL:0.1.0:AT.1.0.0,2022-3-4 20:34:7,40.25,0.00,0.00,17.976,-0.264,-6.644,11.333,17.712,0.00,0.00,0.00,0.00,0.00,0.00,0.00,0.00,0.00,0.00,0.00,0.00,0.00,0.00,0.00,0.00,0.00
20650,DL:0.1.0:AT.1.0.0,2022-3-4 20:34:12,40.25,0.00,0.00,17.978,-0.264,-6.646,11.331,17.713,0.00,0.00,0.00,0.00,0.00,0.00,0.00,0.00,0.00,0.00,0.00,0.00,0.00,0.00,0.00,0.00,0.00
20650,DL:0.1.0:AT.1.0.0,2022-3-4 20:34:17,40.25,0.00,0.00,17.993,-0.280,-6.662,11.331,17.713,0.00,0.00,0.00,0.00,0.00,0.00,0.00,0.00,0.00,0.00,0.00,0.00,0.00,0.00,0.00,0.00,0.00
20650,DL:0.1.0:AT.1.0.0,2022-3-4 20:34:22,40.25,0.00,0.00,17.982,-0.268,-6.651,11.331,17.714,0.00,0.00,0.00,0.00,0.00,0.00,0.00,0.00,0.00,0.00,0.00,0.00,0.00,0.00,0.00,0.00,0.00
20650,DL:0.1.0:AT.1.0.0,2022-3-4 20:34:27,40.25,0.00,0.00,17.992,-0.278,-6.662,11.330,17.714,0.00,0.00,0.00,0.00,0.00,0.00,0.00,0.00,0.00,0.00,0.00,0.00,0.00,0.00,0.00,0.00,0.00
20650,DL:0.1.0:AT.1.0.0,2022-3-4 20:34:34,40.25,0.00,0.00,17.985,-0.269,-6.655,11.330,17.716,0.00,0.00,0.00,0.00,0.00,0.00,0.00,0.00,0.00,0.00,0.00,0.00,0.00,0.00,0.00,0.00,0.00
20650,DL:0.1.0:AT.1.0.0,2022-3-4 20:34:41,40.25,0.00,0.00,17.987,-0.272,-6.658,11.329,17.716,0.00,0.00,0.00,0.00,0.00,0.00,0.00,0.00,0.00,0.00,0.00,0.00,0.00,0.00,0.00,0.00,0.00
20650,DL:0.1.0:AT.1.0.0,2022-3-4 20:34:48,40.25,0.00,0.00,17.987,-0.273,-6.658,11.329,17.714,0.00,0.00,0.00,0.00,0.00,0.00,0.00,0.00,0.00,0.00,0.00,0.00,0.00,0.00,0.00,0.00,0.00
20650,DL:0.1.0:AT.1.0.0,2022-3-4 20:34:53,40.25,0.00,0.00,17.982,-0.267,-6.653,11.329,17.716,0.00,0.00,0.00,0.00,0.00,0.00,0.00,0.00,0.00,0.00,0.00,0.00,0.00,0.00,0.00,0.00,0.00
20650,DL:0.1.0:AT.1.0.0,2022-3-4 20:34:58,40.25,0.00,0.00,17.981,-0.264,-6.652,11.329,17.717,0.00,0.00,0.00,0.00,0.00,0.00,0.00,0.00,0.00,0.00,0.00,0.00,0.00,0.00,0.00,0.00,0.00
20650,DL:0.1.0:AT.1.0.0,2022-3-4 20:35:5,40.25,0.00,0.00,17.973,-0.256,-6.644,11.329,17.717,0.00,0.00,0.00,0.00,0.00,0.00,0.00,0.00,0.00,0.00,0.00,0.00,0.00,0.00,0.00,0.00,0.00
20650,DL:0.1.0:AT.1.0.0,2022-3-4 20:35:11,40.25,0.00,0.00,18.003,-0.285,-6.676,11.327,17.718,0.00,0.00,0.00,0.00,0.00,0.00,0.00,0.00,0.00,0.00,0.00,0.00,0.00,0.00,0.00,0.00,0.00
20650,DL:0.1.0:AT.1.0.0,2022-3-4 20:35:16,40.25,0.00,0.00,17.985,-0.267,-6.658,11.327,17.718,0.00,0.00,0.00,0.00,0.00,0.00,0.00,0.00,0.00,0.00,0.00,0.00,0.00,0.00,0.00,0.00,0.00
20650,DL:0.1.0:AT.1.0.0,2022-3-4 20:35:22,40.25,0.00,0.00,17.985,-0.267,-6.658,11.327,17.718,0.00,0.00,0.00,0.00,0.00,0.00,0.00,0.00,0.00,0.00,0.00,0.00,0.00,0.00,0.00,0.00,0.00
20650,DL:0.1.0:AT.1.0.0,2022-3-4 20:35:29,40.25,0.00,0.00,17.962,-0.243,-6.635,11.327,17.719,0.00,0.00,0.00,0.00,0.00,0.00,0.00,0.00,0.00,0.00,0.00,0.00,0.00,0.00,0.00,0.00,0.00
20650,DL:0.1.0:AT.1.0.0,2022-3-4 20:35:36,40.25,0.00,0.00,17.991,-0.272,-6.665,11.325,17.719,0.00,0.00,0.00,0.00,0.00,0.00,0.00,0.00,0.00,0.00,0.00,0.00,0.00,0.00,0.00,0.00,0.00
20650,DL:0.1.0:AT.1.0.0,2022-3-4 20:35:41,40.25,0.00,0.00,17.957,-0.238,-6.633,11.324,17.719,0.00,0.00,0.00,0.00,0.00,0.00,0.00,0.00,0.00,0.00,0.00,0.00,0.00,0.00,0.00,0.00,0.00
20650,DL:0.1.0:AT.1.0.0,2022-3-4 20:35:50,40.25,0.00,0.00,17.969,-0.249,-6.645,11.324,17.720,0.00,0.00,0.00,0.00,0.00,0.00,0.00,0.00,0.00,0.00,0.00,0.00,0.00,0.00,0.00,0.00,0.00
20650,DL:0.1.0:AT.1.0.0,2022-3-4 20:35:56,40.25,0.00,0.00,17.980,-0.260,-6.657,11.323,17.720,0.00,0.00,0.00,0.00,0.00,0.00,0.00,0.00,0.00,0.00,0.00,0.00,0.00,0.00,0.00,0.00,0.00
20650,DL:0.1.0:AT.1.0.0,2022-3-4 20:36:3,40.25,0.00,0.00,17.980,-0.258,-6.658,11.322,17.722,0.00,0.00,0.00,0.00,0.00,0.00,0.00,0.00,0.00,0.00,0.00,0.00,0.00,0.00,0.00,0.00,0.00
20650,DL:0.1.0:AT.1.0.0,2022-3-4 20:36:10,40.25,0.00,0.00,17.967,-0.245,-6.645,11.322,17.722,0.00,0.00,0.00,0.00,0.00,0.00,0.00,0.00,0.00,0.00,0.00,0.00,0.00,0.00,0.00,0.00,0.00
20650,DL:0.1.0:AT.1.0.0,2022-3-4 20:36:15,40.25,0.00,0.00,17.969,-0.246,-6.647,11.322,17.723,0.00,0.00,0.00,0.00,0.00,0.00,0.00,0.00,0.00,0.00,0.00,0.00,0.00,0.00,0.00,0.00,0.00
20650,DL:0.1.0:AT.1.0.0,2022-3-4 20:36:20,40.25,0.00,0.00,17.992,-0.270,-6.670,11.322,17.722,0.00,0.00,0.00,0.00,0.00,0.00,0.00,0.00,0.00,0.00,0.00,0.00,0.00,0.00,0.00,0.00,0.00
20650,DL:0.1.0:AT.1.0.0,2022-3-4 20:36:25,40.25,0.00,0.00,17.994,-0.272,-6.673,11.322,17.723,0.00,0.00,0.00,0.00,0.00,0.00,0.00,0.00,0.00,0.00,0.00,0.00,0.00,0.00,0.00,0.00,0.00
20650,DL:0.1.0:AT.1.0.0,2022-3-4 20:36:30,40.25,0.00,0.00,17.966,-0.243,-6.645,11.321,17.723,0.00,0.00,0.00,0.00,0.00,0.00,0.00,0.00,0.00,0.00,0.00,0.00,0.00,0.00,0.00,0.00,0.00
20650,DL:0.1.0:AT.1.0.0,2022-3-4 20:36:35,40.25,0.00,0.00,17.979,-0.256,-6.658,11.321,17.723,0.00,0.00,0.00,0.00,0.00,0.00,0.00,0.00,0.00,0.00,0.00,0.00,0.00,0.00,0.00,0.00,0.00
20650,DL:0.1.0:AT.1.0.0,2022-3-4 20:36:40,40.25,0.00,0.00,17.981,-0.257,-6.662,11.319,17.724,0.00,0.00,0.00,0.00,0.00,0.00,0.00,0.00,0.00,0.00,0.00,0.00,0.00,0.00,0.00,0.00,0.00
20650,DL:0.1.0:AT.1.0.0,2022-3-4 20:36:45,40.25,0.00,0.00,17.962,-0.238,-6.643,11.319,17.724,0.00,0.00,0.00,0.00,0.00,0.00,0.00,0.00,0.00,0.00,0.00,0.00,0.00,0.00,0.00,0.00,0.00
20650,DL:0.1.0:AT.1.0.0,2022-3-4 20:36:51,40.25,0.00,0.00,17.975,-0.252,-6.657,11.318,17.723,0.00,0.00,0.00,0.00,0.00,0.00,0.00,0.00,0.00,0.00,0.00,0.00,0.00,0.00,0.00,0.00,0.00
20650,DL:0.1.0:AT.1.0.0,2022-3-4 20:36:56,40.25,0.00,0.00,17.998,-0.274,-6.680,11.318,17.724,0.00,0.00,0.00,0.00,0.00,0.00,0.00,0.00,0.00,0.00,0.00,0.00,0.00,0.00,0.00,0.00,0.00
20650,DL:0.1.0:AT.1.0.0,2022-3-4 20:37:1,40.25,0.00,0.00,17.962,-0.238,-6.644,11.318,17.724,0.00,0.00,0.00,0.00,0.00,0.00,0.00,0.00,0.00,0.00,0.00,0.00,0.00,0.00,0.00,0.00,0.00
20650,DL:0.1.0:AT.1.0.0,2022-3-4 20:37:6,40.25,0.00,0.00,17.945,-0.221,-6.627,11.318,17.724,0.00,0.00,0.00,0.00,0.00,0.00,0.00,0.00,0.00,0.00,0.00,0.00,0.00,0.00,0.00,0.00,0.00
20650,DL:0.1.0:AT.1.0.0,2022-3-4 20:37:11,40.25,0.00,0.00,17.954,-0.228,-6.637,11.317,17.725,0.00,0.00,0.00,0.00,0.00,0.00,0.00,0.00,0.00,0.00,0.00,0.00,0.00,0.00,0.00,0.00,0.00
20650,DL:0.1.0:AT.1.0.0,2022-3-4 20:37:16,40.25,0.00,0.00,17.976,-0.251,-6.659,11.317,17.725,0.00,0.00,0.00,0.00,0.00,0.00,0.00,0.00,0.00,0.00,0.00,0.00,0.00,0.00,0.00,0.00,0.00
20650,DL:0.1.0:AT.1.0.0,2022-3-4 20:37:21,40.25,0.00,0.00,17.948,-0.221,-6.631,11.317,17.727,0.00,0.00,0.00,0.00,0.00,0.00,0.00,0.00,0.00,0.00,0.00,0.00,0.00,0.00,0.00,0.00,0.00
20650,DL:0.1.0:AT.1.0.0,2022-3-4 20:37:26,40.25,0.00,0.00,17.962,-0.236,-6.646,11.316,17.727,0.00,0.00,0.00,0.00,0.00,0.00,0.00,0.00,0.00,0.00,0.00,0.00,0.00,0.00,0.00,0.00,0.00
20650,DL:0.1.0:AT.1.0.0,2022-3-4 20:37:32,40.25,0.00,0.00,17.955,-0.228,-6.639,11.316,17.727,0.00,0.00,0.00,0.00,0.00,0.00,0.00,0.00,0.00,0.00,0.00,0.00,0.00,0.00,0.00,0.00,0.00
20650,DL:0.1.0:AT.1.0.0,2022-3-4 20:37:39,40.25,0.00,0.00,17.961,-0.233,-6.645,11.316,17.728,0.00,0.00,0.00,0.00,0.00,0.00,0.00,0.00,0.00,0.00,0.00,0.00,0.00,0.00,0.00,0.00,0.00
20650,DL:0.1.0:AT.1.0.0,2022-3-4 20:37:45,40.25,0.00,0.00,17.939,-0.210,-6.625,11.315,17.729,0.00,0.00,0.00,0.00,0.00,0.00,0.00,0.00,0.00,0.00,0.00,0.00,0.00,0.00,0.00,0.00,0.00
20650,DL:0.1.0:AT.1.0.0,2022-3-4 20:37:50,40.25,0.00,0.00,17.960,-0.232,-6.645,11.315,17.728,0.00,0.00,0.00,0.00,0.00,0.00,0.00,0.00,0.00,0.00,0.00,0.00,0.00,0.00,0.00,0.00,0.00
20650,DL:0.1.0:AT.1.0.0,2022-3-4 20:37:56,40.25,0.00,0.00,17.984,-0.255,-6.670,11.313,17.729,0.00,0.00,0.00,0.00,0.00,0.00,0.00,0.00,0.00,0.00,0.00,0.00,0.00,0.00,0.00,0.00,0.00
20650,DL:0.1.0:AT.1.0.0,2022-3-4 20:38:2,40.25,0.00,0.00,17.972,-0.243,-6.658,11.313,17.729,0.00,0.00,0.00,0.00,0.00,0.00,0.00,0.00,0.00,0.00,0.00,0.00,0.00,0.00,0.00,0.00,0.00
20650,DL:0.1.0:AT.1.0.0,2022-3-4 20:38:9,40.25,0.00,0.00,17.963,-0.234,-6.650,11.313,17.729,0.00,0.00,0.00,0.00,0.00,0.00,0.00,0.00,0.00,0.00,0.00,0.00,0.00,0.00,0.00,0.00,0.00
20650,DL:0.1.0:AT.1.0.0,2022-3-4 20:38:16,40.25,0.00,0.00,17.975,-0.246,-6.663,11.312,17.729,0.00,0.00,0.00,0.00,0.00,0.00,0.00,0.00,0.00,0.00,0.00,0.00,0.00,0.00,0.00,0.00,0.00
20650,DL:0.1.0:AT.1.0.0,2022-3-4 20:38:21,40.25,0.00,0.00,17.978,-0.246,-6.665,11.312,17.731,0.00,0.00,0.00,0.00,0.00,0.00,0.00,0.00,0.00,0.00,0.00,0.00,0.00,0.00,0.00,0.00,0.00
20650,DL:0.1.0:AT.1.0.0,2022-3-4 20:38:26,40.25,0.00,0.00,17.970,-0.240,-6.659,11.311,17.730,0.00,0.00,0.00,0.00,0.00,0.00,0.00,0.00,0.00,0.00,0.00,0.00,0.00,0.00,0.00,0.00,0.00
20650,DL:0.1.0:AT.1.0.0,2022-3-4 20:38:33,40.25,0.00,0.00,17.981,-0.251,-6.670,11.311,17.730,0.00,0.00,0.00,0.00,0.00,0.00,0.00,0.00,0.00,0.00,0.00,0.00,0.00,0.00,0.00,0.00,0.00
20650,DL:0.1.0:AT.1.0.0,2022-3-4 20:38:40,40.25,0.00,0.00,17.966,-0.234,-6.652,11.313,17.731,0.00,0.00,0.00,0.00,0.00,0.00,0.00,0.00,0.00,0.00,0.00,0.00,0.00,0.00,0.00,0.00,0.00
20650,DL:0.1.0:AT.1.0.0,2022-3-4 20:38:45,40.25,0.00,0.00,17.979,-0.248,-6.665,11.313,17.731,0.00,0.00,0.00,0.00,0.00,0.00,0.00,0.00,0.00,0.00,0.00,0.00,0.00,0.00,0.00,0.00,0.00
20650,DL:0.1.0:AT.1.0.0,2022-3-4 20:38:51,40.25,0.00,0.00,17.987,-0.255,-6.675,11.312,17.733,0.00,0.00,0.00,0.00,0.00,0.00,0.00,0.00,0.00,0.00,0.00,0.00,0.00,0.00,0.00,0.00,0.00
20650,DL:0.1.0:AT.1.0.0,2022-3-4 20:38:57,40.25,0.00,0.00,17.976,-0.243,-6.664,11.312,17.734,0.00,0.00,0.00,0.00,0.00,0.00,0.00,0.00,0.00,0.00,0.00,0.00,0.00,0.00,0.00,0.00,0.00
20650,DL:0.1.0:AT.1.0.0,2022-3-4 20:39:2,40.25,0.00,0.00,17.978,-0.245,-6.665,11.312,17.733,0.00,0.00,0.00,0.00,0.00,0.00,0.00,0.00,0.00,0.00,0.00,0.00,0.00,0.00,0.00,0.00,0.00
20650,DL:0.1.0:AT.1.0.0,2022-3-4 20:39:8,40.25,0.00,0.00,17.968,-0.236,-6.658,11.310,17.733,0.00,0.00,0.00,0.00,0.00,0.00,0.00,0.00,0.00,0.00,0.00,0.00,0.00,0.00,0.00,0.00,0.00
20650,DL:0.1.0:AT.1.0.0,2022-3-4 20:39:14,40.25,0.00,0.00,17.964,-0.232,-6.655,11.310,17.733,0.00,0.00,0.00,0.00,0.00,0.00,0.00,0.00,0.00,0.00,0.00,0.00,0.00,0.00,0.00,0.00,0.00
20650,DL:0.1.0:AT.1.0.0,2022-3-4 20:39:23,40.25,0.00,0.00,17.952,-0.219,-6.641,11.311,17.734,0.00,0.00,0.00,0.00,0.00,0.00,0.00,0.00,0.00,0.00,0.00,0.00,0.00,0.00,0.00,0.00,0.00
20650,DL:0.1.0:AT.1.0.0,2022-3-4 20:39:28,40.25,0.00,0.00,17.960,-0.227,-6.651,11.309,17.733,0.00,0.00,0.00,0.00,0.00,0.00,0.00,0.00,0.00,0.00,0.00,0.00,0.00,0.00,0.00,0.00,0.00
20650,DL:0.1.0:AT.1.0.0,2022-3-4 20:39:33,40.00,0.00,0.00,17.967,-0.234,-6.658,11.309,17.733,0.00,0.00,0.00,0.00,0.00,0.00,0.00,0.00,0.00,0.00,0.00,0.00,0.00,0.00,0.00,0.00,0.00
20650,DL:0.1.0:AT.1.0.0,2022-3-4 20:39:38,40.00,0.00,0.00,17.957,-0.224,-6.649,11.309,17.734,0.00,0.00,0.00,0.00,0.00,0.00,0.00,0.00,0.00,0.00,0.00,0.00,0.00,0.00,0.00,0.00,0.00
20650,DL:0.1.0:AT.1.0.0,2022-3-4 20:39:45,40.00,0.00,0.00,17.970,-0.237,-6.664,11.306,17.734,0.00,0.00,0.00,0.00,0.00,0.00,0.00,0.00,0.00,0.00,0.00,0.00,0.00,0.00,0.00,0.00,0.00
20650,DL:0.1.0:AT.1.0.0,2022-3-4 20:39:53,40.00,0.00,0.00,17.974,-0.240,-6.667,11.307,17.734,0.00,0.00,0.00,0.00,0.00,0.00,0.00,0.00,0.00,0.00,0.00,0.00,0.00,0.00,0.00,0.00,0.00
20650,DL:0.1.0:AT.1.0.0,2022-3-4 20:39:59,40.00,0.00,0.00,17.958,-0.224,-6.652,11.306,17.735,0.00,0.00,0.00,0.00,0.00,0.00,0.00,0.00,0.00,0.00,0.00,0.00,0.00,0.00,0.00,0.00,0.00
20650,DL:0.1.0:AT.1.0.0,2022-3-4 20:40:6,40.00,0.00,0.00,17.949,-0.214,-6.643,11.306,17.735,0.00,0.00,0.00,0.00,0.00,0.00,0.00,0.00,0.00,0.00,0.00,0.00,0.00,0.00,0.00,0.00,0.00
20650,DL:0.1.0:AT.1.0.0,2022-3-4 20:40:12,40.00,0.00,0.00,17.957,-0.221,-6.651,11.306,17.736,0.00,0.00,0.00,0.00,0.00,0.00,0.00,0.00,0.00,0.00,0.00,0.00,0.00,0.00,0.00,0.00,0.00
20650,DL:0.1.0:AT.1.0.0,2022-3-4 20:40:17,40.00,0.00,0.00,17.967,-0.230,-6.663,11.304,17.737,0.00,0.00,0.00,0.00,0.00,0.00,0.00,0.00,0.00,0.00,0.00,0.00,0.00,0.00,0.00,0.00,0.00
20650,DL:0.1.0:AT.1.0.0,2022-3-4 20:40:25,40.00,0.00,0.00,17.961,-0.224,-6.656,11.305,17.737,0.00,0.00,0.00,0.00,0.00,0.00,0.00,0.00,0.00,0.00,0.00,0.00,0.00,0.00,0.00,0.00,0.00
20650,DL:0.1.0:AT.1.0.0,2022-3-4 20:40:30,40.00,0.00,0.00,17.940,-0.203,-6.635,11.305,17.737,0.00,0.00,0.00,0.00,0.00,0.00,0.00,0.00,0.00,0.00,0.00,0.00,0.00,0.00,0.00,0.00,0.00
20650,DL:0.1.0:AT.1.0.0,2022-3-4 20:40:37,40.00,0.00,0.00,17.940,-0.203,-6.637,11.304,17.737,0.00,0.00,0.00,0.00,0.00,0.00,0.00,0.00,0.00,0.00,0.00,0.00,0.00,0.00,0.00,0.00,0.00
20650,DL:0.1.0:AT.1.0.0,2022-3-4 20:40:42,40.00,0.00,0.00,17.921,-0.183,-6.617,11.304,17.739,0.00,0.00,0.00,0.00,0.00,0.00,0.00,0.00,0.00,0.00,0.00,0.00,0.00,0.00,0.00,0.00,0.00
20650,DL:0.1.0:AT.1.0.0,2022-3-4 20:40:47,40.00,0.00,0.00,17.942,-0.203,-6.639,11.303,17.739,0.00,0.00,0.00,0.00,0.00,0.00,0.00,0.00,0.00,0.00,0.00,0.00,0.00,0.00,0.00,0.00,0.00
20650,DL:0.1.0:AT.1.0.0,2022-3-4 20:40:55,40.00,0.00,0.00,17.925,-0.186,-6.622,11.303,17.739,0.00,0.00,0.00,0.00,0.00,0.00,0.00,0.00,0.00,0.00,0.00,0.00,0.00,0.00,0.00,0.00,0.00
20650,DL:0.1.0:AT.1.0.0,2022-3-4 20:41:1,40.00,0.00,0.00,17.949,-0.209,-6.647,11.301,17.740,0.00,0.00,0.00,0.00,0.00,0.00,0.00,0.00,0.00,0.00,0.00,0.00,0.00,0.00,0.00,0.00,0.00
20650,DL:0.1.0:AT.1.0.0,2022-3-4 20:41:8,40.00,0.00,0.00,17.943,-0.203,-6.640,11.303,17.740,0.00,0.00,0.00,0.00,0.00,0.00,0.00,0.00,0.00,0.00,0.00,0.00,0.00,0.00,0.00,0.00,0.00
20650,DL:0.1.0:AT.1.0.0,2022-3-4 20:41:15,40.00,0.00,0.00,17.958,-0.219,-6.657,11.301,17.740,0.00,0.00,0.00,0.00,0.00,0.00,0.00,0.00,0.00,0.00,0.00,0.00,0.00,0.00,0.00,0.00,0.00
20650,DL:0.1.0:AT.1.0.0,2022-3-4 20:41:21,40.00,0.00,0.00,17.943,-0.203,-6.644,11.299,17.740,0.00,0.00,0.00,0.00,0.00,0.00,0.00,0.00,0.00,0.00,0.00,0.00,0.00,0.00,0.00,0.00,0.00
20650,DL:0.1.0:AT.1.0.0,2022-3-4 20:41:30,40.00,0.00,0.00,17.943,-0.202,-6.644,11.299,17.741,0.00,0.00,0.00,0.00,0.00,0.00,0.00,0.00,0.00,0.00,0.00,0.00,0.00,0.00,0.00,0.00,0.00
20650,DL:0.1.0:AT.1.0.0,2022-3-4 20:41:35,40.00,0.00,0.00,17.922,-0.181,-6.623,11.299,17.741,0.00,0.00,0.00,0.00,0.00,0.00,0.00,0.00,0.00,0.00,0.00,0.00,0.00,0.00,0.00,0.00,0.00
20650,DL:0.1.0:AT.1.0.0,2022-3-4 20:41:42,40.00,0.00,0.00,17.932,-0.190,-6.634,11.298,17.742,0.00,0.00,0.00,0.00,0.00,0.00,0.00,0.00,0.00,0.00,0.00,0.00,0.00,0.00,0.00,0.00,0.00
20650,DL:0.1.0:AT.1.0.0,2022-3-4 20:41:47,40.00,0.00,0.00,17.915,-0.173,-6.617,11.298,17.742,0.00,0.00,0.00,0.00,0.00,0.00,0.00,0.00,0.00,0.00,0.00,0.00,0.00,0.00,0.00,0.00,0.00
20650,DL:0.1.0:AT.1.0.0,2022-3-4 20:41:52,40.00,0.00,0.00,17.930,-0.187,-6.632,11.298,17.742,0.00,0.00,0.00,0.00,0.00,0.00,0.00,0.00,0.00,0.00,0.00,0.00,0.00,0.00,0.00,0.00,0.00
20650,DL:0.1.0:AT.1.0.0,2022-3-4 20:42:1,40.00,0.00,0.00,17.921,-0.178,-6.625,11.297,17.743,0.00,0.00,0.00,0.00,0.00,0.00,0.00,0.00,0.00,0.00,0.00,0.00,0.00,0.00,0.00,0.00,0.00
20650,DL:0.1.0:AT.1.0.0,2022-3-4 20:42:6,40.00,0.00,0.00,17.928,-0.184,-6.632,11.297,17.745,0.00,0.00,0.00,0.00,0.00,0.00,0.00,0.00,0.00,0.00,0.00,0.00,0.00,0.00,0.00,0.00,0.00
20650,DL:0.1.0:AT.1.0.0,2022-3-4 20:42:12,40.00,0.00,0.00,17.931,-0.187,-6.635,11.295,17.743,0.00,0.00,0.00,0.00,0.00,0.00,0.00,0.00,0.00,0.00,0.00,0.00,0.00,0.00,0.00,0.00,0.00
20650,DL:0.1.0:AT.1.0.0,2022-3-4 20:42:17,40.00,0.00,0.00,17.945,-0.199,-6.650,11.295,17.746,0.00,0.00,0.00,0.00,0.00,0.00,0.00,0.00,0.00,0.00,0.00,0.00,0.00,0.00,0.00,0.00,0.00
20650,DL:0.1.0:AT.1.0.0,2022-3-4 20:42:22,40.00,0.00,0.00,17.948,-0.202,-6.652,11.295,17.746,0.00,0.00,0.00,0.00,0.00,0.00,0.00,0.00,0.00,0.00,0.00,0.00,0.00,0.00,0.00,0.00,0.00
20650,DL:0.1.0:AT.1.0.0,2022-3-4 20:42:27,40.00,0.00,0.00,17.924,-0.177,-6.629,11.294,17.747,0.00,0.00,0.00,0.00,0.00,0.00,0.00,0.00,0.00,0.00,0.00,0.00,0.00,0.00,0.00,0.00,0.00
20650,DL:0.1.0:AT.1.0.0,2022-3-4 20:42:33,40.00,0.00,0.00,17.933,-0.186,-6.639,11.294,17.747,0.00,0.00,0.00,0.00,0.00,0.00,0.00,0.00,0.00,0.00,0.00,0.00,0.00,0.00,0.00,0.00,0.00
20650,DL:0.1.0:AT.1.0.0,2022-3-4 20:42:40,40.00,0.00,0.00,17.951,-0.203,-6.658,11.293,17.748,0.00,0.00,0.00,0.00,0.00,0.00,0.00,0.00,0.00,0.00,0.00,0.00,0.00,0.00,0.00,0.00,0.00
20650,DL:0.1.0:AT.1.0.0,2022-3-4 20:42:47,40.00,0.00,0.00,17.949,-0.199,-6.656,11.293,17.749,0.00,0.00,0.00,0.00,0.00,0.00,0.00,0.00,0.00,0.00,0.00,0.00,0.00,0.00,0.00,0.00,0.00
20650,DL:0.1.0:AT.1.0.0,2022-3-4 20:42:53,40.00,0.00,0.00,17.950,-0.201,-6.658,11.292,17.749,0.00,0.00,0.00,0.00,0.00,0.00,0.00,0.00,0.00,0.00,0.00,0.00,0.00,0.00,0.00,0.00,0.00
20650,DL:0.1.0:AT.1.0.0,2022-3-4 20:42:59,40.00,0.00,0.00,17.954,-0.204,-6.662,11.292,17.749,0.00,0.00,0.00,0.00,0.00,0.00,0.00,0.00,0.00,0.00,0.00,0.00,0.00,0.00,0.00,0.00,0.00
20650,DL:0.1.0:AT.1.0.0,2022-3-4 20:43:4,40.00,0.00,0.00,17.916,-0.167,-6.625,11.292,17.749,0.00,0.00,0.00,0.00,0.00,0.00,0.00,0.00,0.00,0.00,0.00,0.00,0.00,0.00,0.00,0.00,0.00
20650,DL:0.1.0:AT.1.0.0,2022-3-4 20:43:11,40.00,0.00,0.00,17.931,-0.179,-6.641,11.289,17.752,0.00,0.00,0.00,0.00,0.00,0.00,0.00,0.00,0.00,0.00,0.00,0.00,0.00,0.00,0.00,0.00,0.00
20650,DL:0.1.0:AT.1.0.0,2022-3-4 20:43:18,40.00,0.00,0.00,17.937,-0.186,-6.647,11.289,17.751,0.00,0.00,0.00,0.00,0.00,0.00,0.00,0.00,0.00,0.00,0.00,0.00,0.00,0.00,0.00,0.00,0.00
20650,DL:0.1.0:AT.1.0.0,2022-3-4 20:43:24,40.00,0.00,0.00,17.948,-0.195,-6.659,11.288,17.753,0.00,0.00,0.00,0.00,0.00,0.00,0.00,0.00,0.00,0.00,0.00,0.00,0.00,0.00,0.00,0.00,0.00
20650,DL:0.1.0:AT.1.0.0,2022-3-4 20:43:29,40.00,0.00,0.00,17.939,-0.187,-6.652,11.287,17.752,0.00,0.00,0.00,0.00,0.00,0.00,0.00,0.00,0.00,0.00,0.00,0.00,0.00,0.00,0.00,0.00,0.00
20650,DL:0.1.0:AT.1.0.0,2022-3-4 20:43:35,40.00,0.00,0.00,17.950,-0.197,-6.663,11.287,17.753,0.00,0.00,0.00,0.00,0.00,0.00,0.00,0.00,0.00,0.00,0.00,0.00,0.00,0.00,0.00,0.00,0.00
20650,DL:0.1.0:AT.1.0.0,2022-3-4 20:43:40,40.00,0.00,0.00,17.958,-0.205,-6.671,11.287,17.753,0.00,0.00,0.00,0.00,0.00,0.00,0.00,0.00,0.00,0.00,0.00,0.00,0.00,0.00,0.00,0.00,0.00
20650,DL:0.1.0:AT.1.0.0,2022-3-4 20:43:45,40.00,0.00,0.00,17.963,-0.210,-6.676,11.287,17.753,0.00,0.00,0.00,0.00,0.00,0.00,0.00,0.00,0.00,0.00,0.00,0.00,0.00,0.00,0.00,0.00,0.00
20650,DL:0.1.0:AT.1.0.0,2022-3-4 20:43:52,40.00,0.00,0.00,17.963,-0.210,-6.676,11.287,17.753,0.00,0.00,0.00,0.00,0.00,0.00,0.00,0.00,0.00,0.00,0.00,0.00,0.00,0.00,0.00,0.00,0.00
20650,DL:0.1.0:AT.1.0.0,2022-3-4 20:44:0,40.00,0.00,0.00,17.948,-0.193,-6.662,11.286,17.754,0.00,0.00,0.00,0.00,0.00,0.00,0.00,0.00,0.00,0.00,0.00,0.00,0.00,0.00,0.00,0.00,0.00
20650,DL:0.1.0:AT.1.0.0,2022-3-4 20:44:5,40.00,0.00,0.00,17.942,-0.185,-6.657,11.285,17.757,0.00,0.00,0.00,0.00,0.00,0.00,0.00,0.00,0.00,0.00,0.00,0.00,0.00,0.00,0.00,0.00,0.00
20650,DL:0.1.0:AT.1.0.0,2022-3-4 20:44:10,40.00,0.00,0.00,17.943,-0.187,-6.658,11.285,17.755,0.00,0.00,0.00,0.00,0.00,0.00,0.00,0.00,0.00,0.00,0.00,0.00,0.00,0.00,0.00,0.00,0.00
20650,DL:0.1.0:AT.1.0.0,2022-3-4 20:44:15,40.00,0.00,0.00,17.915,-0.159,-6.631,11.285,17.757,0.00,0.00,0.00,0.00,0.00,0.00,0.00,0.00,0.00,0.00,0.00,0.00,0.00,0.00,0.00,0.00,0.00
20650,DL:0.1.0:AT.1.0.0,2022-3-4 20:44:23,40.00,0.00,0.00,17.944,-0.185,-6.661,11.283,17.759,0.00,0.00,0.00,0.00,0.00,0.00,0.00,0.00,0.00,0.00,0.00,0.00,0.00,0.00,0.00,0.00,0.00
20650,DL:0.1.0:AT.1.0.0,2022-3-4 20:44:30,40.00,0.00,0.00,17.955,-0.195,-6.673,11.282,17.760,0.00,0.00,0.00,0.00,0.00,0.00,0.00,0.00,0.00,0.00,0.00,0.00,0.00,0.00,0.00,0.00,0.00
20650,DL:0.1.0:AT.1.0.0,2022-3-4 20:44:35,40.00,0.00,0.00,17.968,-0.207,-6.686,11.282,17.761,0.00,0.00,0.00,0.00,0.00,0.00,0.00,0.00,0.00,0.00,0.00,0.00,0.00,0.00,0.00,0.00,0.00
20650,DL:0.1.0:AT.1.0.0,2022-3-4 20:44:41,40.00,0.00,0.00,17.940,-0.180,-6.658,11.282,17.760,0.00,0.00,0.00,0.00,0.00,0.00,0.00,0.00,0.00,0.00,0.00,0.00,0.00,0.00,0.00,0.00,0.00
20650,DL:0.1.0:AT.1.0.0,2022-3-4 20:44:47,40.00,0.00,0.00,17.958,-0.197,-6.676,11.282,17.761,0.00,0.00,0.00,0.00,0.00,0.00,0.00,0.00,0.00,0.00,0.00,0.00,0.00,0.00,0.00,0.00,0.00
20650,DL:0.1.0:AT.1.0.0,2022-3-4 20:44:52,40.00,0.00,0.00,17.960,-0.197,-6.679,11.281,17.763,0.00,0.00,0.00,0.00,0.00,0.00,0.00,0.00,0.00,0.00,0.00,0.00,0.00,0.00,0.00,0.00,0.00
20650,DL:0.1.0:AT.1.0.0,2022-3-4 20:44:57,40.00,0.00,0.00,17.946,-0.184,-6.664,11.282,17.763,0.00,0.00,0.00,0.00,0.00,0.00,0.00,0.00,0.00,0.00,0.00,0.00,0.00,0.00,0.00,0.00,0.00
20650,DL:0.1.0:AT.1.0.0,2022-3-4 20:45:4,40.00,0.00,0.00,17.951,-0.187,-6.670,11.281,17.764,0.00,0.00,0.00,0.00,0.00,0.00,0.00,0.00,0.00,0.00,0.00,0.00,0.00,0.00,0.00,0.00,0.00
20650,DL:0.1.0:AT.1.0.0,2022-3-4 20:45:9,40.00,0.00,0.00,17.968,-0.204,-6.689,11.279,17.764,0.00,0.00,0.00,0.00,0.00,0.00,0.00,0.00,0.00,0.00,0.00,0.00,0.00,0.00,0.00,0.00,0.00
20650,DL:0.1.0:AT.1.0.0,2022-3-4 20:45:14,40.00,0.00,0.00,17.963,-0.197,-6.685,11.279,17.766,0.00,0.00,0.00,0.00,0.00,0.00,0.00,0.00,0.00,0.00,0.00,0.00,0.00,0.00,0.00,0.00,0.00
20650,DL:0.1.0:AT.1.0.0,2022-3-4 20:45:21,40.00,0.00,0.00,17.938,-0.172,-6.658,11.280,17.766,0.00,0.00,0.00,0.00,0.00,0.00,0.00,0.00,0.00,0.00,0.00,0.00,0.00,0.00,0.00,0.00,0.00
20650,DL:0.1.0:AT.1.0.0,2022-3-4 20:45:28,40.00,0.00,0.00,17.927,-0.160,-6.649,11.279,17.767,0.00,0.00,0.00,0.00,0.00,0.00,0.00,0.00,0.00,0.00,0.00,0.00,0.00,0.00,0.00,0.00,0.00
20650,DL:0.1.0:AT.1.0.0,2022-3-4 20:45:34,40.00,0.00,0.00,17.958,-0.190,-6.681,11.277,17.769,0.00,0.00,0.00,0.00,0.00,0.00,0.00,0.00,0.00,0.00,0.00,0.00,0.00,0.00,0.00,0.00,0.00
20650,DL:0.1.0:AT.1.0.0,2022-3-4 20:45:41,40.00,0.00,0.00,17.930,-0.159,-6.652,11.277,17.771,0.00,0.00,0.00,0.00,0.00,0.00,0.00,0.00,0.00,0.00,0.00,0.00,0.00,0.00,0.00,0.00,0.00
20650,DL:0.1.0:AT.1.0.0,2022-3-4 20:45:46,40.00,0.00,0.00,17.907,-0.136,-6.631,11.276,17.771,0.00,0.00,0.00,0.00,0.00,0.00,0.00,0.00,0.00,0.00,0.00,0.00,0.00,0.00,0.00,0.00,0.00
20650,DL:0.1.0:AT.1.0.0,2022-3-4 20:45:51,40.00,0.00,0.00,17.945,-0.174,-6.669,11.276,17.771,0.00,0.00,0.00,0.00,0.00,0.00,0.00,0.00,0.00,0.00,0.00,0.00,0.00,0.00,0.00,0.00,0.00
20650,DL:0.1.0:AT.1.0.0,2022-3-4 20:45:56,40.00,0.00,0.00,17.932,-0.159,-6.651,11.281,17.773,0.00,0.00,0.00,0.00,0.00,0.00,0.00,0.00,0.00,0.00,0.00,0.00,0.00,0.00,0.00,0.00,0.00
20650,DL:0.1.0:AT.1.0.0,2022-3-4 20:46:5,40.00,0.00,0.00,17.952,-0.178,-6.674,11.279,17.775,0.00,0.00,0.00,0.00,0.00,0.00,0.00,0.00,0.00,0.00,0.00,0.00,0.00,0.00,0.00,0.00,0.00
20650,DL:0.1.0:AT.1.0.0,2022-3-4 20:46:11,40.00,0.00,0.00,17.928,-0.153,-6.650,11.279,17.776,0.00,0.00,0.00,0.00,0.00,0.00,0.00,0.00,0.00,0.00,0.00,0.00,0.00,0.00,0.00,0.00,0.00
20650,DL:0.1.0:AT.1.0.0,2022-3-4 20:46:16,40.00,0.00,0.00,17.914,-0.138,-6.634,11.280,17.776,0.00,0.00,0.00,0.00,0.00,0.00,0.00,0.00,0.00,0.00,0.00,0.00,0.00,0.00,0.00,0.00,0.00
20650,DL:0.1.0:AT.1.0.0,2022-3-4 20:46:22,40.00,0.00,0.00,17.924,-0.145,-6.645,11.279,17.778,0.00,0.00,0.00,0.00,0.00,0.00,0.00,0.00,0.00,0.00,0.00,0.00,0.00,0.00,0.00,0.00,0.00
20650,DL:0.1.0:AT.1.0.0,2022-3-4 20:46:27,40.00,0.00,0.00,17.912,-0.133,-6.634,11.277,17.778,0.00,0.00,0.00,0.00,0.00,0.00,0.00,0.00,0.00,0.00,0.00,0.00,0.00,0.00,0.00,0.00,0.00
20650,DL:0.1.0:AT.1.0.0,2022-3-4 20:46:36,40.00,0.00,0.00,17.939,-0.161,-6.663,11.276,17.778,0.00,0.00,0.00,0.00,0.00,0.00,0.00,0.00,0.00,0.00,0.00,0.00,0.00,0.00,0.00,0.00,0.00
20650,DL:0.1.0:AT.1.0.0,2022-3-4 20:46:41,40.00,0.00,0.00,17.910,-0.131,-6.634,11.276,17.779,0.00,0.00,0.00,0.00,0.00,0.00,0.00,0.00,0.00,0.00,0.00,0.00,0.00,0.00,0.00,0.00,0.00
20650,DL:0.1.0:AT.1.0.0,2022-3-4 20:46:46,40.00,0.00,0.00,17.895,-0.114,-6.620,11.275,17.781,0.00,0.00,0.00,0.00,0.00,0.00,0.00,0.00,0.00,0.00,0.00,0.00,0.00,0.00,0.00,0.00,0.00
20650,DL:0.1.0:AT.1.0.0,2022-3-4 20:46:51,40.00,0.00,0.00,17.906,-0.124,-6.629,11.276,17.782,0.00,0.00,0.00,0.00,0.00,0.00,0.00,0.00,0.00,0.00,0.00,0.00,0.00,0.00,0.00,0.00,0.00
20650,DL:0.1.0:AT.1.0.0,2022-3-4 20:46:56,40.00,0.00,0.00,17.894,-0.111,-6.617,11.276,17.783,0.00,0.00,0.00,0.00,0.00,0.00,0.00,0.00,0.00,0.00,0.00,0.00,0.00,0.00,0.00,0.00,0.00
20650,DL:0.1.0:AT.1.0.0,2022-3-4 20:47:1,40.00,0.00,0.00,17.913,-0.130,-6.638,11.275,17.783,0.00,0.00,0.00,0.00,0.00,0.00,0.00,0.00,0.00,0.00,0.00,0.00,0.00,0.00,0.00,0.00,0.00
20650,DL:0.1.0:AT.1.0.0,2022-3-4 20:47:6,40.00,0.00,0.00,17.951,-0.167,-6.676,11.275,17.784,0.00,0.00,0.00,0.00,0.00,0.00,0.00,0.00,0.00,0.00,0.00,0.00,0.00,0.00,0.00,0.00,0.00
20650,DL:0.1.0:AT.1.0.0,2022-3-4 20:47:11,40.00,0.00,0.00,17.961,-0.175,-6.688,11.273,17.785,0.00,0.00,0.00,0.00,0.00,0.00,0.00,0.00,0.00,0.00,0.00,0.00,0.00,0.00,0.00,0.00,0.00
20650,DL:0.1.0:AT.1.0.0,2022-3-4 20:47:16,40.00,0.00,0.00,17.940,-0.155,-6.668,11.273,17.785,0.00,0.00,0.00,0.00,0.00,0.00,0.00,0.00,0.00,0.00,0.00,0.00,0.00,0.00,0.00,0.00,0.00
20650,DL:0.1.0:AT.1.0.0,2022-3-4 20:47:21,40.00,0.00,0.00,17.955,-0.168,-6.682,11.273,17.787,0.00,0.00,0.00,0.00,0.00,0.00,0.00,0.00,0.00,0.00,0.00,0.00,0.00,0.00,0.00,0.00,0.00
20650,DL:0.1.0:AT.1.0.0,2022-3-4 20:47:27,40.00,0.00,0.00,17.930,-0.141,-6.658,11.271,17.789,0.00,0.00,0.00,0.00,0.00,0.00,0.00,0.00,0.00,0.00,0.00,0.00,0.00,0.00,0.00,0.00,0.00
20650,DL:0.1.0:AT.1.0.0,2022-3-4 20:47:34,40.00,0.00,0.00,17.960,-0.171,-6.689,11.270,17.789,0.00,0.00,0.00,0.00,0.00,0.00,0.00,0.00,0.00,0.00,0.00,0.00,0.00,0.00,0.00,0.00,0.00
20650,DL:0.1.0:AT.1.0.0,2022-3-4 20:47:39,40.00,0.00,0.00,17.944,-0.155,-6.673,11.271,17.789,0.00,0.00,0.00,0.00,0.00,0.00,0.00,0.00,0.00,0.00,0.00,0.00,0.00,0.00,0.00,0.00,0.00
20650,DL:0.1.0:AT.1.0.0,2022-3-4 20:47:44,40.00,0.00,0.00,17.927,-0.137,-6.658,11.269,17.790,0.00,0.00,0.00,0.00,0.00,0.00,0.00,0.00,0.00,0.00,0.00,0.00,0.00,0.00,0.00,0.00,0.00
20650,DL:0.1.0:AT.1.0.0,2022-3-4 20:47:51,40.00,0.00,0.00,17.962,-0.172,-6.694,11.268,17.790,0.00,0.00,0.00,0.00,0.00,0.00,0.00,0.00,0.00,0.00,0.00,0.00,0.00,0.00,0.00,0.00,0.00
20650,DL:0.1.0:AT.1.0.0,2022-3-4 20:47:57,40.00,0.00,0.00,17.945,-0.155,-6.676,11.269,17.790,0.00,0.00,0.00,0.00,0.00,0.00,0.00,0.00,0.00,0.00,0.00,0.00,0.00,0.00,0.00,0.00,0.00
20650,DL:0.1.0:AT.1.0.0,2022-3-4 20:48:2,40.00,0.00,0.00,17.938,-0.145,-6.669,11.269,17.793,0.00,0.00,0.00,0.00,0.00,0.00,0.00,0.00,0.00,0.00,0.00,0.00,0.00,0.00,0.00,0.00,0.00
20650,DL:0.1.0:AT.1.0.0,2022-3-4 20:48:9,40.00,0.00,0.00,17.937,-0.145,-6.670,11.267,17.791,0.00,0.00,0.00,0.00,0.00,0.00,0.00,0.00,0.00,0.00,0.00,0.00,0.00,0.00,0.00,0.00,0.00
20650,DL:0.1.0:AT.1.0.0,2022-3-4 20:48:15,40.00,0.00,0.00,17.943,-0.149,-6.674,11.269,17.794,0.00,0.00,0.00,0.00,0.00,0.00,0.00,0.00,0.00,0.00,0.00,0.00,0.00,0.00,0.00,0.00,0.00
20650,DL:0.1.0:AT.1.0.0,2022-3-4 20:48:22,40.00,0.00,0.00,17.955,-0.161,-6.688,11.267,17.794,0.00,0.00,0.00,0.00,0.00,0.00,0.00,0.00,0.00,0.00,0.00,0.00,0.00,0.00,0.00,0.00,0.00
20650,DL:0.1.0:AT.1.0.0,2022-3-4 20:48:29,40.00,0.00,0.00,17.957,-0.163,-6.689,11.268,17.794,0.00,0.00,0.00,0.00,0.00,0.00,0.00,0.00,0.00,0.00,0.00,0.00,0.00,0.00,0.00,0.00,0.00
20650,DL:0.1.0:AT.1.0.0,2022-3-4 20:48:34,40.00,0.00,0.00,17.956,-0.160,-6.691,11.265,17.796,0.00,0.00,0.00,0.00,0.00,0.00,0.00,0.00,0.00,0.00,0.00,0.00,0.00,0.00,0.00,0.00,0.00
20650,DL:0.1.0:AT.1.0.0,2022-3-4 20:48:39,40.00,0.00,0.00,17.946,-0.151,-6.681,11.265,17.795,0.00,0.00,0.00,0.00,0.00,0.00,0.00,0.00,0.00,0.00,0.00,0.00,0.00,0.00,0.00,0.00,0.00
20650,DL:0.1.0:AT.1.0.0,2022-3-4 20:48:45,40.00,0.00,0.00,17.952,-0.156,-6.689,11.263,17.796,0.00,0.00,0.00,0.00,0.00,0.00,0.00,0.00,0.00,0.00,0.00,0.00,0.00,0.00,0.00,0.00,0.00
20650,DL:0.1.0:AT.1.0.0,2022-3-4 20:48:50,40.00,0.00,0.00,17.950,-0.154,-6.683,11.267,17.796,0.00,0.00,0.00,0.00,0.00,0.00,0.00,0.00,0.00,0.00,0.00,0.00,0.00,0.00,0.00,0.00,0.00
20650,DL:0.1.0:AT.1.0.0,2022-3-4 20:48:56,40.00,0.00,0.00,17.940,-0.147,-6.677,11.263,17.794,0.00,0.00,0.00,0.00,0.00,0.00,0.00,0.00,0.00,0.00,0.00,0.00,0.00,0.00,0.00,0.00,0.00
20650,DL:0.1.0:AT.1.0.0,2022-3-4 20:49:3,40.00,0.00,0.00,17.960,-0.160,-6.698,11.262,17.800,0.00,0.00,0.00,0.00,0.00,0.00,0.00,0.00,0.00,0.00,0.00,0.00,0.00,0.00,0.00,0.00,0.00
20650,DL:0.1.0:AT.1.0.0,2022-3-4 20:49:8,40.00,0.00,0.00,17.944,-0.142,-6.682,11.262,17.802,0.00,0.00,0.00,0.00,0.00,0.00,0.00,0.00,0.00,0.00,0.00,0.00,0.00,0.00,0.00,0.00,0.00
20650,DL:0.1.0:AT.1.0.0,2022-3-4 20:49:14,40.00,0.00,0.00,17.970,-0.174,-6.710,11.261,17.796,0.00,0.00,0.00,0.00,0.00,0.00,0.00,0.00,0.00,0.00,0.00,0.00,0.00,0.00,0.00,0.00,0.00
20650,DL:0.1.0:AT.1.0.0,2022-3-4 20:49:20,40.00,0.00,0.00,17.975,-0.174,-6.715,11.261,17.801,0.00,0.00,0.00,0.00,0.00,0.00,0.00,0.00,0.00,0.00,0.00,0.00,0.00,0.00,0.00,0.00,0.00
20650,DL:0.1.0:AT.1.0.0,2022-3-4 20:49:27,40.00,0.00,0.00,17.956,-0.150,-6.692,11.264,17.806,0.00,0.00,0.00,0.00,0.00,0.00,0.00,0.00,0.00,0.00,0.00,0.00,0.00,0.00,0.00,0.00,0.00
20650,DL:0.1.0:AT.1.0.0,2022-3-4 20:49:34,40.00,0.00,0.00,17.942,-0.145,-6.685,11.257,17.796,0.00,0.00,0.00,0.00,0.00,0.00,0.00,0.00,0.00,0.00,0.00,0.00,0.00,0.00,0.00,0.00,0.00
20650,DL:0.1.0:AT.1.0.0,2022-3-4 20:49:39,40.00,0.00,0.00,17.932,-0.127,-6.681,11.251,17.805,0.00,0.00,0.00,0.00,0.00,0.00,0.00,0.00,0.00,0.00,0.00,0.00,0.00,0.00,0.00,0.00,0.00
20650,DL:0.1.0:AT.1.0.0,2022-3-4 20:49:45,40.00,0.00,0.00,17.932,-0.132,-6.680,11.252,17.800,0.00,0.00,0.00,0.00,0.00,0.00,0.00,0.00,0.00,0.00,0.00,0.00,0.00,0.00,0.00,0.00,0.00
20650,DL:0.1.0:AT.1.0.0,2022-3-4 20:49:51,40.00,0.00,0.00,17.942,-0.133,-6.674,11.268,17.808,0.00,0.00,0.00,0.00,0.00,0.00,0.00,0.00,0.00,0.00,0.00,0.00,0.00,0.00,0.00,0.00,0.00
20650,DL:0.1.0:AT.1.0.0,2022-3-4 20:49:58,40.00,0.00,0.00,17.945,-0.133,-6.689,11.256,17.812,0.00,0.00,0.00,0.00,0.00,0.00,0.00,0.00,0.00,0.00,0.00,0.00,0.00,0.00,0.00,0.00,0.00
20650,DL:0.1.0:AT.1.0.0,2022-3-4 20:50:6,40.00,0.00,0.00,17.973,-0.159,-6.721,11.252,17.814,0.00,0.00,0.00,0.00,0.00,0.00,0.00,0.00,0.00,0.00,0.00,0.00,0.00,0.00,0.00,0.00,0.00
20650,DL:0.1.0:AT.1.0.0,2022-3-4 20:50:12,40.00,0.00,0.00,17.964,-0.151,-6.708,11.257,17.813,0.00,0.00,0.00,0.00,0.00,0.00,0.00,0.00,0.00,0.00,0.00,0.00,0.00,0.00,0.00,0.00,0.00
20650,DL:0.1.0:AT.1.0.0,2022-3-4 20:50:19,40.00,0.00,0.00,17.951,-0.147,-6.698,11.253,17.805,0.00,0.00,0.00,0.00,0.00,0.00,0.00,0.00,0.00,0.00,0.00,0.00,0.00,0.00,0.00,0.00,0.00
20650,DL:0.1.0:AT.1.0.0,2022-3-4 20:50:25,40.00,0.00,0.00,17.926,-0.118,-6.668,11.258,17.808,0.00,0.00,0.00,0.00,0.00,0.00,0.00,0.00,0.00,0.00,0.00,0.00,0.00,0.00,0.00,0.00,0.00
20650,DL:0.1.0:AT.1.0.0,2022-3-4 20:50:33,40.00,0.00,0.00,17.944,-0.139,-6.694,11.250,17.805,0.00,0.00,0.00,0.00,0.00,0.00,0.00,0.00,0.00,0.00,0.00,0.00,0.00,0.00,0.00,0.00,0.00
20650,DL:0.1.0:AT.1.0.0,2022-3-4 20:50:40,40.00,0.00,0.00,17.932,-0.124,-6.673,11.259,17.808,0.00,0.00,0.00,0.00,0.00,0.00,0.00,0.00,0.00,0.00,0.00,0.00,0.00,0.00,0.00,0.00,0.00
20650,DL:0.1.0:AT.1.0.0,2022-3-4 20:50:47,40.00,0.00,0.00,17.943,-0.126,-6.692,11.251,17.817,0.00,0.00,0.00,0.00,0.00,0.00,0.00,0.00,0.00,0.00,0.00,0.00,0.00,0.00,0.00,0.00,0.00
20650,DL:0.1.0:AT.1.0.0,2022-3-4 20:50:52,40.00,0.00,0.00,17.921,-0.107,-6.673,11.248,17.814,0.00,0.00,0.00,0.00,0.00,0.00,0.00,0.00,0.00,0.00,0.00,0.00,0.00,0.00,0.00,0.00,0.00
20650,DL:0.1.0:AT.1.0.0,2022-3-4 20:50:57,40.00,0.00,0.00,17.973,-0.151,-6.721,11.252,17.821,0.00,0.00,0.00,0.00,0.00,0.00,0.00,0.00,0.00,0.00,0.00,0.00,0.00,0.00,0.00,0.00,0.00
20650,DL:0.1.0:AT.1.0.0,2022-3-4 20:51:2,40.00,0.00,0.00,17.943,-0.132,-6.693,11.250,17.811,0.00,0.00,0.00,0.00,0.00,0.00,0.00,0.00,0.00,0.00,0.00,0.00,0.00,0.00,0.00,0.00,0.00
20650,DL:0.1.0:AT.1.0.0,2022-3-4 20:51:8,40.00,0.00,0.00,17.910,-0.090,-6.674,11.236,17.820,0.00,0.00,0.00,0.00,0.00,0.00,0.00,0.00,0.00,0.00,0.00,0.00,0.00,0.00,0.00,0.00,0.00
20650,DL:0.1.0:AT.1.0.0,2022-3-4 20:51:13,39.75,0.00,0.00,17.910,-0.089,-6.673,11.238,17.821,0.00,0.00,0.00,0.00,0.00,0.00,0.00,0.00,0.00,0.00,0.00,0.00,0.00,0.00,0.00,0.00,0.00
20650,DL:0.1.0:AT.1.0.0,2022-3-4 20:51:18,39.75,0.00,0.00,17.940,-0.131,-6.677,11.263,17.809,0.00,0.00,0.00,0.00,0.00,0.00,0.00,0.00,0.00,0.00,0.00,0.00,0.00,0.00,0.00,0.00,0.00
20650,DL:0.1.0:AT.1.0.0,2022-3-4 20:51:23,39.75,0.00,0.00,17.932,-0.117,-6.686,11.246,17.815,0.00,0.00,0.00,0.00,0.00,0.00,0.00,0.00,0.00,0.00,0.00,0.00,0.00,0.00,0.00,0.00,0.00
20650,DL:0.1.0:AT.1.0.0,2022-3-4 20:51:28,39.75,0.00,0.00,17.938,-0.137,-6.686,11.252,17.801,0.00,0.00,0.00,0.00,0.00,0.00,0.00,0.00,0.00,0.00,0.00,0.00,0.00,0.00,0.00,0.00,0.00
20650,DL:0.1.0:AT.1.0.0,2022-3-4 20:51:33,39.75,0.00,0.00,17.919,-0.091,-6.662,11.257,17.827,0.00,0.00,0.00,0.00,0.00,0.00,0.00,0.00,0.00,0.00,0.00,0.00,0.00,0.00,0.00,0.00,0.00
20650,DL:0.1.0:AT.1.0.0,2022-3-4 20:51:41,39.75,0.00,0.00,17.957,-0.136,-6.712,11.245,17.821,0.00,0.00,0.00,0.00,0.00,0.00,0.00,0.00,0.00,0.00,0.00,0.00,0.00,0.00,0.00,0.00,0.00
20650,DL:0.1.0:AT.1.0.0,2022-3-4 20:51:48,39.75,0.00,0.00,17.940,-0.130,-6.691,11.250,17.811,0.00,0.00,0.00,0.00,0.00,0.00,0.00,0.00,0.00,0.00,0.00,0.00,0.00,0.00,0.00,0.00,0.00
20650,DL:0.1.0:AT.1.0.0,2022-3-4 20:51:53,39.75,0.00,0.00,17.946,-0.120,-6.699,11.247,17.826,0.00,0.00,0.00,0.00,0.00,0.00,0.00,0.00,0.00,0.00,0.00,0.00,0.00,0.00,0.00,0.00,0.00
20650,DL:0.1.0:AT.1.0.0,2022-3-4 20:51:59,39.75,0.00,0.00,17.945,-0.131,-6.689,11.256,17.814,0.00,0.00,0.00,0.00,0.00,0.00,0.00,0.00,0.00,0.00,0.00,0.00,0.00,0.00,0.00,0.00,0.00
20650,DL:0.1.0:AT.1.0.0,2022-3-4 20:52:6,39.75,0.00,0.00,17.940,-0.129,-6.688,11.252,17.812,0.00,0.00,0.00,0.00,0.00,0.00,0.00,0.00,0.00,0.00,0.00,0.00,0.00,0.00,0.00,0.00,0.00
20650,DL:0.1.0:AT.1.0.0,2022-3-4 20:52:13,39.75,0.00,0.00,17.950,-0.126,-6.694,11.256,17.824,0.00,0.00,0.00,0.00,0.00,0.00,0.00,0.00,0.00,0.00,0.00,0.00,0.00,0.00,0.00,0.00,0.00
20650,DL:0.1.0:AT.1.0.0,2022-3-4 20:52:19,39.75,0.00,0.00,17.956,-0.141,-6.715,11.241,17.815,0.00,0.00,0.00,0.00,0.00,0.00,0.00,0.00,0.00,0.00,0.00,0.00,0.00,0.00,0.00,0.00,0.00
20650,DL:0.1.0:AT.1.0.0,2022-3-4 20:52:24,39.75,0.00,0.00,17.942,-0.117,-6.697,11.245,17.825,0.00,0.00,0.00,0.00,0.00,0.00,0.00,0.00,0.00,0.00,0.00,0.00,0.00,0.00,0.00,0.00,0.00
20650,DL:0.1.0:AT.1.0.0,2022-3-4 20:52:30,39.75,0.00,0.00,17.942,-0.111,-6.699,11.242,17.831,0.00,0.00,0.00,0.00,0.00,0.00,0.00,0.00,0.00,0.00,0.00,0.00,0.00,0.00,0.00,0.00,0.00
20650,DL:0.1.0:AT.1.0.0,2022-3-4 20:52:35,39.75,0.00,0.00,17.968,-0.143,-6.726,11.242,17.825,0.00,0.00,0.00,0.00,0.00,0.00,0.00,0.00,0.00,0.00,0.00,0.00,0.00,0.00,0.00,0.00,0.00
20650,DL:0.1.0:AT.1.0.0,2022-3-4 20:52:40,39.75,0.00,0.00,17.972,-0.143,-6.730,11.241,17.829,0.00,0.00,0.00,0.00,0.00,0.00,0.00,0.00,0.00,0.00,0.00,0.00,0.00,0.00,0.00,0.00,0.00
20650,DL:0.1.0:AT.1.0.0,2022-3-4 20:52:46,39.75,0.00,0.00,17.960,-0.130,-6.720,11.240,17.830,0.00,0.00,0.00,0.00,0.00,0.00,0.00,0.00,0.00,0.00,0.00,0.00,0.00,0.00,0.00,0.00,0.00
20650,DL:0.1.0:AT.1.0.0,2022-3-4 20:52:51,39.75,0.00,0.00,17.961,-0.133,-6.720,11.241,17.827,0.00,0.00,0.00,0.00,0.00,0.00,0.00,0.00,0.00,0.00,0.00,0.00,0.00,0.00,0.00,0.00,0.00
20650,DL:0.1.0:AT.1.0.0,2022-3-4 20:52:58,39.75,0.00,0.00,17.961,-0.136,-6.721,11.240,17.825,0.00,0.00,0.00,0.00,0.00,0.00,0.00,0.00,0.00,0.00,0.00,0.00,0.00,0.00,0.00,0.00,0.00
20650,DL:0.1.0:AT.1.0.0,2022-3-4 20:53:3,39.75,0.00,0.00,17.960,-0.132,-6.718,11.241,17.827,0.00,0.00,0.00,0.00,0.00,0.00,0.00,0.00,0.00,0.00,0.00,0.00,0.00,0.00,0.00,0.00,0.00
20650,DL:0.1.0:AT.1.0.0,2022-3-4 20:53:8,39.75,0.00,0.00,17.957,-0.130,-6.721,11.236,17.827,0.00,0.00,0.00,0.00,0.00,0.00,0.00,0.00,0.00,0.00,0.00,0.00,0.00,0.00,0.00,0.00,0.00
20650,DL:0.1.0:AT.1.0.0,2022-3-4 20:53:13,39.75,0.00,0.00,17.940,-0.112,-6.705,11.235,17.829,0.00,0.00,0.00,0.00,0.00,0.00,0.00,0.00,0.00,0.00,0.00,0.00,0.00,0.00,0.00,0.00,0.00
20650,DL:0.1.0:AT.1.0.0,2022-3-4 20:53:18,39.75,0.00,0.00,17.956,-0.124,-6.721,11.235,17.832,0.00,0.00,0.00,0.00,0.00,0.00,0.00,0.00,0.00,0.00,0.00,0.00,0.00,0.00,0.00,0.00,0.00
20650,DL:0.1.0:AT.1.0.0,2022-3-4 20:53:23,39.75,0.00,0.00,17.969,-0.138,-6.733,11.236,17.831,0.00,0.00,0.00,0.00,0.00,0.00,0.00,0.00,0.00,0.00,0.00,0.00,0.00,0.00,0.00,0.00,0.00
20650,DL:0.1.0:AT.1.0.0,2022-3-4 20:53:29,39.75,0.00,0.00,17.949,-0.118,-6.711,11.238,17.831,0.00,0.00,0.00,0.00,0.00,0.00,0.00,0.00,0.00,0.00,0.00,0.00,0.00,0.00,0.00,0.00,0.00
20650,DL:0.1.0:AT.1.0.0,2022-3-4 20:53:36,39.75,0.00,0.00,17.964,-0.130,-6.727,11.238,17.835,0.00,0.00,0.00,0.00,0.00,0.00,0.00,0.00,0.00,0.00,0.00,0.00,0.00,0.00,0.00,0.00,0.00
20650,DL:0.1.0:AT.1.0.0,2022-3-4 20:53:46,39.75,0.00,0.00,17.948,-0.114,-6.712,11.235,17.833,0.00,0.00,0.00,0.00,0.00,0.00,0.00,0.00,0.00,0.00,0.00,0.00,0.00,0.00,0.00,0.00,0.00
20650,DL:0.1.0:AT.1.0.0,2022-3-4 20:53:51,39.75,0.00,0.00,17.950,-0.115,-6.715,11.235,17.835,0.00,0.00,0.00,0.00,0.00,0.00,0.00,0.00,0.00,0.00,0.00,0.00,0.00,0.00,0.00,0.00,0.00
20650,DL:0.1.0:AT.1.0.0,2022-3-4 20:53:56,39.75,0.00,0.00,17.954,-0.119,-6.718,11.235,17.835,0.00,0.00,0.00,0.00,0.00,0.00,0.00,0.00,0.00,0.00,0.00,0.00,0.00,0.00,0.00,0.00,0.00
20650,DL:0.1.0:AT.1.0.0,2022-3-4 20:54:1,39.75,0.00,0.00,17.944,-0.107,-6.712,11.232,17.837,0.00,0.00,0.00,0.00,0.00,0.00,0.00,0.00,0.00,0.00,0.00,0.00,0.00,0.00,0.00,0.00,0.00
20650,DL:0.1.0:AT.1.0.0,2022-3-4 20:54:6,39.75,0.00,0.00,17.970,-0.135,-6.736,11.234,17.836,0.00,0.00,0.00,0.00,0.00,0.00,0.00,0.00,0.00,0.00,0.00,0.00,0.00,0.00,0.00,0.00,0.00
20650,DL:0.1.0:AT.1.0.0,2022-3-4 20:54:14,39.75,0.00,0.00,17.976,-0.139,-6.744,11.233,17.837,0.00,0.00,0.00,0.00,0.00,0.00,0.00,0.00,0.00,0.00,0.00,0.00,0.00,0.00,0.00,0.00,0.00
20650,DL:0.1.0:AT.1.0.0,2022-3-4 20:54:20,39.75,0.00,0.00,17.958,-0.119,-6.727,11.232,17.839,0.00,0.00,0.00,0.00,0.00,0.00,0.00,0.00,0.00,0.00,0.00,0.00,0.00,0.00,0.00,0.00,0.00
20650,DL:0.1.0:AT.1.0.0,2022-3-4 20:54:25,39.75,0.00,0.00,17.954,-0.115,-6.723,11.230,17.838,0.00,0.00,0.00,0.00,0.00,0.00,0.00,0.00,0.00,0.00,0.00,0.00,0.00,0.00,0.00,0.00,0.00
20650,DL:0.1.0:AT.1.0.0,2022-3-4 20:54:30,39.75,0.00,0.00,17.952,-0.114,-6.723,11.229,17.838,0.00,0.00,0.00,0.00,0.00,0.00,0.00,0.00,0.00,0.00,0.00,0.00,0.00,0.00,0.00,0.00,0.00
20650,DL:0.1.0:AT.1.0.0,2022-3-4 20:54:36,39.75,0.00,0.00,17.962,-0.123,-6.730,11.232,17.839,0.00,0.00,0.00,0.00,0.00,0.00,0.00,0.00,0.00,0.00,0.00,0.00,0.00,0.00,0.00,0.00,0.00
20650,DL:0.1.0:AT.1.0.0,2022-3-4 20:54:41,39.75,0.00,0.00,17.938,-0.097,-6.710,11.228,17.841,0.00,0.00,0.00,0.00,0.00,0.00,0.00,0.00,0.00,0.00,0.00,0.00,0.00,0.00,0.00,0.00,0.00
20650,DL:0.1.0:AT.1.0.0,2022-3-4 20:54:48,39.75,0.00,0.00,17.980,-0.138,-6.750,11.230,17.842,0.00,0.00,0.00,0.00,0.00,0.00,0.00,0.00,0.00,0.00,0.00,0.00,0.00,0.00,0.00,0.00,0.00
20650,DL:0.1.0:AT.1.0.0,2022-3-4 20:54:54,39.75,0.00,0.00,17.998,-0.155,-6.766,11.232,17.843,0.00,0.00,0.00,0.00,0.00,0.00,0.00,0.00,0.00,0.00,0.00,0.00,0.00,0.00,0.00,0.00,0.00
20650,DL:0.1.0:AT.1.0.0,2022-3-4 20:54:59,39.75,0.00,0.00,17.957,-0.115,-6.728,11.229,17.842,0.00,0.00,0.00,0.00,0.00,0.00,0.00,0.00,0.00,0.00,0.00,0.00,0.00,0.00,0.00,0.00,0.00
20650,DL:0.1.0:AT.1.0.0,2022-3-4 20:55:5,39.75,0.00,0.00,17.981,-0.137,-6.752,11.229,17.844,0.00,0.00,0.00,0.00,0.00,0.00,0.00,0.00,0.00,0.00,0.00,0.00,0.00,0.00,0.00,0.00,0.00
20650,DL:0.1.0:AT.1.0.0,2022-3-4 20:55:12,39.75,0.00,0.00,17.960,-0.115,-6.733,11.227,17.844,0.00,0.00,0.00,0.00,0.00,0.00,0.00,0.00,0.00,0.00,0.00,0.00,0.00,0.00,0.00,0.00,0.00
20650,DL:0.1.0:AT.1.0.0,2022-3-4 20:55:17,39.75,0.00,0.00,17.960,-0.114,-6.730,11.229,17.845,0.00,0.00,0.00,0.00,0.00,0.00,0.00,0.00,0.00,0.00,0.00,0.00,0.00,0.00,0.00,0.00,0.00
20650,DL:0.1.0:AT.1.0.0,2022-3-4 20:55:22,39.75,0.00,0.00,17.982,-0.137,-6.754,11.228,17.845,0.00,0.00,0.00,0.00,0.00,0.00,0.00,0.00,0.00,0.00,0.00,0.00,0.00,0.00,0.00,0.00,0.00
20650,DL:0.1.0:AT.1.0.0,2022-3-4 20:55:28,39.75,0.00,0.00,17.978,-0.132,-6.750,11.228,17.845,0.00,0.00,0.00,0.00,0.00,0.00,0.00,0.00,0.00,0.00,0.00,0.00,0.00,0.00,0.00,0.00,0.00
20650,DL:0.1.0:AT.1.0.0,2022-3-4 20:55:34,39.75,0.00,0.00,17.964,-0.119,-6.738,11.227,17.845,0.00,0.00,0.00,0.00,0.00,0.00,0.00,0.00,0.00,0.00,0.00,0.00,0.00,0.00,0.00,0.00,0.00
20650,DL:0.1.0:AT.1.0.0,2022-3-4 20:55:39,39.75,0.00,0.00,17.966,-0.118,-6.740,11.226,17.848,0.00,0.00,0.00,0.00,0.00,0.00,0.00,0.00,0.00,0.00,0.00,0.00,0.00,0.00,0.00,0.00,0.00
20650,DL:0.1.0:AT.1.0.0,2022-3-4 20:55:47,39.75,0.00,0.00,17.993,-0.147,-6.770,11.223,17.847,0.00,0.00,0.00,0.00,0.00,0.00,0.00,0.00,0.00,0.00,0.00,0.00,0.00,0.00,0.00,0.00,0.00
20650,DL:0.1.0:AT.1.0.0,2022-3-4 20:55:53,39.75,0.00,0.00,17.950,-0.102,-6.727,11.223,17.848,0.00,0.00,0.00,0.00,0.00,0.00,0.00,0.00,0.00,0.00,0.00,0.00,0.00,0.00,0.00,0.00,0.00
20650,DL:0.1.0:AT.1.0.0,2022-3-4 20:55:59,39.75,0.00,0.00,17.945,-0.096,-6.721,11.224,17.849,0.00,0.00,0.00,0.00,0.00,0.00,0.00,0.00,0.00,0.00,0.00,0.00,0.00,0.00,0.00,0.00,0.00
20650,DL:0.1.0:AT.1.0.0,2022-3-4 20:56:6,39.75,0.00,0.00,17.978,-0.129,-6.754,11.223,17.849,0.00,0.00,0.00,0.00,0.00,0.00,0.00,0.00,0.00,0.00,0.00,0.00,0.00,0.00,0.00,0.00,0.00
20650,DL:0.1.0:AT.1.0.0,2022-3-4 20:56:11,39.75,0.00,0.00,17.943,-0.093,-6.720,11.223,17.850,0.00,0.00,0.00,0.00,0.00,0.00,0.00,0.00,0.00,0.00,0.00,0.00,0.00,0.00,0.00,0.00,0.00
20650,DL:0.1.0:AT.1.0.0,2022-3-4 20:56:17,39.75,0.00,0.00,17.952,-0.102,-6.729,11.223,17.850,0.00,0.00,0.00,0.00,0.00,0.00,0.00,0.00,0.00,0.00,0.00,0.00,0.00,0.00,0.00,0.00,0.00
20650,DL:0.1.0:AT.1.0.0,2022-3-4 20:56:22,39.75,0.00,0.00,17.976,-0.125,-6.754,11.222,17.851,0.00,0.00,0.00,0.00,0.00,0.00,0.00,0.00,0.00,0.00,0.00,0.00,0.00,0.00,0.00,0.00,0.00
20650,DL:0.1.0:AT.1.0.0,2022-3-4 20:56:27,39.75,0.00,0.00,17.955,-0.103,-6.733,11.222,17.851,0.00,0.00,0.00,0.00,0.00,0.00,0.00,0.00,0.00,0.00,0.00,0.00,0.00,0.00,0.00,0.00,0.00
20650,DL:0.1.0:AT.1.0.0,2022-3-4 20:56:34,39.75,0.00,0.00,17.962,-0.109,-6.741,11.221,17.853,0.00,0.00,0.00,0.00,0.00,0.00,0.00,0.00,0.00,0.00,0.00,0.00,0.00,0.00,0.00,0.00,0.00
20650,DL:0.1.0:AT.1.0.0,2022-3-4 20:56:41,39.75,0.00,0.00,17.950,-0.097,-6.730,11.220,17.853,0.00,0.00,0.00,0.00,0.00,0.00,0.00,0.00,0.00,0.00,0.00,0.00,0.00,0.00,0.00,0.00,0.00
20650,DL:0.1.0:AT.1.0.0,2022-3-4 20:56:46,39.75,0.00,0.00,17.937,-0.083,-6.717,11.220,17.854,0.00,0.00,0.00,0.00,0.00,0.00,0.00,0.00,0.00,0.00,0.00,0.00,0.00,0.00,0.00,0.00,0.00
20650,DL:0.1.0:AT.1.0.0,2022-3-4 20:56:51,39.75,0.00,0.00,17.940,-0.085,-6.721,11.220,17.855,0.00,0.00,0.00,0.00,0.00,0.00,0.00,0.00,0.00,0.00,0.00,0.00,0.00,0.00,0.00,0.00,0.00
20650,DL:0.1.0:AT.1.0.0,2022-3-4 20:56:56,39.75,0.00,0.00,17.974,-0.119,-6.756,11.218,17.855,0.00,0.00,0.00,0.00,0.00,0.00,0.00,0.00,0.00,0.00,0.00,0.00,0.00,0.00,0.00,0.00,0.00
20650,DL:0.1.0:AT.1.0.0,2022-3-4 20:57:1,39.75,0.00,0.00,17.988,-0.133,-6.771,11.217,17.855,0.00,0.00,0.00,0.00,0.00,0.00,0.00,0.00,0.00,0.00,0.00,0.00,0.00,0.00,0.00,0.00,0.00
20650,DL:0.1.0:AT.1.0.0,2022-3-4 20:57:6,39.75,0.00,0.00,17.994,-0.138,-6.775,11.220,17.856,0.00,0.00,0.00,0.00,0.00,0.00,0.00,0.00,0.00,0.00,0.00,0.00,0.00,0.00,0.00,0.00,0.00
20650,DL:0.1.0:AT.1.0.0,2022-3-4 20:57:11,39.75,0.00,0.00,17.973,-0.115,-6.756,11.217,17.857,0.00,0.00,0.00,0.00,0.00,0.00,0.00,0.00,0.00,0.00,0.00,0.00,0.00,0.00,0.00,0.00,0.00
20650,DL:0.1.0:AT.1.0.0,2022-3-4 20:57:22,39.75,0.00,0.00,17.982,-0.125,-6.765,11.217,17.857,0.00,0.00,0.00,0.00,0.00,0.00,0.00,0.00,0.00,0.00,0.00,0.00,0.00,0.00,0.00,0.00,0.00
20650,DL:0.1.0:AT.1.0.0,2022-3-4 20:57:27,39.75,0.00,0.00,17.976,-0.118,-6.760,11.216,17.859,0.00,0.00,0.00,0.00,0.00,0.00,0.00,0.00,0.00,0.00,0.00,0.00,0.00,0.00,0.00,0.00,0.00
20650,DL:0.1.0:AT.1.0.0,2022-3-4 20:57:32,39.75,0.00,0.00,17.944,-0.084,-6.728,11.216,17.860,0.00,0.00,0.00,0.00,0.00,0.00,0.00,0.00,0.00,0.00,0.00,0.00,0.00,0.00,0.00,0.00,0.00
20650,DL:0.1.0:AT.1.0.0,2022-3-4 20:57:37,39.75,0.00,0.00,17.955,-0.096,-6.740,11.215,17.859,0.00,0.00,0.00,0.00,0.00,0.00,0.00,0.00,0.00,0.00,0.00,0.00,0.00,0.00,0.00,0.00,0.00
20650,DL:0.1.0:AT.1.0.0,2022-3-4 20:57:42,39.75,0.00,0.00,17.957,-0.097,-6.742,11.215,17.860,0.00,0.00,0.00,0.00,0.00,0.00,0.00,0.00,0.00,0.00,0.00,0.00,0.00,0.00,0.00,0.00,0.00
20650,DL:0.1.0:AT.1.0.0,2022-3-4 20:57:49,39.75,0.00,0.00,17.970,-0.109,-6.757,11.214,17.861,0.00,0.00,0.00,0.00,0.00,0.00,0.00,0.00,0.00,0.00,0.00,0.00,0.00,0.00,0.00,0.00,0.00
20650,DL:0.1.0:AT.1.0.0,2022-3-4 20:57:54,39.75,0.00,0.00,17.957,-0.096,-6.744,11.214,17.861,0.00,0.00,0.00,0.00,0.00,0.00,0.00,0.00,0.00,0.00,0.00,0.00,0.00,0.00,0.00,0.00,0.00
20650,DL:0.1.0:AT.1.0.0,2022-3-4 20:58:0,39.75,0.00,0.00,17.981,-0.119,-6.768,11.214,17.862,0.00,0.00,0.00,0.00,0.00,0.00,0.00,0.00,0.00,0.00,0.00,0.00,0.00,0.00,0.00,0.00,0.00
20650,DL:0.1.0:AT.1.0.0,2022-3-4 20:58:6,39.75,0.00,0.00,17.976,-0.114,-6.764,11.212,17.862,0.00,0.00,0.00,0.00,0.00,0.00,0.00,0.00,0.00,0.00,0.00,0.00,0.00,0.00,0.00,0.00,0.00
20650,DL:0.1.0:AT.1.0.0,2022-3-4 20:58:13,39.75,0.00,0.00,17.962,-0.099,-6.751,11.211,17.863,0.00,0.00,0.00,0.00,0.00,0.00,0.00,0.00,0.00,0.00,0.00,0.00,0.00,0.00,0.00,0.00,0.00
20650,DL:0.1.0:AT.1.0.0,2022-3-4 20:58:20,39.75,0.00,0.00,17.936,-0.072,-6.723,11.212,17.863,0.00,0.00,0.00,0.00,0.00,0.00,0.00,0.00,0.00,0.00,0.00,0.00,0.00,0.00,0.00,0.00,0.00
20650,DL:0.1.0:AT.1.0.0,2022-3-4 20:58:28,39.75,0.00,0.00,17.951,-0.085,-6.739,11.212,17.866,0.00,0.00,0.00,0.00,0.00,0.00,0.00,0.00,0.00,0.00,0.00,0.00,0.00,0.00,0.00,0.00,0.00
20650,DL:0.1.0:AT.1.0.0,2022-3-4 20:58:34,39.75,0.00,0.00,17.968,-0.103,-6.757,11.211,17.865,0.00,0.00,0.00,0.00,0.00,0.00,0.00,0.00,0.00,0.00,0.00,0.00,0.00,0.00,0.00,0.00,0.00
20650,DL:0.1.0:AT.1.0.0,2022-3-4 20:58:39,39.75,0.00,0.00,17.969,-0.105,-6.758,11.211,17.865,0.00,0.00,0.00,0.00,0.00,0.00,0.00,0.00,0.00,0.00,0.00,0.00,0.00,0.00,0.00,0.00,0.00
20650,DL:0.1.0:AT.1.0.0,2022-3-4 20:58:44,39.75,0.00,0.00,17.943,-0.077,-6.732,11.211,17.866,0.00,0.00,0.00,0.00,0.00,0.00,0.00,0.00,0.00,0.00,0.00,0.00,0.00,0.00,0.00,0.00,0.00
20650,DL:0.1.0:AT.1.0.0,2022-3-4 20:58:49,39.75,0.00,0.00,17.961,-0.096,-6.750,11.211,17.865,0.00,0.00,0.00,0.00,0.00,0.00,0.00,0.00,0.00,0.00,0.00,0.00,0.00,0.00,0.00,0.00,0.00
20650,DL:0.1.0:AT.1.0.0,2022-3-4 20:58:59,39.75,0.00,0.00,17.968,-0.102,-6.758,11.210,17.866,0.00,0.00,0.00,0.00,0.00,0.00,0.00,0.00,0.00,0.00,0.00,0.00,0.00,0.00,0.00,0.00,0.00
20650,DL:0.1.0:AT.1.0.0,2022-3-4 20:59:4,39.75,0.00,0.00,17.954,-0.087,-6.744,11.210,17.867,0.00,0.00,0.00,0.00,0.00,0.00,0.00,0.00,0.00,0.00,0.00,0.00,0.00,0.00,0.00,0.00,0.00
20650,DL:0.1.0:AT.1.0.0,2022-3-4 20:59:9,39.75,0.00,0.00,17.967,-0.100,-6.758,11.209,17.867,0.00,0.00,0.00,0.00,0.00,0.00,0.00,0.00,0.00,0.00,0.00,0.00,0.00,0.00,0.00,0.00,0.00
20650,DL:0.1.0:AT.1.0.0,2022-3-4 20:59:15,39.75,0.00,0.00,17.966,-0.099,-6.758,11.208,17.867,0.00,0.00,0.00,0.00,0.00,0.00,0.00,0.00,0.00,0.00,0.00,0.00,0.00,0.00,0.00,0.00,0.00
20650,DL:0.1.0:AT.1.0.0,2022-3-4 20:59:20,39.75,0.00,0.00,17.963,-0.095,-6.756,11.208,17.868,0.00,0.00,0.00,0.00,0.00,0.00,0.00,0.00,0.00,0.00,0.00,0.00,0.00,0.00,0.00,0.00,0.00
20650,DL:0.1.0:AT.1.0.0,2022-3-4 20:59:28,39.75,0.00,0.00,17.986,-0.117,-6.778,11.208,17.870,0.00,0.00,0.00,0.00,0.00,0.00,0.00,0.00,0.00,0.00,0.00,0.00,0.00,0.00,0.00,0.00,0.00
20650,DL:0.1.0:AT.1.0.0,2022-3-4 20:59:35,39.75,0.00,0.00,17.952,-0.082,-6.746,11.206,17.871,0.00,0.00,0.00,0.00,0.00,0.00,0.00,0.00,0.00,0.00,0.00,0.00,0.00,0.00,0.00,0.00,0.00
20650,DL:0.1.0:AT.1.0.0,2022-3-4 20:59:40,39.75,0.00,0.00,17.943,-0.073,-6.736,11.206,17.870,0.00,0.00,0.00,0.00,0.00,0.00,0.00,0.00,0.00,0.00,0.00,0.00,0.00,0.00,0.00,0.00,0.00
20650,DL:0.1.0:AT.1.0.0,2022-3-4 20:59:45,39.75,0.00,0.00,17.968,-0.097,-6.762,11.206,17.871,0.00,0.00,0.00,0.00,0.00,0.00,0.00,0.00,0.00,0.00,0.00,0.00,0.00,0.00,0.00,0.00,0.00
20650,DL:0.1.0:AT.1.0.0,2022-3-4 20:59:52,39.75,0.00,0.00,17.961,-0.089,-6.756,11.205,17.872,0.00,0.00,0.00,0.00,0.00,0.00,0.00,0.00,0.00,0.00,0.00,0.00,0.00,0.00,0.00,0.00,0.00
20650,DL:0.1.0:AT.1.0.0,2022-3-4 20:59:59,39.75,0.00,0.00,17.925,-0.054,-6.721,11.204,17.871,0.00,0.00,0.00,0.00,0.00,0.00,0.00,0.00,0.00,0.00,0.00,0.00,0.00,0.00,0.00,0.00,0.00
20650,DL:0.1.0:AT.1.0.0,2022-3-4 21:0:6,39.75,0.00,0.00,17.956,-0.083,-6.753,11.203,17.873,0.00,0.00,0.00,0.00,0.00,0.00,0.00,0.00,0.00,0.00,0.00,0.00,0.00,0.00,0.00,0.00,0.00
20650,DL:0.1.0:AT.1.0.0,2022-3-4 21:0:13,39.75,0.00,0.00,17.960,-0.085,-6.758,11.202,17.874,0.00,0.00,0.00,0.00,0.00,0.00,0.00,0.00,0.00,0.00,0.00,0.00,0.00,0.00,0.00,0.00,0.00
20650,DL:0.1.0:AT.1.0.0,2022-3-4 21:0:19,39.75,0.00,0.00,17.966,-0.091,-6.764,11.202,17.874,0.00,0.00,0.00,0.00,0.00,0.00,0.00,0.00,0.00,0.00,0.00,0.00,0.00,0.00,0.00,0.00,0.00
20650,DL:0.1.0:AT.1.0.0,2022-3-4 21:0:24,39.75,0.00,0.00,17.961,-0.085,-6.759,11.202,17.876,0.00,0.00,0.00,0.00,0.00,0.00,0.00,0.00,0.00,0.00,0.00,0.00,0.00,0.00,0.00,0.00,0.00
20650,DL:0.1.0:AT.1.0.0,2022-3-4 21:0:30,39.75,0.00,0.00,17.956,-0.079,-6.754,11.202,17.877,0.00,0.00,0.00,0.00,0.00,0.00,0.00,0.00,0.00,0.00,0.00,0.00,0.00,0.00,0.00,0.00,0.00
20650,DL:0.1.0:AT.1.0.0,2022-3-4 21:0:35,39.75,0.00,0.00,17.951,-0.073,-6.751,11.200,17.878,0.00,0.00,0.00,0.00,0.00,0.00,0.00,0.00,0.00,0.00,0.00,0.00,0.00,0.00,0.00,0.00,0.00
20650,DL:0.1.0:AT.1.0.0,2022-3-4 21:0:40,39.75,0.00,0.00,17.961,-0.083,-6.762,11.199,17.878,0.00,0.00,0.00,0.00,0.00,0.00,0.00,0.00,0.00,0.00,0.00,0.00,0.00,0.00,0.00,0.00,0.00
20650,DL:0.1.0:AT.1.0.0,2022-3-4 21:0:45,39.75,0.00,0.00,17.950,-0.071,-6.751,11.199,17.879,0.00,0.00,0.00,0.00,0.00,0.00,0.00,0.00,0.00,0.00,0.00,0.00,0.00,0.00,0.00,0.00,0.00
20650,DL:0.1.0:AT.1.0.0,2022-3-4 21:0:50,39.75,0.00,0.00,17.938,-0.059,-6.739,11.199,17.879,0.00,0.00,0.00,0.00,0.00,0.00,0.00,0.00,0.00,0.00,0.00,0.00,0.00,0.00,0.00,0.00,0.00
20650,DL:0.1.0:AT.1.0.0,2022-3-4 21:0:55,39.75,0.00,0.00,17.939,-0.060,-6.740,11.199,17.879,0.00,0.00,0.00,0.00,0.00,0.00,0.00,0.00,0.00,0.00,0.00,0.00,0.00,0.00,0.00,0.00,0.00
20650,DL:0.1.0:AT.1.0.0,2022-3-4 21:1:2,39.75,0.00,0.00,17.970,-0.090,-6.772,11.198,17.880,0.00,0.00,0.00,0.00,0.00,0.00,0.00,0.00,0.00,0.00,0.00,0.00,0.00,0.00,0.00,0.00,0.00
20650,DL:0.1.0:AT.1.0.0,2022-3-4 21:1:8,39.75,0.00,0.00,17.948,-0.066,-6.750,11.198,17.882,0.00,0.00,0.00,0.00,0.00,0.00,0.00,0.00,0.00,0.00,0.00,0.00,0.00,0.00,0.00,0.00,0.00
20650,DL:0.1.0:AT.1.0.0,2022-3-4 21:1:14,39.75,0.00,0.00,17.967,-0.084,-6.769,11.198,17.883,0.00,0.00,0.00,0.00,0.00,0.00,0.00,0.00,0.00,0.00,0.00,0.00,0.00,0.00,0.00,0.00,0.00
20650,DL:0.1.0:AT.1.0.0,2022-3-4 21:1:19,39.75,0.00,0.00,17.964,-0.082,-6.769,11.196,17.883,0.00,0.00,0.00,0.00,0.00,0.00,0.00,0.00,0.00,0.00,0.00,0.00,0.00,0.00,0.00,0.00,0.00
20650,DL:0.1.0:AT.1.0.0,2022-3-4 21:1:24,39.75,0.00,0.00,17.962,-0.079,-6.765,11.197,17.883,0.00,0.00,0.00,0.00,0.00,0.00,0.00,0.00,0.00,0.00,0.00,0.00,0.00,0.00,0.00,0.00,0.00
20650,DL:0.1.0:AT.1.0.0,2022-3-4 21:1:30,39.75,0.00,0.00,17.963,-0.079,-6.766,11.197,17.884,0.00,0.00,0.00,0.00,0.00,0.00,0.00,0.00,0.00,0.00,0.00,0.00,0.00,0.00,0.00,0.00,0.00
20650,DL:0.1.0:AT.1.0.0,2022-3-4 21:1:35,39.75,0.00,0.00,17.969,-0.084,-6.774,11.196,17.885,0.00,0.00,0.00,0.00,0.00,0.00,0.00,0.00,0.00,0.00,0.00,0.00,0.00,0.00,0.00,0.00,0.00
20650,DL:0.1.0:AT.1.0.0,2022-3-4 21:1:42,39.75,0.00,0.00,17.957,-0.071,-6.763,11.194,17.886,0.00,0.00,0.00,0.00,0.00,0.00,0.00,0.00,0.00,0.00,0.00,0.00,0.00,0.00,0.00,0.00,0.00
20650,DL:0.1.0:AT.1.0.0,2022-3-4 21:1:49,39.75,0.00,0.00,17.969,-0.082,-6.775,11.194,17.888,0.00,0.00,0.00,0.00,0.00,0.00,0.00,0.00,0.00,0.00,0.00,0.00,0.00,0.00,0.00,0.00,0.00
20650,DL:0.1.0:AT.1.0.0,2022-3-4 21:1:54,39.75,0.00,0.00,17.946,-0.058,-6.752,11.194,17.889,0.00,0.00,0.00,0.00,0.00,0.00,0.00,0.00,0.00,0.00,0.00,0.00,0.00,0.00,0.00,0.00,0.00
20650,DL:0.1.0:AT.1.0.0,2022-3-4 21:2:3,39.75,0.00,0.00,17.928,-0.038,-6.735,11.193,17.890,0.00,0.00,0.00,0.00,0.00,0.00,0.00,0.00,0.00,0.00,0.00,0.00,0.00,0.00,0.00,0.00,0.00
20650,DL:0.1.0:AT.1.0.0,2022-3-4 21:2:9,39.75,0.00,0.00,17.922,-0.031,-6.729,11.193,17.891,0.00,0.00,0.00,0.00,0.00,0.00,0.00,0.00,0.00,0.00,0.00,0.00,0.00,0.00,0.00,0.00,0.00
20650,DL:0.1.0:AT.1.0.0,2022-3-4 21:2:16,39.75,0.00,0.00,17.933,-0.042,-6.741,11.192,17.891,0.00,0.00,0.00,0.00,0.00,0.00,0.00,0.00,0.00,0.00,0.00,0.00,0.00,0.00,0.00,0.00,0.00
20650,DL:0.1.0:AT.1.0.0,2022-3-4 21:2:23,39.75,0.00,0.00,17.952,-0.060,-6.762,11.191,17.892,0.00,0.00,0.00,0.00,0.00,0.00,0.00,0.00,0.00,0.00,0.00,0.00,0.00,0.00,0.00,0.00,0.00
20650,DL:0.1.0:AT.1.0.0,2022-3-4 21:2:28,39.75,0.00,0.00,17.926,-0.032,-6.734,11.192,17.894,0.00,0.00,0.00,0.00,0.00,0.00,0.00,0.00,0.00,0.00,0.00,0.00,0.00,0.00,0.00,0.00,0.00
20650,DL:0.1.0:AT.1.0.0,2022-3-4 21:2:33,39.75,0.00,0.00,17.932,-0.038,-6.741,11.191,17.894,0.00,0.00,0.00,0.00,0.00,0.00,0.00,0.00,0.00,0.00,0.00,0.00,0.00,0.00,0.00,0.00,0.00
20650,DL:0.1.0:AT.1.0.0,2022-3-4 21:2:39,39.75,0.00,0.00,17.956,-0.062,-6.768,11.188,17.894,0.00,0.00,0.00,0.00,0.00,0.00,0.00,0.00,0.00,0.00,0.00,0.00,0.00,0.00,0.00,0.00,0.00
20650,DL:0.1.0:AT.1.0.0,2022-3-4 21:2:47,39.75,0.00,0.00,17.930,-0.035,-6.741,11.188,17.895,0.00,0.00,0.00,0.00,0.00,0.00,0.00,0.00,0.00,0.00,0.00,0.00,0.00,0.00,0.00,0.00,0.00
20650,DL:0.1.0:AT.1.0.0,2022-3-4 21:2:54,39.75,0.00,0.00,17.921,-0.025,-6.733,11.188,17.896,0.00,0.00,0.00,0.00,0.00,0.00,0.00,0.00,0.00,0.00,0.00,0.00,0.00,0.00,0.00,0.00,0.00
20650,DL:0.1.0:AT.1.0.0,2022-3-4 21:2:59,39.75,0.00,0.00,17.925,-0.029,-6.736,11.188,17.896,0.00,0.00,0.00,0.00,0.00,0.00,0.00,0.00,0.00,0.00,0.00,0.00,0.00,0.00,0.00,0.00,0.00
20650,DL:0.1.0:AT.1.0.0,2022-3-4 21:3:5,39.75,0.00,0.00,17.928,-0.031,-6.740,11.188,17.897,0.00,0.00,0.00,0.00,0.00,0.00,0.00,0.00,0.00,0.00,0.00,0.00,0.00,0.00,0.00,0.00,0.00
20650,DL:0.1.0:AT.1.0.0,2022-3-4 21:3:11,39.75,0.00,0.00,17.918,-0.020,-6.730,11.187,17.897,0.00,0.00,0.00,0.00,0.00,0.00,0.00,0.00,0.00,0.00,0.00,0.00,0.00,0.00,0.00,0.00,0.00
20650,DL:0.1.0:AT.1.0.0,2022-3-4 21:3:18,39.75,0.00,0.00,17.902,-0.002,-6.716,11.186,17.900,0.00,0.00,0.00,0.00,0.00,0.00,0.00,0.00,0.00,0.00,0.00,0.00,0.00,0.00,0.00,0.00,0.00
20650,DL:0.1.0:AT.1.0.0,2022-3-4 21:3:23,39.75,0.00,0.00,17.926,-0.026,-6.740,11.186,17.900,0.00,0.00,0.00,0.00,0.00,0.00,0.00,0.00,0.00,0.00,0.00,0.00,0.00,0.00,0.00,0.00,0.00
20650,DL:0.1.0:AT.1.0.0,2022-3-4 21:3:28,39.75,0.00,0.00,17.936,-0.035,-6.750,11.186,17.901,0.00,0.00,0.00,0.00,0.00,0.00,0.00,0.00,0.00,0.00,0.00,0.00,0.00,0.00,0.00,0.00,0.00
20650,DL:0.1.0:AT.1.0.0,2022-3-4 21:3:33,39.75,0.00,0.00,17.915,-0.014,-6.730,11.185,17.901,0.00,0.00,0.00,0.00,0.00,0.00,0.00,0.00,0.00,0.00,0.00,0.00,0.00,0.00,0.00,0.00,0.00
20650,DL:0.1.0:AT.1.0.0,2022-3-4 21:3:38,39.75,0.00,0.00,17.914,-0.013,-6.730,11.184,17.901,0.00,0.00,0.00,0.00,0.00,0.00,0.00,0.00,0.00,0.00,0.00,0.00,0.00,0.00,0.00,0.00,0.00
20650,DL:0.1.0:AT.1.0.0,2022-3-4 21:3:43,39.75,0.00,0.00,17.921,-0.018,-6.738,11.184,17.903,0.00,0.00,0.00,0.00,0.00,0.00,0.00,0.00,0.00,0.00,0.00,0.00,0.00,0.00,0.00,0.00,0.00
20650,DL:0.1.0:AT.1.0.0,2022-3-4 21:3:49,39.75,0.00,0.00,17.924,-0.020,-6.739,11.185,17.903,0.00,0.00,0.00,0.00,0.00,0.00,0.00,0.00,0.00,0.00,0.00,0.00,0.00,0.00,0.00,0.00,0.00
20650,DL:0.1.0:AT.1.0.0,2022-3-4 21:3:54,39.75,0.00,0.00,17.902,0.002,-6.718,11.184,17.904,0.00,0.00,0.00,0.00,0.00,0.00,0.00,0.00,0.00,0.00,0.00,0.00,0.00,0.00,0.00,0.00,0.00
20650,DL:0.1.0:AT.1.0.0,2022-3-4 21:3:59,39.75,0.00,0.00,17.937,-0.032,-6.754,11.182,17.904,0.00,0.00,0.00,0.00,0.00,0.00,0.00,0.00,0.00,0.00,0.00,0.00,0.00,0.00,0.00,0.00,0.00
20650,DL:0.1.0:AT.1.0.0,2022-3-4 21:4:4,39.75,0.00,0.00,17.948,-0.042,-6.765,11.182,17.906,0.00,0.00,0.00,0.00,0.00,0.00,0.00,0.00,0.00,0.00,0.00,0.00,0.00,0.00,0.00,0.00,0.00
20650,DL:0.1.0:AT.1.0.0,2022-3-4 21:4:10,39.75,0.00,0.00,17.909,-0.002,-6.727,11.182,17.907,0.00,0.00,0.00,0.00,0.00,0.00,0.00,0.00,0.00,0.00,0.00,0.00,0.00,0.00,0.00,0.00,0.00
20650,DL:0.1.0:AT.1.0.0,2022-3-4 21:4:16,39.75,0.00,0.00,17.888,0.020,-6.706,11.181,17.908,0.00,0.00,0.00,0.00,0.00,0.00,0.00,0.00,0.00,0.00,0.00,0.00,0.00,0.00,0.00,0.00,0.00
20650,DL:0.1.0:AT.1.0.0,2022-3-4 21:4:21,39.75,0.00,0.00,17.922,-0.013,-6.741,11.181,17.909,0.00,0.00,0.00,0.00,0.00,0.00,0.00,0.00,0.00,0.00,0.00,0.00,0.00,0.00,0.00,0.00,0.00
20650,DL:0.1.0:AT.1.0.0,2022-3-4 21:4:26,39.75,0.00,0.00,17.908,0.001,-6.727,11.181,17.909,0.00,0.00,0.00,0.00,0.00,0.00,0.00,0.00,0.00,0.00,0.00,0.00,0.00,0.00,0.00,0.00,0.00
20650,DL:0.1.0:AT.1.0.0,2022-3-4 21:4:35,39.75,0.00,0.00,17.932,-0.023,-6.752,11.180,17.909,0.00,0.00,0.00,0.00,0.00,0.00,0.00,0.00,0.00,0.00,0.00,0.00,0.00,0.00,0.00,0.00,0.00
20650,DL:0.1.0:AT.1.0.0,2022-3-4 21:4:40,39.75,0.00,0.00,17.936,-0.025,-6.756,11.180,17.910,0.00,0.00,0.00,0.00,0.00,0.00,0.00,0.00,0.00,0.00,0.00,0.00,0.00,0.00,0.00,0.00,0.00
20650,DL:0.1.0:AT.1.0.0,2022-3-4 21:4:47,39.75,0.00,0.00,17.924,-0.012,-6.745,11.179,17.912,0.00,0.00,0.00,0.00,0.00,0.00,0.00,0.00,0.00,0.00,0.00,0.00,0.00,0.00,0.00,0.00,0.00
20650,DL:0.1.0:AT.1.0.0,2022-3-4 21:4:52,39.75,0.00,0.00,17.922,-0.010,-6.742,11.180,17.913,0.00,0.00,0.00,0.00,0.00,0.00,0.00,0.00,0.00,0.00,0.00,0.00,0.00,0.00,0.00,0.00,0.00
20650,DL:0.1.0:AT.1.0.0,2022-3-4 21:4:57,39.75,0.00,0.00,17.933,-0.020,-6.754,11.179,17.913,0.00,0.00,0.00,0.00,0.00,0.00,0.00,0.00,0.00,0.00,0.00,0.00,0.00,0.00,0.00,0.00,0.00
20650,DL:0.1.0:AT.1.0.0,2022-3-4 21:5:7,39.50,0.00,0.00,17.914,-0.001,-6.735,11.179,17.913,0.00,0.00,0.00,0.00,0.00,0.00,0.00,0.00,0.00,0.00,0.00,0.00,0.00,0.00,0.00,0.00,0.00
20650,DL:0.1.0:AT.1.0.0,2022-3-4 21:5:12,39.50,0.00,0.00,17.961,-0.047,-6.784,11.176,17.914,0.00,0.00,0.00,0.00,0.00,0.00,0.00,0.00,0.00,0.00,0.00,0.00,0.00,0.00,0.00,0.00,0.00
20650,DL:0.1.0:AT.1.0.0,2022-3-4 21:5:18,39.50,0.00,0.00,17.936,-0.020,-6.759,11.176,17.915,0.00,0.00,0.00,0.00,0.00,0.00,0.00,0.00,0.00,0.00,0.00,0.00,0.00,0.00,0.00,0.00,0.00
20650,DL:0.1.0:AT.1.0.0,2022-3-4 21:5:25,39.50,0.00,0.00,17.948,-0.034,-6.772,11.175,17.914,0.00,0.00,0.00,0.00,0.00,0.00,0.00,0.00,0.00,0.00,0.00,0.00,0.00,0.00,0.00,0.00,0.00
20650,DL:0.1.0:AT.1.0.0,2022-3-4 21:5:30,39.50,0.00,0.00,17.960,-0.044,-6.783,11.176,17.915,0.00,0.00,0.00,0.00,0.00,0.00,0.00,0.00,0.00,0.00,0.00,0.00,0.00,0.00,0.00,0.00,0.00
20650,DL:0.1.0:AT.1.0.0,2022-3-4 21:5:37,39.50,0.00,0.00,17.942,-0.025,-6.766,11.175,17.916,0.00,0.00,0.00,0.00,0.00,0.00,0.00,0.00,0.00,0.00,0.00,0.00,0.00,0.00,0.00,0.00,0.00
20650,DL:0.1.0:AT.1.0.0,2022-3-4 21:5:42,39.50,0.00,0.00,17.944,-0.028,-6.769,11.175,17.916,0.00,0.00,0.00,0.00,0.00,0.00,0.00,0.00,0.00,0.00,0.00,0.00,0.00,0.00,0.00,0.00,0.00
20650,DL:0.1.0:AT.1.0.0,2022-3-4 21:5:49,39.50,0.00,0.00,17.942,-0.024,-6.769,11.173,17.918,0.00,0.00,0.00,0.00,0.00,0.00,0.00,0.00,0.00,0.00,0.00,0.00,0.00,0.00,0.00,0.00,0.00
20650,DL:0.1.0:AT.1.0.0,2022-3-4 21:5:56,39.50,0.00,0.00,17.946,-0.028,-6.774,11.173,17.919,0.00,0.00,0.00,0.00,0.00,0.00,0.00,0.00,0.00,0.00,0.00,0.00,0.00,0.00,0.00,0.00,0.00
20650,DL:0.1.0:AT.1.0.0,2022-3-4 21:6:1,39.50,0.00,0.00,17.922,-0.004,-6.750,11.173,17.919,0.00,0.00,0.00,0.00,0.00,0.00,0.00,0.00,0.00,0.00,0.00,0.00,0.00,0.00,0.00,0.00,0.00
20650,DL:0.1.0:AT.1.0.0,2022-3-4 21:6:9,39.50,0.00,0.00,17.938,-0.018,-6.766,11.172,17.920,0.00,0.00,0.00,0.00,0.00,0.00,0.00,0.00,0.00,0.00,0.00,0.00,0.00,0.00,0.00,0.00,0.00
20650,DL:0.1.0:AT.1.0.0,2022-3-4 21:6:14,39.50,0.00,0.00,17.918,0.002,-6.747,11.170,17.920,0.00,0.00,0.00,0.00,0.00,0.00,0.00,0.00,0.00,0.00,0.00,0.00,0.00,0.00,0.00,0.00,0.00
20650,DL:0.1.0:AT.1.0.0,2022-3-4 21:6:19,39.50,0.00,0.00,17.937,-0.017,-6.766,11.170,17.920,0.00,0.00,0.00,0.00,0.00,0.00,0.00,0.00,0.00,0.00,0.00,0.00,0.00,0.00,0.00,0.00,0.00
20650,DL:0.1.0:AT.1.0.0,2022-3-4 21:6:26,39.50,0.00,0.00,17.939,-0.019,-6.769,11.170,17.920,0.00,0.00,0.00,0.00,0.00,0.00,0.00,0.00,0.00,0.00,0.00,0.00,0.00,0.00,0.00,0.00,0.00
20650,DL:0.1.0:AT.1.0.0,2022-3-4 21:6:34,39.50,0.00,0.00,17.902,0.019,-6.733,11.169,17.921,0.00,0.00,0.00,0.00,0.00,0.00,0.00,0.00,0.00,0.00,0.00,0.00,0.00,0.00,0.00,0.00,0.00
20650,DL:0.1.0:AT.1.0.0,2022-3-4 21:6:40,39.50,0.00,0.00,17.921,0.001,-6.752,11.169,17.922,0.00,0.00,0.00,0.00,0.00,0.00,0.00,0.00,0.00,0.00,0.00,0.00,0.00,0.00,0.00,0.00,0.00
20650,DL:0.1.0:AT.1.0.0,2022-3-4 21:6:46,39.50,0.00,0.00,17.915,0.007,-6.746,11.169,17.922,0.00,0.00,0.00,0.00,0.00,0.00,0.00,0.00,0.00,0.00,0.00,0.00,0.00,0.00,0.00,0.00,0.00
20650,DL:0.1.0:AT.1.0.0,2022-3-4 21:6:54,39.50,0.00,0.00,17.922,0.001,-6.754,11.168,17.924,0.00,0.00,0.00,0.00,0.00,0.00,0.00,0.00,0.00,0.00,0.00,0.00,0.00,0.00,0.00,0.00,0.00
20650,DL:0.1.0:AT.1.0.0,2022-3-4 21:6:59,39.50,0.00,0.00,17.909,0.014,-6.742,11.167,17.924,0.00,0.00,0.00,0.00,0.00,0.00,0.00,0.00,0.00,0.00,0.00,0.00,0.00,0.00,0.00,0.00,0.00
20650,DL:0.1.0:AT.1.0.0,2022-3-4 21:7:4,39.50,0.00,0.00,17.913,0.011,-6.746,11.167,17.924,0.00,0.00,0.00,0.00,0.00,0.00,0.00,0.00,0.00,0.00,0.00,0.00,0.00,0.00,0.00,0.00,0.00
20650,DL:0.1.0:AT.1.0.0,2022-3-4 21:7:9,39.50,0.00,0.00,17.920,0.004,-6.753,11.167,17.924,0.00,0.00,0.00,0.00,0.00,0.00,0.00,0.00,0.00,0.00,0.00,0.00,0.00,0.00,0.00,0.00,0.00
20650,DL:0.1.0:AT.1.0.0,2022-3-4 21:7:15,39.50,0.00,0.00,17.915,0.008,-6.748,11.167,17.924,0.00,0.00,0.00,0.00,0.00,0.00,0.00,0.00,0.00,0.00,0.00,0.00,0.00,0.00,0.00,0.00,0.00
20650,DL:0.1.0:AT.1.0.0,2022-3-4 21:7:20,39.50,0.00,0.00,17.909,0.016,-6.744,11.166,17.925,0.00,0.00,0.00,0.00,0.00,0.00,0.00,0.00,0.00,0.00,0.00,0.00,0.00,0.00,0.00,0.00,0.00
20650,DL:0.1.0:AT.1.0.0,2022-3-4 21:7:25,39.50,0.00,0.00,17.920,0.006,-6.754,11.166,17.926,0.00,0.00,0.00,0.00,0.00,0.00,0.00,0.00,0.00,0.00,0.00,0.00,0.00,0.00,0.00,0.00,0.00
20650,DL:0.1.0:AT.1.0.0,2022-3-4 21:7:31,39.50,0.00,0.00,17.930,-0.004,-6.765,11.164,17.926,0.00,0.00,0.00,0.00,0.00,0.00,0.00,0.00,0.00,0.00,0.00,0.00,0.00,0.00,0.00,0.00,0.00
20650,DL:0.1.0:AT.1.0.0,2022-3-4 21:7:36,39.50,0.00,0.00,17.915,0.012,-6.750,11.166,17.927,0.00,0.00,0.00,0.00,0.00,0.00,0.00,0.00,0.00,0.00,0.00,0.00,0.00,0.00,0.00,0.00,0.00
20650,DL:0.1.0:AT.1.0.0,2022-3-4 21:7:42,39.50,0.00,0.00,17.932,-0.005,-6.769,11.163,17.927,0.00,0.00,0.00,0.00,0.00,0.00,0.00,0.00,0.00,0.00,0.00,0.00,0.00,0.00,0.00,0.00,0.00
20650,DL:0.1.0:AT.1.0.0,2022-3-4 21:7:48,39.50,0.00,0.00,17.956,-0.028,-6.792,11.164,17.928,0.00,0.00,0.00,0.00,0.00,0.00,0.00,0.00,0.00,0.00,0.00,0.00,0.00,0.00,0.00,0.00,0.00
20650,DL:0.1.0:AT.1.0.0,2022-3-4 21:7:53,39.50,0.00,0.00,17.951,-0.024,-6.788,11.163,17.927,0.00,0.00,0.00,0.00,0.00,0.00,0.00,0.00,0.00,0.00,0.00,0.00,0.00,0.00,0.00,0.00,0.00
20650,DL:0.1.0:AT.1.0.0,2022-3-4 21:7:59,39.50,0.00,0.00,17.931,-0.002,-6.768,11.163,17.928,0.00,0.00,0.00,0.00,0.00,0.00,0.00,0.00,0.00,0.00,0.00,0.00,0.00,0.00,0.00,0.00,0.00
20650,DL:0.1.0:AT.1.0.0,2022-3-4 21:8:4,39.50,0.00,0.00,17.931,-0.001,-6.768,11.163,17.930,0.00,0.00,0.00,0.00,0.00,0.00,0.00,0.00,0.00,0.00,0.00,0.00,0.00,0.00,0.00,0.00,0.00
20650,DL:0.1.0:AT.1.0.0,2022-3-4 21:8:9,39.50,0.00,0.00,17.932,-0.002,-6.770,11.162,17.930,0.00,0.00,0.00,0.00,0.00,0.00,0.00,0.00,0.00,0.00,0.00,0.00,0.00,0.00,0.00,0.00,0.00
20650,DL:0.1.0:AT.1.0.0,2022-3-4 21:8:14,39.50,0.00,0.00,17.910,0.019,-6.748,11.162,17.930,0.00,0.00,0.00,0.00,0.00,0.00,0.00,0.00,0.00,0.00,0.00,0.00,0.00,0.00,0.00,0.00,0.00
20650,DL:0.1.0:AT.1.0.0,2022-3-4 21:8:19,39.50,0.00,0.00,17.931,-0.001,-6.770,11.161,17.930,0.00,0.00,0.00,0.00,0.00,0.00,0.00,0.00,0.00,0.00,0.00,0.00,0.00,0.00,0.00,0.00,0.00
20650,DL:0.1.0:AT.1.0.0,2022-3-4 21:8:27,39.50,0.00,0.00,17.931,-0.001,-6.771,11.160,17.930,0.00,0.00,0.00,0.00,0.00,0.00,0.00,0.00,0.00,0.00,0.00,0.00,0.00,0.00,0.00,0.00,0.00
20650,DL:0.1.0:AT.1.0.0,2022-3-4 21:8:33,39.50,0.00,0.00,17.928,0.004,-6.769,11.160,17.932,0.00,0.00,0.00,0.00,0.00,0.00,0.00,0.00,0.00,0.00,0.00,0.00,0.00,0.00,0.00,0.00,0.00
20650,DL:0.1.0:AT.1.0.0,2022-3-4 21:8:38,39.50,0.00,0.00,17.954,-0.022,-6.794,11.160,17.932,0.00,0.00,0.00,0.00,0.00,0.00,0.00,0.00,0.00,0.00,0.00,0.00,0.00,0.00,0.00,0.00,0.00
20650,DL:0.1.0:AT.1.0.0,2022-3-4 21:8:43,39.50,0.00,0.00,17.927,0.004,-6.768,11.160,17.931,0.00,0.00,0.00,0.00,0.00,0.00,0.00,0.00,0.00,0.00,0.00,0.00,0.00,0.00,0.00,0.00,0.00
20650,DL:0.1.0:AT.1.0.0,2022-3-4 21:8:48,39.50,0.00,0.00,17.932,-0.001,-6.774,11.158,17.931,0.00,0.00,0.00,0.00,0.00,0.00,0.00,0.00,0.00,0.00,0.00,0.00,0.00,0.00,0.00,0.00,0.00
20650,DL:0.1.0:AT.1.0.0,2022-3-4 21:8:54,39.50,0.00,0.00,17.927,0.005,-6.769,11.158,17.932,0.00,0.00,0.00,0.00,0.00,0.00,0.00,0.00,0.00,0.00,0.00,0.00,0.00,0.00,0.00,0.00,0.00
20650,DL:0.1.0:AT.1.0.0,2022-3-4 21:9:1,39.50,0.00,0.00,17.963,-0.031,-6.807,11.156,17.932,0.00,0.00,0.00,0.00,0.00,0.00,0.00,0.00,0.00,0.00,0.00,0.00,0.00,0.00,0.00,0.00,0.00
20650,DL:0.1.0:AT.1.0.0,2022-3-4 21:9:8,39.50,0.00,0.00,17.940,-0.008,-6.784,11.156,17.932,0.00,0.00,0.00,0.00,0.00,0.00,0.00,0.00,0.00,0.00,0.00,0.00,0.00,0.00,0.00,0.00,0.00
20650,DL:0.1.0:AT.1.0.0,2022-3-4 21:9:14,39.50,0.00,0.00,17.908,0.025,-6.752,11.156,17.933,0.00,0.00,0.00,0.00,0.00,0.00,0.00,0.00,0.00,0.00,0.00,0.00,0.00,0.00,0.00,0.00,0.00
20650,DL:0.1.0:AT.1.0.0,2022-3-4 21:9:21,39.50,0.00,0.00,17.932,0.000,-6.777,11.155,17.932,0.00,0.00,0.00,0.00,0.00,0.00,0.00,0.00,0.00,0.00,0.00,0.00,0.00,0.00,0.00,0.00,0.00
20650,DL:0.1.0:AT.1.0.0,2022-3-4 21:9:26,39.50,0.00,0.00,17.924,0.008,-6.770,11.154,17.932,0.00,0.00,0.00,0.00,0.00,0.00,0.00,0.00,0.00,0.00,0.00,0.00,0.00,0.00,0.00,0.00,0.00
20650,DL:0.1.0:AT.1.0.0,2022-3-4 21:9:31,39.50,0.00,0.00,17.924,0.008,-6.769,11.155,17.932,0.00,0.00,0.00,0.00,0.00,0.00,0.00,0.00,0.00,0.00,0.00,0.00,0.00,0.00,0.00,0.00,0.00
20650,DL:0.1.0:AT.1.0.0,2022-3-4 21:9:36,39.50,0.00,0.00,17.937,-0.004,-6.783,11.154,17.933,0.00,0.00,0.00,0.00,0.00,0.00,0.00,0.00,0.00,0.00,0.00,0.00,0.00,0.00,0.00,0.00,0.00
20650,DL:0.1.0:AT.1.0.0,2022-3-4 21:9:42,39.50,0.00,0.00,17.968,-0.035,-6.816,11.152,17.933,0.00,0.00,0.00,0.00,0.00,0.00,0.00,0.00,0.00,0.00,0.00,0.00,0.00,0.00,0.00,0.00,0.00
20650,DL:0.1.0:AT.1.0.0,2022-3-4 21:9:49,39.50,0.00,0.00,17.921,0.012,-6.769,11.152,17.933,0.00,0.00,0.00,0.00,0.00,0.00,0.00,0.00,0.00,0.00,0.00,0.00,0.00,0.00,0.00,0.00,0.00
20650,DL:0.1.0:AT.1.0.0,2022-3-4 21:9:55,39.50,0.00,0.00,17.954,-0.020,-6.802,11.151,17.933,0.00,0.00,0.00,0.00,0.00,0.00,0.00,0.00,0.00,0.00,0.00,0.00,0.00,0.00,0.00,0.00,0.00
20650,DL:0.1.0:AT.1.0.0,2022-3-4 21:10:2,39.50,0.00,0.00,17.964,-0.029,-6.811,11.154,17.936,0.00,0.00,0.00,0.00,0.00,0.00,0.00,0.00,0.00,0.00,0.00,0.00,0.00,0.00,0.00,0.00,0.00
20650,DL:0.1.0:AT.1.0.0,2022-3-4 21:10:10,39.50,0.00,0.00,17.951,-0.016,-6.798,11.154,17.936,0.00,0.00,0.00,0.00,0.00,0.00,0.00,0.00,0.00,0.00,0.00,0.00,0.00,0.00,0.00,0.00,0.00
20650,DL:0.1.0:AT.1.0.0,2022-3-4 21:10:15,39.50,0.00,0.00,17.952,-0.017,-6.799,11.154,17.936,0.00,0.00,0.00,0.00,0.00,0.00,0.00,0.00,0.00,0.00,0.00,0.00,0.00,0.00,0.00,0.00,0.00
20650,DL:0.1.0:AT.1.0.0,2022-3-4 21:10:20,39.50,0.00,0.00,17.928,0.007,-6.775,11.154,17.936,0.00,0.00,0.00,0.00,0.00,0.00,0.00,0.00,0.00,0.00,0.00,0.00,0.00,0.00,0.00,0.00,0.00
20650,DL:0.1.0:AT.1.0.0,2022-3-4 21:10:26,39.50,0.00,0.00,17.973,-0.037,-6.819,11.154,17.936,0.00,0.00,0.00,0.00,0.00,0.00,0.00,0.00,0.00,0.00,0.00,0.00,0.00,0.00,0.00,0.00,0.00
20650,DL:0.1.0:AT.1.0.0,2022-3-4 21:10:31,39.50,0.00,0.00,17.979,-0.043,-6.826,11.152,17.936,0.00,0.00,0.00,0.00,0.00,0.00,0.00,0.00,0.00,0.00,0.00,0.00,0.00,0.00,0.00,0.00,0.00
20650,DL:0.1.0:AT.1.0.0,2022-3-4 21:10:36,39.50,0.00,0.00,17.942,-0.006,-6.789,11.152,17.936,0.00,0.00,0.00,0.00,0.00,0.00,0.00,0.00,0.00,0.00,0.00,0.00,0.00,0.00,0.00,0.00,0.00
20650,DL:0.1.0:AT.1.0.0,2022-3-4 21:10:43,39.50,0.00,0.00,17.955,-0.019,-6.804,11.151,17.936,0.00,0.00,0.00,0.00,0.00,0.00,0.00,0.00,0.00,0.00,0.00,0.00,0.00,0.00,0.00,0.00,0.00
20650,DL:0.1.0:AT.1.0.0,2022-3-4 21:10:50,39.50,0.00,0.00,17.961,-0.025,-6.811,11.150,17.936,0.00,0.00,0.00,0.00,0.00,0.00,0.00,0.00,0.00,0.00,0.00,0.00,0.00,0.00,0.00,0.00,0.00
20650,DL:0.1.0:AT.1.0.0,2022-3-4 21:10:57,39.50,0.00,0.00,17.957,-0.022,-6.807,11.150,17.936,0.00,0.00,0.00,0.00,0.00,0.00,0.00,0.00,0.00,0.00,0.00,0.00,0.00,0.00,0.00,0.00,0.00
20650,DL:0.1.0:AT.1.0.0,2022-3-4 21:11:2,39.50,0.00,0.00,17.972,-0.035,-6.822,11.150,17.937,0.00,0.00,0.00,0.00,0.00,0.00,0.00,0.00,0.00,0.00,0.00,0.00,0.00,0.00,0.00,0.00,0.00
20650,DL:0.1.0:AT.1.0.0,2022-3-4 21:11:7,39.50,0.00,0.00,17.954,-0.017,-6.805,11.149,17.937,0.00,0.00,0.00,0.00,0.00,0.00,0.00,0.00,0.00,0.00,0.00,0.00,0.00,0.00,0.00,0.00,0.00
20650,DL:0.1.0:AT.1.0.0,2022-3-4 21:11:12,39.50,0.00,0.00,17.961,-0.024,-6.812,11.149,17.937,0.00,0.00,0.00,0.00,0.00,0.00,0.00,0.00,0.00,0.00,0.00,0.00,0.00,0.00,0.00,0.00,0.00
20650,DL:0.1.0:AT.1.0.0,2022-3-4 21:11:18,39.50,0.00,0.00,17.939,-0.002,-6.792,11.148,17.937,0.00,0.00,0.00,0.00,0.00,0.00,0.00,0.00,0.00,0.00,0.00,0.00,0.00,0.00,0.00,0.00,0.00
20650,DL:0.1.0:AT.1.0.0,2022-3-4 21:11:28,39.50,0.00,0.00,17.963,-0.026,-6.816,11.148,17.937,0.00,0.00,0.00,0.00,0.00,0.00,0.00,0.00,0.00,0.00,0.00,0.00,0.00,0.00,0.00,0.00,0.00
20650,DL:0.1.0:AT.1.0.0,2022-3-4 21:11:33,39.50,0.00,0.00,17.944,-0.006,-6.798,11.146,17.938,0.00,0.00,0.00,0.00,0.00,0.00,0.00,0.00,0.00,0.00,0.00,0.00,0.00,0.00,0.00,0.00,0.00
20650,DL:0.1.0:AT.1.0.0,2022-3-4 21:11:45,39.50,0.00,0.00,17.928,0.011,-6.783,11.145,17.939,0.00,0.00,0.00,0.00,0.00,0.00,0.00,0.00,0.00,0.00,0.00,0.00,0.00,0.00,0.00,0.00,0.00
20650,DL:0.1.0:AT.1.0.0,2022-3-4 21:11:52,39.50,0.00,0.00,17.960,-0.020,-6.814,11.145,17.939,0.00,0.00,0.00,0.00,0.00,0.00,0.00,0.00,0.00,0.00,0.00,0.00,0.00,0.00,0.00,0.00,0.00
20650,DL:0.1.0:AT.1.0.0,2022-3-4 21:11:59,39.50,0.00,0.00,17.936,0.004,-6.792,11.144,17.939,0.00,0.00,0.00,0.00,0.00,0.00,0.00,0.00,0.00,0.00,0.00,0.00,0.00,0.00,0.00,0.00,0.00
20650,DL:0.1.0:AT.1.0.0,2022-3-4 21:12:5,39.50,0.00,0.00,17.998,-0.059,-6.855,11.143,17.939,0.00,0.00,0.00,0.00,0.00,0.00,0.00,0.00,0.00,0.00,0.00,0.00,0.00,0.00,0.00,0.00,0.00
20650,DL:0.1.0:AT.1.0.0,2022-3-4 21:12:11,39.50,0.00,0.00,17.945,-0.006,-6.802,11.143,17.939,0.00,0.00,0.00,0.00,0.00,0.00,0.00,0.00,0.00,0.00,0.00,0.00,0.00,0.00,0.00,0.00,0.00
20650,DL:0.1.0:AT.1.0.0,2022-3-4 21:12:16,39.50,0.00,0.00,17.956,-0.016,-6.814,11.142,17.940,0.00,0.00,0.00,0.00,0.00,0.00,0.00,0.00,0.00,0.00,0.00,0.00,0.00,0.00,0.00,0.00,0.00
20650,DL:0.1.0:AT.1.0.0,2022-3-4 21:12:22,39.50,0.00,0.00,17.958,-0.018,-6.817,11.142,17.940,0.00,0.00,0.00,0.00,0.00,0.00,0.00,0.00,0.00,0.00,0.00,0.00,0.00,0.00,0.00,0.00,0.00
20650,DL:0.1.0:AT.1.0.0,2022-3-4 21:12:28,39.50,0.00,0.00,17.968,-0.026,-6.826,11.142,17.942,0.00,0.00,0.00,0.00,0.00,0.00,0.00,0.00,0.00,0.00,0.00,0.00,0.00,0.00,0.00,0.00,0.00
20650,DL:0.1.0:AT.1.0.0,2022-3-4 21:12:33,39.50,0.00,0.00,17.945,-0.005,-6.804,11.142,17.940,0.00,0.00,0.00,0.00,0.00,0.00,0.00,0.00,0.00,0.00,0.00,0.00,0.00,0.00,0.00,0.00,0.00
20650,DL:0.1.0:AT.1.0.0,2022-3-4 21:12:39,39.50,0.00,0.00,17.952,-0.011,-6.812,11.140,17.942,0.00,0.00,0.00,0.00,0.00,0.00,0.00,0.00,0.00,0.00,0.00,0.00,0.00,0.00,0.00,0.00,0.00
20650,DL:0.1.0:AT.1.0.0,2022-3-4 21:12:44,39.50,0.00,0.00,17.951,-0.010,-6.811,11.140,17.942,0.00,0.00,0.00,0.00,0.00,0.00,0.00,0.00,0.00,0.00,0.00,0.00,0.00,0.00,0.00,0.00,0.00
20650,DL:0.1.0:AT.1.0.0,2022-3-4 21:12:50,39.50,0.00,0.00,17.963,-0.022,-6.824,11.139,17.942,0.00,0.00,0.00,0.00,0.00,0.00,0.00,0.00,0.00,0.00,0.00,0.00,0.00,0.00,0.00,0.00,0.00
20650,DL:0.1.0:AT.1.0.0,2022-3-4 21:12:57,39.50,0.00,0.00,17.958,-0.017,-6.819,11.139,17.942,0.00,0.00,0.00,0.00,0.00,0.00,0.00,0.00,0.00,0.00,0.00,0.00,0.00,0.00,0.00,0.00,0.00
20650,DL:0.1.0:AT.1.0.0,2022-3-4 21:13:3,39.50,0.00,0.00,17.972,-0.029,-6.832,11.139,17.943,0.00,0.00,0.00,0.00,0.00,0.00,0.00,0.00,0.00,0.00,0.00,0.00,0.00,0.00,0.00,0.00,0.00
20650,DL:0.1.0:AT.1.0.0,2022-3-4 21:13:11,39.50,0.00,0.00,17.938,0.005,-6.800,11.138,17.943,0.00,0.00,0.00,0.00,0.00,0.00,0.00,0.00,0.00,0.00,0.00,0.00,0.00,0.00,0.00,0.00,0.00
20650,DL:0.1.0:AT.1.0.0,2022-3-4 21:13:16,39.50,0.00,0.00,17.960,-0.016,-6.823,11.137,17.944,0.00,0.00,0.00,0.00,0.00,0.00,0.00,0.00,0.00,0.00,0.00,0.00,0.00,0.00,0.00,0.00,0.00
20650,DL:0.1.0:AT.1.0.0,2022-3-4 21:13:21,39.50,0.00,0.00,17.958,-0.014,-6.823,11.136,17.944,0.00,0.00,0.00,0.00,0.00,0.00,0.00,0.00,0.00,0.00,0.00,0.00,0.00,0.00,0.00,0.00,0.00
20650,DL:0.1.0:AT.1.0.0,2022-3-4 21:13:27,39.50,0.00,0.00,17.933,0.011,-6.798,11.136,17.944,0.00,0.00,0.00,0.00,0.00,0.00,0.00,0.00,0.00,0.00,0.00,0.00,0.00,0.00,0.00,0.00,0.00
20650,DL:0.1.0:AT.1.0.0,2022-3-4 21:13:32,39.50,0.00,0.00,17.942,0.004,-6.806,11.136,17.945,0.00,0.00,0.00,0.00,0.00,0.00,0.00,0.00,0.00,0.00,0.00,0.00,0.00,0.00,0.00,0.00,0.00
20650,DL:0.1.0:AT.1.0.0,2022-3-4 21:13:37,39.50,0.00,0.00,17.950,-0.005,-6.814,11.136,17.945,0.00,0.00,0.00,0.00,0.00,0.00,0.00,0.00,0.00,0.00,0.00,0.00,0.00,0.00,0.00,0.00,0.00
20650,DL:0.1.0:AT.1.0.0,2022-3-4 21:13:43,39.50,0.00,0.00,17.954,-0.007,-6.819,11.134,17.946,0.00,0.00,0.00,0.00,0.00,0.00,0.00,0.00,0.00,0.00,0.00,0.00,0.00,0.00,0.00,0.00,0.00
20650,DL:0.1.0:AT.1.0.0,2022-3-4 21:13:48,39.50,0.00,0.00,17.974,-0.028,-6.841,11.133,17.946,0.00,0.00,0.00,0.00,0.00,0.00,0.00,0.00,0.00,0.00,0.00,0.00,0.00,0.00,0.00,0.00,0.00
20650,DL:0.1.0:AT.1.0.0,2022-3-4 21:13:55,39.50,0.00,0.00,17.944,0.002,-6.810,11.134,17.946,0.00,0.00,0.00,0.00,0.00,0.00,0.00,0.00,0.00,0.00,0.00,0.00,0.00,0.00,0.00,0.00,0.00
20650,DL:0.1.0:AT.1.0.0,2022-3-4 21:14:0,39.50,0.00,0.00,17.952,-0.005,-6.819,11.133,17.948,0.00,0.00,0.00,0.00,0.00,0.00,0.00,0.00,0.00,0.00,0.00,0.00,0.00,0.00,0.00,0.00,0.00
20650,DL:0.1.0:AT.1.0.0,2022-3-4 21:14:5,39.50,0.00,0.00,17.970,-0.023,-6.839,11.132,17.948,0.00,0.00,0.00,0.00,0.00,0.00,0.00,0.00,0.00,0.00,0.00,0.00,0.00,0.00,0.00,0.00,0.00
20650,DL:0.1.0:AT.1.0.0,2022-3-4 21:14:13,39.50,0.00,0.00,17.974,-0.026,-6.842,11.132,17.948,0.00,0.00,0.00,0.00,0.00,0.00,0.00,0.00,0.00,0.00,0.00,0.00,0.00,0.00,0.00,0.00,0.00
20650,DL:0.1.0:AT.1.0.0,2022-3-4 21:14:18,39.50,0.00,0.00,17.960,-0.012,-6.829,11.131,17.948,0.00,0.00,0.00,0.00,0.00,0.00,0.00,0.00,0.00,0.00,0.00,0.00,0.00,0.00,0.00,0.00,0.00
20650,DL:0.1.0:AT.1.0.0,2022-3-4 21:14:26,39.50,0.00,0.00,17.973,-0.024,-6.842,11.131,17.949,0.00,0.00,0.00,0.00,0.00,0.00,0.00,0.00,0.00,0.00,0.00,0.00,0.00,0.00,0.00,0.00,0.00
20650,DL:0.1.0:AT.1.0.0,2022-3-4 21:14:33,39.50,0.00,0.00,17.942,0.008,-6.812,11.130,17.950,0.00,0.00,0.00,0.00,0.00,0.00,0.00,0.00,0.00,0.00,0.00,0.00,0.00,0.00,0.00,0.00,0.00
20650,DL:0.1.0:AT.1.0.0,2022-3-4 21:14:38,39.50,0.00,0.00,17.945,0.004,-6.816,11.130,17.949,0.00,0.00,0.00,0.00,0.00,0.00,0.00,0.00,0.00,0.00,0.00,0.00,0.00,0.00,0.00,0.00,0.00
20650,DL:0.1.0:AT.1.0.0,2022-3-4 21:14:44,39.50,0.00,0.00,17.928,0.020,-6.799,11.130,17.949,0.00,0.00,0.00,0.00,0.00,0.00,0.00,0.00,0.00,0.00,0.00,0.00,0.00,0.00,0.00,0.00,0.00
20650,DL:0.1.0:AT.1.0.0,2022-3-4 21:14:50,39.50,0.00,0.00,17.940,0.011,-6.812,11.128,17.951,0.00,0.00,0.00,0.00,0.00,0.00,0.00,0.00,0.00,0.00,0.00,0.00,0.00,0.00,0.00,0.00,0.00
20650,DL:0.1.0:AT.1.0.0,2022-3-4 21:14:55,39.50,0.00,0.00,17.939,0.011,-6.811,11.128,17.950,0.00,0.00,0.00,0.00,0.00,0.00,0.00,0.00,0.00,0.00,0.00,0.00,0.00,0.00,0.00,0.00,0.00
20650,DL:0.1.0:AT.1.0.0,2022-3-4 21:15:0,39.50,0.00,0.00,17.950,0.001,-6.823,11.127,17.951,0.00,0.00,0.00,0.00,0.00,0.00,0.00,0.00,0.00,0.00,0.00,0.00,0.00,0.00,0.00,0.00,0.00
20650,DL:0.1.0:AT.1.0.0,2022-3-4 21:15:7,39.50,0.00,0.00,17.924,0.028,-6.795,11.128,17.951,0.00,0.00,0.00,0.00,0.00,0.00,0.00,0.00,0.00,0.00,0.00,0.00,0.00,0.00,0.00,0.00,0.00
20650,DL:0.1.0:AT.1.0.0,2022-3-4 21:15:12,39.50,0.00,0.00,17.967,-0.014,-6.839,11.128,17.952,0.00,0.00,0.00,0.00,0.00,0.00,0.00,0.00,0.00,0.00,0.00,0.00,0.00,0.00,0.00,0.00,0.00
20650,DL:0.1.0:AT.1.0.0,2022-3-4 21:15:17,39.50,0.00,0.00,17.945,0.007,-6.817,11.128,17.952,0.00,0.00,0.00,0.00,0.00,0.00,0.00,0.00,0.00,0.00,0.00,0.00,0.00,0.00,0.00,0.00,0.00
20650,DL:0.1.0:AT.1.0.0,2022-3-4 21:15:22,39.50,0.00,0.00,17.940,0.013,-6.812,11.128,17.954,0.00,0.00,0.00,0.00,0.00,0.00,0.00,0.00,0.00,0.00,0.00,0.00,0.00,0.00,0.00,0.00,0.00
20650,DL:0.1.0:AT.1.0.0,2022-3-4 21:15:28,39.50,0.00,0.00,17.942,0.012,-6.814,11.127,17.954,0.00,0.00,0.00,0.00,0.00,0.00,0.00,0.00,0.00,0.00,0.00,0.00,0.00,0.00,0.00,0.00,0.00
20650,DL:0.1.0:AT.1.0.0,2022-3-4 21:15:33,39.50,0.00,0.00,17.950,0.004,-6.823,11.127,17.954,0.00,0.00,0.00,0.00,0.00,0.00,0.00,0.00,0.00,0.00,0.00,0.00,0.00,0.00,0.00,0.00,0.00
20650,DL:0.1.0:AT.1.0.0,2022-3-4 21:15:38,39.50,0.00,0.00,17.949,0.005,-6.822,11.127,17.954,0.00,0.00,0.00,0.00,0.00,0.00,0.00,0.00,0.00,0.00,0.00,0.00,0.00,0.00,0.00,0.00,0.00
20650,DL:0.1.0:AT.1.0.0,2022-3-4 21:15:49,39.25,0.00,0.00,17.943,0.012,-6.817,11.126,17.955,0.00,0.00,0.00,0.00,0.00,0.00,0.00,0.00,0.00,0.00,0.00,0.00,0.00,0.00,0.00,0.00,0.00
20650,DL:0.1.0:AT.1.0.0,2022-3-4 21:15:55,39.25,0.00,0.00,17.957,-0.002,-6.831,11.126,17.955,0.00,0.00,0.00,0.00,0.00,0.00,0.00,0.00,0.00,0.00,0.00,0.00,0.00,0.00,0.00,0.00,0.00
20650,DL:0.1.0:AT.1.0.0,2022-3-4 21:16:1,39.25,0.00,0.00,17.926,0.030,-6.801,11.125,17.956,0.00,0.00,0.00,0.00,0.00,0.00,0.00,0.00,0.00,0.00,0.00,0.00,0.00,0.00,0.00,0.00,0.00
20650,DL:0.1.0:AT.1.0.0,2022-3-4 21:16:9,39.25,0.00,0.00,17.931,0.026,-6.807,11.124,17.957,0.00,0.00,0.00,0.00,0.00,0.00,0.00,0.00,0.00,0.00,0.00,0.00,0.00,0.00,0.00,0.00,0.00
20650,DL:0.1.0:AT.1.0.0,2022-3-4 21:16:17,39.25,0.00,0.00,17.944,0.013,-6.820,11.124,17.957,0.00,0.00,0.00,0.00,0.00,0.00,0.00,0.00,0.00,0.00,0.00,0.00,0.00,0.00,0.00,0.00,0.00
20650,DL:0.1.0:AT.1.0.0,2022-3-4 21:16:22,39.25,0.00,0.00,17.931,0.026,-6.807,11.124,17.957,0.00,0.00,0.00,0.00,0.00,0.00,0.00,0.00,0.00,0.00,0.00,0.00,0.00,0.00,0.00,0.00,0.00
20650,DL:0.1.0:AT.1.0.0,2022-3-4 21:16:29,39.25,0.00,0.00,17.924,0.035,-6.801,11.122,17.958,0.00,0.00,0.00,0.00,0.00,0.00,0.00,0.00,0.00,0.00,0.00,0.00,0.00,0.00,0.00,0.00,0.00
20650,DL:0.1.0:AT.1.0.0,2022-3-4 21:16:36,39.25,0.00,0.00,17.950,0.008,-6.829,11.121,17.958,0.00,0.00,0.00,0.00,0.00,0.00,0.00,0.00,0.00,0.00,0.00,0.00,0.00,0.00,0.00,0.00,0.00
20650,DL:0.1.0:AT.1.0.0,2022-3-4 21:16:43,39.25,0.00,0.00,17.966,-0.006,-6.845,11.121,17.960,0.00,0.00,0.00,0.00,0.00,0.00,0.00,0.00,0.00,0.00,0.00,0.00,0.00,0.00,0.00,0.00,0.00
20650,DL:0.1.0:AT.1.0.0,2022-3-4 21:16:48,39.25,0.00,0.00,17.950,0.010,-6.830,11.120,17.960,0.00,0.00,0.00,0.00,0.00,0.00,0.00,0.00,0.00,0.00,0.00,0.00,0.00,0.00,0.00,0.00,0.00
20650,DL:0.1.0:AT.1.0.0,2022-3-4 21:16:53,39.25,0.00,0.00,17.969,-0.010,-6.849,11.120,17.960,0.00,0.00,0.00,0.00,0.00,0.00,0.00,0.00,0.00,0.00,0.00,0.00,0.00,0.00,0.00,0.00,0.00
20650,DL:0.1.0:AT.1.0.0,2022-3-4 21:17:0,39.25,0.00,0.00,17.942,0.018,-6.823,11.119,17.960,0.00,0.00,0.00,0.00,0.00,0.00,0.00,0.00,0.00,0.00,0.00,0.00,0.00,0.00,0.00,0.00,0.00
20650,DL:0.1.0:AT.1.0.0,2022-3-4 21:17:5,39.25,0.00,0.00,17.945,0.014,-6.826,11.119,17.960,0.00,0.00,0.00,0.00,0.00,0.00,0.00,0.00,0.00,0.00,0.00,0.00,0.00,0.00,0.00,0.00,0.00
20650,DL:0.1.0:AT.1.0.0,2022-3-4 21:17:10,39.25,0.00,0.00,17.939,0.022,-6.820,11.119,17.961,0.00,0.00,0.00,0.00,0.00,0.00,0.00,0.00,0.00,0.00,0.00,0.00,0.00,0.00,0.00,0.00,0.00
20650,DL:0.1.0:AT.1.0.0,2022-3-4 21:17:17,39.25,0.00,0.00,17.974,-0.013,-6.857,11.118,17.961,0.00,0.00,0.00,0.00,0.00,0.00,0.00,0.00,0.00,0.00,0.00,0.00,0.00,0.00,0.00,0.00,0.00
20650,DL:0.1.0:AT.1.0.0,2022-3-4 21:17:24,39.25,0.00,0.00,17.967,-0.006,-6.849,11.118,17.961,0.00,0.00,0.00,0.00,0.00,0.00,0.00,0.00,0.00,0.00,0.00,0.00,0.00,0.00,0.00,0.00,0.00
20650,DL:0.1.0:AT.1.0.0,2022-3-4 21:17:31,39.25,0.00,0.00,17.950,0.012,-6.834,11.116,17.962,0.00,0.00,0.00,0.00,0.00,0.00,0.00,0.00,0.00,0.00,0.00,0.00,0.00,0.00,0.00,0.00,0.00
20650,DL:0.1.0:AT.1.0.0,2022-3-4 21:17:38,39.25,0.00,0.00,17.928,0.034,-6.813,11.115,17.962,0.00,0.00,0.00,0.00,0.00,0.00,0.00,0.00,0.00,0.00,0.00,0.00,0.00,0.00,0.00,0.00,0.00
20650,DL:0.1.0:AT.1.0.0,2022-3-4 21:17:44,39.25,0.00,0.00,17.960,0.004,-6.845,11.115,17.963,0.00,0.00,0.00,0.00,0.00,0.00,0.00,0.00,0.00,0.00,0.00,0.00,0.00,0.00,0.00,0.00,0.00
20650,DL:0.1.0:AT.1.0.0,2022-3-4 21:17:51,39.25,0.00,0.00,17.933,0.030,-6.819,11.114,17.963,0.00,0.00,0.00,0.00,0.00,0.00,0.00,0.00,0.00,0.00,0.00,0.00,0.00,0.00,0.00,0.00,0.00
20650,DL:0.1.0:AT.1.0.0,2022-3-4 21:17:58,39.25,0.00,0.00,17.969,-0.005,-6.857,11.113,17.964,0.00,0.00,0.00,0.00,0.00,0.00,0.00,0.00,0.00,0.00,0.00,0.00,0.00,0.00,0.00,0.00,0.00
20650,DL:0.1.0:AT.1.0.0,2022-3-4 21:18:4,39.25,0.00,0.00,17.939,0.025,-6.825,11.114,17.964,0.00,0.00,0.00,0.00,0.00,0.00,0.00,0.00,0.00,0.00,0.00,0.00,0.00,0.00,0.00,0.00,0.00
20650,DL:0.1.0:AT.1.0.0,2022-3-4 21:18:9,39.25,0.00,0.00,17.933,0.032,-6.820,11.113,17.966,0.00,0.00,0.00,0.00,0.00,0.00,0.00,0.00,0.00,0.00,0.00,0.00,0.00,0.00,0.00,0.00,0.00
20650,DL:0.1.0:AT.1.0.0,2022-3-4 21:18:15,39.25,0.00,0.00,17.946,0.019,-6.835,11.112,17.966,0.00,0.00,0.00,0.00,0.00,0.00,0.00,0.00,0.00,0.00,0.00,0.00,0.00,0.00,0.00,0.00,0.00
20650,DL:0.1.0:AT.1.0.0,2022-3-4 21:18:23,39.25,0.00,0.00,17.957,0.010,-6.846,11.112,17.967,0.00,0.00,0.00,0.00,0.00,0.00,0.00,0.00,0.00,0.00,0.00,0.00,0.00,0.00,0.00,0.00,0.00
20650,DL:0.1.0:AT.1.0.0,2022-3-4 21:18:28,39.25,0.00,0.00,17.924,0.043,-6.813,11.110,17.967,0.00,0.00,0.00,0.00,0.00,0.00,0.00,0.00,0.00,0.00,0.00,0.00,0.00,0.00,0.00,0.00,0.00
20650,DL:0.1.0:AT.1.0.0,2022-3-4 21:18:35,39.25,0.00,0.00,17.927,0.040,-6.817,11.110,17.967,0.00,0.00,0.00,0.00,0.00,0.00,0.00,0.00,0.00,0.00,0.00,0.00,0.00,0.00,0.00,0.00,0.00
20650,DL:0.1.0:AT.1.0.0,2022-3-4 21:18:40,39.25,0.00,0.00,17.946,0.022,-6.836,11.110,17.968,0.00,0.00,0.00,0.00,0.00,0.00,0.00,0.00,0.00,0.00,0.00,0.00,0.00,0.00,0.00,0.00,0.00
20650,DL:0.1.0:AT.1.0.0,2022-3-4 21:18:46,39.25,0.00,0.00,17.912,0.058,-6.802,11.109,17.969,0.00,0.00,0.00,0.00,0.00,0.00,0.00,0.00,0.00,0.00,0.00,0.00,0.00,0.00,0.00,0.00,0.00
20650,DL:0.1.0:AT.1.0.0,2022-3-4 21:18:51,39.25,0.00,0.00,17.962,0.006,-6.853,11.109,17.968,0.00,0.00,0.00,0.00,0.00,0.00,0.00,0.00,0.00,0.00,0.00,0.00,0.00,0.00,0.00,0.00,0.00
20650,DL:0.1.0:AT.1.0.0,2022-3-4 21:18:56,39.25,0.00,0.00,17.945,0.024,-6.836,11.109,17.969,0.00,0.00,0.00,0.00,0.00,0.00,0.00,0.00,0.00,0.00,0.00,0.00,0.00,0.00,0.00,0.00,0.00
20650,DL:0.1.0:AT.1.0.0,2022-3-4 21:19:3,39.25,0.00,0.00,17.940,0.029,-6.832,11.108,17.969,0.00,0.00,0.00,0.00,0.00,0.00,0.00,0.00,0.00,0.00,0.00,0.00,0.00,0.00,0.00,0.00,0.00
20650,DL:0.1.0:AT.1.0.0,2022-3-4 21:19:8,39.25,0.00,0.00,17.956,0.013,-6.849,11.107,17.969,0.00,0.00,0.00,0.00,0.00,0.00,0.00,0.00,0.00,0.00,0.00,0.00,0.00,0.00,0.00,0.00,0.00
20650,DL:0.1.0:AT.1.0.0,2022-3-4 21:19:13,39.25,0.00,0.00,17.912,0.059,-6.805,11.107,17.970,0.00,0.00,0.00,0.00,0.00,0.00,0.00,0.00,0.00,0.00,0.00,0.00,0.00,0.00,0.00,0.00,0.00
20650,DL:0.1.0:AT.1.0.0,2022-3-4 21:19:18,39.25,0.00,0.00,17.932,0.040,-6.825,11.107,17.972,0.00,0.00,0.00,0.00,0.00,0.00,0.00,0.00,0.00,0.00,0.00,0.00,0.00,0.00,0.00,0.00,0.00
20650,DL:0.1.0:AT.1.0.0,2022-3-4 21:19:23,39.25,0.00,0.00,17.924,0.048,-6.817,11.107,17.972,0.00,0.00,0.00,0.00,0.00,0.00,0.00,0.00,0.00,0.00,0.00,0.00,0.00,0.00,0.00,0.00,0.00
20650,DL:0.1.0:AT.1.0.0,2022-3-4 21:19:28,39.25,0.00,0.00,17.951,0.020,-6.847,11.104,17.972,0.00,0.00,0.00,0.00,0.00,0.00,0.00,0.00,0.00,0.00,0.00,0.00,0.00,0.00,0.00,0.00,0.00
20650,DL:0.1.0:AT.1.0.0,2022-3-4 21:19:33,39.25,0.00,0.00,17.942,0.030,-6.837,11.104,17.972,0.00,0.00,0.00,0.00,0.00,0.00,0.00,0.00,0.00,0.00,0.00,0.00,0.00,0.00,0.00,0.00,0.00
20650,DL:0.1.0:AT.1.0.0,2022-3-4 21:19:38,39.25,0.00,0.00,17.951,0.022,-6.847,11.104,17.973,0.00,0.00,0.00,0.00,0.00,0.00,0.00,0.00,0.00,0.00,0.00,0.00,0.00,0.00,0.00,0.00,0.00
20650,DL:0.1.0:AT.1.0.0,2022-3-4 21:19:44,39.25,0.00,0.00,17.936,0.038,-6.832,11.103,17.974,0.00,0.00,0.00,0.00,0.00,0.00,0.00,0.00,0.00,0.00,0.00,0.00,0.00,0.00,0.00,0.00,0.00
20650,DL:0.1.0:AT.1.0.0,2022-3-4 21:19:56,39.25,0.00,0.00,17.952,0.023,-6.851,11.102,17.975,0.00,0.00,0.00,0.00,0.00,0.00,0.00,0.00,0.00,0.00,0.00,0.00,0.00,0.00,0.00,0.00,0.00
20650,DL:0.1.0:AT.1.0.0,2022-3-4 21:20:2,39.25,0.00,0.00,17.956,0.020,-6.854,11.102,17.976,0.00,0.00,0.00,0.00,0.00,0.00,0.00,0.00,0.00,0.00,0.00,0.00,0.00,0.00,0.00,0.00,0.00
20650,DL:0.1.0:AT.1.0.0,2022-3-4 21:20:9,39.25,0.00,0.00,17.950,0.028,-6.848,11.102,17.978,0.00,0.00,0.00,0.00,0.00,0.00,0.00,0.00,0.00,0.00,0.00,0.00,0.00,0.00,0.00,0.00,0.00
20650,DL:0.1.0:AT.1.0.0,2022-3-4 21:20:15,39.25,0.00,0.00,17.946,0.031,-6.846,11.101,17.978,0.00,0.00,0.00,0.00,0.00,0.00,0.00,0.00,0.00,0.00,0.00,0.00,0.00,0.00,0.00,0.00,0.00
20650,DL:0.1.0:AT.1.0.0,2022-3-4 21:20:20,39.25,0.00,0.00,17.915,0.062,-6.814,11.101,17.978,0.00,0.00,0.00,0.00,0.00,0.00,0.00,0.00,0.00,0.00,0.00,0.00,0.00,0.00,0.00,0.00,0.00
20650,DL:0.1.0:AT.1.0.0,2022-3-4 21:20:27,39.25,0.00,0.00,17.907,0.072,-6.807,11.099,17.979,0.00,0.00,0.00,0.00,0.00,0.00,0.00,0.00,0.00,0.00,0.00,0.00,0.00,0.00,0.00,0.00,0.00
20650,DL:0.1.0:AT.1.0.0,2022-3-4 21:20:32,39.25,0.00,0.00,17.937,0.042,-6.837,11.099,17.979,0.00,0.00,0.00,0.00,0.00,0.00,0.00,0.00,0.00,0.00,0.00,0.00,0.00,0.00,0.00,0.00,0.00
20650,DL:0.1.0:AT.1.0.0,2022-3-4 21:20:37,39.25,0.00,0.00,17.921,0.059,-6.822,11.099,17.980,0.00,0.00,0.00,0.00,0.00,0.00,0.00,0.00,0.00,0.00,0.00,0.00,0.00,0.00,0.00,0.00,0.00
20650,DL:0.1.0:AT.1.0.0,2022-3-4 21:20:42,39.25,0.00,0.00,17.980,0.000,-6.882,11.098,17.980,0.00,0.00,0.00,0.00,0.00,0.00,0.00,0.00,0.00,0.00,0.00,0.00,0.00,0.00,0.00,0.00,0.00
20650,DL:0.1.0:AT.1.0.0,2022-3-4 21:20:50,39.25,0.00,0.00,17.955,0.026,-6.858,11.097,17.981,0.00,0.00,0.00,0.00,0.00,0.00,0.00,0.00,0.00,0.00,0.00,0.00,0.00,0.00,0.00,0.00,0.00
20650,DL:0.1.0:AT.1.0.0,2022-3-4 21:20:57,39.25,0.00,0.00,17.924,0.059,-6.826,11.097,17.982,0.00,0.00,0.00,0.00,0.00,0.00,0.00,0.00,0.00,0.00,0.00,0.00,0.00,0.00,0.00,0.00,0.00
20650,DL:0.1.0:AT.1.0.0,2022-3-4 21:21:3,39.25,0.00,0.00,17.933,0.049,-6.837,11.096,17.982,0.00,0.00,0.00,0.00,0.00,0.00,0.00,0.00,0.00,0.00,0.00,0.00,0.00,0.00,0.00,0.00,0.00
20650,DL:0.1.0:AT.1.0.0,2022-3-4 21:21:10,39.25,0.00,0.00,17.931,0.052,-6.835,11.096,17.982,0.00,0.00,0.00,0.00,0.00,0.00,0.00,0.00,0.00,0.00,0.00,0.00,0.00,0.00,0.00,0.00,0.00
20650,DL:0.1.0:AT.1.0.0,2022-3-4 21:21:17,39.25,0.00,0.00,17.919,0.066,-6.824,11.095,17.985,0.00,0.00,0.00,0.00,0.00,0.00,0.00,0.00,0.00,0.00,0.00,0.00,0.00,0.00,0.00,0.00,0.00
20650,DL:0.1.0:AT.1.0.0,2022-3-4 21:21:28,39.25,0.00,0.00,17.920,0.065,-6.825,11.095,17.985,0.00,0.00,0.00,0.00,0.00,0.00,0.00,0.00,0.00,0.00,0.00,0.00,0.00,0.00,0.00,0.00,0.00
20650,DL:0.1.0:AT.1.0.0,2022-3-4 21:21:33,39.25,0.00,0.00,17.922,0.064,-6.828,11.095,17.986,0.00,0.00,0.00,0.00,0.00,0.00,0.00,0.00,0.00,0.00,0.00,0.00,0.00,0.00,0.00,0.00,0.00
20650,DL:0.1.0:AT.1.0.0,2022-3-4 21:21:38,39.25,0.00,0.00,17.901,0.085,-6.807,11.093,17.986,0.00,0.00,0.00,0.00,0.00,0.00,0.00,0.00,0.00,0.00,0.00,0.00,0.00,0.00,0.00,0.00,0.00
20650,DL:0.1.0:AT.1.0.0,2022-3-4 21:21:44,39.25,0.00,0.00,17.918,0.070,-6.824,11.093,17.987,0.00,0.00,0.00,0.00,0.00,0.00,0.00,0.00,0.00,0.00,0.00,0.00,0.00,0.00,0.00,0.00,0.00
20650,DL:0.1.0:AT.1.0.0,2022-3-4 21:21:51,39.25,0.00,0.00,17.952,0.036,-6.860,11.092,17.988,0.00,0.00,0.00,0.00,0.00,0.00,0.00,0.00,0.00,0.00,0.00,0.00,0.00,0.00,0.00,0.00,0.00
20650,DL:0.1.0:AT.1.0.0,2022-3-4 21:22:1,39.25,0.00,0.00,17.933,0.055,-6.842,11.091,17.988,0.00,0.00,0.00,0.00,0.00,0.00,0.00,0.00,0.00,0.00,0.00,0.00,0.00,0.00,0.00,0.00,0.00
20650,DL:0.1.0:AT.1.0.0,2022-3-4 21:22:6,39.25,0.00,0.00,17.922,0.067,-6.831,11.091,17.990,0.00,0.00,0.00,0.00,0.00,0.00,0.00,0.00,0.00,0.00,0.00,0.00,0.00,0.00,0.00,0.00,0.00
20650,DL:0.1.0:AT.1.0.0,2022-3-4 21:22:11,39.25,0.00,0.00,17.904,0.087,-6.814,11.090,17.991,0.00,0.00,0.00,0.00,0.00,0.00,0.00,0.00,0.00,0.00,0.00,0.00,0.00,0.00,0.00,0.00,0.00
20650,DL:0.1.0:AT.1.0.0,2022-3-4 21:22:18,39.25,0.00,0.00,17.918,0.073,-6.828,11.090,17.991,0.00,0.00,0.00,0.00,0.00,0.00,0.00,0.00,0.00,0.00,0.00,0.00,0.00,0.00,0.00,0.00,0.00
20650,DL:0.1.0:AT.1.0.0,2022-3-4 21:22:23,39.25,0.00,0.00,17.913,0.079,-6.823,11.090,17.992,0.00,0.00,0.00,0.00,0.00,0.00,0.00,0.00,0.00,0.00,0.00,0.00,0.00,0.00,0.00,0.00,0.00
20650,DL:0.1.0:AT.1.0.0,2022-3-4 21:22:30,39.25,0.00,0.00,17.943,0.050,-6.854,11.089,17.993,0.00,0.00,0.00,0.00,0.00,0.00,0.00,0.00,0.00,0.00,0.00,0.00,0.00,0.00,0.00,0.00,0.00
20650,DL:0.1.0:AT.1.0.0,2022-3-4 21:22:35,39.25,0.00,0.00,17.925,0.068,-6.836,11.089,17.993,0.00,0.00,0.00,0.00,0.00,0.00,0.00,0.00,0.00,0.00,0.00,0.00,0.00,0.00,0.00,0.00,0.00
20650,DL:0.1.0:AT.1.0.0,2022-3-4 21:22:42,39.25,0.00,0.00,17.926,0.067,-6.837,11.089,17.993,0.00,0.00,0.00,0.00,0.00,0.00,0.00,0.00,0.00,0.00,0.00,0.00,0.00,0.00,0.00,0.00,0.00
20650,DL:0.1.0:AT.1.0.0,2022-3-4 21:22:49,39.25,0.00,0.00,17.950,0.046,-6.863,11.087,17.996,0.00,0.00,0.00,0.00,0.00,0.00,0.00,0.00,0.00,0.00,0.00,0.00,0.00,0.00,0.00,0.00,0.00
20650,DL:0.1.0:AT.1.0.0,2022-3-4 21:22:56,39.25,0.00,0.00,17.919,0.078,-6.831,11.087,17.997,0.00,0.00,0.00,0.00,0.00,0.00,0.00,0.00,0.00,0.00,0.00,0.00,0.00,0.00,0.00,0.00,0.00
20650,DL:0.1.0:AT.1.0.0,2022-3-4 21:23:3,39.25,0.00,0.00,17.943,0.054,-6.857,11.086,17.997,0.00,0.00,0.00,0.00,0.00,0.00,0.00,0.00,0.00,0.00,0.00,0.00,0.00,0.00,0.00,0.00,0.00
20650,DL:0.1.0:AT.1.0.0,2022-3-4 21:23:8,39.25,0.00,0.00,17.884,0.113,-6.799,11.085,17.997,0.00,0.00,0.00,0.00,0.00,0.00,0.00,0.00,0.00,0.00,0.00,0.00,0.00,0.00,0.00,0.00,0.00
20650,DL:0.1.0:AT.1.0.0,2022-3-4 21:23:13,39.25,0.00,0.00,17.939,0.059,-6.853,11.086,17.998,0.00,0.00,0.00,0.00,0.00,0.00,0.00,0.00,0.00,0.00,0.00,0.00,0.00,0.00,0.00,0.00,0.00
20650,DL:0.1.0:AT.1.0.0,2022-3-4 21:23:18,39.25,0.00,0.00,17.944,0.054,-6.859,11.085,17.998,0.00,0.00,0.00,0.00,0.00,0.00,0.00,0.00,0.00,0.00,0.00,0.00,0.00,0.00,0.00,0.00,0.00
20650,DL:0.1.0:AT.1.0.0,2022-3-4 21:23:23,39.25,0.00,0.00,17.903,0.096,-6.819,11.084,17.999,0.00,0.00,0.00,0.00,0.00,0.00,0.00,0.00,0.00,0.00,0.00,0.00,0.00,0.00,0.00,0.00,0.00
20650,DL:0.1.0:AT.1.0.0,2022-3-4 21:23:31,39.25,0.00,0.00,17.942,0.058,-6.858,11.084,17.999,0.00,0.00,0.00,0.00,0.00,0.00,0.00,0.00,0.00,0.00,0.00,0.00,0.00,0.00,0.00,0.00,0.00
20650,DL:0.1.0:AT.1.0.0,2022-3-4 21:23:38,39.25,0.00,0.00,17.933,0.067,-6.849,11.084,18.000,0.00,0.00,0.00,0.00,0.00,0.00,0.00,0.00,0.00,0.00,0.00,0.00,0.00,0.00,0.00,0.00,0.00
20650,DL:0.1.0:AT.1.0.0,2022-3-4 21:23:44,39.25,0.00,0.00,17.931,0.070,-6.847,11.084,18.000,0.00,0.00,0.00,0.00,0.00,0.00,0.00,0.00,0.00,0.00,0.00,0.00,0.00,0.00,0.00,0.00,0.00
20650,DL:0.1.0:AT.1.0.0,2022-3-4 21:23:51,39.25,0.00,0.00,17.928,0.073,-6.845,11.084,18.002,0.00,0.00,0.00,0.00,0.00,0.00,0.00,0.00,0.00,0.00,0.00,0.00,0.00,0.00,0.00,0.00,0.00
20650,DL:0.1.0:AT.1.0.0,2022-3-4 21:23:56,39.25,0.00,0.00,17.918,0.085,-6.834,11.084,18.003,0.00,0.00,0.00,0.00,0.00,0.00,0.00,0.00,0.00,0.00,0.00,0.00,0.00,0.00,0.00,0.00,0.00
20650,DL:0.1.0:AT.1.0.0,2022-3-4 21:24:1,39.25,0.00,0.00,17.930,0.073,-6.846,11.084,18.003,0.00,0.00,0.00,0.00,0.00,0.00,0.00,0.00,0.00,0.00,0.00,0.00,0.00,0.00,0.00,0.00,0.00
20650,DL:0.1.0:AT.1.0.0,2022-3-4 21:24:8,39.25,0.00,0.00,17.913,0.090,-6.830,11.083,18.003,0.00,0.00,0.00,0.00,0.00,0.00,0.00,0.00,0.00,0.00,0.00,0.00,0.00,0.00,0.00,0.00,0.00
20650,DL:0.1.0:AT.1.0.0,2022-3-4 21:24:15,39.25,0.00,0.00,17.931,0.073,-6.848,11.083,18.004,0.00,0.00,0.00,0.00,0.00,0.00,0.00,0.00,0.00,0.00,0.00,0.00,0.00,0.00,0.00,0.00,0.00
20650,DL:0.1.0:AT.1.0.0,2022-3-4 21:24:22,39.00,0.00,0.00,17.889,0.115,-6.806,11.083,18.004,0.00,0.00,0.00,0.00,0.00,0.00,0.00,0.00,0.00,0.00,0.00,0.00,0.00,0.00,0.00,0.00,0.00
20650,DL:0.1.0:AT.1.0.0,2022-3-4 21:24:30,39.00,0.00,0.00,17.870,0.136,-6.787,11.083,18.005,0.00,0.00,0.00,0.00,0.00,0.00,0.00,0.00,0.00,0.00,0.00,0.00,0.00,0.00,0.00,0.00,0.00
20650,DL:0.1.0:AT.1.0.0,2022-3-4 21:24:36,39.00,0.00,0.00,17.920,0.085,-6.838,11.081,18.005,0.00,0.00,0.00,0.00,0.00,0.00,0.00,0.00,0.00,0.00,0.00,0.00,0.00,0.00,0.00,0.00,0.00
20650,DL:0.1.0:AT.1.0.0,2022-3-4 21:24:42,39.00,0.00,0.00,17.891,0.115,-6.811,11.080,18.006,0.00,0.00,0.00,0.00,0.00,0.00,0.00,0.00,0.00,0.00,0.00,0.00,0.00,0.00,0.00,0.00,0.00
20650,DL:0.1.0:AT.1.0.0,2022-3-4 21:24:50,39.00,0.00,0.00,17.901,0.106,-6.819,11.081,18.006,0.00,0.00,0.00,0.00,0.00,0.00,0.00,0.00,0.00,0.00,0.00,0.00,0.00,0.00,0.00,0.00,0.00
20650,DL:0.1.0:AT.1.0.0,2022-3-4 21:24:56,39.00,0.00,0.00,17.914,0.094,-6.834,11.080,18.008,0.00,0.00,0.00,0.00,0.00,0.00,0.00,0.00,0.00,0.00,0.00,0.00,0.00,0.00,0.00,0.00,0.00
20650,DL:0.1.0:AT.1.0.0,2022-3-4 21:25:3,39.00,0.00,0.00,17.919,0.088,-6.838,11.080,18.006,0.00,0.00,0.00,0.00,0.00,0.00,0.00,0.00,0.00,0.00,0.00,0.00,0.00,0.00,0.00,0.00,0.00
20650,DL:0.1.0:AT.1.0.0,2022-3-4 21:25:10,39.00,0.00,0.00,17.924,0.084,-6.843,11.080,18.008,0.00,0.00,0.00,0.00,0.00,0.00,0.00,0.00,0.00,0.00,0.00,0.00,0.00,0.00,0.00,0.00,0.00
20650,DL:0.1.0:AT.1.0.0,2022-3-4 21:25:17,39.00,0.00,0.00,17.891,0.118,-6.813,11.078,18.009,0.00,0.00,0.00,0.00,0.00,0.00,0.00,0.00,0.00,0.00,0.00,0.00,0.00,0.00,0.00,0.00,0.00
20650,DL:0.1.0:AT.1.0.0,2022-3-4 21:25:24,39.00,0.00,0.00,17.957,0.052,-6.878,11.079,18.009,0.00,0.00,0.00,0.00,0.00,0.00,0.00,0.00,0.00,0.00,0.00,0.00,0.00,0.00,0.00,0.00,0.00
20650,DL:0.1.0:AT.1.0.0,2022-3-4 21:25:29,39.00,0.00,0.00,17.933,0.077,-6.855,11.078,18.010,0.00,0.00,0.00,0.00,0.00,0.00,0.00,0.00,0.00,0.00,0.00,0.00,0.00,0.00,0.00,0.00,0.00
20650,DL:0.1.0:AT.1.0.0,2022-3-4 21:25:34,39.00,0.00,0.00,17.895,0.115,-6.817,11.078,18.010,0.00,0.00,0.00,0.00,0.00,0.00,0.00,0.00,0.00,0.00,0.00,0.00,0.00,0.00,0.00,0.00,0.00
20650,DL:0.1.0:AT.1.0.0,2022-3-4 21:25:39,39.00,0.00,0.00,17.914,0.096,-6.837,11.077,18.010,0.00,0.00,0.00,0.00,0.00,0.00,0.00,0.00,0.00,0.00,0.00,0.00,0.00,0.00,0.00,0.00,0.00
20650,DL:0.1.0:AT.1.0.0,2022-3-4 21:25:44,39.00,0.00,0.00,17.922,0.089,-6.846,11.077,18.011,0.00,0.00,0.00,0.00,0.00,0.00,0.00,0.00,0.00,0.00,0.00,0.00,0.00,0.00,0.00,0.00,0.00
20650,DL:0.1.0:AT.1.0.0,2022-3-4 21:25:51,39.00,0.00,0.00,17.894,0.118,-6.818,11.075,18.011,0.00,0.00,0.00,0.00,0.00,0.00,0.00,0.00,0.00,0.00,0.00,0.00,0.00,0.00,0.00,0.00,0.00
20650,DL:0.1.0:AT.1.0.0,2022-3-4 21:25:58,39.00,0.00,0.00,17.937,0.075,-6.860,11.077,18.011,0.00,0.00,0.00,0.00,0.00,0.00,0.00,0.00,0.00,0.00,0.00,0.00,0.00,0.00,0.00,0.00,0.00
20650,DL:0.1.0:AT.1.0.0,2022-3-4 21:26:5,39.00,0.00,0.00,17.921,0.091,-6.846,11.075,18.012,0.00,0.00,0.00,0.00,0.00,0.00,0.00,0.00,0.00,0.00,0.00,0.00,0.00,0.00,0.00,0.00,0.00
20650,DL:0.1.0:AT.1.0.0,2022-3-4 21:26:11,39.00,0.00,0.00,17.924,0.089,-6.849,11.074,18.012,0.00,0.00,0.00,0.00,0.00,0.00,0.00,0.00,0.00,0.00,0.00,0.00,0.00,0.00,0.00,0.00,0.00
20650,DL:0.1.0:AT.1.0.0,2022-3-4 21:26:17,39.00,0.00,0.00,17.916,0.096,-6.842,11.074,18.012,0.00,0.00,0.00,0.00,0.00,0.00,0.00,0.00,0.00,0.00,0.00,0.00,0.00,0.00,0.00,0.00,0.00
20650,DL:0.1.0:AT.1.0.0,2022-3-4 21:26:22,39.00,0.00,0.00,17.916,0.096,-6.842,11.074,18.012,0.00,0.00,0.00,0.00,0.00,0.00,0.00,0.00,0.00,0.00,0.00,0.00,0.00,0.00,0.00,0.00,0.00
20650,DL:0.1.0:AT.1.0.0,2022-3-4 21:26:29,39.00,0.00,0.00,17.919,0.094,-6.846,11.073,18.012,0.00,0.00,0.00,0.00,0.00,0.00,0.00,0.00,0.00,0.00,0.00,0.00,0.00,0.00,0.00,0.00,0.00
20650,DL:0.1.0:AT.1.0.0,2022-3-4 21:26:36,39.00,0.00,0.00,17.909,0.105,-6.836,11.073,18.014,0.00,0.00,0.00,0.00,0.00,0.00,0.00,0.00,0.00,0.00,0.00,0.00,0.00,0.00,0.00,0.00,0.00
20650,DL:0.1.0:AT.1.0.0,2022-3-4 21:26:41,39.00,0.00,0.00,17.880,0.133,-6.808,11.072,18.014,0.00,0.00,0.00,0.00,0.00,0.00,0.00,0.00,0.00,0.00,0.00,0.00,0.00,0.00,0.00,0.00,0.00
20650,DL:0.1.0:AT.1.0.0,2022-3-4 21:26:46,39.00,0.00,0.00,17.901,0.113,-6.829,11.072,18.014,0.00,0.00,0.00,0.00,0.00,0.00,0.00,0.00,0.00,0.00,0.00,0.00,0.00,0.00,0.00,0.00,0.00
20650,DL:0.1.0:AT.1.0.0,2022-3-4 21:26:52,39.00,0.00,0.00,17.879,0.136,-6.807,11.072,18.015,0.00,0.00,0.00,0.00,0.00,0.00,0.00,0.00,0.00,0.00,0.00,0.00,0.00,0.00,0.00,0.00,0.00
20650,DL:0.1.0:AT.1.0.0,2022-3-4 21:26:59,39.00,0.00,0.00,17.908,0.107,-6.837,11.071,18.015,0.00,0.00,0.00,0.00,0.00,0.00,0.00,0.00,0.00,0.00,0.00,0.00,0.00,0.00,0.00,0.00,0.00
20650,DL:0.1.0:AT.1.0.0,2022-3-4 21:27:4,39.00,0.00,0.00,17.882,0.133,-6.811,11.071,18.015,0.00,0.00,0.00,0.00,0.00,0.00,0.00,0.00,0.00,0.00,0.00,0.00,0.00,0.00,0.00,0.00,0.00
20650,DL:0.1.0:AT.1.0.0,2022-3-4 21:27:9,39.00,0.00,0.00,17.918,0.097,-6.848,11.069,18.015,0.00,0.00,0.00,0.00,0.00,0.00,0.00,0.00,0.00,0.00,0.00,0.00,0.00,0.00,0.00,0.00,0.00
20650,DL:0.1.0:AT.1.0.0,2022-3-4 21:27:14,39.00,0.00,0.00,17.914,0.101,-6.845,11.069,18.015,0.00,0.00,0.00,0.00,0.00,0.00,0.00,0.00,0.00,0.00,0.00,0.00,0.00,0.00,0.00,0.00,0.00
20650,DL:0.1.0:AT.1.0.0,2022-3-4 21:27:19,39.00,0.00,0.00,17.882,0.135,-6.812,11.069,18.016,0.00,0.00,0.00,0.00,0.00,0.00,0.00,0.00,0.00,0.00,0.00,0.00,0.00,0.00,0.00,0.00,0.00
20650,DL:0.1.0:AT.1.0.0,2022-3-4 21:27:24,39.00,0.00,0.00,17.879,0.136,-6.810,11.069,18.015,0.00,0.00,0.00,0.00,0.00,0.00,0.00,0.00,0.00,0.00,0.00,0.00,0.00,0.00,0.00,0.00,0.00
20650,DL:0.1.0:AT.1.0.0,2022-3-4 21:27:30,39.00,0.00,0.00,17.902,0.114,-6.834,11.068,18.016,0.00,0.00,0.00,0.00,0.00,0.00,0.00,0.00,0.00,0.00,0.00,0.00,0.00,0.00,0.00,0.00,0.00
20650,DL:0.1.0:AT.1.0.0,2022-3-4 21:27:37,39.00,0.00,0.00,17.914,0.102,-6.846,11.068,18.016,0.00,0.00,0.00,0.00,0.00,0.00,0.00,0.00,0.00,0.00,0.00,0.00,0.00,0.00,0.00,0.00,0.00
20650,DL:0.1.0:AT.1.0.0,2022-3-4 21:27:42,39.00,0.00,0.00,17.885,0.131,-6.818,11.067,18.016,0.00,0.00,0.00,0.00,0.00,0.00,0.00,0.00,0.00,0.00,0.00,0.00,0.00,0.00,0.00,0.00,0.00
20650,DL:0.1.0:AT.1.0.0,2022-3-4 21:27:47,39.00,0.00,0.00,17.895,0.121,-6.828,11.067,18.016,0.00,0.00,0.00,0.00,0.00,0.00,0.00,0.00,0.00,0.00,0.00,0.00,0.00,0.00,0.00,0.00,0.00
20650,DL:0.1.0:AT.1.0.0,2022-3-4 21:27:53,39.00,0.00,0.00,17.910,0.107,-6.843,11.067,18.017,0.00,0.00,0.00,0.00,0.00,0.00,0.00,0.00,0.00,0.00,0.00,0.00,0.00,0.00,0.00,0.00,0.00
20650,DL:0.1.0:AT.1.0.0,2022-3-4 21:27:58,39.00,0.00,0.00,17.913,0.105,-6.846,11.067,18.017,0.00,0.00,0.00,0.00,0.00,0.00,0.00,0.00,0.00,0.00,0.00,0.00,0.00,0.00,0.00,0.00,0.00
20650,DL:0.1.0:AT.1.0.0,2022-3-4 21:28:5,39.00,0.00,0.00,17.908,0.109,-6.842,11.066,18.017,0.00,0.00,0.00,0.00,0.00,0.00,0.00,0.00,0.00,0.00,0.00,0.00,0.00,0.00,0.00,0.00,0.00
20650,DL:0.1.0:AT.1.0.0,2022-3-4 21:28:11,39.00,0.00,0.00,17.910,0.107,-6.846,11.065,18.017,0.00,0.00,0.00,0.00,0.00,0.00,0.00,0.00,0.00,0.00,0.00,0.00,0.00,0.00,0.00,0.00,0.00
20650,DL:0.1.0:AT.1.0.0,2022-3-4 21:28:16,39.00,0.00,0.00,17.896,0.121,-6.831,11.065,18.017,0.00,0.00,0.00,0.00,0.00,0.00,0.00,0.00,0.00,0.00,0.00,0.00,0.00,0.00,0.00,0.00,0.00
20650,DL:0.1.0:AT.1.0.0,2022-3-4 21:28:21,39.00,0.00,0.00,17.904,0.113,-6.840,11.065,18.017,0.00,0.00,0.00,0.00,0.00,0.00,0.00,0.00,0.00,0.00,0.00,0.00,0.00,0.00,0.00,0.00,0.00
20650,DL:0.1.0:AT.1.0.0,2022-3-4 21:28:28,39.00,0.00,0.00,17.926,0.093,-6.861,11.065,18.019,0.00,0.00,0.00,0.00,0.00,0.00,0.00,0.00,0.00,0.00,0.00,0.00,0.00,0.00,0.00,0.00,0.00
20650,DL:0.1.0:AT.1.0.0,2022-3-4 21:28:34,39.00,0.00,0.00,17.918,0.101,-6.854,11.063,18.019,0.00,0.00,0.00,0.00,0.00,0.00,0.00,0.00,0.00,0.00,0.00,0.00,0.00,0.00,0.00,0.00,0.00
20650,DL:0.1.0:AT.1.0.0,2022-3-4 21:28:39,39.00,0.00,0.00,17.898,0.120,-6.835,11.063,18.019,0.00,0.00,0.00,0.00,0.00,0.00,0.00,0.00,0.00,0.00,0.00,0.00,0.00,0.00,0.00,0.00,0.00
20650,DL:0.1.0:AT.1.0.0,2022-3-4 21:28:44,39.00,0.00,0.00,17.901,0.119,-6.837,11.063,18.020,0.00,0.00,0.00,0.00,0.00,0.00,0.00,0.00,0.00,0.00,0.00,0.00,0.00,0.00,0.00,0.00,0.00
20650,DL:0.1.0:AT.1.0.0,2022-3-4 21:28:49,39.00,0.00,0.00,17.890,0.129,-6.825,11.065,18.019,0.00,0.00,0.00,0.00,0.00,0.00,0.00,0.00,0.00,0.00,0.00,0.00,0.00,0.00,0.00,0.00,0.00
20650,DL:0.1.0:AT.1.0.0,2022-3-4 21:28:56,39.00,0.00,0.00,17.909,0.111,-6.842,11.067,18.020,0.00,0.00,0.00,0.00,0.00,0.00,0.00,0.00,0.00,0.00,0.00,0.00,0.00,0.00,0.00,0.00,0.00
20650,DL:0.1.0:AT.1.0.0,2022-3-4 21:29:2,39.00,0.00,0.00,17.886,0.133,-6.820,11.066,18.020,0.00,0.00,0.00,0.00,0.00,0.00,0.00,0.00,0.00,0.00,0.00,0.00,0.00,0.00,0.00,0.00,0.00
20650,DL:0.1.0:AT.1.0.0,2022-3-4 21:29:10,39.00,0.00,0.00,17.933,0.087,-6.867,11.066,18.020,0.00,0.00,0.00,0.00,0.00,0.00,0.00,0.00,0.00,0.00,0.00,0.00,0.00,0.00,0.00,0.00,0.00
20650,DL:0.1.0:AT.1.0.0,2022-3-4 21:29:15,39.00,0.00,0.00,17.937,0.084,-6.871,11.066,18.021,0.00,0.00,0.00,0.00,0.00,0.00,0.00,0.00,0.00,0.00,0.00,0.00,0.00,0.00,0.00,0.00,0.00
20650,DL:0.1.0:AT.1.0.0,2022-3-4 21:29:20,39.00,0.00,0.00,17.902,0.119,-6.837,11.065,18.021,0.00,0.00,0.00,0.00,0.00,0.00,0.00,0.00,0.00,0.00,0.00,0.00,0.00,0.00,0.00,0.00,0.00
20650,DL:0.1.0:AT.1.0.0,2022-3-4 21:29:26,39.00,0.00,0.00,17.924,0.097,-6.859,11.065,18.021,0.00,0.00,0.00,0.00,0.00,0.00,0.00,0.00,0.00,0.00,0.00,0.00,0.00,0.00,0.00,0.00,0.00
20650,DL:0.1.0:AT.1.0.0,2022-3-4 21:29:33,39.00,0.00,0.00,17.865,0.156,-6.801,11.063,18.021,0.00,0.00,0.00,0.00,0.00,0.00,0.00,0.00,0.00,0.00,0.00,0.00,0.00,0.00,0.00,0.00,0.00
20650,DL:0.1.0:AT.1.0.0,2022-3-4 21:29:40,39.00,0.00,0.00,17.910,0.111,-6.847,11.063,18.021,0.00,0.00,0.00,0.00,0.00,0.00,0.00,0.00,0.00,0.00,0.00,0.00,0.00,0.00,0.00,0.00,0.00
20650,DL:0.1.0:AT.1.0.0,2022-3-4 21:29:47,39.00,0.00,0.00,17.898,0.123,-6.836,11.062,18.021,0.00,0.00,0.00,0.00,0.00,0.00,0.00,0.00,0.00,0.00,0.00,0.00,0.00,0.00,0.00,0.00,0.00
20650,DL:0.1.0:AT.1.0.0,2022-3-4 21:29:54,39.00,0.00,0.00,17.891,0.130,-6.829,11.062,18.021,0.00,0.00,0.00,0.00,0.00,0.00,0.00,0.00,0.00,0.00,0.00,0.00,0.00,0.00,0.00,0.00,0.00
20650,DL:0.1.0:AT.1.0.0,2022-3-4 21:29:59,39.00,0.00,0.00,17.886,0.136,-6.825,11.061,18.022,0.00,0.00,0.00,0.00,0.00,0.00,0.00,0.00,0.00,0.00,0.00,0.00,0.00,0.00,0.00,0.00,0.00
20650,DL:0.1.0:AT.1.0.0,2022-3-4 21:30:4,39.00,0.00,0.00,17.876,0.147,-6.816,11.060,18.022,0.00,0.00,0.00,0.00,0.00,0.00,0.00,0.00,0.00,0.00,0.00,0.00,0.00,0.00,0.00,0.00,0.00
20650,DL:0.1.0:AT.1.0.0,2022-3-4 21:30:12,39.00,0.00,0.00,17.880,0.142,-6.819,11.061,18.022,0.00,0.00,0.00,0.00,0.00,0.00,0.00,0.00,0.00,0.00,0.00,0.00,0.00,0.00,0.00,0.00,0.00
20650,DL:0.1.0:AT.1.0.0,2022-3-4 21:30:17,39.00,0.00,0.00,17.906,0.117,-6.846,11.060,18.022,0.00,0.00,0.00,0.00,0.00,0.00,0.00,0.00,0.00,0.00,0.00,0.00,0.00,0.00,0.00,0.00,0.00
20650,DL:0.1.0:AT.1.0.0,2022-3-4 21:30:23,39.00,0.00,0.00,17.894,0.129,-6.834,11.060,18.022,0.00,0.00,0.00,0.00,0.00,0.00,0.00,0.00,0.00,0.00,0.00,0.00,0.00,0.00,0.00,0.00,0.00
20650,DL:0.1.0:AT.1.0.0,2022-3-4 21:30:28,39.00,0.00,0.00,17.906,0.117,-6.846,11.060,18.022,0.00,0.00,0.00,0.00,0.00,0.00,0.00,0.00,0.00,0.00,0.00,0.00,0.00,0.00,0.00,0.00,0.00
20650,DL:0.1.0:AT.1.0.0,2022-3-4 21:30:35,39.00,0.00,0.00,17.900,0.123,-6.841,11.059,18.022,0.00,0.00,0.00,0.00,0.00,0.00,0.00,0.00,0.00,0.00,0.00,0.00,0.00,0.00,0.00,0.00,0.00
20650,DL:0.1.0:AT.1.0.0,2022-3-4 21:30:41,39.00,0.00,0.00,17.889,0.135,-6.830,11.059,18.023,0.00,0.00,0.00,0.00,0.00,0.00,0.00,0.00,0.00,0.00,0.00,0.00,0.00,0.00,0.00,0.00,0.00
20650,DL:0.1.0:AT.1.0.0,2022-3-4 21:30:48,39.00,0.00,0.00,17.879,0.144,-6.820,11.059,18.023,0.00,0.00,0.00,0.00,0.00,0.00,0.00,0.00,0.00,0.00,0.00,0.00,0.00,0.00,0.00,0.00,0.00
20650,DL:0.1.0:AT.1.0.0,2022-3-4 21:30:53,39.00,0.00,0.00,17.897,0.125,-6.840,11.057,18.022,0.00,0.00,0.00,0.00,0.00,0.00,0.00,0.00,0.00,0.00,0.00,0.00,0.00,0.00,0.00,0.00,0.00
20650,DL:0.1.0:AT.1.0.0,2022-3-4 21:30:58,39.00,0.00,0.00,17.868,0.155,-6.812,11.056,18.023,0.00,0.00,0.00,0.00,0.00,0.00,0.00,0.00,0.00,0.00,0.00,0.00,0.00,0.00,0.00,0.00,0.00
20650,DL:0.1.0:AT.1.0.0,2022-3-4 21:31:5,39.00,0.00,0.00,17.902,0.121,-6.846,11.056,18.023,0.00,0.00,0.00,0.00,0.00,0.00,0.00,0.00,0.00,0.00,0.00,0.00,0.00,0.00,0.00,0.00,0.00
20650,DL:0.1.0:AT.1.0.0,2022-3-4 21:31:13,39.00,0.00,0.00,17.872,0.151,-6.817,11.055,18.023,0.00,0.00,0.00,0.00,0.00,0.00,0.00,0.00,0.00,0.00,0.00,0.00,0.00,0.00,0.00,0.00,0.00
20650,DL:0.1.0:AT.1.0.0,2022-3-4 21:31:19,39.00,0.00,0.00,17.870,0.154,-6.814,11.055,18.023,0.00,0.00,0.00,0.00,0.00,0.00,0.00,0.00,0.00,0.00,0.00,0.00,0.00,0.00,0.00,0.00,0.00
20650,DL:0.1.0:AT.1.0.0,2022-3-4 21:31:26,39.00,0.00,0.00,17.885,0.138,-6.830,11.055,18.023,0.00,0.00,0.00,0.00,0.00,0.00,0.00,0.00,0.00,0.00,0.00,0.00,0.00,0.00,0.00,0.00,0.00
20650,DL:0.1.0:AT.1.0.0,2022-3-4 21:31:32,39.00,0.00,0.00,17.901,0.123,-6.847,11.054,18.023,0.00,0.00,0.00,0.00,0.00,0.00,0.00,0.00,0.00,0.00,0.00,0.00,0.00,0.00,0.00,0.00,0.00
20650,DL:0.1.0:AT.1.0.0,2022-3-4 21:31:43,39.00,0.00,0.00,17.927,0.096,-6.873,11.054,18.023,0.00,0.00,0.00,0.00,0.00,0.00,0.00,0.00,0.00,0.00,0.00,0.00,0.00,0.00,0.00,0.00,0.00
20650,DL:0.1.0:AT.1.0.0,2022-3-4 21:31:50,39.00,0.00,0.00,17.914,0.109,-6.860,11.054,18.023,0.00,0.00,0.00,0.00,0.00,0.00,0.00,0.00,0.00,0.00,0.00,0.00,0.00,0.00,0.00,0.00,0.00
20650,DL:0.1.0:AT.1.0.0,2022-3-4 21:31:55,39.00,0.00,0.00,17.927,0.096,-6.875,11.053,18.023,0.00,0.00,0.00,0.00,0.00,0.00,0.00,0.00,0.00,0.00,0.00,0.00,0.00,0.00,0.00,0.00,0.00
20650,DL:0.1.0:AT.1.0.0,2022-3-4 21:32:0,39.00,0.00,0.00,17.913,0.111,-6.861,11.051,18.023,0.00,0.00,0.00,0.00,0.00,0.00,0.00,0.00,0.00,0.00,0.00,0.00,0.00,0.00,0.00,0.00,0.00
20650,DL:0.1.0:AT.1.0.0,2022-3-4 21:32:7,39.00,0.00,0.00,17.926,0.097,-6.875,11.051,18.023,0.00,0.00,0.00,0.00,0.00,0.00,0.00,0.00,0.00,0.00,0.00,0.00,0.00,0.00,0.00,0.00,0.00
20650,DL:0.1.0:AT.1.0.0,2022-3-4 21:32:14,39.00,0.00,0.00,17.914,0.108,-6.864,11.050,18.022,0.00,0.00,0.00,0.00,0.00,0.00,0.00,0.00,0.00,0.00,0.00,0.00,0.00,0.00,0.00,0.00,0.00
20650,DL:0.1.0:AT.1.0.0,2022-3-4 21:32:21,39.00,0.00,0.00,17.934,0.088,-6.884,11.050,18.022,0.00,0.00,0.00,0.00,0.00,0.00,0.00,0.00,0.00,0.00,0.00,0.00,0.00,0.00,0.00,0.00,0.00
20650,DL:0.1.0:AT.1.0.0,2022-3-4 21:32:27,39.00,0.00,0.00,17.897,0.126,-6.847,11.050,18.023,0.00,0.00,0.00,0.00,0.00,0.00,0.00,0.00,0.00,0.00,0.00,0.00,0.00,0.00,0.00,0.00,0.00
20650,DL:0.1.0:AT.1.0.0,2022-3-4 21:32:34,39.00,0.00,0.00,17.895,0.129,-6.846,11.049,18.023,0.00,0.00,0.00,0.00,0.00,0.00,0.00,0.00,0.00,0.00,0.00,0.00,0.00,0.00,0.00,0.00,0.00
20650,DL:0.1.0:AT.1.0.0,2022-3-4 21:32:46,39.00,0.00,0.00,17.904,0.119,-6.857,11.048,18.023,0.00,0.00,0.00,0.00,0.00,0.00,0.00,0.00,0.00,0.00,0.00,0.00,0.00,0.00,0.00,0.00,0.00
20650,DL:0.1.0:AT.1.0.0,2022-3-4 21:32:51,39.00,0.00,0.00,17.924,0.100,-6.877,11.047,18.023,0.00,0.00,0.00,0.00,0.00,0.00,0.00,0.00,0.00,0.00,0.00,0.00,0.00,0.00,0.00,0.00,0.00
20650,DL:0.1.0:AT.1.0.0,2022-3-4 21:32:58,39.00,0.00,0.00,17.902,0.121,-6.854,11.048,18.023,0.00,0.00,0.00,0.00,0.00,0.00,0.00,0.00,0.00,0.00,0.00,0.00,0.00,0.00,0.00,0.00,0.00
20650,DL:0.1.0:AT.1.0.0,2022-3-4 21:33:5,39.00,0.00,0.00,17.889,0.135,-6.843,11.045,18.023,0.00,0.00,0.00,0.00,0.00,0.00,0.00,0.00,0.00,0.00,0.00,0.00,0.00,0.00,0.00,0.00,0.00
20650,DL:0.1.0:AT.1.0.0,2022-3-4 21:33:13,39.00,0.00,0.00,17.890,0.133,-6.845,11.045,18.023,0.00,0.00,0.00,0.00,0.00,0.00,0.00,0.00,0.00,0.00,0.00,0.00,0.00,0.00,0.00,0.00,0.00
20650,DL:0.1.0:AT.1.0.0,2022-3-4 21:33:19,39.00,0.00,0.00,17.897,0.127,-6.852,11.045,18.025,0.00,0.00,0.00,0.00,0.00,0.00,0.00,0.00,0.00,0.00,0.00,0.00,0.00,0.00,0.00,0.00,0.00
20650,DL:0.1.0:AT.1.0.0,2022-3-4 21:33:25,39.00,0.00,0.00,17.878,0.147,-6.832,11.045,18.025,0.00,0.00,0.00,0.00,0.00,0.00,0.00,0.00,0.00,0.00,0.00,0.00,0.00,0.00,0.00,0.00,0.00
20650,DL:0.1.0:AT.1.0.0,2022-3-4 21:33:33,39.00,0.00,0.00,17.898,0.126,-6.855,11.043,18.025,0.00,0.00,0.00,0.00,0.00,0.00,0.00,0.00,0.00,0.00,0.00,0.00,0.00,0.00,0.00,0.00,0.00
20650,DL:0.1.0:AT.1.0.0,2022-3-4 21:33:44,39.00,0.00,0.00,17.913,0.111,-6.870,11.043,18.023,0.00,0.00,0.00,0.00,0.00,0.00,0.00,0.00,0.00,0.00,0.00,0.00,0.00,0.00,0.00,0.00,0.00
20650,DL:0.1.0:AT.1.0.0,2022-3-4 21:33:50,39.00,0.00,0.00,17.924,0.101,-6.881,11.043,18.025,0.00,0.00,0.00,0.00,0.00,0.00,0.00,0.00,0.00,0.00,0.00,0.00,0.00,0.00,0.00,0.00,0.00
20650,DL:0.1.0:AT.1.0.0,2022-3-4 21:33:55,39.00,0.00,0.00,17.939,0.084,-6.897,11.042,18.023,0.00,0.00,0.00,0.00,0.00,0.00,0.00,0.00,0.00,0.00,0.00,0.00,0.00,0.00,0.00,0.00,0.00
20650,DL:0.1.0:AT.1.0.0,2022-3-4 21:34:0,39.00,0.00,0.00,17.888,0.136,-6.846,11.042,18.023,0.00,0.00,0.00,0.00,0.00,0.00,0.00,0.00,0.00,0.00,0.00,0.00,0.00,0.00,0.00,0.00,0.00
20650,DL:0.1.0:AT.1.0.0,2022-3-4 21:34:7,39.00,0.00,0.00,17.888,0.137,-6.846,11.042,18.025,0.00,0.00,0.00,0.00,0.00,0.00,0.00,0.00,0.00,0.00,0.00,0.00,0.00,0.00,0.00,0.00,0.00
20650,DL:0.1.0:AT.1.0.0,2022-3-4 21:34:12,39.00,0.00,0.00,17.895,0.130,-6.853,11.042,18.025,0.00,0.00,0.00,0.00,0.00,0.00,0.00,0.00,0.00,0.00,0.00,0.00,0.00,0.00,0.00,0.00,0.00
20650,DL:0.1.0:AT.1.0.0,2022-3-4 21:34:17,39.00,0.00,0.00,17.884,0.141,-6.842,11.042,18.025,0.00,0.00,0.00,0.00,0.00,0.00,0.00,0.00,0.00,0.00,0.00,0.00,0.00,0.00,0.00,0.00,0.00
20650,DL:0.1.0:AT.1.0.0,2022-3-4 21:34:22,39.00,0.00,0.00,17.902,0.123,-6.860,11.042,18.025,0.00,0.00,0.00,0.00,0.00,0.00,0.00,0.00,0.00,0.00,0.00,0.00,0.00,0.00,0.00,0.00,0.00
20650,DL:0.1.0:AT.1.0.0,2022-3-4 21:34:27,39.00,0.00,0.00,17.925,0.100,-6.884,11.041,18.025,0.00,0.00,0.00,0.00,0.00,0.00,0.00,0.00,0.00,0.00,0.00,0.00,0.00,0.00,0.00,0.00,0.00
20650,DL:0.1.0:AT.1.0.0,2022-3-4 21:34:32,39.00,0.00,0.00,17.931,0.094,-6.890,11.041,18.025,0.00,0.00,0.00,0.00,0.00,0.00,0.00,0.00,0.00,0.00,0.00,0.00,0.00,0.00,0.00,0.00,0.00
20650,DL:0.1.0:AT.1.0.0,2022-3-4 21:34:38,39.00,0.00,0.00,17.913,0.112,-6.872,11.041,18.025,0.00,0.00,0.00,0.00,0.00,0.00,0.00,0.00,0.00,0.00,0.00,0.00,0.00,0.00,0.00,0.00,0.00
20650,DL:0.1.0:AT.1.0.0,2022-3-4 21:34:45,39.00,0.00,0.00,17.925,0.101,-6.884,11.041,18.026,0.00,0.00,0.00,0.00,0.00,0.00,0.00,0.00,0.00,0.00,0.00,0.00,0.00,0.00,0.00,0.00,0.00
20650,DL:0.1.0:AT.1.0.0,2022-3-4 21:34:51,39.00,0.00,0.00,17.907,0.119,-6.866,11.041,18.026,0.00,0.00,0.00,0.00,0.00,0.00,0.00,0.00,0.00,0.00,0.00,0.00,0.00,0.00,0.00,0.00,0.00
20650,DL:0.1.0:AT.1.0.0,2022-3-4 21:34:56,39.00,0.00,0.00,17.937,0.088,-6.897,11.039,18.025,0.00,0.00,0.00,0.00,0.00,0.00,0.00,0.00,0.00,0.00,0.00,0.00,0.00,0.00,0.00,0.00,0.00
20650,DL:0.1.0:AT.1.0.0,2022-3-4 21:35:1,39.00,0.00,0.00,17.921,0.103,-6.882,11.039,18.025,0.00,0.00,0.00,0.00,0.00,0.00,0.00,0.00,0.00,0.00,0.00,0.00,0.00,0.00,0.00,0.00,0.00
20650,DL:0.1.0:AT.1.0.0,2022-3-4 21:35:6,39.00,0.00,0.00,17.918,0.108,-6.878,11.039,18.026,0.00,0.00,0.00,0.00,0.00,0.00,0.00,0.00,0.00,0.00,0.00,0.00,0.00,0.00,0.00,0.00,0.00
20650,DL:0.1.0:AT.1.0.0,2022-3-4 21:35:12,39.00,0.00,0.00,17.961,0.065,-6.923,11.038,18.026,0.00,0.00,0.00,0.00,0.00,0.00,0.00,0.00,0.00,0.00,0.00,0.00,0.00,0.00,0.00,0.00,0.00
20650,DL:0.1.0:AT.1.0.0,2022-3-4 21:35:19,39.00,0.00,0.00,17.939,0.087,-6.901,11.038,18.026,0.00,0.00,0.00,0.00,0.00,0.00,0.00,0.00,0.00,0.00,0.00,0.00,0.00,0.00,0.00,0.00,0.00
20650,DL:0.1.0:AT.1.0.0,2022-3-4 21:35:24,39.00,0.00,0.00,17.943,0.083,-6.905,11.038,18.026,0.00,0.00,0.00,0.00,0.00,0.00,0.00,0.00,0.00,0.00,0.00,0.00,0.00,0.00,0.00,0.00,0.00
20650,DL:0.1.0:AT.1.0.0,2022-3-4 21:35:29,39.00,0.00,0.00,17.925,0.102,-6.888,11.037,18.027,0.00,0.00,0.00,0.00,0.00,0.00,0.00,0.00,0.00,0.00,0.00,0.00,0.00,0.00,0.00,0.00,0.00
20650,DL:0.1.0:AT.1.0.0,2022-3-4 21:35:36,39.00,0.00,0.00,17.913,0.114,-6.876,11.037,18.027,0.00,0.00,0.00,0.00,0.00,0.00,0.00,0.00,0.00,0.00,0.00,0.00,0.00,0.00,0.00,0.00,0.00
20650,DL:0.1.0:AT.1.0.0,2022-3-4 21:35:43,39.00,0.00,0.00,17.932,0.094,-6.895,11.037,18.026,0.00,0.00,0.00,0.00,0.00,0.00,0.00,0.00,0.00,0.00,0.00,0.00,0.00,0.00,0.00,0.00,0.00
20650,DL:0.1.0:AT.1.0.0,2022-3-4 21:35:48,39.00,0.00,0.00,17.916,0.111,-6.881,11.036,18.027,0.00,0.00,0.00,0.00,0.00,0.00,0.00,0.00,0.00,0.00,0.00,0.00,0.00,0.00,0.00,0.00,0.00
20650,DL:0.1.0:AT.1.0.0,2022-3-4 21:35:53,39.00,0.00,0.00,17.928,0.097,-6.893,11.036,18.026,0.00,0.00,0.00,0.00,0.00,0.00,0.00,0.00,0.00,0.00,0.00,0.00,0.00,0.00,0.00,0.00,0.00
20650,DL:0.1.0:AT.1.0.0,2022-3-4 21:36:0,39.00,0.00,0.00,17.909,0.118,-6.875,11.035,18.027,0.00,0.00,0.00,0.00,0.00,0.00,0.00,0.00,0.00,0.00,0.00,0.00,0.00,0.00,0.00,0.00,0.00
20650,DL:0.1.0:AT.1.0.0,2022-3-4 21:36:6,38.75,0.00,0.00,17.937,0.090,-6.902,11.035,18.027,0.00,0.00,0.00,0.00,0.00,0.00,0.00,0.00,0.00,0.00,0.00,0.00,0.00,0.00,0.00,0.00,0.00
20650,DL:0.1.0:AT.1.0.0,2022-3-4 21:36:12,38.75,0.00,0.00,17.952,0.073,-6.919,11.033,18.026,0.00,0.00,0.00,0.00,0.00,0.00,0.00,0.00,0.00,0.00,0.00,0.00,0.00,0.00,0.00,0.00,0.00
20650,DL:0.1.0:AT.1.0.0,2022-3-4 21:36:19,38.75,0.00,0.00,17.936,0.093,-6.902,11.033,18.028,0.00,0.00,0.00,0.00,0.00,0.00,0.00,0.00,0.00,0.00,0.00,0.00,0.00,0.00,0.00,0.00,0.00
20650,DL:0.1.0:AT.1.0.0,2022-3-4 21:36:26,38.75,0.00,0.00,17.914,0.113,-6.881,11.033,18.027,0.00,0.00,0.00,0.00,0.00,0.00,0.00,0.00,0.00,0.00,0.00,0.00,0.00,0.00,0.00,0.00,0.00
20650,DL:0.1.0:AT.1.0.0,2022-3-4 21:36:34,38.75,0.00,0.00,17.897,0.131,-6.865,11.032,18.028,0.00,0.00,0.00,0.00,0.00,0.00,0.00,0.00,0.00,0.00,0.00,0.00,0.00,0.00,0.00,0.00,0.00
20650,DL:0.1.0:AT.1.0.0,2022-3-4 21:36:41,38.75,0.00,0.00,17.938,0.089,-6.907,11.031,18.027,0.00,0.00,0.00,0.00,0.00,0.00,0.00,0.00,0.00,0.00,0.00,0.00,0.00,0.00,0.00,0.00,0.00
20650,DL:0.1.0:AT.1.0.0,2022-3-4 21:36:51,38.75,0.00,0.00,17.950,0.078,-6.919,11.031,18.028,0.00,0.00,0.00,0.00,0.00,0.00,0.00,0.00,0.00,0.00,0.00,0.00,0.00,0.00,0.00,0.00,0.00
20650,DL:0.1.0:AT.1.0.0,2022-3-4 21:36:56,38.75,0.00,0.00,17.915,0.113,-6.885,11.030,18.028,0.00,0.00,0.00,0.00,0.00,0.00,0.00,0.00,0.00,0.00,0.00,0.00,0.00,0.00,0.00,0.00,0.00
20650,DL:0.1.0:AT.1.0.0,2022-3-4 21:37:1,38.75,0.00,0.00,17.926,0.102,-6.896,11.030,18.028,0.00,0.00,0.00,0.00,0.00,0.00,0.00,0.00,0.00,0.00,0.00,0.00,0.00,0.00,0.00,0.00,0.00
20650,DL:0.1.0:AT.1.0.0,2022-3-4 21:37:6,38.75,0.00,0.00,17.924,0.103,-6.894,11.030,18.027,0.00,0.00,0.00,0.00,0.00,0.00,0.00,0.00,0.00,0.00,0.00,0.00,0.00,0.00,0.00,0.00,0.00
20650,DL:0.1.0:AT.1.0.0,2022-3-4 21:37:11,38.75,0.00,0.00,17.920,0.108,-6.891,11.029,18.028,0.00,0.00,0.00,0.00,0.00,0.00,0.00,0.00,0.00,0.00,0.00,0.00,0.00,0.00,0.00,0.00,0.00
20650,DL:0.1.0:AT.1.0.0,2022-3-4 21:37:16,38.75,0.00,0.00,17.912,0.115,-6.883,11.029,18.027,0.00,0.00,0.00,0.00,0.00,0.00,0.00,0.00,0.00,0.00,0.00,0.00,0.00,0.00,0.00,0.00,0.00
20650,DL:0.1.0:AT.1.0.0,2022-3-4 21:37:22,38.75,0.00,0.00,17.913,0.114,-6.885,11.027,18.027,0.00,0.00,0.00,0.00,0.00,0.00,0.00,0.00,0.00,0.00,0.00,0.00,0.00,0.00,0.00,0.00,0.00
20650,DL:0.1.0:AT.1.0.0,2022-3-4 21:37:29,38.75,0.00,0.00,17.952,0.075,-6.925,11.027,18.027,0.00,0.00,0.00,0.00,0.00,0.00,0.00,0.00,0.00,0.00,0.00,0.00,0.00,0.00,0.00,0.00,0.00
20650,DL:0.1.0:AT.1.0.0,2022-3-4 21:37:36,38.75,0.00,0.00,17.948,0.081,-6.920,11.027,18.028,0.00,0.00,0.00,0.00,0.00,0.00,0.00,0.00,0.00,0.00,0.00,0.00,0.00,0.00,0.00,0.00,0.00
20650,DL:0.1.0:AT.1.0.0,2022-3-4 21:37:43,38.75,0.00,0.00,17.928,0.100,-6.902,11.026,18.028,0.00,0.00,0.00,0.00,0.00,0.00,0.00,0.00,0.00,0.00,0.00,0.00,0.00,0.00,0.00,0.00,0.00
20650,DL:0.1.0:AT.1.0.0,2022-3-4 21:37:53,38.75,0.00,0.00,17.920,0.109,-6.894,11.026,18.029,0.00,0.00,0.00,0.00,0.00,0.00,0.00,0.00,0.00,0.00,0.00,0.00,0.00,0.00,0.00,0.00,0.00
20650,DL:0.1.0:AT.1.0.0,2022-3-4 21:38:0,38.75,0.00,0.00,17.925,0.106,-6.900,11.025,18.031,0.00,0.00,0.00,0.00,0.00,0.00,0.00,0.00,0.00,0.00,0.00,0.00,0.00,0.00,0.00,0.00,0.00
20650,DL:0.1.0:AT.1.0.0,2022-3-4 21:38:7,38.75,0.00,0.00,17.897,0.133,-6.872,11.025,18.031,0.00,0.00,0.00,0.00,0.00,0.00,0.00,0.00,0.00,0.00,0.00,0.00,0.00,0.00,0.00,0.00,0.00
20650,DL:0.1.0:AT.1.0.0,2022-3-4 21:38:12,38.75,0.00,0.00,17.907,0.123,-6.882,11.025,18.029,0.00,0.00,0.00,0.00,0.00,0.00,0.00,0.00,0.00,0.00,0.00,0.00,0.00,0.00,0.00,0.00,0.00
20650,DL:0.1.0:AT.1.0.0,2022-3-4 21:38:17,38.75,0.00,0.00,17.901,0.130,-6.877,11.024,18.031,0.00,0.00,0.00,0.00,0.00,0.00,0.00,0.00,0.00,0.00,0.00,0.00,0.00,0.00,0.00,0.00,0.00
20650,DL:0.1.0:AT.1.0.0,2022-3-4 21:38:25,38.75,0.00,0.00,17.897,0.133,-6.875,11.023,18.031,0.00,0.00,0.00,0.00,0.00,0.00,0.00,0.00,0.00,0.00,0.00,0.00,0.00,0.00,0.00,0.00,0.00
20650,DL:0.1.0:AT.1.0.0,2022-3-4 21:38:31,38.75,0.00,0.00,17.900,0.131,-6.876,11.024,18.031,0.00,0.00,0.00,0.00,0.00,0.00,0.00,0.00,0.00,0.00,0.00,0.00,0.00,0.00,0.00,0.00,0.00
20650,DL:0.1.0:AT.1.0.0,2022-3-4 21:38:38,38.75,0.00,0.00,17.910,0.120,-6.888,11.023,18.031,0.00,0.00,0.00,0.00,0.00,0.00,0.00,0.00,0.00,0.00,0.00,0.00,0.00,0.00,0.00,0.00,0.00
20650,DL:0.1.0:AT.1.0.0,2022-3-4 21:38:44,38.75,0.00,0.00,17.928,0.102,-6.906,11.023,18.031,0.00,0.00,0.00,0.00,0.00,0.00,0.00,0.00,0.00,0.00,0.00,0.00,0.00,0.00,0.00,0.00,0.00
20650,DL:0.1.0:AT.1.0.0,2022-3-4 21:38:51,38.75,0.00,0.00,17.924,0.107,-6.902,11.021,18.031,0.00,0.00,0.00,0.00,0.00,0.00,0.00,0.00,0.00,0.00,0.00,0.00,0.00,0.00,0.00,0.00,0.00
20650,DL:0.1.0:AT.1.0.0,2022-3-4 21:38:59,38.75,0.00,0.00,17.894,0.137,-6.872,11.021,18.031,0.00,0.00,0.00,0.00,0.00,0.00,0.00,0.00,0.00,0.00,0.00,0.00,0.00,0.00,0.00,0.00,0.00
20650,DL:0.1.0:AT.1.0.0,2022-3-4 21:39:5,38.75,0.00,0.00,17.939,0.091,-6.919,11.020,18.031,0.00,0.00,0.00,0.00,0.00,0.00,0.00,0.00,0.00,0.00,0.00,0.00,0.00,0.00,0.00,0.00,0.00
20650,DL:0.1.0:AT.1.0.0,2022-3-4 21:39:12,38.75,0.00,0.00,17.936,0.095,-6.915,11.020,18.031,0.00,0.00,0.00,0.00,0.00,0.00,0.00,0.00,0.00,0.00,0.00,0.00,0.00,0.00,0.00,0.00,0.00
20650,DL:0.1.0:AT.1.0.0,2022-3-4 21:39:17,38.75,0.00,0.00,17.912,0.119,-6.891,11.020,18.031,0.00,0.00,0.00,0.00,0.00,0.00,0.00,0.00,0.00,0.00,0.00,0.00,0.00,0.00,0.00,0.00,0.00
20650,DL:0.1.0:AT.1.0.0,2022-3-4 21:39:22,38.75,0.00,0.00,17.926,0.106,-6.907,11.019,18.032,0.00,0.00,0.00,0.00,0.00,0.00,0.00,0.00,0.00,0.00,0.00,0.00,0.00,0.00,0.00,0.00,0.00
20650,DL:0.1.0:AT.1.0.0,2022-3-4 21:39:30,38.75,0.00,0.00,17.943,0.089,-6.924,11.019,18.032,0.00,0.00,0.00,0.00,0.00,0.00,0.00,0.00,0.00,0.00,0.00,0.00,0.00,0.00,0.00,0.00,0.00
20650,DL:0.1.0:AT.1.0.0,2022-3-4 21:39:35,38.75,0.00,0.00,17.914,0.118,-6.896,11.018,18.032,0.00,0.00,0.00,0.00,0.00,0.00,0.00,0.00,0.00,0.00,0.00,0.00,0.00,0.00,0.00,0.00,0.00
20650,DL:0.1.0:AT.1.0.0,2022-3-4 21:39:45,38.75,0.00,0.00,17.909,0.123,-6.890,11.019,18.032,0.00,0.00,0.00,0.00,0.00,0.00,0.00,0.00,0.00,0.00,0.00,0.00,0.00,0.00,0.00,0.00,0.00
20650,DL:0.1.0:AT.1.0.0,2022-3-4 21:39:53,38.75,0.00,0.00,17.909,0.124,-6.890,11.019,18.033,0.00,0.00,0.00,0.00,0.00,0.00,0.00,0.00,0.00,0.00,0.00,0.00,0.00,0.00,0.00,0.00,0.00
20650,DL:0.1.0:AT.1.0.0,2022-3-4 21:39:58,38.75,0.00,0.00,17.914,0.119,-6.895,11.019,18.033,0.00,0.00,0.00,0.00,0.00,0.00,0.00,0.00,0.00,0.00,0.00,0.00,0.00,0.00,0.00,0.00,0.00
20650,DL:0.1.0:AT.1.0.0,2022-3-4 21:40:3,38.75,0.00,0.00,17.915,0.117,-6.896,11.019,18.032,0.00,0.00,0.00,0.00,0.00,0.00,0.00,0.00,0.00,0.00,0.00,0.00,0.00,0.00,0.00,0.00,0.00
20650,DL:0.1.0:AT.1.0.0,2022-3-4 21:40:10,38.75,0.00,0.00,17.880,0.153,-6.861,11.019,18.033,0.00,0.00,0.00,0.00,0.00,0.00,0.00,0.00,0.00,0.00,0.00,0.00,0.00,0.00,0.00,0.00,0.00
20650,DL:0.1.0:AT.1.0.0,2022-3-4 21:40:17,38.75,0.00,0.00,17.926,0.107,-6.907,11.019,18.033,0.00,0.00,0.00,0.00,0.00,0.00,0.00,0.00,0.00,0.00,0.00,0.00,0.00,0.00,0.00,0.00,0.00
20650,DL:0.1.0:AT.1.0.0,2022-3-4 21:40:23,38.75,0.00,0.00,17.879,0.155,-6.860,11.019,18.034,0.00,0.00,0.00,0.00,0.00,0.00,0.00,0.00,0.00,0.00,0.00,0.00,0.00,0.00,0.00,0.00,0.00
20650,DL:0.1.0:AT.1.0.0,2022-3-4 21:40:34,38.75,0.00,0.00,17.890,0.143,-6.872,11.018,18.033,0.00,0.00,0.00,0.00,0.00,0.00,0.00,0.00,0.00,0.00,0.00,0.00,0.00,0.00,0.00,0.00,0.00
20650,DL:0.1.0:AT.1.0.0,2022-3-4 21:40:41,38.75,0.00,0.00,17.892,0.142,-6.875,11.018,18.034,0.00,0.00,0.00,0.00,0.00,0.00,0.00,0.00,0.00,0.00,0.00,0.00,0.00,0.00,0.00,0.00,0.00
20650,DL:0.1.0:AT.1.0.0,2022-3-4 21:40:46,38.75,0.00,0.00,17.910,0.124,-6.893,11.018,18.034,0.00,0.00,0.00,0.00,0.00,0.00,0.00,0.00,0.00,0.00,0.00,0.00,0.00,0.00,0.00,0.00,0.00
20650,DL:0.1.0:AT.1.0.0,2022-3-4 21:40:51,38.75,0.00,0.00,17.927,0.107,-6.909,11.018,18.034,0.00,0.00,0.00,0.00,0.00,0.00,0.00,0.00,0.00,0.00,0.00,0.00,0.00,0.00,0.00,0.00,0.00
20650,DL:0.1.0:AT.1.0.0,2022-3-4 21:40:56,38.75,0.00,0.00,17.895,0.139,-6.877,11.018,18.034,0.00,0.00,0.00,0.00,0.00,0.00,0.00,0.00,0.00,0.00,0.00,0.00,0.00,0.00,0.00,0.00,0.00
20650,DL:0.1.0:AT.1.0.0,2022-3-4 21:41:2,38.75,0.00,0.00,17.906,0.129,-6.889,11.017,18.034,0.00,0.00,0.00,0.00,0.00,0.00,0.00,0.00,0.00,0.00,0.00,0.00,0.00,0.00,0.00,0.00,0.00
20650,DL:0.1.0:AT.1.0.0,2022-3-4 21:41:8,38.75,0.00,0.00,17.930,0.105,-6.913,11.017,18.034,0.00,0.00,0.00,0.00,0.00,0.00,0.00,0.00,0.00,0.00,0.00,0.00,0.00,0.00,0.00,0.00,0.00
20650,DL:0.1.0:AT.1.0.0,2022-3-4 21:41:13,38.75,0.00,0.00,17.943,0.093,-6.926,11.017,18.035,0.00,0.00,0.00,0.00,0.00,0.00,0.00,0.00,0.00,0.00,0.00,0.00,0.00,0.00,0.00,0.00,0.00
20650,DL:0.1.0:AT.1.0.0,2022-3-4 21:41:18,38.75,0.00,0.00,17.913,0.123,-6.896,11.017,18.035,0.00,0.00,0.00,0.00,0.00,0.00,0.00,0.00,0.00,0.00,0.00,0.00,0.00,0.00,0.00,0.00,0.00
20650,DL:0.1.0:AT.1.0.0,2022-3-4 21:41:25,38.75,0.00,0.00,17.907,0.129,-6.891,11.015,18.035,0.00,0.00,0.00,0.00,0.00,0.00,0.00,0.00,0.00,0.00,0.00,0.00,0.00,0.00,0.00,0.00,0.00
20650,DL:0.1.0:AT.1.0.0,2022-3-4 21:41:33,38.75,0.00,0.00,17.915,0.120,-6.901,11.014,18.035,0.00,0.00,0.00,0.00,0.00,0.00,0.00,0.00,0.00,0.00,0.00,0.00,0.00,0.00,0.00,0.00,0.00
20650,DL:0.1.0:AT.1.0.0,2022-3-4 21:41:39,38.75,0.00,0.00,17.910,0.125,-6.896,11.014,18.035,0.00,0.00,0.00,0.00,0.00,0.00,0.00,0.00,0.00,0.00,0.00,0.00,0.00,0.00,0.00,0.00,0.00
20650,DL:0.1.0:AT.1.0.0,2022-3-4 21:41:46,38.75,0.00,0.00,17.909,0.126,-6.895,11.014,18.035,0.00,0.00,0.00,0.00,0.00,0.00,0.00,0.00,0.00,0.00,0.00,0.00,0.00,0.00,0.00,0.00,0.00
20650,DL:0.1.0:AT.1.0.0,2022-3-4 21:41:52,38.75,0.00,0.00,17.933,0.103,-6.919,11.014,18.037,0.00,0.00,0.00,0.00,0.00,0.00,0.00,0.00,0.00,0.00,0.00,0.00,0.00,0.00,0.00,0.00,0.00
20650,DL:0.1.0:AT.1.0.0,2022-3-4 21:41:58,38.75,0.00,0.00,17.907,0.130,-6.893,11.014,18.037,0.00,0.00,0.00,0.00,0.00,0.00,0.00,0.00,0.00,0.00,0.00,0.00,0.00,0.00,0.00,0.00,0.00
20650,DL:0.1.0:AT.1.0.0,2022-3-4 21:42:6,38.75,0.00,0.00,17.879,0.157,-6.866,11.013,18.037,0.00,0.00,0.00,0.00,0.00,0.00,0.00,0.00,0.00,0.00,0.00,0.00,0.00,0.00,0.00,0.00,0.00
20650,DL:0.1.0:AT.1.0.0,2022-3-4 21:42:13,38.75,0.00,0.00,17.900,0.137,-6.888,11.012,18.037,0.00,0.00,0.00,0.00,0.00,0.00,0.00,0.00,0.00,0.00,0.00,0.00,0.00,0.00,0.00,0.00,0.00
20650,DL:0.1.0:AT.1.0.0,2022-3-4 21:42:18,38.75,0.00,0.00,17.922,0.115,-6.911,11.012,18.038,0.00,0.00,0.00,0.00,0.00,0.00,0.00,0.00,0.00,0.00,0.00,0.00,0.00,0.00,0.00,0.00,0.00
20650,DL:0.1.0:AT.1.0.0,2022-3-4 21:42:23,38.75,0.00,0.00,17.925,0.113,-6.913,11.012,18.038,0.00,0.00,0.00,0.00,0.00,0.00,0.00,0.00,0.00,0.00,0.00,0.00,0.00,0.00,0.00,0.00,0.00
20650,DL:0.1.0:AT.1.0.0,2022-3-4 21:42:30,38.75,0.00,0.00,17.912,0.126,-6.900,11.012,18.038,0.00,0.00,0.00,0.00,0.00,0.00,0.00,0.00,0.00,0.00,0.00,0.00,0.00,0.00,0.00,0.00,0.00
20650,DL:0.1.0:AT.1.0.0,2022-3-4 21:42:35,38.75,0.00,0.00,17.916,0.121,-6.906,11.011,18.038,0.00,0.00,0.00,0.00,0.00,0.00,0.00,0.00,0.00,0.00,0.00,0.00,0.00,0.00,0.00,0.00,0.00
20650,DL:0.1.0:AT.1.0.0,2022-3-4 21:42:40,38.75,0.00,0.00,17.934,0.103,-6.924,11.011,18.038,0.00,0.00,0.00,0.00,0.00,0.00,0.00,0.00,0.00,0.00,0.00,0.00,0.00,0.00,0.00,0.00,0.00
20650,DL:0.1.0:AT.1.0.0,2022-3-4 21:42:47,38.75,0.00,0.00,17.901,0.139,-6.891,11.009,18.040,0.00,0.00,0.00,0.00,0.00,0.00,0.00,0.00,0.00,0.00,0.00,0.00,0.00,0.00,0.00,0.00,0.00
20650,DL:0.1.0:AT.1.0.0,2022-3-4 21:42:54,38.75,0.00,0.00,17.901,0.138,-6.891,11.009,18.039,0.00,0.00,0.00,0.00,0.00,0.00,0.00,0.00,0.00,0.00,0.00,0.00,0.00,0.00,0.00,0.00,0.00
20650,DL:0.1.0:AT.1.0.0,2022-3-4 21:42:59,38.75,0.00,0.00,17.907,0.132,-6.899,11.008,18.039,0.00,0.00,0.00,0.00,0.00,0.00,0.00,0.00,0.00,0.00,0.00,0.00,0.00,0.00,0.00,0.00,0.00
20650,DL:0.1.0:AT.1.0.0,2022-3-4 21:43:5,38.75,0.00,0.00,17.930,0.109,-6.921,11.008,18.039,0.00,0.00,0.00,0.00,0.00,0.00,0.00,0.00,0.00,0.00,0.00,0.00,0.00,0.00,0.00,0.00,0.00
20650,DL:0.1.0:AT.1.0.0,2022-3-4 21:43:11,38.75,0.00,0.00,17.909,0.130,-6.900,11.009,18.039,0.00,0.00,0.00,0.00,0.00,0.00,0.00,0.00,0.00,0.00,0.00,0.00,0.00,0.00,0.00,0.00,0.00
20650,DL:0.1.0:AT.1.0.0,2022-3-4 21:43:17,38.75,0.00,0.00,17.895,0.145,-6.887,11.008,18.040,0.00,0.00,0.00,0.00,0.00,0.00,0.00,0.00,0.00,0.00,0.00,0.00,0.00,0.00,0.00,0.00,0.00
20650,DL:0.1.0:AT.1.0.0,2022-3-4 21:43:24,38.75,0.00,0.00,17.885,0.156,-6.878,11.007,18.041,0.00,0.00,0.00,0.00,0.00,0.00,0.00,0.00,0.00,0.00,0.00,0.00,0.00,0.00,0.00,0.00,0.00
20650,DL:0.1.0:AT.1.0.0,2022-3-4 21:43:31,38.75,0.00,0.00,17.896,0.145,-6.889,11.007,18.041,0.00,0.00,0.00,0.00,0.00,0.00,0.00,0.00,0.00,0.00,0.00,0.00,0.00,0.00,0.00,0.00,0.00
20650,DL:0.1.0:AT.1.0.0,2022-3-4 21:43:38,38.75,0.00,0.00,17.889,0.154,-6.882,11.007,18.043,0.00,0.00,0.00,0.00,0.00,0.00,0.00,0.00,0.00,0.00,0.00,0.00,0.00,0.00,0.00,0.00,0.00
20650,DL:0.1.0:AT.1.0.0,2022-3-4 21:43:43,38.75,0.00,0.00,17.889,0.154,-6.881,11.008,18.043,0.00,0.00,0.00,0.00,0.00,0.00,0.00,0.00,0.00,0.00,0.00,0.00,0.00,0.00,0.00,0.00,0.00
20650,DL:0.1.0:AT.1.0.0,2022-3-4 21:43:48,38.75,0.00,0.00,17.891,0.151,-6.884,11.007,18.043,0.00,0.00,0.00,0.00,0.00,0.00,0.00,0.00,0.00,0.00,0.00,0.00,0.00,0.00,0.00,0.00,0.00
20650,DL:0.1.0:AT.1.0.0,2022-3-4 21:43:55,38.75,0.00,0.00,17.892,0.150,-6.885,11.007,18.043,0.00,0.00,0.00,0.00,0.00,0.00,0.00,0.00,0.00,0.00,0.00,0.00,0.00,0.00,0.00,0.00,0.00
20650,DL:0.1.0:AT.1.0.0,2022-3-4 21:44:0,38.75,0.00,0.00,17.888,0.156,-6.879,11.008,18.044,0.00,0.00,0.00,0.00,0.00,0.00,0.00,0.00,0.00,0.00,0.00,0.00,0.00,0.00,0.00,0.00,0.00
20650,DL:0.1.0:AT.1.0.0,2022-3-4 21:44:9,38.75,0.00,0.00,17.912,0.131,-6.905,11.007,18.043,0.00,0.00,0.00,0.00,0.00,0.00,0.00,0.00,0.00,0.00,0.00,0.00,0.00,0.00,0.00,0.00,0.00
20650,DL:0.1.0:AT.1.0.0,2022-3-4 21:44:16,38.75,0.00,0.00,17.902,0.141,-6.895,11.007,18.043,0.00,0.00,0.00,0.00,0.00,0.00,0.00,0.00,0.00,0.00,0.00,0.00,0.00,0.00,0.00,0.00,0.00
20650,DL:0.1.0:AT.1.0.0,2022-3-4 21:44:23,38.75,0.00,0.00,17.888,0.156,-6.881,11.007,18.044,0.00,0.00,0.00,0.00,0.00,0.00,0.00,0.00,0.00,0.00,0.00,0.00,0.00,0.00,0.00,0.00,0.00
20650,DL:0.1.0:AT.1.0.0,2022-3-4 21:44:28,38.75,0.00,0.00,17.884,0.160,-6.878,11.006,18.044,0.00,0.00,0.00,0.00,0.00,0.00,0.00,0.00,0.00,0.00,0.00,0.00,0.00,0.00,0.00,0.00,0.00
20650,DL:0.1.0:AT.1.0.0,2022-3-4 21:44:33,38.75,0.00,0.00,17.873,0.171,-6.867,11.006,18.044,0.00,0.00,0.00,0.00,0.00,0.00,0.00,0.00,0.00,0.00,0.00,0.00,0.00,0.00,0.00,0.00,0.00
20650,DL:0.1.0:AT.1.0.0,2022-3-4 21:44:40,38.75,0.00,0.00,17.894,0.150,-6.888,11.006,18.044,0.00,0.00,0.00,0.00,0.00,0.00,0.00,0.00,0.00,0.00,0.00,0.00,0.00,0.00,0.00,0.00,0.00
20650,DL:0.1.0:AT.1.0.0,2022-3-4 21:44:46,38.75,0.00,0.00,17.909,0.135,-6.905,11.005,18.044,0.00,0.00,0.00,0.00,0.00,0.00,0.00,0.00,0.00,0.00,0.00,0.00,0.00,0.00,0.00,0.00,0.00
20650,DL:0.1.0:AT.1.0.0,2022-3-4 21:44:53,38.75,0.00,0.00,17.915,0.130,-6.911,11.005,18.045,0.00,0.00,0.00,0.00,0.00,0.00,0.00,0.00,0.00,0.00,0.00,0.00,0.00,0.00,0.00,0.00,0.00
20650,DL:0.1.0:AT.1.0.0,2022-3-4 21:45:0,38.75,0.00,0.00,17.906,0.139,-6.901,11.005,18.045,0.00,0.00,0.00,0.00,0.00,0.00,0.00,0.00,0.00,0.00,0.00,0.00,0.00,0.00,0.00,0.00,0.00
20650,DL:0.1.0:AT.1.0.0,2022-3-4 21:45:5,38.75,0.00,0.00,17.896,0.150,-6.893,11.003,18.046,0.00,0.00,0.00,0.00,0.00,0.00,0.00,0.00,0.00,0.00,0.00,0.00,0.00,0.00,0.00,0.00,0.00
20650,DL:0.1.0:AT.1.0.0,2022-3-4 21:45:10,38.75,0.00,0.00,17.930,0.118,-6.926,11.003,18.047,0.00,0.00,0.00,0.00,0.00,0.00,0.00,0.00,0.00,0.00,0.00,0.00,0.00,0.00,0.00,0.00,0.00
20650,DL:0.1.0:AT.1.0.0,2022-3-4 21:45:16,38.75,0.00,0.00,17.930,0.118,-6.926,11.003,18.047,0.00,0.00,0.00,0.00,0.00,0.00,0.00,0.00,0.00,0.00,0.00,0.00,0.00,0.00,0.00,0.00,0.00
20650,DL:0.1.0:AT.1.0.0,2022-3-4 21:45:21,38.75,0.00,0.00,17.932,0.114,-6.930,11.002,18.046,0.00,0.00,0.00,0.00,0.00,0.00,0.00,0.00,0.00,0.00,0.00,0.00,0.00,0.00,0.00,0.00,0.00
20650,DL:0.1.0:AT.1.0.0,2022-3-4 21:45:27,38.75,0.00,0.00,17.927,0.120,-6.925,11.002,18.047,0.00,0.00,0.00,0.00,0.00,0.00,0.00,0.00,0.00,0.00,0.00,0.00,0.00,0.00,0.00,0.00,0.00
20650,DL:0.1.0:AT.1.0.0,2022-3-4 21:45:34,38.75,0.00,0.00,17.918,0.131,-6.915,11.002,18.049,0.00,0.00,0.00,0.00,0.00,0.00,0.00,0.00,0.00,0.00,0.00,0.00,0.00,0.00,0.00,0.00,0.00
20650,DL:0.1.0:AT.1.0.0,2022-3-4 21:45:39,38.50,0.00,0.00,17.922,0.126,-6.920,11.002,18.049,0.00,0.00,0.00,0.00,0.00,0.00,0.00,0.00,0.00,0.00,0.00,0.00,0.00,0.00,0.00,0.00,0.00
20650,DL:0.1.0:AT.1.0.0,2022-3-4 21:45:45,38.50,0.00,0.00,17.931,0.118,-6.929,11.002,18.049,0.00,0.00,0.00,0.00,0.00,0.00,0.00,0.00,0.00,0.00,0.00,0.00,0.00,0.00,0.00,0.00,0.00
20650,DL:0.1.0:AT.1.0.0,2022-3-4 21:45:51,38.50,0.00,0.00,17.932,0.118,-6.931,11.001,18.050,0.00,0.00,0.00,0.00,0.00,0.00,0.00,0.00,0.00,0.00,0.00,0.00,0.00,0.00,0.00,0.00,0.00
20650,DL:0.1.0:AT.1.0.0,2022-3-4 21:45:58,38.50,0.00,0.00,17.918,0.132,-6.917,11.001,18.050,0.00,0.00,0.00,0.00,0.00,0.00,0.00,0.00,0.00,0.00,0.00,0.00,0.00,0.00,0.00,0.00,0.00
20650,DL:0.1.0:AT.1.0.0,2022-3-4 21:46:5,38.50,0.00,0.00,17.914,0.136,-6.914,11.000,18.050,0.00,0.00,0.00,0.00,0.00,0.00,0.00,0.00,0.00,0.00,0.00,0.00,0.00,0.00,0.00,0.00,0.00
20650,DL:0.1.0:AT.1.0.0,2022-3-4 21:46:10,38.50,0.00,0.00,17.904,0.147,-6.905,11.000,18.051,0.00,0.00,0.00,0.00,0.00,0.00,0.00,0.00,0.00,0.00,0.00,0.00,0.00,0.00,0.00,0.00,0.00
20650,DL:0.1.0:AT.1.0.0,2022-3-4 21:46:15,38.50,0.00,0.00,17.922,0.129,-6.923,11.000,18.051,0.00,0.00,0.00,0.00,0.00,0.00,0.00,0.00,0.00,0.00,0.00,0.00,0.00,0.00,0.00,0.00,0.00
20650,DL:0.1.0:AT.1.0.0,2022-3-4 21:46:22,38.50,0.00,0.00,17.933,0.118,-6.935,10.999,18.051,0.00,0.00,0.00,0.00,0.00,0.00,0.00,0.00,0.00,0.00,0.00,0.00,0.00,0.00,0.00,0.00,0.00
20650,DL:0.1.0:AT.1.0.0,2022-3-4 21:46:29,38.50,0.00,0.00,17.915,0.136,-6.917,10.999,18.051,0.00,0.00,0.00,0.00,0.00,0.00,0.00,0.00,0.00,0.00,0.00,0.00,0.00,0.00,0.00,0.00,0.00
20650,DL:0.1.0:AT.1.0.0,2022-3-4 21:46:37,38.50,0.00,0.00,17.883,0.169,-6.885,10.997,18.052,0.00,0.00,0.00,0.00,0.00,0.00,0.00,0.00,0.00,0.00,0.00,0.00,0.00,0.00,0.00,0.00,0.00
20650,DL:0.1.0:AT.1.0.0,2022-3-4 21:46:43,38.50,0.00,0.00,17.897,0.155,-6.900,10.997,18.052,0.00,0.00,0.00,0.00,0.00,0.00,0.00,0.00,0.00,0.00,0.00,0.00,0.00,0.00,0.00,0.00,0.00
20650,DL:0.1.0:AT.1.0.0,2022-3-4 21:46:49,38.50,0.00,0.00,17.912,0.141,-6.915,10.996,18.052,0.00,0.00,0.00,0.00,0.00,0.00,0.00,0.00,0.00,0.00,0.00,0.00,0.00,0.00,0.00,0.00,0.00
20650,DL:0.1.0:AT.1.0.0,2022-3-4 21:46:56,38.50,0.00,0.00,17.936,0.118,-6.938,10.997,18.053,0.00,0.00,0.00,0.00,0.00,0.00,0.00,0.00,0.00,0.00,0.00,0.00,0.00,0.00,0.00,0.00,0.00
20650,DL:0.1.0:AT.1.0.0,2022-3-4 21:47:3,38.50,0.00,0.00,17.921,0.132,-6.926,10.995,18.053,0.00,0.00,0.00,0.00,0.00,0.00,0.00,0.00,0.00,0.00,0.00,0.00,0.00,0.00,0.00,0.00,0.00
20650,DL:0.1.0:AT.1.0.0,2022-3-4 21:47:8,38.50,0.00,0.00,17.906,0.148,-6.909,10.996,18.053,0.00,0.00,0.00,0.00,0.00,0.00,0.00,0.00,0.00,0.00,0.00,0.00,0.00,0.00,0.00,0.00,0.00
20650,DL:0.1.0:AT.1.0.0,2022-3-4 21:47:13,38.50,0.00,0.00,17.883,0.171,-6.888,10.995,18.053,0.00,0.00,0.00,0.00,0.00,0.00,0.00,0.00,0.00,0.00,0.00,0.00,0.00,0.00,0.00,0.00,0.00
20650,DL:0.1.0:AT.1.0.0,2022-3-4 21:47:20,38.50,0.00,0.00,17.910,0.143,-6.915,10.995,18.053,0.00,0.00,0.00,0.00,0.00,0.00,0.00,0.00,0.00,0.00,0.00,0.00,0.00,0.00,0.00,0.00,0.00
20650,DL:0.1.0:AT.1.0.0,2022-3-4 21:47:27,38.50,0.00,0.00,17.906,0.148,-6.911,10.995,18.053,0.00,0.00,0.00,0.00,0.00,0.00,0.00,0.00,0.00,0.00,0.00,0.00,0.00,0.00,0.00,0.00,0.00
20650,DL:0.1.0:AT.1.0.0,2022-3-4 21:47:32,38.50,0.00,0.00,17.906,0.149,-6.912,10.994,18.055,0.00,0.00,0.00,0.00,0.00,0.00,0.00,0.00,0.00,0.00,0.00,0.00,0.00,0.00,0.00,0.00,0.00
20650,DL:0.1.0:AT.1.0.0,2022-3-4 21:47:39,38.50,0.00,0.00,17.910,0.144,-6.917,10.994,18.055,0.00,0.00,0.00,0.00,0.00,0.00,0.00,0.00,0.00,0.00,0.00,0.00,0.00,0.00,0.00,0.00,0.00
20650,DL:0.1.0:AT.1.0.0,2022-3-4 21:47:44,38.50,0.00,0.00,17.879,0.175,-6.885,10.994,18.055,0.00,0.00,0.00,0.00,0.00,0.00,0.00,0.00,0.00,0.00,0.00,0.00,0.00,0.00,0.00,0.00,0.00
20650,DL:0.1.0:AT.1.0.0,2022-3-4 21:47:51,38.50,0.00,0.00,17.886,0.168,-6.893,10.994,18.055,0.00,0.00,0.00,0.00,0.00,0.00,0.00,0.00,0.00,0.00,0.00,0.00,0.00,0.00,0.00,0.00,0.00
20650,DL:0.1.0:AT.1.0.0,2022-3-4 21:47:58,38.50,0.00,0.00,17.900,0.156,-6.907,10.993,18.056,0.00,0.00,0.00,0.00,0.00,0.00,0.00,0.00,0.00,0.00,0.00,0.00,0.00,0.00,0.00,0.00,0.00
20650,DL:0.1.0:AT.1.0.0,2022-3-4 21:48:5,38.50,0.00,0.00,17.903,0.153,-6.911,10.993,18.056,0.00,0.00,0.00,0.00,0.00,0.00,0.00,0.00,0.00,0.00,0.00,0.00,0.00,0.00,0.00,0.00,0.00
20650,DL:0.1.0:AT.1.0.0,2022-3-4 21:48:10,38.50,0.00,0.00,17.895,0.161,-6.903,10.991,18.056,0.00,0.00,0.00,0.00,0.00,0.00,0.00,0.00,0.00,0.00,0.00,0.00,0.00,0.00,0.00,0.00,0.00
20650,DL:0.1.0:AT.1.0.0,2022-3-4 21:48:15,38.50,0.00,0.00,17.909,0.147,-6.918,10.991,18.056,0.00,0.00,0.00,0.00,0.00,0.00,0.00,0.00,0.00,0.00,0.00,0.00,0.00,0.00,0.00,0.00,0.00
20650,DL:0.1.0:AT.1.0.0,2022-3-4 21:48:22,38.50,0.00,0.00,17.892,0.165,-6.901,10.991,18.057,0.00,0.00,0.00,0.00,0.00,0.00,0.00,0.00,0.00,0.00,0.00,0.00,0.00,0.00,0.00,0.00,0.00
20650,DL:0.1.0:AT.1.0.0,2022-3-4 21:48:29,38.50,0.00,0.00,17.898,0.159,-6.907,10.991,18.057,0.00,0.00,0.00,0.00,0.00,0.00,0.00,0.00,0.00,0.00,0.00,0.00,0.00,0.00,0.00,0.00,0.00
20650,DL:0.1.0:AT.1.0.0,2022-3-4 21:48:34,38.50,0.00,0.00,17.897,0.161,-6.907,10.990,18.058,0.00,0.00,0.00,0.00,0.00,0.00,0.00,0.00,0.00,0.00,0.00,0.00,0.00,0.00,0.00,0.00,0.00
20650,DL:0.1.0:AT.1.0.0,2022-3-4 21:48:40,38.50,0.00,0.00,17.878,0.179,-6.887,10.991,18.057,0.00,0.00,0.00,0.00,0.00,0.00,0.00,0.00,0.00,0.00,0.00,0.00,0.00,0.00,0.00,0.00,0.00
20650,DL:0.1.0:AT.1.0.0,2022-3-4 21:48:46,38.50,0.00,0.00,17.883,0.175,-6.894,10.989,18.058,0.00,0.00,0.00,0.00,0.00,0.00,0.00,0.00,0.00,0.00,0.00,0.00,0.00,0.00,0.00,0.00,0.00
20650,DL:0.1.0:AT.1.0.0,2022-3-4 21:48:52,38.50,0.00,0.00,17.890,0.168,-6.900,10.990,18.058,0.00,0.00,0.00,0.00,0.00,0.00,0.00,0.00,0.00,0.00,0.00,0.00,0.00,0.00,0.00,0.00,0.00
20650,DL:0.1.0:AT.1.0.0,2022-3-4 21:48:59,38.50,0.00,0.00,17.902,0.156,-6.912,10.990,18.058,0.00,0.00,0.00,0.00,0.00,0.00,0.00,0.00,0.00,0.00,0.00,0.00,0.00,0.00,0.00,0.00,0.00
20650,DL:0.1.0:AT.1.0.0,2022-3-4 21:49:6,38.50,0.00,0.00,17.896,0.162,-6.907,10.989,18.058,0.00,0.00,0.00,0.00,0.00,0.00,0.00,0.00,0.00,0.00,0.00,0.00,0.00,0.00,0.00,0.00,0.00
20650,DL:0.1.0:AT.1.0.0,2022-3-4 21:49:14,38.50,0.00,0.00,17.902,0.157,-6.913,10.989,18.059,0.00,0.00,0.00,0.00,0.00,0.00,0.00,0.00,0.00,0.00,0.00,0.00,0.00,0.00,0.00,0.00,0.00
20650,DL:0.1.0:AT.1.0.0,2022-3-4 21:49:20,38.50,0.00,0.00,17.884,0.175,-6.896,10.988,18.059,0.00,0.00,0.00,0.00,0.00,0.00,0.00,0.00,0.00,0.00,0.00,0.00,0.00,0.00,0.00,0.00,0.00
20650,DL:0.1.0:AT.1.0.0,2022-3-4 21:49:27,38.50,0.00,0.00,17.897,0.162,-6.909,10.988,18.059,0.00,0.00,0.00,0.00,0.00,0.00,0.00,0.00,0.00,0.00,0.00,0.00,0.00,0.00,0.00,0.00,0.00
20650,DL:0.1.0:AT.1.0.0,2022-3-4 21:49:32,38.50,0.00,0.00,17.882,0.178,-6.894,10.988,18.059,0.00,0.00,0.00,0.00,0.00,0.00,0.00,0.00,0.00,0.00,0.00,0.00,0.00,0.00,0.00,0.00,0.00
20650,DL:0.1.0:AT.1.0.0,2022-3-4 21:49:37,38.50,0.00,0.00,17.892,0.167,-6.906,10.987,18.059,0.00,0.00,0.00,0.00,0.00,0.00,0.00,0.00,0.00,0.00,0.00,0.00,0.00,0.00,0.00,0.00,0.00
20650,DL:0.1.0:AT.1.0.0,2022-3-4 21:49:42,38.50,0.00,0.00,17.904,0.156,-6.918,10.987,18.061,0.00,0.00,0.00,0.00,0.00,0.00,0.00,0.00,0.00,0.00,0.00,0.00,0.00,0.00,0.00,0.00,0.00
20650,DL:0.1.0:AT.1.0.0,2022-3-4 21:49:47,38.50,0.00,0.00,17.909,0.151,-6.923,10.987,18.061,0.00,0.00,0.00,0.00,0.00,0.00,0.00,0.00,0.00,0.00,0.00,0.00,0.00,0.00,0.00,0.00,0.00
20650,DL:0.1.0:AT.1.0.0,2022-3-4 21:49:54,38.50,0.00,0.00,17.897,0.163,-6.912,10.985,18.061,0.00,0.00,0.00,0.00,0.00,0.00,0.00,0.00,0.00,0.00,0.00,0.00,0.00,0.00,0.00,0.00,0.00
20650,DL:0.1.0:AT.1.0.0,2022-3-4 21:50:1,38.50,0.00,0.00,17.913,0.148,-6.926,10.987,18.061,0.00,0.00,0.00,0.00,0.00,0.00,0.00,0.00,0.00,0.00,0.00,0.00,0.00,0.00,0.00,0.00,0.00
20650,DL:0.1.0:AT.1.0.0,2022-3-4 21:50:8,38.50,0.00,0.00,17.920,0.141,-6.935,10.985,18.061,0.00,0.00,0.00,0.00,0.00,0.00,0.00,0.00,0.00,0.00,0.00,0.00,0.00,0.00,0.00,0.00,0.00
20650,DL:0.1.0:AT.1.0.0,2022-3-4 21:50:15,38.50,0.00,0.00,17.884,0.177,-6.897,10.987,18.061,0.00,0.00,0.00,0.00,0.00,0.00,0.00,0.00,0.00,0.00,0.00,0.00,0.00,0.00,0.00,0.00,0.00
20650,DL:0.1.0:AT.1.0.0,2022-3-4 21:50:24,38.50,0.00,0.00,17.873,0.187,-6.888,10.985,18.061,0.00,0.00,0.00,0.00,0.00,0.00,0.00,0.00,0.00,0.00,0.00,0.00,0.00,0.00,0.00,0.00,0.00
20650,DL:0.1.0:AT.1.0.0,2022-3-4 21:50:34,38.50,0.00,0.00,17.885,0.177,-6.901,10.984,18.062,0.00,0.00,0.00,0.00,0.00,0.00,0.00,0.00,0.00,0.00,0.00,0.00,0.00,0.00,0.00,0.00,0.00
20650,DL:0.1.0:AT.1.0.0,2022-3-4 21:50:40,38.50,0.00,0.00,17.894,0.168,-6.909,10.984,18.062,0.00,0.00,0.00,0.00,0.00,0.00,0.00,0.00,0.00,0.00,0.00,0.00,0.00,0.00,0.00,0.00,0.00
20650,DL:0.1.0:AT.1.0.0,2022-3-4 21:50:46,38.50,0.00,0.00,17.900,0.163,-6.917,10.983,18.063,0.00,0.00,0.00,0.00,0.00,0.00,0.00,0.00,0.00,0.00,0.00,0.00,0.00,0.00,0.00,0.00,0.00
20650,DL:0.1.0:AT.1.0.0,2022-3-4 21:50:52,38.50,0.00,0.00,17.877,0.186,-6.893,10.984,18.063,0.00,0.00,0.00,0.00,0.00,0.00,0.00,0.00,0.00,0.00,0.00,0.00,0.00,0.00,0.00,0.00,0.00
20650,DL:0.1.0:AT.1.0.0,2022-3-4 21:50:59,38.50,0.00,0.00,17.895,0.168,-6.912,10.983,18.063,0.00,0.00,0.00,0.00,0.00,0.00,0.00,0.00,0.00,0.00,0.00,0.00,0.00,0.00,0.00,0.00,0.00
20650,DL:0.1.0:AT.1.0.0,2022-3-4 21:51:6,38.50,0.00,0.00,17.880,0.183,-6.897,10.983,18.063,0.00,0.00,0.00,0.00,0.00,0.00,0.00,0.00,0.00,0.00,0.00,0.00,0.00,0.00,0.00,0.00,0.00
20650,DL:0.1.0:AT.1.0.0,2022-3-4 21:51:12,38.50,0.00,0.00,17.872,0.192,-6.889,10.983,18.064,0.00,0.00,0.00,0.00,0.00,0.00,0.00,0.00,0.00,0.00,0.00,0.00,0.00,0.00,0.00,0.00,0.00
20650,DL:0.1.0:AT.1.0.0,2022-3-4 21:51:17,38.50,0.00,0.00,17.888,0.177,-6.905,10.983,18.064,0.00,0.00,0.00,0.00,0.00,0.00,0.00,0.00,0.00,0.00,0.00,0.00,0.00,0.00,0.00,0.00,0.00
20650,DL:0.1.0:AT.1.0.0,2022-3-4 21:51:23,38.50,0.00,0.00,17.890,0.174,-6.907,10.983,18.064,0.00,0.00,0.00,0.00,0.00,0.00,0.00,0.00,0.00,0.00,0.00,0.00,0.00,0.00,0.00,0.00,0.00
20650,DL:0.1.0:AT.1.0.0,2022-3-4 21:51:30,38.50,0.00,0.00,17.897,0.167,-6.915,10.982,18.064,0.00,0.00,0.00,0.00,0.00,0.00,0.00,0.00,0.00,0.00,0.00,0.00,0.00,0.00,0.00,0.00,0.00
20650,DL:0.1.0:AT.1.0.0,2022-3-4 21:51:37,38.50,0.00,0.00,17.886,0.179,-6.906,10.981,18.065,0.00,0.00,0.00,0.00,0.00,0.00,0.00,0.00,0.00,0.00,0.00,0.00,0.00,0.00,0.00,0.00,0.00
20650,DL:0.1.0:AT.1.0.0,2022-3-4 21:51:43,38.50,0.00,0.00,17.872,0.195,-6.890,10.982,18.067,0.00,0.00,0.00,0.00,0.00,0.00,0.00,0.00,0.00,0.00,0.00,0.00,0.00,0.00,0.00,0.00,0.00
20650,DL:0.1.0:AT.1.0.0,2022-3-4 21:51:48,38.50,0.00,0.00,17.879,0.187,-6.899,10.981,18.067,0.00,0.00,0.00,0.00,0.00,0.00,0.00,0.00,0.00,0.00,0.00,0.00,0.00,0.00,0.00,0.00,0.00
20650,DL:0.1.0:AT.1.0.0,2022-3-4 21:51:54,38.50,0.00,0.00,17.861,0.207,-6.881,10.981,18.068,0.00,0.00,0.00,0.00,0.00,0.00,0.00,0.00,0.00,0.00,0.00,0.00,0.00,0.00,0.00,0.00,0.00
20650,DL:0.1.0:AT.1.0.0,2022-3-4 21:52:1,38.50,0.00,0.00,17.872,0.196,-6.893,10.979,18.068,0.00,0.00,0.00,0.00,0.00,0.00,0.00,0.00,0.00,0.00,0.00,0.00,0.00,0.00,0.00,0.00,0.00
20650,DL:0.1.0:AT.1.0.0,2022-3-4 21:52:7,38.50,0.00,0.00,17.877,0.191,-6.897,10.979,18.068,0.00,0.00,0.00,0.00,0.00,0.00,0.00,0.00,0.00,0.00,0.00,0.00,0.00,0.00,0.00,0.00,0.00
20650,DL:0.1.0:AT.1.0.0,2022-3-4 21:52:14,38.50,0.00,0.00,17.885,0.184,-6.906,10.979,18.069,0.00,0.00,0.00,0.00,0.00,0.00,0.00,0.00,0.00,0.00,0.00,0.00,0.00,0.00,0.00,0.00,0.00
20650,DL:0.1.0:AT.1.0.0,2022-3-4 21:52:21,38.50,0.00,0.00,17.866,0.202,-6.887,10.979,18.068,0.00,0.00,0.00,0.00,0.00,0.00,0.00,0.00,0.00,0.00,0.00,0.00,0.00,0.00,0.00,0.00,0.00
20650,DL:0.1.0:AT.1.0.0,2022-3-4 21:52:28,38.50,0.00,0.00,17.866,0.202,-6.887,10.979,18.068,0.00,0.00,0.00,0.00,0.00,0.00,0.00,0.00,0.00,0.00,0.00,0.00,0.00,0.00,0.00,0.00,0.00
20650,DL:0.1.0:AT.1.0.0,2022-3-4 21:52:35,38.50,0.00,0.00,17.866,0.202,-6.888,10.978,18.068,0.00,0.00,0.00,0.00,0.00,0.00,0.00,0.00,0.00,0.00,0.00,0.00,0.00,0.00,0.00,0.00,0.00
20650,DL:0.1.0:AT.1.0.0,2022-3-4 21:52:42,38.50,0.00,0.00,17.865,0.204,-6.887,10.978,18.069,0.00,0.00,0.00,0.00,0.00,0.00,0.00,0.00,0.00,0.00,0.00,0.00,0.00,0.00,0.00,0.00,0.00
20650,DL:0.1.0:AT.1.0.0,2022-3-4 21:52:49,38.50,0.00,0.00,17.874,0.195,-6.896,10.978,18.069,0.00,0.00,0.00,0.00,0.00,0.00,0.00,0.00,0.00,0.00,0.00,0.00,0.00,0.00,0.00,0.00,0.00
20650,DL:0.1.0:AT.1.0.0,2022-3-4 21:52:55,38.50,0.00,0.00,17.884,0.185,-6.905,10.979,18.069,0.00,0.00,0.00,0.00,0.00,0.00,0.00,0.00,0.00,0.00,0.00,0.00,0.00,0.00,0.00,0.00,0.00
20650,DL:0.1.0:AT.1.0.0,2022-3-4 21:53:2,38.50,0.00,0.00,17.867,0.203,-6.889,10.978,18.070,0.00,0.00,0.00,0.00,0.00,0.00,0.00,0.00,0.00,0.00,0.00,0.00,0.00,0.00,0.00,0.00,0.00
20650,DL:0.1.0:AT.1.0.0,2022-3-4 21:53:9,38.50,0.00,0.00,17.884,0.186,-6.906,10.978,18.070,0.00,0.00,0.00,0.00,0.00,0.00,0.00,0.00,0.00,0.00,0.00,0.00,0.00,0.00,0.00,0.00,0.00
20650,DL:0.1.0:AT.1.0.0,2022-3-4 21:53:16,38.50,0.00,0.00,17.876,0.195,-6.897,10.978,18.070,0.00,0.00,0.00,0.00,0.00,0.00,0.00,0.00,0.00,0.00,0.00,0.00,0.00,0.00,0.00,0.00,0.00
20650,DL:0.1.0:AT.1.0.0,2022-3-4 21:53:23,38.50,0.00,0.00,17.859,0.213,-6.882,10.977,18.071,0.00,0.00,0.00,0.00,0.00,0.00,0.00,0.00,0.00,0.00,0.00,0.00,0.00,0.00,0.00,0.00,0.00
20650,DL:0.1.0:AT.1.0.0,2022-3-4 21:53:28,38.50,0.00,0.00,17.883,0.187,-6.905,10.978,18.070,0.00,0.00,0.00,0.00,0.00,0.00,0.00,0.00,0.00,0.00,0.00,0.00,0.00,0.00,0.00,0.00,0.00
20650,DL:0.1.0:AT.1.0.0,2022-3-4 21:53:33,38.50,0.00,0.00,17.872,0.199,-6.895,10.977,18.071,0.00,0.00,0.00,0.00,0.00,0.00,0.00,0.00,0.00,0.00,0.00,0.00,0.00,0.00,0.00,0.00,0.00
20650,DL:0.1.0:AT.1.0.0,2022-3-4 21:53:40,38.50,0.00,0.00,17.870,0.202,-6.893,10.977,18.071,0.00,0.00,0.00,0.00,0.00,0.00,0.00,0.00,0.00,0.00,0.00,0.00,0.00,0.00,0.00,0.00,0.00
20650,DL:0.1.0:AT.1.0.0,2022-3-4 21:53:46,38.50,0.00,0.00,17.884,0.187,-6.907,10.977,18.071,0.00,0.00,0.00,0.00,0.00,0.00,0.00,0.00,0.00,0.00,0.00,0.00,0.00,0.00,0.00,0.00,0.00
20650,DL:0.1.0:AT.1.0.0,2022-3-4 21:53:51,38.50,0.00,0.00,17.847,0.224,-6.870,10.977,18.070,0.00,0.00,0.00,0.00,0.00,0.00,0.00,0.00,0.00,0.00,0.00,0.00,0.00,0.00,0.00,0.00,0.00
20650,DL:0.1.0:AT.1.0.0,2022-3-4 21:53:57,38.50,0.00,0.00,17.891,0.180,-6.917,10.975,18.071,0.00,0.00,0.00,0.00,0.00,0.00,0.00,0.00,0.00,0.00,0.00,0.00,0.00,0.00,0.00,0.00,0.00
20650,DL:0.1.0:AT.1.0.0,2022-3-4 21:54:4,38.50,0.00,0.00,17.877,0.195,-6.901,10.976,18.071,0.00,0.00,0.00,0.00,0.00,0.00,0.00,0.00,0.00,0.00,0.00,0.00,0.00,0.00,0.00,0.00,0.00
20650,DL:0.1.0:AT.1.0.0,2022-3-4 21:54:10,38.50,0.00,0.00,17.859,0.213,-6.884,10.975,18.071,0.00,0.00,0.00,0.00,0.00,0.00,0.00,0.00,0.00,0.00,0.00,0.00,0.00,0.00,0.00,0.00,0.00
20650,DL:0.1.0:AT.1.0.0,2022-3-4 21:54:17,38.50,0.00,0.00,17.876,0.197,-6.901,10.975,18.073,0.00,0.00,0.00,0.00,0.00,0.00,0.00,0.00,0.00,0.00,0.00,0.00,0.00,0.00,0.00,0.00,0.00
20650,DL:0.1.0:AT.1.0.0,2022-3-4 21:54:22,38.50,0.00,0.00,17.890,0.181,-6.915,10.975,18.071,0.00,0.00,0.00,0.00,0.00,0.00,0.00,0.00,0.00,0.00,0.00,0.00,0.00,0.00,0.00,0.00,0.00
20650,DL:0.1.0:AT.1.0.0,2022-3-4 21:54:27,38.50,0.00,0.00,17.867,0.204,-6.894,10.973,18.071,0.00,0.00,0.00,0.00,0.00,0.00,0.00,0.00,0.00,0.00,0.00,0.00,0.00,0.00,0.00,0.00,0.00
20650,DL:0.1.0:AT.1.0.0,2022-3-4 21:54:34,38.50,0.00,0.00,17.859,0.214,-6.885,10.973,18.073,0.00,0.00,0.00,0.00,0.00,0.00,0.00,0.00,0.00,0.00,0.00,0.00,0.00,0.00,0.00,0.00,0.00
20650,DL:0.1.0:AT.1.0.0,2022-3-4 21:54:41,38.50,0.00,0.00,17.850,0.222,-6.878,10.972,18.073,0.00,0.00,0.00,0.00,0.00,0.00,0.00,0.00,0.00,0.00,0.00,0.00,0.00,0.00,0.00,0.00,0.00
20650,DL:0.1.0:AT.1.0.0,2022-3-4 21:54:48,38.50,0.00,0.00,17.880,0.192,-6.908,10.972,18.073,0.00,0.00,0.00,0.00,0.00,0.00,0.00,0.00,0.00,0.00,0.00,0.00,0.00,0.00,0.00,0.00,0.00
20650,DL:0.1.0:AT.1.0.0,2022-3-4 21:54:55,38.50,0.00,0.00,17.884,0.189,-6.912,10.972,18.073,0.00,0.00,0.00,0.00,0.00,0.00,0.00,0.00,0.00,0.00,0.00,0.00,0.00,0.00,0.00,0.00,0.00
20650,DL:0.1.0:AT.1.0.0,2022-3-4 21:55:4,38.50,0.00,0.00,17.891,0.181,-6.919,10.972,18.073,0.00,0.00,0.00,0.00,0.00,0.00,0.00,0.00,0.00,0.00,0.00,0.00,0.00,0.00,0.00,0.00,0.00
20650,DL:0.1.0:AT.1.0.0,2022-3-4 21:55:12,38.50,0.00,0.00,17.870,0.203,-6.897,10.972,18.073,0.00,0.00,0.00,0.00,0.00,0.00,0.00,0.00,0.00,0.00,0.00,0.00,0.00,0.00,0.00,0.00,0.00
20650,DL:0.1.0:AT.1.0.0,2022-3-4 21:55:19,38.50,0.00,0.00,17.873,0.199,-6.902,10.971,18.073,0.00,0.00,0.00,0.00,0.00,0.00,0.00,0.00,0.00,0.00,0.00,0.00,0.00,0.00,0.00,0.00,0.00
20650,DL:0.1.0:AT.1.0.0,2022-3-4 21:55:24,38.50,0.00,0.00,17.873,0.201,-6.902,10.971,18.074,0.00,0.00,0.00,0.00,0.00,0.00,0.00,0.00,0.00,0.00,0.00,0.00,0.00,0.00,0.00,0.00,0.00
20650,DL:0.1.0:AT.1.0.0,2022-3-4 21:55:29,38.50,0.00,0.00,17.872,0.202,-6.902,10.970,18.074,0.00,0.00,0.00,0.00,0.00,0.00,0.00,0.00,0.00,0.00,0.00,0.00,0.00,0.00,0.00,0.00,0.00
20650,DL:0.1.0:AT.1.0.0,2022-3-4 21:55:34,38.50,0.00,0.00,17.892,0.181,-6.923,10.970,18.074,0.00,0.00,0.00,0.00,0.00,0.00,0.00,0.00,0.00,0.00,0.00,0.00,0.00,0.00,0.00,0.00,0.00
20650,DL:0.1.0:AT.1.0.0,2022-3-4 21:55:39,38.50,0.00,0.00,17.867,0.207,-6.897,10.970,18.074,0.00,0.00,0.00,0.00,0.00,0.00,0.00,0.00,0.00,0.00,0.00,0.00,0.00,0.00,0.00,0.00,0.00
20650,DL:0.1.0:AT.1.0.0,2022-3-4 21:55:46,38.50,0.00,0.00,17.888,0.186,-6.918,10.970,18.074,0.00,0.00,0.00,0.00,0.00,0.00,0.00,0.00,0.00,0.00,0.00,0.00,0.00,0.00,0.00,0.00,0.00
20650,DL:0.1.0:AT.1.0.0,2022-3-4 21:55:51,38.50,0.00,0.00,17.883,0.191,-6.914,10.969,18.074,0.00,0.00,0.00,0.00,0.00,0.00,0.00,0.00,0.00,0.00,0.00,0.00,0.00,0.00,0.00,0.00,0.00
20650,DL:0.1.0:AT.1.0.0,2022-3-4 21:55:57,38.50,0.00,0.00,17.884,0.190,-6.915,10.969,18.074,0.00,0.00,0.00,0.00,0.00,0.00,0.00,0.00,0.00,0.00,0.00,0.00,0.00,0.00,0.00,0.00,0.00
20650,DL:0.1.0:AT.1.0.0,2022-3-4 21:56:3,38.50,0.00,0.00,17.892,0.181,-6.925,10.967,18.074,0.00,0.00,0.00,0.00,0.00,0.00,0.00,0.00,0.00,0.00,0.00,0.00,0.00,0.00,0.00,0.00,0.00
20650,DL:0.1.0:AT.1.0.0,2022-3-4 21:56:10,38.50,0.00,0.00,17.844,0.230,-6.876,10.969,18.074,0.00,0.00,0.00,0.00,0.00,0.00,0.00,0.00,0.00,0.00,0.00,0.00,0.00,0.00,0.00,0.00,0.00
20650,DL:0.1.0:AT.1.0.0,2022-3-4 21:56:17,38.50,0.00,0.00,17.891,0.183,-6.924,10.967,18.074,0.00,0.00,0.00,0.00,0.00,0.00,0.00,0.00,0.00,0.00,0.00,0.00,0.00,0.00,0.00,0.00,0.00
20650,DL:0.1.0:AT.1.0.0,2022-3-4 21:56:28,38.25,0.00,0.00,17.871,0.204,-6.905,10.966,18.075,0.00,0.00,0.00,0.00,0.00,0.00,0.00,0.00,0.00,0.00,0.00,0.00,0.00,0.00,0.00,0.00,0.00
20650,DL:0.1.0:AT.1.0.0,2022-3-4 21:56:33,38.25,0.00,0.00,17.868,0.207,-6.902,10.966,18.075,0.00,0.00,0.00,0.00,0.00,0.00,0.00,0.00,0.00,0.00,0.00,0.00,0.00,0.00,0.00,0.00,0.00
20650,DL:0.1.0:AT.1.0.0,2022-3-4 21:56:41,38.25,0.00,0.00,17.857,0.219,-6.891,10.966,18.076,0.00,0.00,0.00,0.00,0.00,0.00,0.00,0.00,0.00,0.00,0.00,0.00,0.00,0.00,0.00,0.00,0.00
20650,DL:0.1.0:AT.1.0.0,2022-3-4 21:56:48,38.25,0.00,0.00,17.865,0.210,-6.900,10.965,18.075,0.00,0.00,0.00,0.00,0.00,0.00,0.00,0.00,0.00,0.00,0.00,0.00,0.00,0.00,0.00,0.00,0.00
20650,DL:0.1.0:AT.1.0.0,2022-3-4 21:56:56,38.25,0.00,0.00,17.836,0.240,-6.871,10.965,18.076,0.00,0.00,0.00,0.00,0.00,0.00,0.00,0.00,0.00,0.00,0.00,0.00,0.00,0.00,0.00,0.00,0.00
20650,DL:0.1.0:AT.1.0.0,2022-3-4 21:57:1,38.25,0.00,0.00,17.844,0.232,-6.879,10.965,18.076,0.00,0.00,0.00,0.00,0.00,0.00,0.00,0.00,0.00,0.00,0.00,0.00,0.00,0.00,0.00,0.00,0.00
20650,DL:0.1.0:AT.1.0.0,2022-3-4 21:57:6,38.25,0.00,0.00,17.839,0.237,-6.873,10.966,18.076,0.00,0.00,0.00,0.00,0.00,0.00,0.00,0.00,0.00,0.00,0.00,0.00,0.00,0.00,0.00,0.00,0.00
20650,DL:0.1.0:AT.1.0.0,2022-3-4 21:57:15,38.25,0.00,0.00,17.853,0.224,-6.889,10.964,18.076,0.00,0.00,0.00,0.00,0.00,0.00,0.00,0.00,0.00,0.00,0.00,0.00,0.00,0.00,0.00,0.00,0.00
20650,DL:0.1.0:AT.1.0.0,2022-3-4 21:57:22,38.25,0.00,0.00,17.855,0.222,-6.891,10.964,18.077,0.00,0.00,0.00,0.00,0.00,0.00,0.00,0.00,0.00,0.00,0.00,0.00,0.00,0.00,0.00,0.00,0.00
20650,DL:0.1.0:AT.1.0.0,2022-3-4 21:57:27,38.25,0.00,0.00,17.825,0.252,-6.861,10.964,18.077,0.00,0.00,0.00,0.00,0.00,0.00,0.00,0.00,0.00,0.00,0.00,0.00,0.00,0.00,0.00,0.00,0.00
20650,DL:0.1.0:AT.1.0.0,2022-3-4 21:57:32,38.25,0.00,0.00,17.830,0.248,-6.866,10.964,18.077,0.00,0.00,0.00,0.00,0.00,0.00,0.00,0.00,0.00,0.00,0.00,0.00,0.00,0.00,0.00,0.00,0.00
20650,DL:0.1.0:AT.1.0.0,2022-3-4 21:57:39,38.25,0.00,0.00,17.843,0.234,-6.881,10.963,18.077,0.00,0.00,0.00,0.00,0.00,0.00,0.00,0.00,0.00,0.00,0.00,0.00,0.00,0.00,0.00,0.00,0.00
20650,DL:0.1.0:AT.1.0.0,2022-3-4 21:57:44,38.25,0.00,0.00,17.859,0.219,-6.896,10.963,18.077,0.00,0.00,0.00,0.00,0.00,0.00,0.00,0.00,0.00,0.00,0.00,0.00,0.00,0.00,0.00,0.00,0.00
20650,DL:0.1.0:AT.1.0.0,2022-3-4 21:57:49,38.25,0.00,0.00,17.857,0.221,-6.895,10.963,18.079,0.00,0.00,0.00,0.00,0.00,0.00,0.00,0.00,0.00,0.00,0.00,0.00,0.00,0.00,0.00,0.00,0.00
20650,DL:0.1.0:AT.1.0.0,2022-3-4 21:57:54,38.25,0.00,0.00,17.856,0.222,-6.895,10.961,18.079,0.00,0.00,0.00,0.00,0.00,0.00,0.00,0.00,0.00,0.00,0.00,0.00,0.00,0.00,0.00,0.00,0.00
20650,DL:0.1.0:AT.1.0.0,2022-3-4 21:58:0,38.25,0.00,0.00,17.876,0.203,-6.914,10.961,18.079,0.00,0.00,0.00,0.00,0.00,0.00,0.00,0.00,0.00,0.00,0.00,0.00,0.00,0.00,0.00,0.00,0.00
20650,DL:0.1.0:AT.1.0.0,2022-3-4 21:58:6,38.25,0.00,0.00,17.867,0.211,-6.906,10.961,18.079,0.00,0.00,0.00,0.00,0.00,0.00,0.00,0.00,0.00,0.00,0.00,0.00,0.00,0.00,0.00,0.00,0.00
20650,DL:0.1.0:AT.1.0.0,2022-3-4 21:58:13,38.25,0.00,0.00,17.867,0.213,-6.906,10.961,18.080,0.00,0.00,0.00,0.00,0.00,0.00,0.00,0.00,0.00,0.00,0.00,0.00,0.00,0.00,0.00,0.00,0.00
20650,DL:0.1.0:AT.1.0.0,2022-3-4 21:58:20,38.25,0.00,0.00,17.849,0.231,-6.888,10.961,18.080,0.00,0.00,0.00,0.00,0.00,0.00,0.00,0.00,0.00,0.00,0.00,0.00,0.00,0.00,0.00,0.00,0.00
20650,DL:0.1.0:AT.1.0.0,2022-3-4 21:58:32,38.25,0.00,0.00,17.850,0.230,-6.890,10.960,18.080,0.00,0.00,0.00,0.00,0.00,0.00,0.00,0.00,0.00,0.00,0.00,0.00,0.00,0.00,0.00,0.00,0.00
20650,DL:0.1.0:AT.1.0.0,2022-3-4 21:58:37,38.25,0.00,0.00,17.832,0.249,-6.872,10.960,18.081,0.00,0.00,0.00,0.00,0.00,0.00,0.00,0.00,0.00,0.00,0.00,0.00,0.00,0.00,0.00,0.00,0.00
20650,DL:0.1.0:AT.1.0.0,2022-3-4 21:58:44,38.25,0.00,0.00,17.845,0.236,-6.885,10.960,18.081,0.00,0.00,0.00,0.00,0.00,0.00,0.00,0.00,0.00,0.00,0.00,0.00,0.00,0.00,0.00,0.00,0.00
20650,DL:0.1.0:AT.1.0.0,2022-3-4 21:58:49,38.25,0.00,0.00,17.848,0.232,-6.888,10.960,18.080,0.00,0.00,0.00,0.00,0.00,0.00,0.00,0.00,0.00,0.00,0.00,0.00,0.00,0.00,0.00,0.00,0.00
20650,DL:0.1.0:AT.1.0.0,2022-3-4 21:58:54,38.25,0.00,0.00,17.823,0.260,-6.861,10.961,18.082,0.00,0.00,0.00,0.00,0.00,0.00,0.00,0.00,0.00,0.00,0.00,0.00,0.00,0.00,0.00,0.00,0.00
20650,DL:0.1.0:AT.1.0.0,2022-3-4 21:59:1,38.25,0.00,0.00,17.862,0.219,-6.901,10.961,18.081,0.00,0.00,0.00,0.00,0.00,0.00,0.00,0.00,0.00,0.00,0.00,0.00,0.00,0.00,0.00,0.00,0.00
20650,DL:0.1.0:AT.1.0.0,2022-3-4 21:59:11,38.25,0.00,0.00,17.854,0.227,-6.894,10.960,18.081,0.00,0.00,0.00,0.00,0.00,0.00,0.00,0.00,0.00,0.00,0.00,0.00,0.00,0.00,0.00,0.00,0.00
20650,DL:0.1.0:AT.1.0.0,2022-3-4 21:59:18,38.25,0.00,0.00,17.886,0.196,-6.925,10.961,18.082,0.00,0.00,0.00,0.00,0.00,0.00,0.00,0.00,0.00,0.00,0.00,0.00,0.00,0.00,0.00,0.00,0.00
20650,DL:0.1.0:AT.1.0.0,2022-3-4 21:59:25,38.25,0.00,0.00,17.853,0.230,-6.891,10.961,18.082,0.00,0.00,0.00,0.00,0.00,0.00,0.00,0.00,0.00,0.00,0.00,0.00,0.00,0.00,0.00,0.00,0.00
20650,DL:0.1.0:AT.1.0.0,2022-3-4 21:59:32,38.25,0.00,0.00,17.855,0.228,-6.894,10.961,18.083,0.00,0.00,0.00,0.00,0.00,0.00,0.00,0.00,0.00,0.00,0.00,0.00,0.00,0.00,0.00,0.00,0.00
20650,DL:0.1.0:AT.1.0.0,2022-3-4 21:59:38,38.25,0.00,0.00,17.857,0.226,-6.897,10.960,18.083,0.00,0.00,0.00,0.00,0.00,0.00,0.00,0.00,0.00,0.00,0.00,0.00,0.00,0.00,0.00,0.00,0.00
20650,DL:0.1.0:AT.1.0.0,2022-3-4 21:59:43,38.25,0.00,0.00,17.853,0.230,-6.893,10.960,18.082,0.00,0.00,0.00,0.00,0.00,0.00,0.00,0.00,0.00,0.00,0.00,0.00,0.00,0.00,0.00,0.00,0.00
20650,DL:0.1.0:AT.1.0.0,2022-3-4 21:59:48,38.25,0.00,0.00,17.882,0.201,-6.921,10.960,18.082,0.00,0.00,0.00,0.00,0.00,0.00,0.00,0.00,0.00,0.00,0.00,0.00,0.00,0.00,0.00,0.00,0.00
20650,DL:0.1.0:AT.1.0.0,2022-3-4 21:59:53,38.25,0.00,0.00,17.857,0.225,-6.899,10.959,18.082,0.00,0.00,0.00,0.00,0.00,0.00,0.00,0.00,0.00,0.00,0.00,0.00,0.00,0.00,0.00,0.00,0.00
20650,DL:0.1.0:AT.1.0.0,2022-3-4 22:0:1,38.25,0.00,0.00,17.843,0.240,-6.883,10.960,18.083,0.00,0.00,0.00,0.00,0.00,0.00,0.00,0.00,0.00,0.00,0.00,0.00,0.00,0.00,0.00,0.00,0.00
20650,DL:0.1.0:AT.1.0.0,2022-3-4 22:0:6,38.25,0.00,0.00,17.880,0.202,-6.921,10.959,18.082,0.00,0.00,0.00,0.00,0.00,0.00,0.00,0.00,0.00,0.00,0.00,0.00,0.00,0.00,0.00,0.00,0.00
20650,DL:0.1.0:AT.1.0.0,2022-3-4 22:0:12,38.25,0.00,0.00,17.906,0.177,-6.948,10.958,18.082,0.00,0.00,0.00,0.00,0.00,0.00,0.00,0.00,0.00,0.00,0.00,0.00,0.00,0.00,0.00,0.00,0.00
20650,DL:0.1.0:AT.1.0.0,2022-3-4 22:0:19,38.25,0.00,0.00,17.868,0.215,-6.911,10.958,18.083,0.00,0.00,0.00,0.00,0.00,0.00,0.00,0.00,0.00,0.00,0.00,0.00,0.00,0.00,0.00,0.00,0.00
20650,DL:0.1.0:AT.1.0.0,2022-3-4 22:0:26,38.25,0.00,0.00,17.874,0.209,-6.917,10.958,18.083,0.00,0.00,0.00,0.00,0.00,0.00,0.00,0.00,0.00,0.00,0.00,0.00,0.00,0.00,0.00,0.00,0.00
20650,DL:0.1.0:AT.1.0.0,2022-3-4 22:0:33,38.25,0.00,0.00,17.873,0.210,-6.917,10.957,18.083,0.00,0.00,0.00,0.00,0.00,0.00,0.00,0.00,0.00,0.00,0.00,0.00,0.00,0.00,0.00,0.00,0.00
20650,DL:0.1.0:AT.1.0.0,2022-3-4 22:0:38,38.25,0.00,0.00,17.882,0.202,-6.925,10.957,18.083,0.00,0.00,0.00,0.00,0.00,0.00,0.00,0.00,0.00,0.00,0.00,0.00,0.00,0.00,0.00,0.00,0.00
20650,DL:0.1.0:AT.1.0.0,2022-3-4 22:0:43,38.25,0.00,0.00,17.855,0.228,-6.897,10.958,18.083,0.00,0.00,0.00,0.00,0.00,0.00,0.00,0.00,0.00,0.00,0.00,0.00,0.00,0.00,0.00,0.00,0.00
20650,DL:0.1.0:AT.1.0.0,2022-3-4 22:0:50,38.25,0.00,0.00,17.863,0.220,-6.906,10.958,18.083,0.00,0.00,0.00,0.00,0.00,0.00,0.00,0.00,0.00,0.00,0.00,0.00,0.00,0.00,0.00,0.00,0.00
20650,DL:0.1.0:AT.1.0.0,2022-3-4 22:1:2,38.25,0.00,0.00,17.876,0.208,-6.919,10.957,18.083,0.00,0.00,0.00,0.00,0.00,0.00,0.00,0.00,0.00,0.00,0.00,0.00,0.00,0.00,0.00,0.00,0.00
20650,DL:0.1.0:AT.1.0.0,2022-3-4 22:1:7,38.25,0.00,0.00,17.882,0.202,-6.925,10.957,18.083,0.00,0.00,0.00,0.00,0.00,0.00,0.00,0.00,0.00,0.00,0.00,0.00,0.00,0.00,0.00,0.00,0.00
20650,DL:0.1.0:AT.1.0.0,2022-3-4 22:1:14,38.25,0.00,0.00,17.874,0.210,-6.919,10.955,18.085,0.00,0.00,0.00,0.00,0.00,0.00,0.00,0.00,0.00,0.00,0.00,0.00,0.00,0.00,0.00,0.00,0.00
20650,DL:0.1.0:AT.1.0.0,2022-3-4 22:1:21,38.25,0.00,0.00,17.871,0.214,-6.915,10.955,18.085,0.00,0.00,0.00,0.00,0.00,0.00,0.00,0.00,0.00,0.00,0.00,0.00,0.00,0.00,0.00,0.00,0.00
20650,DL:0.1.0:AT.1.0.0,2022-3-4 22:1:28,38.25,0.00,0.00,17.885,0.199,-6.930,10.955,18.085,0.00,0.00,0.00,0.00,0.00,0.00,0.00,0.00,0.00,0.00,0.00,0.00,0.00,0.00,0.00,0.00,0.00
20650,DL:0.1.0:AT.1.0.0,2022-3-4 22:1:33,38.25,0.00,0.00,17.876,0.208,-6.920,10.955,18.083,0.00,0.00,0.00,0.00,0.00,0.00,0.00,0.00,0.00,0.00,0.00,0.00,0.00,0.00,0.00,0.00,0.00
20650,DL:0.1.0:AT.1.0.0,2022-3-4 22:1:38,38.25,0.00,0.00,17.860,0.224,-6.906,10.954,18.083,0.00,0.00,0.00,0.00,0.00,0.00,0.00,0.00,0.00,0.00,0.00,0.00,0.00,0.00,0.00,0.00,0.00
20650,DL:0.1.0:AT.1.0.0,2022-3-4 22:1:44,38.25,0.00,0.00,17.873,0.210,-6.919,10.954,18.083,0.00,0.00,0.00,0.00,0.00,0.00,0.00,0.00,0.00,0.00,0.00,0.00,0.00,0.00,0.00,0.00,0.00
20650,DL:0.1.0:AT.1.0.0,2022-3-4 22:1:52,38.25,0.00,0.00,17.871,0.215,-6.917,10.954,18.086,0.00,0.00,0.00,0.00,0.00,0.00,0.00,0.00,0.00,0.00,0.00,0.00,0.00,0.00,0.00,0.00,0.00
20650,DL:0.1.0:AT.1.0.0,2022-3-4 22:1:57,38.25,0.00,0.00,17.880,0.204,-6.926,10.954,18.085,0.00,0.00,0.00,0.00,0.00,0.00,0.00,0.00,0.00,0.00,0.00,0.00,0.00,0.00,0.00,0.00,0.00
20650,DL:0.1.0:AT.1.0.0,2022-3-4 22:2:3,38.25,0.00,0.00,17.868,0.216,-6.914,10.954,18.085,0.00,0.00,0.00,0.00,0.00,0.00,0.00,0.00,0.00,0.00,0.00,0.00,0.00,0.00,0.00,0.00,0.00
20650,DL:0.1.0:AT.1.0.0,2022-3-4 22:2:9,38.25,0.00,0.00,17.867,0.217,-6.914,10.953,18.085,0.00,0.00,0.00,0.00,0.00,0.00,0.00,0.00,0.00,0.00,0.00,0.00,0.00,0.00,0.00,0.00,0.00
20650,DL:0.1.0:AT.1.0.0,2022-3-4 22:2:14,38.25,0.00,0.00,17.862,0.222,-6.909,10.953,18.085,0.00,0.00,0.00,0.00,0.00,0.00,0.00,0.00,0.00,0.00,0.00,0.00,0.00,0.00,0.00,0.00,0.00
20650,DL:0.1.0:AT.1.0.0,2022-3-4 22:2:19,38.25,0.00,0.00,17.841,0.244,-6.888,10.953,18.085,0.00,0.00,0.00,0.00,0.00,0.00,0.00,0.00,0.00,0.00,0.00,0.00,0.00,0.00,0.00,0.00,0.00
20650,DL:0.1.0:AT.1.0.0,2022-3-4 22:2:26,38.25,0.00,0.00,17.888,0.197,-6.936,10.952,18.085,0.00,0.00,0.00,0.00,0.00,0.00,0.00,0.00,0.00,0.00,0.00,0.00,0.00,0.00,0.00,0.00,0.00
20650,DL:0.1.0:AT.1.0.0,2022-3-4 22:2:34,38.25,0.00,0.00,17.877,0.209,-6.925,10.952,18.086,0.00,0.00,0.00,0.00,0.00,0.00,0.00,0.00,0.00,0.00,0.00,0.00,0.00,0.00,0.00,0.00,0.00
20650,DL:0.1.0:AT.1.0.0,2022-3-4 22:2:39,38.25,0.00,0.00,17.855,0.231,-6.903,10.952,18.086,0.00,0.00,0.00,0.00,0.00,0.00,0.00,0.00,0.00,0.00,0.00,0.00,0.00,0.00,0.00,0.00,0.00
20650,DL:0.1.0:AT.1.0.0,2022-3-4 22:2:46,38.25,0.00,0.00,17.876,0.209,-6.924,10.952,18.085,0.00,0.00,0.00,0.00,0.00,0.00,0.00,0.00,0.00,0.00,0.00,0.00,0.00,0.00,0.00,0.00,0.00
20650,DL:0.1.0:AT.1.0.0,2022-3-4 22:2:53,38.25,0.00,0.00,17.870,0.216,-6.918,10.952,18.086,0.00,0.00,0.00,0.00,0.00,0.00,0.00,0.00,0.00,0.00,0.00,0.00,0.00,0.00,0.00,0.00,0.00
20650,DL:0.1.0:AT.1.0.0,2022-3-4 22:2:58,38.25,0.00,0.00,17.877,0.208,-6.926,10.950,18.085,0.00,0.00,0.00,0.00,0.00,0.00,0.00,0.00,0.00,0.00,0.00,0.00,0.00,0.00,0.00,0.00,0.00
20650,DL:0.1.0:AT.1.0.0,2022-3-4 22:3:5,38.25,0.00,0.00,17.862,0.224,-6.912,10.950,18.086,0.00,0.00,0.00,0.00,0.00,0.00,0.00,0.00,0.00,0.00,0.00,0.00,0.00,0.00,0.00,0.00,0.00
20650,DL:0.1.0:AT.1.0.0,2022-3-4 22:3:10,38.25,0.00,0.00,17.839,0.246,-6.889,10.950,18.086,0.00,0.00,0.00,0.00,0.00,0.00,0.00,0.00,0.00,0.00,0.00,0.00,0.00,0.00,0.00,0.00,0.00
20650,DL:0.1.0:AT.1.0.0,2022-3-4 22:3:15,38.25,0.00,0.00,17.867,0.217,-6.917,10.950,18.085,0.00,0.00,0.00,0.00,0.00,0.00,0.00,0.00,0.00,0.00,0.00,0.00,0.00,0.00,0.00,0.00,0.00
20650,DL:0.1.0:AT.1.0.0,2022-3-4 22:3:21,38.25,0.00,0.00,17.867,0.219,-6.918,10.949,18.086,0.00,0.00,0.00,0.00,0.00,0.00,0.00,0.00,0.00,0.00,0.00,0.00,0.00,0.00,0.00,0.00,0.00
20650,DL:0.1.0:AT.1.0.0,2022-3-4 22:3:26,38.25,0.00,0.00,17.867,0.217,-6.918,10.949,18.085,0.00,0.00,0.00,0.00,0.00,0.00,0.00,0.00,0.00,0.00,0.00,0.00,0.00,0.00,0.00,0.00,0.00
20650,DL:0.1.0:AT.1.0.0,2022-3-4 22:3:31,38.25,0.00,0.00,17.857,0.227,-6.909,10.948,18.085,0.00,0.00,0.00,0.00,0.00,0.00,0.00,0.00,0.00,0.00,0.00,0.00,0.00,0.00,0.00,0.00,0.00
20650,DL:0.1.0:AT.1.0.0,2022-3-4 22:3:36,38.25,0.00,0.00,17.847,0.238,-6.899,10.948,18.085,0.00,0.00,0.00,0.00,0.00,0.00,0.00,0.00,0.00,0.00,0.00,0.00,0.00,0.00,0.00,0.00,0.00
20650,DL:0.1.0:AT.1.0.0,2022-3-4 22:3:41,38.25,0.00,0.00,17.861,0.225,-6.913,10.948,18.086,0.00,0.00,0.00,0.00,0.00,0.00,0.00,0.00,0.00,0.00,0.00,0.00,0.00,0.00,0.00,0.00,0.00
20650,DL:0.1.0:AT.1.0.0,2022-3-4 22:3:48,38.25,0.00,0.00,17.826,0.260,-6.877,10.949,18.086,0.00,0.00,0.00,0.00,0.00,0.00,0.00,0.00,0.00,0.00,0.00,0.00,0.00,0.00,0.00,0.00,0.00
20650,DL:0.1.0:AT.1.0.0,2022-3-4 22:3:53,38.25,0.00,0.00,17.897,0.187,-6.949,10.948,18.085,0.00,0.00,0.00,0.00,0.00,0.00,0.00,0.00,0.00,0.00,0.00,0.00,0.00,0.00,0.00,0.00,0.00
20650,DL:0.1.0:AT.1.0.0,2022-3-4 22:3:58,38.25,0.00,0.00,17.839,0.245,-6.891,10.948,18.085,0.00,0.00,0.00,0.00,0.00,0.00,0.00,0.00,0.00,0.00,0.00,0.00,0.00,0.00,0.00,0.00,0.00
20650,DL:0.1.0:AT.1.0.0,2022-3-4 22:4:9,38.25,0.00,0.00,17.884,0.201,-6.937,10.947,18.085,0.00,0.00,0.00,0.00,0.00,0.00,0.00,0.00,0.00,0.00,0.00,0.00,0.00,0.00,0.00,0.00,0.00
20650,DL:0.1.0:AT.1.0.0,2022-3-4 22:4:16,38.25,0.00,0.00,17.870,0.215,-6.921,10.948,18.085,0.00,0.00,0.00,0.00,0.00,0.00,0.00,0.00,0.00,0.00,0.00,0.00,0.00,0.00,0.00,0.00,0.00
20650,DL:0.1.0:AT.1.0.0,2022-3-4 22:4:21,38.25,0.00,0.00,17.863,0.221,-6.918,10.946,18.085,0.00,0.00,0.00,0.00,0.00,0.00,0.00,0.00,0.00,0.00,0.00,0.00,0.00,0.00,0.00,0.00,0.00
20650,DL:0.1.0:AT.1.0.0,2022-3-4 22:4:26,38.25,0.00,0.00,17.836,0.249,-6.889,10.947,18.085,0.00,0.00,0.00,0.00,0.00,0.00,0.00,0.00,0.00,0.00,0.00,0.00,0.00,0.00,0.00,0.00,0.00
20650,DL:0.1.0:AT.1.0.0,2022-3-4 22:4:31,38.25,0.00,0.00,17.857,0.227,-6.911,10.947,18.085,0.00,0.00,0.00,0.00,0.00,0.00,0.00,0.00,0.00,0.00,0.00,0.00,0.00,0.00,0.00,0.00,0.00
20650,DL:0.1.0:AT.1.0.0,2022-3-4 22:4:40,38.25,0.00,0.00,17.873,0.211,-6.927,10.946,18.085,0.00,0.00,0.00,0.00,0.00,0.00,0.00,0.00,0.00,0.00,0.00,0.00,0.00,0.00,0.00,0.00,0.00
20650,DL:0.1.0:AT.1.0.0,2022-3-4 22:4:46,38.25,0.00,0.00,17.867,0.219,-6.921,10.946,18.086,0.00,0.00,0.00,0.00,0.00,0.00,0.00,0.00,0.00,0.00,0.00,0.00,0.00,0.00,0.00,0.00,0.00
20650,DL:0.1.0:AT.1.0.0,2022-3-4 22:4:51,38.25,0.00,0.00,17.884,0.201,-6.938,10.946,18.085,0.00,0.00,0.00,0.00,0.00,0.00,0.00,0.00,0.00,0.00,0.00,0.00,0.00,0.00,0.00,0.00,0.00
20650,DL:0.1.0:AT.1.0.0,2022-3-4 22:4:56,38.25,0.00,0.00,17.848,0.237,-6.902,10.946,18.085,0.00,0.00,0.00,0.00,0.00,0.00,0.00,0.00,0.00,0.00,0.00,0.00,0.00,0.00,0.00,0.00,0.00
20650,DL:0.1.0:AT.1.0.0,2022-3-4 22:5:3,38.25,0.00,0.00,17.873,0.211,-6.927,10.946,18.085,0.00,0.00,0.00,0.00,0.00,0.00,0.00,0.00,0.00,0.00,0.00,0.00,0.00,0.00,0.00,0.00,0.00
20650,DL:0.1.0:AT.1.0.0,2022-3-4 22:5:8,38.25,0.00,0.00,17.861,0.224,-6.914,10.947,18.085,0.00,0.00,0.00,0.00,0.00,0.00,0.00,0.00,0.00,0.00,0.00,0.00,0.00,0.00,0.00,0.00,0.00
20650,DL:0.1.0:AT.1.0.0,2022-3-4 22:5:13,38.25,0.00,0.00,17.901,0.184,-6.954,10.947,18.085,0.00,0.00,0.00,0.00,0.00,0.00,0.00,0.00,0.00,0.00,0.00,0.00,0.00,0.00,0.00,0.00,0.00
20650,DL:0.1.0:AT.1.0.0,2022-3-4 22:5:18,38.25,0.00,0.00,17.863,0.221,-6.917,10.947,18.085,0.00,0.00,0.00,0.00,0.00,0.00,0.00,0.00,0.00,0.00,0.00,0.00,0.00,0.00,0.00,0.00,0.00
20650,DL:0.1.0:AT.1.0.0,2022-3-4 22:5:24,38.25,0.00,0.00,17.872,0.213,-6.925,10.947,18.085,0.00,0.00,0.00,0.00,0.00,0.00,0.00,0.00,0.00,0.00,0.00,0.00,0.00,0.00,0.00,0.00,0.00
20650,DL:0.1.0:AT.1.0.0,2022-3-4 22:5:31,38.25,0.00,0.00,17.805,0.280,-6.859,10.946,18.085,0.00,0.00,0.00,0.00,0.00,0.00,0.00,0.00,0.00,0.00,0.00,0.00,0.00,0.00,0.00,0.00,0.00
20650,DL:0.1.0:AT.1.0.0,2022-3-4 22:5:42,38.25,0.00,0.00,17.713,0.371,-6.766,10.947,18.085,0.00,0.00,0.00,0.00,0.00,0.00,0.00,0.00,0.00,0.00,0.00,0.00,0.00,0.00,0.00,0.00,0.00
20650,DL:0.1.0:AT.1.0.0,2022-3-4 22:5:48,38.25,0.00,0.00,17.642,0.442,-6.697,10.946,18.085,0.00,0.00,0.00,0.00,0.00,0.00,0.00,0.00,0.00,0.00,0.00,0.00,0.00,0.00,0.00,0.00,0.00
20650,DL:0.1.0:AT.1.0.0,2022-3-4 22:5:55,38.25,0.00,0.00,17.623,0.460,-6.677,10.946,18.083,0.00,0.00,0.00,0.00,0.00,0.00,0.00,0.00,0.00,0.00,0.00,0.00,0.00,0.00,0.00,0.00,0.00
20650,DL:0.1.0:AT.1.0.0,2022-3-4 22:6:0,38.25,0.00,0.00,17.546,0.538,-6.599,10.947,18.085,0.00,0.00,0.00,0.00,0.00,0.00,0.00,0.00,0.00,0.00,0.00,0.00,0.00,0.00,0.00,0.00,0.00
20650,DL:0.1.0:AT.1.0.0,2022-3-4 22:6:5,38.25,0.00,0.00,17.514,0.570,-6.568,10.946,18.083,0.00,0.00,0.00,0.00,0.00,0.00,0.00,0.00,0.00,0.00,0.00,0.00,0.00,0.00,0.00,0.00,0.00
20650,DL:0.1.0:AT.1.0.0,2022-3-4 22:6:17,38.25,0.00,0.00,17.422,0.661,-6.477,10.946,18.083,0.00,0.00,0.00,0.00,0.00,0.00,0.00,0.00,0.00,0.00,0.00,0.00,0.00,0.00,0.00,0.00,0.00
20650,DL:0.1.0:AT.1.0.0,2022-3-4 22:6:22,38.25,0.00,0.00,17.365,0.719,-6.419,10.946,18.083,0.00,0.00,0.00,0.00,0.00,0.00,0.00,0.00,0.00,0.00,0.00,0.00,0.00,0.00,0.00,0.00,0.00
20650,DL:0.1.0:AT.1.0.0,2022-3-4 22:6:27,38.25,0.00,0.00,17.301,0.783,-6.357,10.944,18.085,0.00,0.00,0.00,0.00,0.00,0.00,0.00,0.00,0.00,0.00,0.00,0.00,0.00,0.00,0.00,0.00,0.00
20650,DL:0.1.0:AT.1.0.0,2022-3-4 22:6:33,38.25,0.00,0.00,17.301,0.782,-6.357,10.944,18.083,0.00,0.00,0.00,0.00,0.00,0.00,0.00,0.00,0.00,0.00,0.00,0.00,0.00,0.00,0.00,0.00,0.00
20650,DL:0.1.0:AT.1.0.0,2022-3-4 22:6:39,38.25,0.00,0.00,17.269,0.815,-6.324,10.944,18.083,0.00,0.00,0.00,0.00,0.00,0.00,0.00,0.00,0.00,0.00,0.00,0.00,0.00,0.00,0.00,0.00,0.00
20650,DL:0.1.0:AT.1.0.0,2022-3-4 22:6:46,38.25,0.00,0.00,17.192,0.892,-6.248,10.943,18.083,0.00,0.00,0.00,0.00,0.00,0.00,0.00,0.00,0.00,0.00,0.00,0.00,0.00,0.00,0.00,0.00,0.00
20650,DL:0.1.0:AT.1.0.0,2022-3-4 22:6:51,38.25,0.00,0.00,17.199,0.884,-6.256,10.943,18.083,0.00,0.00,0.00,0.00,0.00,0.00,0.00,0.00,0.00,0.00,0.00,0.00,0.00,0.00,0.00,0.00,0.00
20650,DL:0.1.0:AT.1.0.0,2022-3-4 22:6:56,38.25,0.00,0.00,17.130,0.872,-6.187,10.943,18.003,0.00,0.00,0.00,0.00,0.00,0.00,0.00,0.00,0.00,0.00,0.00,0.00,0.00,0.00,0.00,0.00,0.00
20650,DL:0.1.0:AT.1.0.0,2022-3-4 22:7:1,38.25,0.00,0.00,17.069,0.788,-6.126,10.943,17.857,0.00,0.00,0.00,0.00,0.00,0.00,0.00,0.00,0.00,0.00,0.00,0.00,0.00,0.00,0.00,0.00,0.00
20650,DL:0.1.0:AT.1.0.0,2022-3-4 22:7:7,38.25,0.00,0.00,17.034,0.780,-6.092,10.942,17.814,0.00,0.00,0.00,0.00,0.00,0.00,0.00,0.00,0.00,0.00,0.00,0.00,0.00,0.00,0.00,0.00,0.00
20650,DL:0.1.0:AT.1.0.0,2022-3-4 22:7:14,38.25,0.00,0.00,16.997,0.739,-6.055,10.942,17.736,0.00,0.00,0.00,0.00,0.00,0.00,0.00,0.00,0.00,0.00,0.00,0.00,0.00,0.00,0.00,0.00,0.00
20650,DL:0.1.0:AT.1.0.0,2022-3-4 22:7:21,38.25,0.00,0.00,16.942,0.769,-6.000,10.942,17.711,0.00,0.00,0.00,0.00,0.00,0.00,0.00,0.00,0.00,0.00,0.00,0.00,0.00,0.00,0.00,0.00,0.00
20650,DL:0.1.0:AT.1.0.0,2022-3-4 22:7:27,38.25,0.00,0.00,16.901,0.757,-5.960,10.941,17.658,0.00,0.00,0.00,0.00,0.00,0.00,0.00,0.00,0.00,0.00,0.00,0.00,0.00,0.00,0.00,0.00,0.00
20650,DL:0.1.0:AT.1.0.0,2022-3-4 22:7:35,38.25,0.00,0.00,16.852,0.752,-5.910,10.942,17.604,0.00,0.00,0.00,0.00,0.00,0.00,0.00,0.00,0.00,0.00,0.00,0.00,0.00,0.00,0.00,0.00,0.00
20650,DL:0.1.0:AT.1.0.0,2022-3-4 22:7:41,38.25,0.00,0.00,16.802,0.759,-5.862,10.941,17.562,0.00,0.00,0.00,0.00,0.00,0.00,0.00,0.00,0.00,0.00,0.00,0.00,0.00,0.00,0.00,0.00,0.00
20650,DL:0.1.0:AT.1.0.0,2022-3-4 22:7:48,38.25,0.00,0.00,16.781,0.775,-5.840,10.941,17.556,0.00,0.00,0.00,0.00,0.00,0.00,0.00,0.00,0.00,0.00,0.00,0.00,0.00,0.00,0.00,0.00,0.00
20650,DL:0.1.0:AT.1.0.0,2022-3-4 22:7:55,38.25,0.00,0.00,16.780,0.779,-5.839,10.941,17.558,0.00,0.00,0.00,0.00,0.00,0.00,0.00,0.00,0.00,0.00,0.00,0.00,0.00,0.00,0.00,0.00,0.00
20650,DL:0.1.0:AT.1.0.0,2022-3-4 22:8:0,38.25,0.00,0.00,16.818,0.744,-5.878,10.940,17.562,0.00,0.00,0.00,0.00,0.00,0.00,0.00,0.00,0.00,0.00,0.00,0.00,0.00,0.00,0.00,0.00,0.00
20650,DL:0.1.0:AT.1.0.0,2022-3-4 22:8:6,38.25,0.00,0.00,16.812,0.756,-5.872,10.940,17.568,0.00,0.00,0.00,0.00,0.00,0.00,0.00,0.00,0.00,0.00,0.00,0.00,0.00,0.00,0.00,0.00,0.00
20650,DL:0.1.0:AT.1.0.0,2022-3-4 22:8:12,38.25,0.00,0.00,16.808,0.758,-5.869,10.940,17.567,0.00,0.00,0.00,0.00,0.00,0.00,0.00,0.00,0.00,0.00,0.00,0.00,0.00,0.00,0.00,0.00,0.00
20650,DL:0.1.0:AT.1.0.0,2022-3-4 22:8:17,38.25,0.00,0.00,16.742,0.794,-5.803,10.940,17.537,0.00,0.00,0.00,0.00,0.00,0.00,0.00,0.00,0.00,0.00,0.00,0.00,0.00,0.00,0.00,0.00,0.00
20650,DL:0.1.0:AT.1.0.0,2022-3-4 22:8:23,38.25,0.00,0.00,16.685,0.806,-5.745,10.940,17.491,0.00,0.00,0.00,0.00,0.00,0.00,0.00,0.00,0.00,0.00,0.00,0.00,0.00,0.00,0.00,0.00,0.00
20650,DL:0.1.0:AT.1.0.0,2022-3-4 22:8:29,38.25,0.00,0.00,16.657,0.779,-5.719,10.938,17.436,0.00,0.00,0.00,0.00,0.00,0.00,0.00,0.00,0.00,0.00,0.00,0.00,0.00,0.00,0.00,0.00,0.00
20650,DL:0.1.0:AT.1.0.0,2022-3-4 22:8:37,38.25,0.00,0.00,16.608,0.767,-5.669,10.938,17.374,0.00,0.00,0.00,0.00,0.00,0.00,0.00,0.00,0.00,0.00,0.00,0.00,0.00,0.00,0.00,0.00,0.00
20650,DL:0.1.0:AT.1.0.0,2022-3-4 22:8:44,38.25,0.00,0.00,16.520,0.795,-5.583,10.937,17.316,0.00,0.00,0.00,0.00,0.00,0.00,0.00,0.00,0.00,0.00,0.00,0.00,0.00,0.00,0.00,0.00,0.00
20650,DL:0.1.0:AT.1.0.0,2022-3-4 22:8:49,38.25,0.00,0.00,16.506,0.770,-5.568,10.937,17.276,0.00,0.00,0.00,0.00,0.00,0.00,0.00,0.00,0.00,0.00,0.00,0.00,0.00,0.00,0.00,0.00,0.00
20650,DL:0.1.0:AT.1.0.0,2022-3-4 22:8:55,38.25,0.00,0.00,16.434,0.805,-5.496,10.937,17.239,0.00,0.00,0.00,0.00,0.00,0.00,0.00,0.00,0.00,0.00,0.00,0.00,0.00,0.00,0.00,0.00,0.00
20650,DL:0.1.0:AT.1.0.0,2022-3-4 22:9:1,38.25,0.00,0.00,16.459,0.731,-5.522,10.937,17.189,0.00,0.00,0.00,0.00,0.00,0.00,0.00,0.00,0.00,0.00,0.00,0.00,0.00,0.00,0.00,0.00,0.00
20650,DL:0.1.0:AT.1.0.0,2022-3-4 22:9:8,38.00,0.00,0.00,16.342,0.793,-5.405,10.937,17.135,0.00,0.00,0.00,0.00,0.00,0.00,0.00,0.00,0.00,0.00,0.00,0.00,0.00,0.00,0.00,0.00,0.00
20650,DL:0.1.0:AT.1.0.0,2022-3-4 22:9:16,38.00,0.00,0.00,16.299,0.775,-5.363,10.936,17.074,0.00,0.00,0.00,0.00,0.00,0.00,0.00,0.00,0.00,0.00,0.00,0.00,0.00,0.00,0.00,0.00,0.00
20650,DL:0.1.0:AT.1.0.0,2022-3-4 22:9:21,38.00,0.00,0.00,16.217,0.816,-5.281,10.936,17.033,0.00,0.00,0.00,0.00,0.00,0.00,0.00,0.00,0.00,0.00,0.00,0.00,0.00,0.00,0.00,0.00,0.00
20650,DL:0.1.0:AT.1.0.0,2022-3-4 22:9:29,38.00,0.00,0.00,16.211,0.769,-5.275,10.936,16.980,0.00,0.00,0.00,0.00,0.00,0.00,0.00,0.00,0.00,0.00,0.00,0.00,0.00,0.00,0.00,0.00,0.00
20650,DL:0.1.0:AT.1.0.0,2022-3-4 22:9:34,38.00,0.00,0.00,16.173,0.758,-5.238,10.935,16.931,0.00,0.00,0.00,0.00,0.00,0.00,0.00,0.00,0.00,0.00,0.00,0.00,0.00,0.00,0.00,0.00,0.00
20650,DL:0.1.0:AT.1.0.0,2022-3-4 22:9:39,38.00,0.00,0.00,16.118,0.765,-5.183,10.935,16.883,0.00,0.00,0.00,0.00,0.00,0.00,0.00,0.00,0.00,0.00,0.00,0.00,0.00,0.00,0.00,0.00,0.00
20650,DL:0.1.0:AT.1.0.0,2022-3-4 22:9:47,38.00,0.00,0.00,16.066,0.765,-5.131,10.935,16.831,0.00,0.00,0.00,0.00,0.00,0.00,0.00,0.00,0.00,0.00,0.00,0.00,0.00,0.00,0.00,0.00,0.00
20650,DL:0.1.0:AT.1.0.0,2022-3-4 22:9:53,38.00,0.00,0.00,16.007,0.800,-5.072,10.935,16.807,0.00,0.00,0.00,0.00,0.00,0.00,0.00,0.00,0.00,0.00,0.00,0.00,0.00,0.00,0.00,0.00,0.00
20650,DL:0.1.0:AT.1.0.0,2022-3-4 22:9:58,38.00,0.00,0.00,15.976,0.794,-5.041,10.935,16.770,0.00,0.00,0.00,0.00,0.00,0.00,0.00,0.00,0.00,0.00,0.00,0.00,0.00,0.00,0.00,0.00,0.00
20650,DL:0.1.0:AT.1.0.0,2022-3-4 22:10:3,38.00,0.00,0.00,15.904,0.810,-4.969,10.935,16.714,0.00,0.00,0.00,0.00,0.00,0.00,0.00,0.00,0.00,0.00,0.00,0.00,0.00,0.00,0.00,0.00,0.00
20650,DL:0.1.0:AT.1.0.0,2022-3-4 22:10:10,38.00,0.00,0.00,15.884,0.800,-4.951,10.934,16.685,0.00,0.00,0.00,0.00,0.00,0.00,0.00,0.00,0.00,0.00,0.00,0.00,0.00,0.00,0.00,0.00,0.00
20650,DL:0.1.0:AT.1.0.0,2022-3-4 22:10:15,38.00,0.00,0.00,15.826,0.823,-4.891,10.935,16.649,0.00,0.00,0.00,0.00,0.00,0.00,0.00,0.00,0.00,0.00,0.00,0.00,0.00,0.00,0.00,0.00,0.00
20650,DL:0.1.0:AT.1.0.0,2022-3-4 22:10:20,38.00,0.00,0.00,15.794,0.818,-4.861,10.934,16.613,0.00,0.00,0.00,0.00,0.00,0.00,0.00,0.00,0.00,0.00,0.00,0.00,0.00,0.00,0.00,0.00,0.00
20650,DL:0.1.0:AT.1.0.0,2022-3-4 22:10:27,38.00,0.00,0.00,15.737,0.824,-4.803,10.934,16.561,0.00,0.00,0.00,0.00,0.00,0.00,0.00,0.00,0.00,0.00,0.00,0.00,0.00,0.00,0.00,0.00,0.00
20650,DL:0.1.0:AT.1.0.0,2022-3-4 22:10:34,38.00,0.00,0.00,15.757,0.781,-4.823,10.934,16.538,0.00,0.00,0.00,0.00,0.00,0.00,0.00,0.00,0.00,0.00,0.00,0.00,0.00,0.00,0.00,0.00,0.00
20650,DL:0.1.0:AT.1.0.0,2022-3-4 22:10:41,38.00,0.00,0.00,15.731,0.812,-4.798,10.932,16.543,0.00,0.00,0.00,0.00,0.00,0.00,0.00,0.00,0.00,0.00,0.00,0.00,0.00,0.00,0.00,0.00,0.00
20650,DL:0.1.0:AT.1.0.0,2022-3-4 22:10:49,38.00,0.00,0.00,15.768,0.785,-4.835,10.932,16.553,0.00,0.00,0.00,0.00,0.00,0.00,0.00,0.00,0.00,0.00,0.00,0.00,0.00,0.00,0.00,0.00,0.00
20650,DL:0.1.0:AT.1.0.0,2022-3-4 22:10:55,38.00,0.00,0.00,15.744,0.815,-4.811,10.932,16.559,0.00,0.00,0.00,0.00,0.00,0.00,0.00,0.00,0.00,0.00,0.00,0.00,0.00,0.00,0.00,0.00,0.00
20650,DL:0.1.0:AT.1.0.0,2022-3-4 22:11:2,38.00,0.00,0.00,15.735,0.827,-4.803,10.932,16.562,0.00,0.00,0.00,0.00,0.00,0.00,0.00,0.00,0.00,0.00,0.00,0.00,0.00,0.00,0.00,0.00,0.00
20650,DL:0.1.0:AT.1.0.0,2022-3-4 22:11:9,38.00,0.00,0.00,15.781,0.785,-4.847,10.934,16.566,0.00,0.00,0.00,0.00,0.00,0.00,0.00,0.00,0.00,0.00,0.00,0.00,0.00,0.00,0.00,0.00,0.00
20650,DL:0.1.0:AT.1.0.0,2022-3-4 22:11:16,38.00,0.00,0.00,15.735,0.833,-4.803,10.932,16.568,0.00,0.00,0.00,0.00,0.00,0.00,0.00,0.00,0.00,0.00,0.00,0.00,0.00,0.00,0.00,0.00,0.00
20650,DL:0.1.0:AT.1.0.0,2022-3-4 22:11:21,38.00,0.00,0.00,15.757,0.814,-4.823,10.934,16.571,0.00,0.00,0.00,0.00,0.00,0.00,0.00,0.00,0.00,0.00,0.00,0.00,0.00,0.00,0.00,0.00,0.00
20650,DL:0.1.0:AT.1.0.0,2022-3-4 22:11:26,38.00,0.00,0.00,15.735,0.836,-4.802,10.934,16.572,0.00,0.00,0.00,0.00,0.00,0.00,0.00,0.00,0.00,0.00,0.00,0.00,0.00,0.00,0.00,0.00,0.00
20650,DL:0.1.0:AT.1.0.0,2022-3-4 22:11:33,38.00,0.00,0.00,15.731,0.845,-4.798,10.932,16.575,0.00,0.00,0.00,0.00,0.00,0.00,0.00,0.00,0.00,0.00,0.00,0.00,0.00,0.00,0.00,0.00,0.00
20650,DL:0.1.0:AT.1.0.0,2022-3-4 22:11:38,38.00,0.00,0.00,15.741,0.835,-4.809,10.932,16.577,0.00,0.00,0.00,0.00,0.00,0.00,0.00,0.00,0.00,0.00,0.00,0.00,0.00,0.00,0.00,0.00,0.00
20650,DL:0.1.0:AT.1.0.0,2022-3-4 22:11:43,38.00,0.00,0.00,15.746,0.830,-4.814,10.932,16.577,0.00,0.00,0.00,0.00,0.00,0.00,0.00,0.00,0.00,0.00,0.00,0.00,0.00,0.00,0.00,0.00,0.00
20650,DL:0.1.0:AT.1.0.0,2022-3-4 22:11:48,38.00,0.00,0.00,15.721,0.857,-4.789,10.932,16.578,0.00,0.00,0.00,0.00,0.00,0.00,0.00,0.00,0.00,0.00,0.00,0.00,0.00,0.00,0.00,0.00,0.00
20650,DL:0.1.0:AT.1.0.0,2022-3-4 22:11:53,38.00,0.00,0.00,15.764,0.815,-4.833,10.931,16.579,0.00,0.00,0.00,0.00,0.00,0.00,0.00,0.00,0.00,0.00,0.00,0.00,0.00,0.00,0.00,0.00,0.00
20650,DL:0.1.0:AT.1.0.0,2022-3-4 22:12:0,38.00,0.00,0.00,15.777,0.803,-4.845,10.932,16.580,0.00,0.00,0.00,0.00,0.00,0.00,0.00,0.00,0.00,0.00,0.00,0.00,0.00,0.00,0.00,0.00,0.00
20650,DL:0.1.0:AT.1.0.0,2022-3-4 22:12:5,38.00,0.00,0.00,15.789,0.792,-4.857,10.932,16.581,0.00,0.00,0.00,0.00,0.00,0.00,0.00,0.00,0.00,0.00,0.00,0.00,0.00,0.00,0.00,0.00,0.00
20650,DL:0.1.0:AT.1.0.0,2022-3-4 22:12:11,38.00,0.00,0.00,15.767,0.816,-4.834,10.932,16.583,0.00,0.00,0.00,0.00,0.00,0.00,0.00,0.00,0.00,0.00,0.00,0.00,0.00,0.00,0.00,0.00,0.00
20650,DL:0.1.0:AT.1.0.0,2022-3-4 22:12:16,38.00,0.00,0.00,15.767,0.816,-4.835,10.931,16.583,0.00,0.00,0.00,0.00,0.00,0.00,0.00,0.00,0.00,0.00,0.00,0.00,0.00,0.00,0.00,0.00,0.00
20650,DL:0.1.0:AT.1.0.0,2022-3-4 22:12:23,38.00,0.00,0.00,15.776,0.809,-4.845,10.931,16.585,0.00,0.00,0.00,0.00,0.00,0.00,0.00,0.00,0.00,0.00,0.00,0.00,0.00,0.00,0.00,0.00,0.00
20650,DL:0.1.0:AT.1.0.0,2022-3-4 22:12:28,38.00,0.00,0.00,15.750,0.836,-4.819,10.931,16.586,0.00,0.00,0.00,0.00,0.00,0.00,0.00,0.00,0.00,0.00,0.00,0.00,0.00,0.00,0.00,0.00,0.00
20650,DL:0.1.0:AT.1.0.0,2022-3-4 22:12:35,38.00,0.00,0.00,15.775,0.812,-4.845,10.930,16.587,0.00,0.00,0.00,0.00,0.00,0.00,0.00,0.00,0.00,0.00,0.00,0.00,0.00,0.00,0.00,0.00,0.00
20650,DL:0.1.0:AT.1.0.0,2022-3-4 22:12:40,38.00,0.00,0.00,15.771,0.816,-4.841,10.930,16.587,0.00,0.00,0.00,0.00,0.00,0.00,0.00,0.00,0.00,0.00,0.00,0.00,0.00,0.00,0.00,0.00,0.00
20650,DL:0.1.0:AT.1.0.0,2022-3-4 22:12:45,38.00,0.00,0.00,15.783,0.805,-4.853,10.930,16.589,0.00,0.00,0.00,0.00,0.00,0.00,0.00,0.00,0.00,0.00,0.00,0.00,0.00,0.00,0.00,0.00,0.00
20650,DL:0.1.0:AT.1.0.0,2022-3-4 22:12:50,38.00,0.00,0.00,15.789,0.799,-4.859,10.930,16.589,0.00,0.00,0.00,0.00,0.00,0.00,0.00,0.00,0.00,0.00,0.00,0.00,0.00,0.00,0.00,0.00,0.00
20650,DL:0.1.0:AT.1.0.0,2022-3-4 22:12:57,38.00,0.00,0.00,15.788,0.801,-4.859,10.929,16.590,0.00,0.00,0.00,0.00,0.00,0.00,0.00,0.00,0.00,0.00,0.00,0.00,0.00,0.00,0.00,0.00,0.00
20650,DL:0.1.0:AT.1.0.0,2022-3-4 22:13:2,38.00,0.00,0.00,15.751,0.841,-4.822,10.929,16.592,0.00,0.00,0.00,0.00,0.00,0.00,0.00,0.00,0.00,0.00,0.00,0.00,0.00,0.00,0.00,0.00,0.00
20650,DL:0.1.0:AT.1.0.0,2022-3-4 22:13:9,38.00,0.00,0.00,15.759,0.833,-4.831,10.929,16.592,0.00,0.00,0.00,0.00,0.00,0.00,0.00,0.00,0.00,0.00,0.00,0.00,0.00,0.00,0.00,0.00,0.00
20650,DL:0.1.0:AT.1.0.0,2022-3-4 22:13:14,38.00,0.00,0.00,15.756,0.838,-4.827,10.929,16.593,0.00,0.00,0.00,0.00,0.00,0.00,0.00,0.00,0.00,0.00,0.00,0.00,0.00,0.00,0.00,0.00,0.00
20650,DL:0.1.0:AT.1.0.0,2022-3-4 22:13:19,38.00,0.00,0.00,15.774,0.821,-4.846,10.928,16.595,0.00,0.00,0.00,0.00,0.00,0.00,0.00,0.00,0.00,0.00,0.00,0.00,0.00,0.00,0.00,0.00,0.00
20650,DL:0.1.0:AT.1.0.0,2022-3-4 22:13:26,38.00,0.00,0.00,15.763,0.832,-4.834,10.929,16.595,0.00,0.00,0.00,0.00,0.00,0.00,0.00,0.00,0.00,0.00,0.00,0.00,0.00,0.00,0.00,0.00,0.00
20650,DL:0.1.0:AT.1.0.0,2022-3-4 22:13:31,38.00,0.00,0.00,15.789,0.806,-4.862,10.928,16.596,0.00,0.00,0.00,0.00,0.00,0.00,0.00,0.00,0.00,0.00,0.00,0.00,0.00,0.00,0.00,0.00,0.00
20650,DL:0.1.0:AT.1.0.0,2022-3-4 22:13:36,38.00,0.00,0.00,15.809,0.787,-4.881,10.928,16.596,0.00,0.00,0.00,0.00,0.00,0.00,0.00,0.00,0.00,0.00,0.00,0.00,0.00,0.00,0.00,0.00,0.00
20650,DL:0.1.0:AT.1.0.0,2022-3-4 22:13:41,38.00,0.00,0.00,15.792,0.805,-4.864,10.928,16.597,0.00,0.00,0.00,0.00,0.00,0.00,0.00,0.00,0.00,0.00,0.00,0.00,0.00,0.00,0.00,0.00,0.00
20650,DL:0.1.0:AT.1.0.0,2022-3-4 22:13:46,38.00,0.00,0.00,15.779,0.818,-4.851,10.928,16.597,0.00,0.00,0.00,0.00,0.00,0.00,0.00,0.00,0.00,0.00,0.00,0.00,0.00,0.00,0.00,0.00,0.00
20650,DL:0.1.0:AT.1.0.0,2022-3-4 22:13:52,38.00,0.00,0.00,15.793,0.805,-4.865,10.928,16.598,0.00,0.00,0.00,0.00,0.00,0.00,0.00,0.00,0.00,0.00,0.00,0.00,0.00,0.00,0.00,0.00,0.00
20650,DL:0.1.0:AT.1.0.0,2022-3-4 22:13:59,38.00,0.00,0.00,15.799,0.800,-4.873,10.926,16.599,0.00,0.00,0.00,0.00,0.00,0.00,0.00,0.00,0.00,0.00,0.00,0.00,0.00,0.00,0.00,0.00,0.00
20650,DL:0.1.0:AT.1.0.0,2022-3-4 22:14:6,38.00,0.00,0.00,15.793,0.807,-4.867,10.926,16.601,0.00,0.00,0.00,0.00,0.00,0.00,0.00,0.00,0.00,0.00,0.00,0.00,0.00,0.00,0.00,0.00,0.00
20650,DL:0.1.0:AT.1.0.0,2022-3-4 22:14:13,38.00,0.00,0.00,15.797,0.805,-4.870,10.926,16.602,0.00,0.00,0.00,0.00,0.00,0.00,0.00,0.00,0.00,0.00,0.00,0.00,0.00,0.00,0.00,0.00,0.00
20650,DL:0.1.0:AT.1.0.0,2022-3-4 22:14:18,38.00,0.00,0.00,15.801,0.801,-4.875,10.926,16.603,0.00,0.00,0.00,0.00,0.00,0.00,0.00,0.00,0.00,0.00,0.00,0.00,0.00,0.00,0.00,0.00,0.00
20650,DL:0.1.0:AT.1.0.0,2022-3-4 22:14:23,38.00,0.00,0.00,15.785,0.818,-4.859,10.925,16.603,0.00,0.00,0.00,0.00,0.00,0.00,0.00,0.00,0.00,0.00,0.00,0.00,0.00,0.00,0.00,0.00,0.00
20650,DL:0.1.0:AT.1.0.0,2022-3-4 22:14:28,38.00,0.00,0.00,15.788,0.816,-4.863,10.925,16.604,0.00,0.00,0.00,0.00,0.00,0.00,0.00,0.00,0.00,0.00,0.00,0.00,0.00,0.00,0.00,0.00,0.00
20650,DL:0.1.0:AT.1.0.0,2022-3-4 22:14:33,38.00,0.00,0.00,15.785,0.821,-4.859,10.925,16.605,0.00,0.00,0.00,0.00,0.00,0.00,0.00,0.00,0.00,0.00,0.00,0.00,0.00,0.00,0.00,0.00,0.00
20650,DL:0.1.0:AT.1.0.0,2022-3-4 22:14:38,38.00,0.00,0.00,15.821,0.785,-4.895,10.925,16.605,0.00,0.00,0.00,0.00,0.00,0.00,0.00,0.00,0.00,0.00,0.00,0.00,0.00,0.00,0.00,0.00,0.00
20650,DL:0.1.0:AT.1.0.0,2022-3-4 22:14:44,38.00,0.00,0.00,15.803,0.804,-4.879,10.924,16.607,0.00,0.00,0.00,0.00,0.00,0.00,0.00,0.00,0.00,0.00,0.00,0.00,0.00,0.00,0.00,0.00,0.00
20650,DL:0.1.0:AT.1.0.0,2022-3-4 22:14:50,38.00,0.00,0.00,15.804,0.804,-4.879,10.925,16.608,0.00,0.00,0.00,0.00,0.00,0.00,0.00,0.00,0.00,0.00,0.00,0.00,0.00,0.00,0.00,0.00,0.00
20650,DL:0.1.0:AT.1.0.0,2022-3-4 22:14:55,38.00,0.00,0.00,15.780,0.829,-4.855,10.925,16.609,0.00,0.00,0.00,0.00,0.00,0.00,0.00,0.00,0.00,0.00,0.00,0.00,0.00,0.00,0.00,0.00,0.00
20650,DL:0.1.0:AT.1.0.0,2022-3-4 22:15:1,38.00,0.00,0.00,15.804,0.806,-4.877,10.926,16.610,0.00,0.00,0.00,0.00,0.00,0.00,0.00,0.00,0.00,0.00,0.00,0.00,0.00,0.00,0.00,0.00,0.00
20650,DL:0.1.0:AT.1.0.0,2022-3-4 22:15:8,38.00,0.00,0.00,15.780,0.832,-4.853,10.926,16.611,0.00,0.00,0.00,0.00,0.00,0.00,0.00,0.00,0.00,0.00,0.00,0.00,0.00,0.00,0.00,0.00,0.00
20650,DL:0.1.0:AT.1.0.0,2022-3-4 22:15:15,38.00,0.00,0.00,15.795,0.816,-4.869,10.926,16.611,0.00,0.00,0.00,0.00,0.00,0.00,0.00,0.00,0.00,0.00,0.00,0.00,0.00,0.00,0.00,0.00,0.00
20650,DL:0.1.0:AT.1.0.0,2022-3-4 22:15:21,38.00,0.00,0.00,15.805,0.807,-4.879,10.926,16.613,0.00,0.00,0.00,0.00,0.00,0.00,0.00,0.00,0.00,0.00,0.00,0.00,0.00,0.00,0.00,0.00,0.00
20650,DL:0.1.0:AT.1.0.0,2022-3-4 22:15:30,38.00,0.00,0.00,15.793,0.821,-4.867,10.926,16.614,0.00,0.00,0.00,0.00,0.00,0.00,0.00,0.00,0.00,0.00,0.00,0.00,0.00,0.00,0.00,0.00,0.00
20650,DL:0.1.0:AT.1.0.0,2022-3-4 22:15:36,38.00,0.00,0.00,15.776,0.839,-4.850,10.926,16.615,0.00,0.00,0.00,0.00,0.00,0.00,0.00,0.00,0.00,0.00,0.00,0.00,0.00,0.00,0.00,0.00,0.00
20650,DL:0.1.0:AT.1.0.0,2022-3-4 22:15:42,38.00,0.00,0.00,15.801,0.815,-4.875,10.926,16.616,0.00,0.00,0.00,0.00,0.00,0.00,0.00,0.00,0.00,0.00,0.00,0.00,0.00,0.00,0.00,0.00,0.00
20650,DL:0.1.0:AT.1.0.0,2022-3-4 22:15:49,38.00,0.00,0.00,15.789,0.828,-4.863,10.926,16.617,0.00,0.00,0.00,0.00,0.00,0.00,0.00,0.00,0.00,0.00,0.00,0.00,0.00,0.00,0.00,0.00,0.00
20650,DL:0.1.0:AT.1.0.0,2022-3-4 22:15:54,38.00,0.00,0.00,15.791,0.828,-4.864,10.926,16.619,0.00,0.00,0.00,0.00,0.00,0.00,0.00,0.00,0.00,0.00,0.00,0.00,0.00,0.00,0.00,0.00,0.00
20650,DL:0.1.0:AT.1.0.0,2022-3-4 22:16:1,38.00,0.00,0.00,15.818,0.800,-4.892,10.926,16.619,0.00,0.00,0.00,0.00,0.00,0.00,0.00,0.00,0.00,0.00,0.00,0.00,0.00,0.00,0.00,0.00,0.00
20650,DL:0.1.0:AT.1.0.0,2022-3-4 22:16:7,38.00,0.00,0.00,15.793,0.827,-4.867,10.926,16.620,0.00,0.00,0.00,0.00,0.00,0.00,0.00,0.00,0.00,0.00,0.00,0.00,0.00,0.00,0.00,0.00,0.00
20650,DL:0.1.0:AT.1.0.0,2022-3-4 22:16:12,38.00,0.00,0.00,15.797,0.824,-4.871,10.925,16.621,0.00,0.00,0.00,0.00,0.00,0.00,0.00,0.00,0.00,0.00,0.00,0.00,0.00,0.00,0.00,0.00,0.00
20650,DL:0.1.0:AT.1.0.0,2022-3-4 22:16:17,38.00,0.00,0.00,15.789,0.832,-4.864,10.925,16.621,0.00,0.00,0.00,0.00,0.00,0.00,0.00,0.00,0.00,0.00,0.00,0.00,0.00,0.00,0.00,0.00,0.00
20650,DL:0.1.0:AT.1.0.0,2022-3-4 22:16:24,38.00,0.00,0.00,15.801,0.821,-4.875,10.926,16.622,0.00,0.00,0.00,0.00,0.00,0.00,0.00,0.00,0.00,0.00,0.00,0.00,0.00,0.00,0.00,0.00,0.00
20650,DL:0.1.0:AT.1.0.0,2022-3-4 22:16:29,38.00,0.00,0.00,15.810,0.814,-4.885,10.925,16.623,0.00,0.00,0.00,0.00,0.00,0.00,0.00,0.00,0.00,0.00,0.00,0.00,0.00,0.00,0.00,0.00,0.00
20650,DL:0.1.0:AT.1.0.0,2022-3-4 22:16:34,38.00,0.00,0.00,15.768,0.842,-4.841,10.926,16.610,0.00,0.00,0.00,0.00,0.00,0.00,0.00,0.00,0.00,0.00,0.00,0.00,0.00,0.00,0.00,0.00,0.00
20650,DL:0.1.0:AT.1.0.0,2022-3-4 22:16:39,38.00,0.00,0.00,15.722,0.848,-4.796,10.926,16.571,0.00,0.00,0.00,0.00,0.00,0.00,0.00,0.00,0.00,0.00,0.00,0.00,0.00,0.00,0.00,0.00,0.00
20650,DL:0.1.0:AT.1.0.0,2022-3-4 22:16:44,38.00,0.00,0.00,15.705,0.818,-4.779,10.926,16.524,0.00,0.00,0.00,0.00,0.00,0.00,0.00,0.00,0.00,0.00,0.00,0.00,0.00,0.00,0.00,0.00,0.00
20650,DL:0.1.0:AT.1.0.0,2022-3-4 22:16:49,38.00,0.00,0.00,15.620,0.862,-4.694,10.926,16.482,0.00,0.00,0.00,0.00,0.00,0.00,0.00,0.00,0.00,0.00,0.00,0.00,0.00,0.00,0.00,0.00,0.00
20650,DL:0.1.0:AT.1.0.0,2022-3-4 22:16:54,38.00,0.00,0.00,15.614,0.827,-4.688,10.926,16.441,0.00,0.00,0.00,0.00,0.00,0.00,0.00,0.00,0.00,0.00,0.00,0.00,0.00,0.00,0.00,0.00,0.00
20650,DL:0.1.0:AT.1.0.0,2022-3-4 22:16:59,38.00,0.00,0.00,15.530,0.871,-4.605,10.925,16.401,0.00,0.00,0.00,0.00,0.00,0.00,0.00,0.00,0.00,0.00,0.00,0.00,0.00,0.00,0.00,0.00,0.00
20650,DL:0.1.0:AT.1.0.0,2022-3-4 22:17:4,38.00,0.00,0.00,15.530,0.832,-4.605,10.925,16.361,0.00,0.00,0.00,0.00,0.00,0.00,0.00,0.00,0.00,0.00,0.00,0.00,0.00,0.00,0.00,0.00,0.00
20650,DL:0.1.0:AT.1.0.0,2022-3-4 22:17:9,38.00,0.00,0.00,15.476,0.848,-4.551,10.925,16.324,0.00,0.00,0.00,0.00,0.00,0.00,0.00,0.00,0.00,0.00,0.00,0.00,0.00,0.00,0.00,0.00,0.00
20650,DL:0.1.0:AT.1.0.0,2022-3-4 22:17:14,38.00,0.00,0.00,15.428,0.859,-4.501,10.926,16.287,0.00,0.00,0.00,0.00,0.00,0.00,0.00,0.00,0.00,0.00,0.00,0.00,0.00,0.00,0.00,0.00,0.00
20650,DL:0.1.0:AT.1.0.0,2022-3-4 22:17:19,38.00,0.00,0.00,15.398,0.853,-4.472,10.925,16.251,0.00,0.00,0.00,0.00,0.00,0.00,0.00,0.00,0.00,0.00,0.00,0.00,0.00,0.00,0.00,0.00,0.00
20650,DL:0.1.0:AT.1.0.0,2022-3-4 22:17:24,38.00,0.00,0.00,15.347,0.866,-4.421,10.926,16.214,0.00,0.00,0.00,0.00,0.00,0.00,0.00,0.00,0.00,0.00,0.00,0.00,0.00,0.00,0.00,0.00,0.00
20650,DL:0.1.0:AT.1.0.0,2022-3-4 22:17:29,38.00,0.00,0.00,15.328,0.851,-4.403,10.925,16.179,0.00,0.00,0.00,0.00,0.00,0.00,0.00,0.00,0.00,0.00,0.00,0.00,0.00,0.00,0.00,0.00,0.00
20650,DL:0.1.0:AT.1.0.0,2022-3-4 22:17:34,38.00,0.00,0.00,15.275,0.870,-4.349,10.926,16.145,0.00,0.00,0.00,0.00,0.00,0.00,0.00,0.00,0.00,0.00,0.00,0.00,0.00,0.00,0.00,0.00,0.00
20650,DL:0.1.0:AT.1.0.0,2022-3-4 22:17:39,38.00,0.00,0.00,15.230,0.881,-4.304,10.925,16.110,0.00,0.00,0.00,0.00,0.00,0.00,0.00,0.00,0.00,0.00,0.00,0.00,0.00,0.00,0.00,0.00,0.00
20650,DL:0.1.0:AT.1.0.0,2022-3-4 22:17:44,38.00,0.00,0.00,15.228,0.847,-4.303,10.925,16.075,0.00,0.00,0.00,0.00,0.00,0.00,0.00,0.00,0.00,0.00,0.00,0.00,0.00,0.00,0.00,0.00,0.00
20650,DL:0.1.0:AT.1.0.0,2022-3-4 22:17:49,38.00,0.00,0.00,15.205,0.838,-4.280,10.925,16.043,0.00,0.00,0.00,0.00,0.00,0.00,0.00,0.00,0.00,0.00,0.00,0.00,0.00,0.00,0.00,0.00,0.00
20650,DL:0.1.0:AT.1.0.0,2022-3-4 22:17:55,38.00,0.00,0.00,15.147,0.862,-4.220,10.926,16.008,0.00,0.00,0.00,0.00,0.00,0.00,0.00,0.00,0.00,0.00,0.00,0.00,0.00,0.00,0.00,0.00,0.00
20650,DL:0.1.0:AT.1.0.0,2022-3-4 22:18:0,38.00,0.00,0.00,15.125,0.851,-4.199,10.926,15.976,0.00,0.00,0.00,0.00,0.00,0.00,0.00,0.00,0.00,0.00,0.00,0.00,0.00,0.00,0.00,0.00,0.00
20650,DL:0.1.0:AT.1.0.0,2022-3-4 22:18:5,38.00,0.00,0.00,15.071,0.871,-4.144,10.926,15.942,0.00,0.00,0.00,0.00,0.00,0.00,0.00,0.00,0.00,0.00,0.00,0.00,0.00,0.00,0.00,0.00,0.00
20650,DL:0.1.0:AT.1.0.0,2022-3-4 22:18:10,38.00,0.00,0.00,15.048,0.860,-4.123,10.925,15.908,0.00,0.00,0.00,0.00,0.00,0.00,0.00,0.00,0.00,0.00,0.00,0.00,0.00,0.00,0.00,0.00,0.00
20650,DL:0.1.0:AT.1.0.0,2022-3-4 22:18:15,38.00,0.00,0.00,15.013,0.862,-4.087,10.926,15.875,0.00,0.00,0.00,0.00,0.00,0.00,0.00,0.00,0.00,0.00,0.00,0.00,0.00,0.00,0.00,0.00,0.00
20650,DL:0.1.0:AT.1.0.0,2022-3-4 22:18:20,38.00,0.00,0.00,14.989,0.853,-4.063,10.926,15.842,0.00,0.00,0.00,0.00,0.00,0.00,0.00,0.00,0.00,0.00,0.00,0.00,0.00,0.00,0.00,0.00,0.00
20650,DL:0.1.0:AT.1.0.0,2022-3-4 22:18:25,38.00,0.00,0.00,14.933,0.878,-4.006,10.926,15.811,0.00,0.00,0.00,0.00,0.00,0.00,0.00,0.00,0.00,0.00,0.00,0.00,0.00,0.00,0.00,0.00,0.00
20650,DL:0.1.0:AT.1.0.0,2022-3-4 22:18:30,38.00,0.00,0.00,14.892,0.882,-3.967,10.925,15.774,0.00,0.00,0.00,0.00,0.00,0.00,0.00,0.00,0.00,0.00,0.00,0.00,0.00,0.00,0.00,0.00,0.00
20650,DL:0.1.0:AT.1.0.0,2022-3-4 22:18:35,38.00,0.00,0.00,14.898,0.858,-3.973,10.925,15.756,0.00,0.00,0.00,0.00,0.00,0.00,0.00,0.00,0.00,0.00,0.00,0.00,0.00,0.00,0.00,0.00,0.00
20650,DL:0.1.0:AT.1.0.0,2022-3-4 22:18:40,38.00,0.00,0.00,14.868,0.870,-3.941,10.926,15.738,0.00,0.00,0.00,0.00,0.00,0.00,0.00,0.00,0.00,0.00,0.00,0.00,0.00,0.00,0.00,0.00,0.00
20650,DL:0.1.0:AT.1.0.0,2022-3-4 22:18:45,38.00,0.00,0.00,14.857,0.896,-3.932,10.925,15.753,0.00,0.00,0.00,0.00,0.00,0.00,0.00,0.00,0.00,0.00,0.00,0.00,0.00,0.00,0.00,0.00,0.00
20650,DL:0.1.0:AT.1.0.0,2022-3-4 22:18:50,38.00,0.00,0.00,14.858,0.924,-3.933,10.925,15.782,0.00,0.00,0.00,0.00,0.00,0.00,0.00,0.00,0.00,0.00,0.00,0.00,0.00,0.00,0.00,0.00,0.00
20650,DL:0.1.0:AT.1.0.0,2022-3-4 22:18:55,38.00,0.00,0.00,14.887,0.925,-3.962,10.925,15.812,0.00,0.00,0.00,0.00,0.00,0.00,0.00,0.00,0.00,0.00,0.00,0.00,0.00,0.00,0.00,0.00,0.00
20650,DL:0.1.0:AT.1.0.0,2022-3-4 22:19:0,38.00,0.00,0.00,14.916,0.916,-3.989,10.926,15.832,0.00,0.00,0.00,0.00,0.00,0.00,0.00,0.00,0.00,0.00,0.00,0.00,0.00,0.00,0.00,0.00,0.00
20650,DL:0.1.0:AT.1.0.0,2022-3-4 22:19:5,38.00,0.00,0.00,14.911,0.944,-3.985,10.926,15.856,0.00,0.00,0.00,0.00,0.00,0.00,0.00,0.00,0.00,0.00,0.00,0.00,0.00,0.00,0.00,0.00,0.00
20650,DL:0.1.0:AT.1.0.0,2022-3-4 22:19:10,38.00,0.00,0.00,14.946,0.931,-4.019,10.926,15.877,0.00,0.00,0.00,0.00,0.00,0.00,0.00,0.00,0.00,0.00,0.00,0.00,0.00,0.00,0.00,0.00,0.00
20650,DL:0.1.0:AT.1.0.0,2022-3-4 22:19:15,38.00,0.00,0.00,14.953,0.943,-4.027,10.926,15.896,0.00,0.00,0.00,0.00,0.00,0.00,0.00,0.00,0.00,0.00,0.00,0.00,0.00,0.00,0.00,0.00,0.00
20650,DL:0.1.0:AT.1.0.0,2022-3-4 22:19:20,38.00,0.00,0.00,14.974,0.940,-4.048,10.925,15.913,0.00,0.00,0.00,0.00,0.00,0.00,0.00,0.00,0.00,0.00,0.00,0.00,0.00,0.00,0.00,0.00,0.00
20650,DL:0.1.0:AT.1.0.0,2022-3-4 22:19:25,38.00,0.00,0.00,14.982,0.944,-4.057,10.925,15.926,0.00,0.00,0.00,0.00,0.00,0.00,0.00,0.00,0.00,0.00,0.00,0.00,0.00,0.00,0.00,0.00,0.00
20650,DL:0.1.0:AT.1.0.0,2022-3-4 22:19:30,38.00,0.00,0.00,14.957,0.988,-4.031,10.925,15.944,0.00,0.00,0.00,0.00,0.00,0.00,0.00,0.00,0.00,0.00,0.00,0.00,0.00,0.00,0.00,0.00,0.00
20650,DL:0.1.0:AT.1.0.0,2022-3-4 22:19:35,38.00,0.00,0.00,15.008,1.023,-4.083,10.925,16.031,0.00,0.00,0.00,0.00,0.00,0.00,0.00,0.00,0.00,0.00,0.00,0.00,0.00,0.00,0.00,0.00,0.00
20650,DL:0.1.0:AT.1.0.0,2022-3-4 22:19:40,38.00,0.00,0.00,15.064,0.969,-4.138,10.925,16.032,0.00,0.00,0.00,0.00,0.00,0.00,0.00,0.00,0.00,0.00,0.00,0.00,0.00,0.00,0.00,0.00,0.00
20650,DL:0.1.0:AT.1.0.0,2022-3-4 22:19:45,38.00,0.00,0.00,15.076,1.002,-4.150,10.925,16.078,0.00,0.00,0.00,0.00,0.00,0.00,0.00,0.00,0.00,0.00,0.00,0.00,0.00,0.00,0.00,0.00,0.00
20650,DL:0.1.0:AT.1.0.0,2022-3-4 22:19:50,38.00,0.00,0.00,15.147,0.975,-4.221,10.925,16.121,0.00,0.00,0.00,0.00,0.00,0.00,0.00,0.00,0.00,0.00,0.00,0.00,0.00,0.00,0.00,0.00,0.00
20650,DL:0.1.0:AT.1.0.0,2022-3-4 22:19:55,38.00,0.00,0.00,15.195,0.972,-4.269,10.925,16.167,0.00,0.00,0.00,0.00,0.00,0.00,0.00,0.00,0.00,0.00,0.00,0.00,0.00,0.00,0.00,0.00,0.00
20650,DL:0.1.0:AT.1.0.0,2022-3-4 22:20:0,38.00,0.00,0.00,15.258,0.960,-4.333,10.925,16.218,0.00,0.00,0.00,0.00,0.00,0.00,0.00,0.00,0.00,0.00,0.00,0.00,0.00,0.00,0.00,0.00,0.00
20650,DL:0.1.0:AT.1.0.0,2022-3-4 22:20:5,38.00,0.00,0.00,15.303,0.969,-4.378,10.925,16.271,0.00,0.00,0.00,0.00,0.00,0.00,0.00,0.00,0.00,0.00,0.00,0.00,0.00,0.00,0.00,0.00,0.00
20650,DL:0.1.0:AT.1.0.0,2022-3-4 22:20:10,38.00,0.00,0.00,15.375,0.952,-4.450,10.925,16.327,0.00,0.00,0.00,0.00,0.00,0.00,0.00,0.00,0.00,0.00,0.00,0.00,0.00,0.00,0.00,0.00,0.00
20650,DL:0.1.0:AT.1.0.0,2022-3-4 22:20:15,38.00,0.00,0.00,15.394,0.982,-4.469,10.925,16.376,0.00,0.00,0.00,0.00,0.00,0.00,0.00,0.00,0.00,0.00,0.00,0.00,0.00,0.00,0.00,0.00,0.00
20650,DL:0.1.0:AT.1.0.0,2022-3-4 22:20:20,38.00,0.00,0.00,15.477,0.949,-4.552,10.925,16.426,0.00,0.00,0.00,0.00,0.00,0.00,0.00,0.00,0.00,0.00,0.00,0.00,0.00,0.00,0.00,0.00,0.00
20650,DL:0.1.0:AT.1.0.0,2022-3-4 22:20:25,38.00,0.00,0.00,15.529,0.946,-4.603,10.925,16.474,0.00,0.00,0.00,0.00,0.00,0.00,0.00,0.00,0.00,0.00,0.00,0.00,0.00,0.00,0.00,0.00,0.00
20650,DL:0.1.0:AT.1.0.0,2022-3-4 22:20:30,38.00,0.00,0.00,15.540,0.983,-4.614,10.925,16.522,0.00,0.00,0.00,0.00,0.00,0.00,0.00,0.00,0.00,0.00,0.00,0.00,0.00,0.00,0.00,0.00,0.00
20650,DL:0.1.0:AT.1.0.0,2022-3-4 22:20:35,38.00,0.00,0.00,15.604,0.966,-4.679,10.925,16.571,0.00,0.00,0.00,0.00,0.00,0.00,0.00,0.00,0.00,0.00,0.00,0.00,0.00,0.00,0.00,0.00,0.00
20650,DL:0.1.0:AT.1.0.0,2022-3-4 22:20:40,38.00,0.00,0.00,15.633,0.987,-4.708,10.925,16.620,0.00,0.00,0.00,0.00,0.00,0.00,0.00,0.00,0.00,0.00,0.00,0.00,0.00,0.00,0.00,0.00,0.00
20650,DL:0.1.0:AT.1.0.0,2022-3-4 22:20:47,38.00,0.00,0.00,15.729,0.955,-4.804,10.925,16.685,0.00,0.00,0.00,0.00,0.00,0.00,0.00,0.00,0.00,0.00,0.00,0.00,0.00,0.00,0.00,0.00,0.00
20650,DL:0.1.0:AT.1.0.0,2022-3-4 22:20:52,38.00,0.00,0.00,15.744,0.985,-4.820,10.924,16.729,0.00,0.00,0.00,0.00,0.00,0.00,0.00,0.00,0.00,0.00,0.00,0.00,0.00,0.00,0.00,0.00,0.00
20650,DL:0.1.0:AT.1.0.0,2022-3-4 22:20:57,38.00,0.00,0.00,15.794,0.987,-4.868,10.926,16.781,0.00,0.00,0.00,0.00,0.00,0.00,0.00,0.00,0.00,0.00,0.00,0.00,0.00,0.00,0.00,0.00,0.00
20650,DL:0.1.0:AT.1.0.0,2022-3-4 22:21:3,38.00,0.00,0.00,15.865,0.961,-4.939,10.926,16.826,0.00,0.00,0.00,0.00,0.00,0.00,0.00,0.00,0.00,0.00,0.00,0.00,0.00,0.00,0.00,0.00,0.00
20650,DL:0.1.0:AT.1.0.0,2022-3-4 22:21:8,38.00,0.00,0.00,15.925,0.946,-5.000,10.925,16.871,0.00,0.00,0.00,0.00,0.00,0.00,0.00,0.00,0.00,0.00,0.00,0.00,0.00,0.00,0.00,0.00,0.00
20650,DL:0.1.0:AT.1.0.0,2022-3-4 22:21:13,38.00,0.00,0.00,15.950,0.964,-5.025,10.925,16.914,0.00,0.00,0.00,0.00,0.00,0.00,0.00,0.00,0.00,0.00,0.00,0.00,0.00,0.00,0.00,0.00,0.00
20650,DL:0.1.0:AT.1.0.0,2022-3-4 22:21:18,38.00,0.00,0.00,15.988,0.970,-5.062,10.925,16.957,0.00,0.00,0.00,0.00,0.00,0.00,0.00,0.00,0.00,0.00,0.00,0.00,0.00,0.00,0.00,0.00,0.00
20650,DL:0.1.0:AT.1.0.0,2022-3-4 22:21:23,38.00,0.00,0.00,16.035,0.966,-5.109,10.925,17.001,0.00,0.00,0.00,0.00,0.00,0.00,0.00,0.00,0.00,0.00,0.00,0.00,0.00,0.00,0.00,0.00,0.00
20650,DL:0.1.0:AT.1.0.0,2022-3-4 22:21:28,38.00,0.00,0.00,16.093,0.955,-5.168,10.925,17.049,0.00,0.00,0.00,0.00,0.00,0.00,0.00,0.00,0.00,0.00,0.00,0.00,0.00,0.00,0.00,0.00,0.00
20650,DL:0.1.0:AT.1.0.0,2022-3-4 22:21:33,38.00,0.00,0.00,16.164,0.943,-5.239,10.925,17.108,0.00,0.00,0.00,0.00,0.00,0.00,0.00,0.00,0.00,0.00,0.00,0.00,0.00,0.00,0.00,0.00,0.00
20650,DL:0.1.0:AT.1.0.0,2022-3-4 22:21:39,38.00,0.00,0.00,16.202,0.930,-5.276,10.925,17.132,0.00,0.00,0.00,0.00,0.00,0.00,0.00,0.00,0.00,0.00,0.00,0.00,0.00,0.00,0.00,0.00,0.00
20650,DL:0.1.0:AT.1.0.0,2022-3-4 22:21:46,38.00,0.00,0.00,16.251,0.941,-5.327,10.924,17.192,0.00,0.00,0.00,0.00,0.00,0.00,0.00,0.00,0.00,0.00,0.00,0.00,0.00,0.00,0.00,0.00,0.00
20650,DL:0.1.0:AT.1.0.0,2022-3-4 22:21:51,38.00,0.00,0.00,16.265,0.966,-5.341,10.924,17.231,0.00,0.00,0.00,0.00,0.00,0.00,0.00,0.00,0.00,0.00,0.00,0.00,0.00,0.00,0.00,0.00,0.00
20650,DL:0.1.0:AT.1.0.0,2022-3-4 22:21:56,38.00,0.00,0.00,16.336,0.932,-5.411,10.925,17.269,0.00,0.00,0.00,0.00,0.00,0.00,0.00,0.00,0.00,0.00,0.00,0.00,0.00,0.00,0.00,0.00,0.00
20650,DL:0.1.0:AT.1.0.0,2022-3-4 22:22:4,38.00,0.00,0.00,16.373,0.960,-5.448,10.925,17.334,0.00,0.00,0.00,0.00,0.00,0.00,0.00,0.00,0.00,0.00,0.00,0.00,0.00,0.00,0.00,0.00,0.00
20650,DL:0.1.0:AT.1.0.0,2022-3-4 22:22:10,38.00,0.00,0.00,16.465,0.913,-5.540,10.925,17.378,0.00,0.00,0.00,0.00,0.00,0.00,0.00,0.00,0.00,0.00,0.00,0.00,0.00,0.00,0.00,0.00,0.00
20650,DL:0.1.0:AT.1.0.0,2022-3-4 22:22:15,38.00,0.00,0.00,16.458,0.956,-5.532,10.925,17.414,0.00,0.00,0.00,0.00,0.00,0.00,0.00,0.00,0.00,0.00,0.00,0.00,0.00,0.00,0.00,0.00,0.00
20650,DL:0.1.0:AT.1.0.0,2022-3-4 22:22:21,38.00,0.00,0.00,16.532,0.920,-5.607,10.925,17.453,0.00,0.00,0.00,0.00,0.00,0.00,0.00,0.00,0.00,0.00,0.00,0.00,0.00,0.00,0.00,0.00,0.00
20650,DL:0.1.0:AT.1.0.0,2022-3-4 22:22:26,38.00,0.00,0.00,16.573,0.917,-5.648,10.925,17.490,0.00,0.00,0.00,0.00,0.00,0.00,0.00,0.00,0.00,0.00,0.00,0.00,0.00,0.00,0.00,0.00,0.00
20650,DL:0.1.0:AT.1.0.0,2022-3-4 22:22:31,38.00,0.00,0.00,16.617,0.911,-5.692,10.925,17.528,0.00,0.00,0.00,0.00,0.00,0.00,0.00,0.00,0.00,0.00,0.00,0.00,0.00,0.00,0.00,0.00,0.00
20650,DL:0.1.0:AT.1.0.0,2022-3-4 22:22:38,38.00,0.00,0.00,16.649,0.929,-5.723,10.925,17.578,0.00,0.00,0.00,0.00,0.00,0.00,0.00,0.00,0.00,0.00,0.00,0.00,0.00,0.00,0.00,0.00,0.00
20650,DL:0.1.0:AT.1.0.0,2022-3-4 22:22:43,38.00,0.00,0.00,16.680,0.931,-5.755,10.925,17.611,0.00,0.00,0.00,0.00,0.00,0.00,0.00,0.00,0.00,0.00,0.00,0.00,0.00,0.00,0.00,0.00,0.00
20650,DL:0.1.0:AT.1.0.0,2022-3-4 22:22:49,38.00,0.00,0.00,16.677,0.969,-5.752,10.925,17.646,0.00,0.00,0.00,0.00,0.00,0.00,0.00,0.00,0.00,0.00,0.00,0.00,0.00,0.00,0.00,0.00,0.00
20650,DL:0.1.0:AT.1.0.0,2022-3-4 22:22:54,38.00,0.00,0.00,16.780,0.913,-5.854,10.925,17.693,0.00,0.00,0.00,0.00,0.00,0.00,0.00,0.00,0.00,0.00,0.00,0.00,0.00,0.00,0.00,0.00,0.00
20650,DL:0.1.0:AT.1.0.0,2022-3-4 22:22:59,38.00,0.00,0.00,16.825,0.888,-5.901,10.924,17.713,0.00,0.00,0.00,0.00,0.00,0.00,0.00,0.00,0.00,0.00,0.00,0.00,0.00,0.00,0.00,0.00,0.00
20650,DL:0.1.0:AT.1.0.0,2022-3-4 22:23:4,38.00,0.00,0.00,16.820,0.925,-5.895,10.925,17.746,0.00,0.00,0.00,0.00,0.00,0.00,0.00,0.00,0.00,0.00,0.00,0.00,0.00,0.00,0.00,0.00,0.00
20650,DL:0.1.0:AT.1.0.0,2022-3-4 22:23:10,38.00,0.00,0.00,16.893,0.906,-5.967,10.925,17.799,0.00,0.00,0.00,0.00,0.00,0.00,0.00,0.00,0.00,0.00,0.00,0.00,0.00,0.00,0.00,0.00,0.00
20650,DL:0.1.0:AT.1.0.0,2022-3-4 22:23:16,38.00,0.00,0.00,16.906,0.904,-5.981,10.925,17.809,0.00,0.00,0.00,0.00,0.00,0.00,0.00,0.00,0.00,0.00,0.00,0.00,0.00,0.00,0.00,0.00,0.00
20650,DL:0.1.0:AT.1.0.0,2022-3-4 22:23:21,38.00,0.00,0.00,16.929,0.910,-6.003,10.925,17.838,0.00,0.00,0.00,0.00,0.00,0.00,0.00,0.00,0.00,0.00,0.00,0.00,0.00,0.00,0.00,0.00,0.00
20650,DL:0.1.0:AT.1.0.0,2022-3-4 22:23:27,38.00,0.00,0.00,16.974,0.894,-6.048,10.926,17.868,0.00,0.00,0.00,0.00,0.00,0.00,0.00,0.00,0.00,0.00,0.00,0.00,0.00,0.00,0.00,0.00,0.00
20650,DL:0.1.0:AT.1.0.0,2022-3-4 22:23:33,38.00,0.00,0.00,17.030,0.875,-6.103,10.926,17.904,0.00,0.00,0.00,0.00,0.00,0.00,0.00,0.00,0.00,0.00,0.00,0.00,0.00,0.00,0.00,0.00,0.00
20650,DL:0.1.0:AT.1.0.0,2022-3-4 22:23:38,38.00,0.00,0.00,17.037,0.893,-6.110,10.926,17.930,0.00,0.00,0.00,0.00,0.00,0.00,0.00,0.00,0.00,0.00,0.00,0.00,0.00,0.00,0.00,0.00,0.00
20650,DL:0.1.0:AT.1.0.0,2022-3-4 22:23:44,38.00,0.00,0.00,17.072,0.886,-6.146,10.925,17.957,0.00,0.00,0.00,0.00,0.00,0.00,0.00,0.00,0.00,0.00,0.00,0.00,0.00,0.00,0.00,0.00,0.00
20650,DL:0.1.0:AT.1.0.0,2022-3-4 22:23:49,38.00,0.00,0.00,17.104,0.878,-6.180,10.924,17.982,0.00,0.00,0.00,0.00,0.00,0.00,0.00,0.00,0.00,0.00,0.00,0.00,0.00,0.00,0.00,0.00,0.00
20650,DL:0.1.0:AT.1.0.0,2022-3-4 22:23:54,38.00,0.00,0.00,17.122,0.878,-6.196,10.926,18.000,0.00,0.00,0.00,0.00,0.00,0.00,0.00,0.00,0.00,0.00,0.00,0.00,0.00,0.00,0.00,0.00,0.00
20650,DL:0.1.0:AT.1.0.0,2022-3-4 22:24:1,38.00,0.00,0.00,17.126,0.898,-6.199,10.926,18.023,0.00,0.00,0.00,0.00,0.00,0.00,0.00,0.00,0.00,0.00,0.00,0.00,0.00,0.00,0.00,0.00,0.00
20650,DL:0.1.0:AT.1.0.0,2022-3-4 22:24:6,38.00,0.00,0.00,17.146,0.892,-6.221,10.925,18.038,0.00,0.00,0.00,0.00,0.00,0.00,0.00,0.00,0.00,0.00,0.00,0.00,0.00,0.00,0.00,0.00,0.00
20650,DL:0.1.0:AT.1.0.0,2022-3-4 22:24:12,38.00,0.00,0.00,17.165,0.890,-6.240,10.925,18.056,0.00,0.00,0.00,0.00,0.00,0.00,0.00,0.00,0.00,0.00,0.00,0.00,0.00,0.00,0.00,0.00,0.00
20650,DL:0.1.0:AT.1.0.0,2022-3-4 22:24:19,38.00,0.00,0.00,17.203,0.860,-6.276,10.926,18.063,0.00,0.00,0.00,0.00,0.00,0.00,0.00,0.00,0.00,0.00,0.00,0.00,0.00,0.00,0.00,0.00,0.00
20650,DL:0.1.0:AT.1.0.0,2022-3-4 22:24:24,38.00,0.00,0.00,17.204,0.865,-6.279,10.925,18.069,0.00,0.00,0.00,0.00,0.00,0.00,0.00,0.00,0.00,0.00,0.00,0.00,0.00,0.00,0.00,0.00,0.00
20650,DL:0.1.0:AT.1.0.0,2022-3-4 22:24:29,38.00,0.00,0.00,17.204,0.875,-6.279,10.925,18.079,0.00,0.00,0.00,0.00,0.00,0.00,0.00,0.00,0.00,0.00,0.00,0.00,0.00,0.00,0.00,0.00,0.00
20650,DL:0.1.0:AT.1.0.0,2022-3-4 22:24:40,38.00,0.00,0.00,17.240,0.854,-6.315,10.925,18.094,0.00,0.00,0.00,0.00,0.00,0.00,0.00,0.00,0.00,0.00,0.00,0.00,0.00,0.00,0.00,0.00,0.00
20650,DL:0.1.0:AT.1.0.0,2022-3-4 22:24:46,38.00,0.00,0.00,17.239,0.868,-6.313,10.925,18.106,0.00,0.00,0.00,0.00,0.00,0.00,0.00,0.00,0.00,0.00,0.00,0.00,0.00,0.00,0.00,0.00,0.00
20650,DL:0.1.0:AT.1.0.0,2022-3-4 22:24:53,38.00,0.00,0.00,17.252,0.860,-6.327,10.925,18.112,0.00,0.00,0.00,0.00,0.00,0.00,0.00,0.00,0.00,0.00,0.00,0.00,0.00,0.00,0.00,0.00,0.00
20650,DL:0.1.0:AT.1.0.0,2022-3-4 22:25:0,38.00,0.00,0.00,17.266,0.857,-6.341,10.925,18.123,0.00,0.00,0.00,0.00,0.00,0.00,0.00,0.00,0.00,0.00,0.00,0.00,0.00,0.00,0.00,0.00,0.00
20650,DL:0.1.0:AT.1.0.0,2022-3-4 22:25:5,38.00,0.00,0.00,17.273,0.856,-6.349,10.924,18.129,0.00,0.00,0.00,0.00,0.00,0.00,0.00,0.00,0.00,0.00,0.00,0.00,0.00,0.00,0.00,0.00,0.00
20650,DL:0.1.0:AT.1.0.0,2022-3-4 22:25:10,38.00,0.00,0.00,17.293,0.848,-6.367,10.925,18.141,0.00,0.00,0.00,0.00,0.00,0.00,0.00,0.00,0.00,0.00,0.00,0.00,0.00,0.00,0.00,0.00,0.00
20650,DL:0.1.0:AT.1.0.0,2022-3-4 22:25:15,38.00,0.00,0.00,17.313,0.832,-6.387,10.926,18.145,0.00,0.00,0.00,0.00,0.00,0.00,0.00,0.00,0.00,0.00,0.00,0.00,0.00,0.00,0.00,0.00,0.00
20650,DL:0.1.0:AT.1.0.0,2022-3-4 22:25:20,38.00,0.00,0.00,17.302,0.852,-6.377,10.925,18.154,0.00,0.00,0.00,0.00,0.00,0.00,0.00,0.00,0.00,0.00,0.00,0.00,0.00,0.00,0.00,0.00,0.00
20650,DL:0.1.0:AT.1.0.0,2022-3-4 22:25:27,38.00,0.00,0.00,17.312,0.851,-6.385,10.926,18.163,0.00,0.00,0.00,0.00,0.00,0.00,0.00,0.00,0.00,0.00,0.00,0.00,0.00,0.00,0.00,0.00,0.00
20650,DL:0.1.0:AT.1.0.0,2022-3-4 22:25:32,38.00,0.00,0.00,17.342,0.829,-6.417,10.925,18.171,0.00,0.00,0.00,0.00,0.00,0.00,0.00,0.00,0.00,0.00,0.00,0.00,0.00,0.00,0.00,0.00,0.00
20650,DL:0.1.0:AT.1.0.0,2022-3-4 22:25:41,38.00,0.00,0.00,17.364,0.816,-6.438,10.925,18.180,0.00,0.00,0.00,0.00,0.00,0.00,0.00,0.00,0.00,0.00,0.00,0.00,0.00,0.00,0.00,0.00,0.00
20650,DL:0.1.0:AT.1.0.0,2022-3-4 22:25:48,38.00,0.00,0.00,17.355,0.832,-6.430,10.925,18.187,0.00,0.00,0.00,0.00,0.00,0.00,0.00,0.00,0.00,0.00,0.00,0.00,0.00,0.00,0.00,0.00,0.00
20650,DL:0.1.0:AT.1.0.0,2022-3-4 22:25:53,38.00,0.00,0.00,17.349,0.839,-6.423,10.926,18.188,0.00,0.00,0.00,0.00,0.00,0.00,0.00,0.00,0.00,0.00,0.00,0.00,0.00,0.00,0.00,0.00,0.00
20650,DL:0.1.0:AT.1.0.0,2022-3-4 22:26:1,38.00,0.00,0.00,17.401,0.791,-6.474,10.926,18.192,0.00,0.00,0.00,0.00,0.00,0.00,0.00,0.00,0.00,0.00,0.00,0.00,0.00,0.00,0.00,0.00,0.00
20650,DL:0.1.0:AT.1.0.0,2022-3-4 22:26:6,38.00,0.00,0.00,17.354,0.835,-6.428,10.926,18.189,0.00,0.00,0.00,0.00,0.00,0.00,0.00,0.00,0.00,0.00,0.00,0.00,0.00,0.00,0.00,0.00,0.00
20650,DL:0.1.0:AT.1.0.0,2022-3-4 22:26:12,38.00,0.00,0.00,17.372,0.816,-6.446,10.926,18.188,0.00,0.00,0.00,0.00,0.00,0.00,0.00,0.00,0.00,0.00,0.00,0.00,0.00,0.00,0.00,0.00,0.00
20650,DL:0.1.0:AT.1.0.0,2022-3-4 22:26:18,38.00,0.00,0.00,17.383,0.806,-6.456,10.926,18.189,0.00,0.00,0.00,0.00,0.00,0.00,0.00,0.00,0.00,0.00,0.00,0.00,0.00,0.00,0.00,0.00,0.00
20650,DL:0.1.0:AT.1.0.0,2022-3-4 22:26:25,38.00,0.00,0.00,17.383,0.809,-6.456,10.926,18.192,0.00,0.00,0.00,0.00,0.00,0.00,0.00,0.00,0.00,0.00,0.00,0.00,0.00,0.00,0.00,0.00,0.00
20650,DL:0.1.0:AT.1.0.0,2022-3-4 22:26:32,38.00,0.00,0.00,17.367,0.826,-6.441,10.926,18.193,0.00,0.00,0.00,0.00,0.00,0.00,0.00,0.00,0.00,0.00,0.00,0.00,0.00,0.00,0.00,0.00,0.00
20650,DL:0.1.0:AT.1.0.0,2022-3-4 22:26:37,38.00,0.00,0.00,17.380,0.814,-6.454,10.926,18.194,0.00,0.00,0.00,0.00,0.00,0.00,0.00,0.00,0.00,0.00,0.00,0.00,0.00,0.00,0.00,0.00,0.00
20650,DL:0.1.0:AT.1.0.0,2022-3-4 22:26:42,38.00,0.00,0.00,17.368,0.827,-6.442,10.926,18.195,0.00,0.00,0.00,0.00,0.00,0.00,0.00,0.00,0.00,0.00,0.00,0.00,0.00,0.00,0.00,0.00,0.00
20650,DL:0.1.0:AT.1.0.0,2022-3-4 22:26:47,38.00,0.00,0.00,17.367,0.830,-6.441,10.926,18.198,0.00,0.00,0.00,0.00,0.00,0.00,0.00,0.00,0.00,0.00,0.00,0.00,0.00,0.00,0.00,0.00,0.00
20650,DL:0.1.0:AT.1.0.0,2022-3-4 22:26:53,38.00,0.00,0.00,17.367,0.832,-6.441,10.926,18.199,0.00,0.00,0.00,0.00,0.00,0.00,0.00,0.00,0.00,0.00,0.00,0.00,0.00,0.00,0.00,0.00,0.00
20650,DL:0.1.0:AT.1.0.0,2022-3-4 22:26:58,38.00,0.00,0.00,17.383,0.817,-6.456,10.926,18.200,0.00,0.00,0.00,0.00,0.00,0.00,0.00,0.00,0.00,0.00,0.00,0.00,0.00,0.00,0.00,0.00,0.00
20650,DL:0.1.0:AT.1.0.0,2022-3-4 22:27:3,38.00,0.00,0.00,17.382,0.820,-6.455,10.926,18.201,0.00,0.00,0.00,0.00,0.00,0.00,0.00,0.00,0.00,0.00,0.00,0.00,0.00,0.00,0.00,0.00,0.00
20650,DL:0.1.0:AT.1.0.0,2022-3-4 22:27:14,37.75,0.00,0.00,17.401,0.804,-6.473,10.928,18.205,0.00,0.00,0.00,0.00,0.00,0.00,0.00,0.00,0.00,0.00,0.00,0.00,0.00,0.00,0.00,0.00,0.00
20650,DL:0.1.0:AT.1.0.0,2022-3-4 22:27:20,37.75,0.00,0.00,17.403,0.803,-6.476,10.928,18.206,0.00,0.00,0.00,0.00,0.00,0.00,0.00,0.00,0.00,0.00,0.00,0.00,0.00,0.00,0.00,0.00,0.00
20650,DL:0.1.0:AT.1.0.0,2022-3-4 22:27:27,37.75,0.00,0.00,17.380,0.828,-6.453,10.928,18.208,0.00,0.00,0.00,0.00,0.00,0.00,0.00,0.00,0.00,0.00,0.00,0.00,0.00,0.00,0.00,0.00,0.00
20650,DL:0.1.0:AT.1.0.0,2022-3-4 22:27:32,37.75,0.00,0.00,17.370,0.840,-6.442,10.928,18.210,0.00,0.00,0.00,0.00,0.00,0.00,0.00,0.00,0.00,0.00,0.00,0.00,0.00,0.00,0.00,0.00,0.00
20650,DL:0.1.0:AT.1.0.0,2022-3-4 22:27:37,37.75,0.00,0.00,17.391,0.820,-6.464,10.928,18.211,0.00,0.00,0.00,0.00,0.00,0.00,0.00,0.00,0.00,0.00,0.00,0.00,0.00,0.00,0.00,0.00,0.00
20650,DL:0.1.0:AT.1.0.0,2022-3-4 22:27:44,37.75,0.00,0.00,17.396,0.797,-6.468,10.928,18.193,0.00,0.00,0.00,0.00,0.00,0.00,0.00,0.00,0.00,0.00,0.00,0.00,0.00,0.00,0.00,0.00,0.00
20650,DL:0.1.0:AT.1.0.0,2022-3-4 22:27:49,37.75,0.00,0.00,17.322,0.812,-6.394,10.928,18.134,0.00,0.00,0.00,0.00,0.00,0.00,0.00,0.00,0.00,0.00,0.00,0.00,0.00,0.00,0.00,0.00,0.00
20650,DL:0.1.0:AT.1.0.0,2022-3-4 22:27:54,37.75,0.00,0.00,17.236,0.817,-6.309,10.928,18.053,0.00,0.00,0.00,0.00,0.00,0.00,0.00,0.00,0.00,0.00,0.00,0.00,0.00,0.00,0.00,0.00,0.00
20650,DL:0.1.0:AT.1.0.0,2022-3-4 22:28:1,37.75,0.00,0.00,17.146,0.793,-6.218,10.928,17.939,0.00,0.00,0.00,0.00,0.00,0.00,0.00,0.00,0.00,0.00,0.00,0.00,0.00,0.00,0.00,0.00,0.00
20650,DL:0.1.0:AT.1.0.0,2022-3-4 22:28:6,37.75,0.00,0.00,17.056,0.780,-6.128,10.928,17.836,0.00,0.00,0.00,0.00,0.00,0.00,0.00,0.00,0.00,0.00,0.00,0.00,0.00,0.00,0.00,0.00,0.00
20650,DL:0.1.0:AT.1.0.0,2022-3-4 22:28:13,37.75,0.00,0.00,16.989,0.776,-6.061,10.928,17.765,0.00,0.00,0.00,0.00,0.00,0.00,0.00,0.00,0.00,0.00,0.00,0.00,0.00,0.00,0.00,0.00,0.00
20650,DL:0.1.0:AT.1.0.0,2022-3-4 22:28:19,37.75,0.00,0.00,16.878,0.795,-5.950,10.928,17.674,0.00,0.00,0.00,0.00,0.00,0.00,0.00,0.00,0.00,0.00,0.00,0.00,0.00,0.00,0.00,0.00,0.00
20650,DL:0.1.0:AT.1.0.0,2022-3-4 22:28:25,37.75,0.00,0.00,16.795,0.787,-5.868,10.928,17.582,0.00,0.00,0.00,0.00,0.00,0.00,0.00,0.00,0.00,0.00,0.00,0.00,0.00,0.00,0.00,0.00,0.00
20650,DL:0.1.0:AT.1.0.0,2022-3-4 22:28:32,37.75,0.00,0.00,16.676,0.805,-5.749,10.928,17.481,0.00,0.00,0.00,0.00,0.00,0.00,0.00,0.00,0.00,0.00,0.00,0.00,0.00,0.00,0.00,0.00,0.00
20650,DL:0.1.0:AT.1.0.0,2022-3-4 22:28:37,37.75,0.00,0.00,16.608,0.781,-5.680,10.928,17.389,0.00,0.00,0.00,0.00,0.00,0.00,0.00,0.00,0.00,0.00,0.00,0.00,0.00,0.00,0.00,0.00,0.00
20650,DL:0.1.0:AT.1.0.0,2022-3-4 22:28:44,37.75,0.00,0.00,16.519,0.799,-5.591,10.928,17.318,0.00,0.00,0.00,0.00,0.00,0.00,0.00,0.00,0.00,0.00,0.00,0.00,0.00,0.00,0.00,0.00,0.00
20650,DL:0.1.0:AT.1.0.0,2022-3-4 22:28:50,37.75,0.00,0.00,16.423,0.815,-5.495,10.928,17.237,0.00,0.00,0.00,0.00,0.00,0.00,0.00,0.00,0.00,0.00,0.00,0.00,0.00,0.00,0.00,0.00,0.00
20650,DL:0.1.0:AT.1.0.0,2022-3-4 22:28:55,37.75,0.00,0.00,16.348,0.820,-5.421,10.928,17.168,0.00,0.00,0.00,0.00,0.00,0.00,0.00,0.00,0.00,0.00,0.00,0.00,0.00,0.00,0.00,0.00,0.00
20650,DL:0.1.0:AT.1.0.0,2022-3-4 22:29:1,37.75,0.00,0.00,16.257,0.839,-5.329,10.928,17.096,0.00,0.00,0.00,0.00,0.00,0.00,0.00,0.00,0.00,0.00,0.00,0.00,0.00,0.00,0.00,0.00,0.00
20650,DL:0.1.0:AT.1.0.0,2022-3-4 22:29:7,37.75,0.00,0.00,16.184,0.816,-5.256,10.928,17.000,0.00,0.00,0.00,0.00,0.00,0.00,0.00,0.00,0.00,0.00,0.00,0.00,0.00,0.00,0.00,0.00,0.00
20650,DL:0.1.0:AT.1.0.0,2022-3-4 22:29:12,37.75,0.00,0.00,16.122,0.816,-5.195,10.928,16.938,0.00,0.00,0.00,0.00,0.00,0.00,0.00,0.00,0.00,0.00,0.00,0.00,0.00,0.00,0.00,0.00,0.00
20650,DL:0.1.0:AT.1.0.0,2022-3-4 22:29:18,37.75,0.00,0.00,16.042,0.821,-5.113,10.929,16.863,0.00,0.00,0.00,0.00,0.00,0.00,0.00,0.00,0.00,0.00,0.00,0.00,0.00,0.00,0.00,0.00,0.00
20650,DL:0.1.0:AT.1.0.0,2022-3-4 22:29:24,37.75,0.00,0.00,15.983,0.826,-5.054,10.929,16.808,0.00,0.00,0.00,0.00,0.00,0.00,0.00,0.00,0.00,0.00,0.00,0.00,0.00,0.00,0.00,0.00,0.00
20650,DL:0.1.0:AT.1.0.0,2022-3-4 22:29:32,37.75,0.00,0.00,15.973,0.803,-5.046,10.928,16.776,0.00,0.00,0.00,0.00,0.00,0.00,0.00,0.00,0.00,0.00,0.00,0.00,0.00,0.00,0.00,0.00,0.00
20650,DL:0.1.0:AT.1.0.0,2022-3-4 22:29:37,37.75,0.00,0.00,15.959,0.794,-5.030,10.929,16.753,0.00,0.00,0.00,0.00,0.00,0.00,0.00,0.00,0.00,0.00,0.00,0.00,0.00,0.00,0.00,0.00,0.00
20650,DL:0.1.0:AT.1.0.0,2022-3-4 22:29:42,37.75,0.00,0.00,15.924,0.805,-4.995,10.929,16.729,0.00,0.00,0.00,0.00,0.00,0.00,0.00,0.00,0.00,0.00,0.00,0.00,0.00,0.00,0.00,0.00,0.00
20650,DL:0.1.0:AT.1.0.0,2022-3-4 22:29:47,37.75,0.00,0.00,15.886,0.818,-4.958,10.928,16.704,0.00,0.00,0.00,0.00,0.00,0.00,0.00,0.00,0.00,0.00,0.00,0.00,0.00,0.00,0.00,0.00,0.00
20650,DL:0.1.0:AT.1.0.0,2022-3-4 22:29:53,37.75,0.00,0.00,15.850,0.826,-4.921,10.929,16.675,0.00,0.00,0.00,0.00,0.00,0.00,0.00,0.00,0.00,0.00,0.00,0.00,0.00,0.00,0.00,0.00,0.00
20650,DL:0.1.0:AT.1.0.0,2022-3-4 22:29:58,37.75,0.00,0.00,15.797,0.852,-4.869,10.928,16.649,0.00,0.00,0.00,0.00,0.00,0.00,0.00,0.00,0.00,0.00,0.00,0.00,0.00,0.00,0.00,0.00,0.00
20650,DL:0.1.0:AT.1.0.0,2022-3-4 22:30:3,37.75,0.00,0.00,15.777,0.845,-4.850,10.928,16.622,0.00,0.00,0.00,0.00,0.00,0.00,0.00,0.00,0.00,0.00,0.00,0.00,0.00,0.00,0.00,0.00,0.00
20650,DL:0.1.0:AT.1.0.0,2022-3-4 22:30:8,37.75,0.00,0.00,15.781,0.821,-4.853,10.928,16.602,0.00,0.00,0.00,0.00,0.00,0.00,0.00,0.00,0.00,0.00,0.00,0.00,0.00,0.00,0.00,0.00,0.00
20650,DL:0.1.0:AT.1.0.0,2022-3-4 22:30:13,37.75,0.00,0.00,15.763,0.844,-4.834,10.929,16.607,0.00,0.00,0.00,0.00,0.00,0.00,0.00,0.00,0.00,0.00,0.00,0.00,0.00,0.00,0.00,0.00,0.00
20650,DL:0.1.0:AT.1.0.0,2022-3-4 22:30:18,37.75,0.00,0.00,15.786,0.832,-4.857,10.929,16.617,0.00,0.00,0.00,0.00,0.00,0.00,0.00,0.00,0.00,0.00,0.00,0.00,0.00,0.00,0.00,0.00,0.00
20650,DL:0.1.0:AT.1.0.0,2022-3-4 22:30:24,37.75,0.00,0.00,15.792,0.838,-4.862,10.930,16.629,0.00,0.00,0.00,0.00,0.00,0.00,0.00,0.00,0.00,0.00,0.00,0.00,0.00,0.00,0.00,0.00,0.00
20650,DL:0.1.0:AT.1.0.0,2022-3-4 22:30:29,37.75,0.00,0.00,15.780,0.859,-4.850,10.930,16.639,0.00,0.00,0.00,0.00,0.00,0.00,0.00,0.00,0.00,0.00,0.00,0.00,0.00,0.00,0.00,0.00,0.00
20650,DL:0.1.0:AT.1.0.0,2022-3-4 22:30:34,37.75,0.00,0.00,15.820,0.829,-4.891,10.929,16.649,0.00,0.00,0.00,0.00,0.00,0.00,0.00,0.00,0.00,0.00,0.00,0.00,0.00,0.00,0.00,0.00,0.00
20650,DL:0.1.0:AT.1.0.0,2022-3-4 22:30:41,37.75,0.00,0.00,15.809,0.830,-4.880,10.929,16.639,0.00,0.00,0.00,0.00,0.00,0.00,0.00,0.00,0.00,0.00,0.00,0.00,0.00,0.00,0.00,0.00,0.00
20650,DL:0.1.0:AT.1.0.0,2022-3-4 22:30:56,37.75,0.00,0.00,15.720,0.824,-4.791,10.929,16.544,0.00,0.00,0.00,0.00,0.00,0.00,0.00,0.00,0.00,0.00,0.00,0.00,0.00,0.00,0.00,0.00,0.00
20650,DL:0.1.0:AT.1.0.0,2022-3-4 22:31:2,37.75,0.00,0.00,15.665,0.848,-4.736,10.929,16.513,0.00,0.00,0.00,0.00,0.00,0.00,0.00,0.00,0.00,0.00,0.00,0.00,0.00,0.00,0.00,0.00,0.00
20650,DL:0.1.0:AT.1.0.0,2022-3-4 22:31:7,37.75,0.00,0.00,15.655,0.830,-4.726,10.929,16.485,0.00,0.00,0.00,0.00,0.00,0.00,0.00,0.00,0.00,0.00,0.00,0.00,0.00,0.00,0.00,0.00,0.00
20650,DL:0.1.0:AT.1.0.0,2022-3-4 22:31:12,37.75,0.00,0.00,15.594,0.863,-4.665,10.929,16.456,0.00,0.00,0.00,0.00,0.00,0.00,0.00,0.00,0.00,0.00,0.00,0.00,0.00,0.00,0.00,0.00,0.00
20650,DL:0.1.0:AT.1.0.0,2022-3-4 22:31:17,37.75,0.00,0.00,15.598,0.833,-4.670,10.929,16.431,0.00,0.00,0.00,0.00,0.00,0.00,0.00,0.00,0.00,0.00,0.00,0.00,0.00,0.00,0.00,0.00,0.00
20650,DL:0.1.0:AT.1.0.0,2022-3-4 22:31:22,37.75,0.00,0.00,15.549,0.858,-4.621,10.928,16.407,0.00,0.00,0.00,0.00,0.00,0.00,0.00,0.00,0.00,0.00,0.00,0.00,0.00,0.00,0.00,0.00,0.00
20650,DL:0.1.0:AT.1.0.0,2022-3-4 22:31:27,37.75,0.00,0.00,15.523,0.862,-4.595,10.928,16.384,0.00,0.00,0.00,0.00,0.00,0.00,0.00,0.00,0.00,0.00,0.00,0.00,0.00,0.00,0.00,0.00,0.00
20650,DL:0.1.0:AT.1.0.0,2022-3-4 22:31:32,38.00,0.00,0.00,15.506,0.857,-4.577,10.929,16.363,0.00,0.00,0.00,0.00,0.00,0.00,0.00,0.00,0.00,0.00,0.00,0.00,0.00,0.00,0.00,0.00,0.00
20650,DL:0.1.0:AT.1.0.0,2022-3-4 22:31:37,38.00,0.00,0.00,15.464,0.871,-4.535,10.929,16.335,0.00,0.00,0.00,0.00,0.00,0.00,0.00,0.00,0.00,0.00,0.00,0.00,0.00,0.00,0.00,0.00,0.00
20650,DL:0.1.0:AT.1.0.0,2022-3-4 22:31:42,38.00,0.00,0.00,15.442,0.872,-4.513,10.929,16.315,0.00,0.00,0.00,0.00,0.00,0.00,0.00,0.00,0.00,0.00,0.00,0.00,0.00,0.00,0.00,0.00,0.00
20650,DL:0.1.0:AT.1.0.0,2022-3-4 22:31:47,38.00,0.00,0.00,0.000,0.000,0.000,0.000,0.000,0.00,0.00,0.00,0.00,0.00,0.00,0.00,0.00,0.00,0.00,0.00,0.00,0.00,0.00,0.00,0.00,0.00
20650,DL:0.1.0:AT.1.0.0,2022-3-4 22:31:52,38.00,0.00,0.00,15.397,0.886,-5.379,10.018,16.282,0.00,0.00,0.00,0.00,0.00,0.00,0.00,0.00,0.00,0.00,0.00,0.00,0.00,0.00,0.00,0.00,0.00
20650,DL:0.1.0:AT.1.0.0,2022-3-4 22:31:57,38.00,0.00,0.00,15.353,0.893,-3.472,11.882,16.246,0.00,0.00,0.00,0.00,0.00,0.00,0.00,0.00,0.00,0.00,0.00,0.00,0.00,0.00,0.00,0.00,0.00
20650,DL:0.1.0:AT.1.0.0,2022-3-4 22:32:2,38.00,0.00,0.00,15.354,0.869,-3.294,12.061,16.223,0.00,0.00,0.00,0.00,0.00,0.00,0.00,0.00,0.00,0.00,0.00,0.00,0.00,0.00,0.00,0.00,0.00
20650,DL:0.1.0:AT.1.0.0,2022-3-4 22:32:7,38.00,0.00,0.00,15.345,0.857,-3.216,12.129,16.202,0.00,0.00,0.00,0.00,0.00,0.00,0.00,0.00,0.00,0.00,0.00,0.00,0.00,0.00,0.00,0.00,0.00
20650,DL:0.1.0:AT.1.0.0,2022-3-4 22:32:12,38.00,0.00,0.00,15.314,0.866,-3.147,12.167,16.180,0.00,0.00,0.00,0.00,0.00,0.00,0.00,0.00,0.00,0.00,0.00,0.00,0.00,0.00,0.00,0.00,0.00
20650,DL:0.1.0:AT.1.0.0,2022-3-4 22:32:17,38.00,0.00,0.00,15.272,0.888,-3.076,12.195,16.160,0.00,0.00,0.00,0.00,0.00,0.00,0.00,0.00,0.00,0.00,0.00,0.00,0.00,0.00,0.00,0.00,0.00
20650,DL:0.1.0:AT.1.0.0,2022-3-4 22:32:22,38.00,0.00,0.00,15.280,0.860,-3.063,12.217,16.140,0.00,0.00,0.00,0.00,0.00,0.00,0.00,0.00,0.00,0.00,0.00,0.00,0.00,0.00,0.00,0.00,0.00
20650,DL:0.1.0:AT.1.0.0,2022-3-4 22:32:27,38.00,0.00,0.00,15.236,0.886,-3.002,12.234,16.121,0.00,0.00,0.00,0.00,0.00,0.00,0.00,0.00,0.00,0.00,0.00,0.00,0.00,0.00,0.00,0.00,0.00
20650,DL:0.1.0:AT.1.0.0,2022-3-4 22:32:32,38.00,0.00,0.00,15.208,0.895,-2.962,12.246,16.103,0.00,0.00,0.00,0.00,0.00,0.00,0.00,0.00,0.00,0.00,0.00,0.00,0.00,0.00,0.00,0.00,0.00
20650,DL:0.1.0:AT.1.0.0,2022-3-4 22:32:37,38.00,0.00,0.00,15.230,0.854,-2.974,12.255,16.084,0.00,0.00,0.00,0.00,0.00,0.00,0.00,0.00,0.00,0.00,0.00,0.00,0.00,0.00,0.00,0.00,0.00
20650,DL:0.1.0:AT.1.0.0,2022-3-4 22:32:42,38.00,0.00,0.00,15.210,0.874,-2.948,12.263,16.084,0.00,0.00,0.00,0.00,0.00,0.00,0.00,0.00,0.00,0.00,0.00,0.00,0.00,0.00,0.00,0.00,0.00
20650,DL:0.1.0:AT.1.0.0,2022-3-4 22:32:47,38.00,0.00,0.00,15.193,0.910,-2.922,12.271,16.103,0.00,0.00,0.00,0.00,0.00,0.00,0.00,0.00,0.00,0.00,0.00,0.00,0.00,0.00,0.00,0.00,0.00
20650,DL:0.1.0:AT.1.0.0,2022-3-4 22:32:52,38.00,0.00,0.00,15.168,0.957,-2.891,12.277,16.125,0.00,0.00,0.00,0.00,0.00,0.00,0.00,0.00,0.00,0.00,0.00,0.00,0.00,0.00,0.00,0.00,0.00
20650,DL:0.1.0:AT.1.0.0,2022-3-4 22:32:57,38.00,0.00,0.00,15.174,0.966,-2.890,12.284,16.140,0.00,0.00,0.00,0.00,0.00,0.00,0.00,0.00,0.00,0.00,0.00,0.00,0.00,0.00,0.00,0.00,0.00
20650,DL:0.1.0:AT.1.0.0,2022-3-4 22:33:2,38.00,0.00,0.00,15.228,0.961,-2.937,12.292,16.190,0.00,0.00,0.00,0.00,0.00,0.00,0.00,0.00,0.00,0.00,0.00,0.00,0.00,0.00,0.00,0.00,0.00
20650,DL:0.1.0:AT.1.0.0,2022-3-4 22:33:7,38.00,0.00,0.00,15.279,0.985,-2.980,12.299,16.264,0.00,0.00,0.00,0.00,0.00,0.00,0.00,0.00,0.00,0.00,0.00,0.00,0.00,0.00,0.00,0.00,0.00
20650,DL:0.1.0:AT.1.0.0,2022-3-4 22:33:12,38.00,0.00,0.00,15.359,0.971,-3.055,12.305,16.330,0.00,0.00,0.00,0.00,0.00,0.00,0.00,0.00,0.00,0.00,0.00,0.00,0.00,0.00,0.00,0.00,0.00
20650,DL:0.1.0:AT.1.0.0,2022-3-4 22:33:17,38.00,0.00,0.00,15.429,0.965,-3.117,12.312,16.394,0.00,0.00,0.00,0.00,0.00,0.00,0.00,0.00,0.00,0.00,0.00,0.00,0.00,0.00,0.00,0.00,0.00
20650,DL:0.1.0:AT.1.0.0,2022-3-4 22:33:22,38.00,0.00,0.00,15.478,0.979,-3.160,12.318,16.458,0.00,0.00,0.00,0.00,0.00,0.00,0.00,0.00,0.00,0.00,0.00,0.00,0.00,0.00,0.00,0.00,0.00
20650,DL:0.1.0:AT.1.0.0,2022-3-4 22:33:28,38.00,0.00,0.00,15.571,0.948,-3.246,12.325,16.519,0.00,0.00,0.00,0.00,0.00,0.00,0.00,0.00,0.00,0.00,0.00,0.00,0.00,0.00,0.00,0.00,0.00
20650,DL:0.1.0:AT.1.0.0,2022-3-4 22:33:33,38.00,0.00,0.00,15.589,0.988,-3.259,12.330,16.577,0.00,0.00,0.00,0.00,0.00,0.00,0.00,0.00,0.00,0.00,0.00,0.00,0.00,0.00,0.00,0.00,0.00
20650,DL:0.1.0:AT.1.0.0,2022-3-4 22:33:38,38.00,0.00,0.00,15.667,0.969,-3.331,12.336,16.635,0.00,0.00,0.00,0.00,0.00,0.00,0.00,0.00,0.00,0.00,0.00,0.00,0.00,0.00,0.00,0.00,0.00
20650,DL:0.1.0:AT.1.0.0,2022-3-4 22:33:45,38.00,0.00,0.00,15.745,0.961,-3.402,12.343,16.706,0.00,0.00,0.00,0.00,0.00,0.00,0.00,0.00,0.00,0.00,0.00,0.00,0.00,0.00,0.00,0.00,0.00
20650,DL:0.1.0:AT.1.0.0,2022-3-4 22:33:50,38.00,0.00,0.00,15.807,0.969,-3.458,12.349,16.776,0.00,0.00,0.00,0.00,0.00,0.00,0.00,0.00,0.00,0.00,0.00,0.00,0.00,0.00,0.00,0.00,0.00
20650,DL:0.1.0:AT.1.0.0,2022-3-4 22:33:55,38.00,0.00,0.00,15.857,0.947,-3.504,12.353,16.804,0.00,0.00,0.00,0.00,0.00,0.00,0.00,0.00,0.00,0.00,0.00,0.00,0.00,0.00,0.00,0.00,0.00
20650,DL:0.1.0:AT.1.0.0,2022-3-4 22:34:3,38.00,0.00,0.00,15.892,0.983,-3.532,12.360,16.875,0.00,0.00,0.00,0.00,0.00,0.00,0.00,0.00,0.00,0.00,0.00,0.00,0.00,0.00,0.00,0.00,0.00
20650,DL:0.1.0:AT.1.0.0,2022-3-4 22:34:10,38.00,0.00,0.00,15.979,0.976,-3.611,12.368,16.955,0.00,0.00,0.00,0.00,0.00,0.00,0.00,0.00,0.00,0.00,0.00,0.00,0.00,0.00,0.00,0.00,0.00
20650,DL:0.1.0:AT.1.0.0,2022-3-4 22:34:16,38.00,0.00,0.00,16.044,0.955,-3.673,12.371,17.000,0.00,0.00,0.00,0.00,0.00,0.00,0.00,0.00,0.00,0.00,0.00,0.00,0.00,0.00,0.00,0.00,0.00
20650,DL:0.1.0:AT.1.0.0,2022-3-4 22:34:21,38.00,0.00,0.00,16.148,0.912,-3.771,12.377,17.060,0.00,0.00,0.00,0.00,0.00,0.00,0.00,0.00,0.00,0.00,0.00,0.00,0.00,0.00,0.00,0.00,0.00
20650,DL:0.1.0:AT.1.0.0,2022-3-4 22:34:27,38.00,0.00,0.00,16.149,0.943,-3.768,12.380,17.092,0.00,0.00,0.00,0.00,0.00,0.00,0.00,0.00,0.00,0.00,0.00,0.00,0.00,0.00,0.00,0.00,0.00
20650,DL:0.1.0:AT.1.0.0,2022-3-4 22:34:34,38.00,0.00,0.00,16.210,0.942,-3.824,12.386,17.152,0.00,0.00,0.00,0.00,0.00,0.00,0.00,0.00,0.00,0.00,0.00,0.00,0.00,0.00,0.00,0.00,0.00
20650,DL:0.1.0:AT.1.0.0,2022-3-4 22:34:39,38.00,0.00,0.00,16.257,0.937,-3.867,12.390,17.194,0.00,0.00,0.00,0.00,0.00,0.00,0.00,0.00,0.00,0.00,0.00,0.00,0.00,0.00,0.00,0.00,0.00
20650,DL:0.1.0:AT.1.0.0,2022-3-4 22:34:44,37.75,0.00,0.00,16.280,0.955,-3.885,12.395,17.235,0.00,0.00,0.00,0.00,0.00,0.00,0.00,0.00,0.00,0.00,0.00,0.00,0.00,0.00,0.00,0.00,0.00
20650,DL:0.1.0:AT.1.0.0,2022-3-4 22:34:53,37.75,0.00,0.00,16.375,0.942,-3.971,12.403,17.317,0.00,0.00,0.00,0.00,0.00,0.00,0.00,0.00,0.00,0.00,0.00,0.00,0.00,0.00,0.00,0.00,0.00
20650,DL:0.1.0:AT.1.0.0,2022-3-4 22:34:58,37.75,0.00,0.00,16.404,0.942,-3.998,12.406,17.346,0.00,0.00,0.00,0.00,0.00,0.00,0.00,0.00,0.00,0.00,0.00,0.00,0.00,0.00,0.00,0.00,0.00
20650,DL:0.1.0:AT.1.0.0,2022-3-4 22:35:3,37.75,0.00,0.00,16.478,0.902,-4.069,12.409,17.380,0.00,0.00,0.00,0.00,0.00,0.00,0.00,0.00,0.00,0.00,0.00,0.00,0.00,0.00,0.00,0.00,0.00
20650,DL:0.1.0:AT.1.0.0,2022-3-4 22:35:8,37.75,0.00,0.00,16.485,0.934,-4.071,12.414,17.419,0.00,0.00,0.00,0.00,0.00,0.00,0.00,0.00,0.00,0.00,0.00,0.00,0.00,0.00,0.00,0.00,0.00
20650,DL:0.1.0:AT.1.0.0,2022-3-4 22:35:15,37.75,0.00,0.00,16.565,0.908,-4.146,12.419,17.473,0.00,0.00,0.00,0.00,0.00,0.00,0.00,0.00,0.00,0.00,0.00,0.00,0.00,0.00,0.00,0.00,0.00
20650,DL:0.1.0:AT.1.0.0,2022-3-4 22:35:25,37.75,0.00,0.00,16.615,0.926,-4.189,12.426,17.541,0.00,0.00,0.00,0.00,0.00,0.00,0.00,0.00,0.00,0.00,0.00,0.00,0.00,0.00,0.00,0.00,0.00
20650,DL:0.1.0:AT.1.0.0,2022-3-4 22:35:33,37.75,0.00,0.00,16.736,0.878,-4.302,12.435,17.615,0.00,0.00,0.00,0.00,0.00,0.00,0.00,0.00,0.00,0.00,0.00,0.00,0.00,0.00,0.00,0.00,0.00
20650,DL:0.1.0:AT.1.0.0,2022-3-4 22:35:40,37.75,0.00,0.00,16.715,0.923,-4.278,12.437,17.638,0.00,0.00,0.00,0.00,0.00,0.00,0.00,0.00,0.00,0.00,0.00,0.00,0.00,0.00,0.00,0.00,0.00
20650,DL:0.1.0:AT.1.0.0,2022-3-4 22:35:45,37.75,0.00,0.00,16.796,0.882,-4.355,12.442,17.678,0.00,0.00,0.00,0.00,0.00,0.00,0.00,0.00,0.00,0.00,0.00,0.00,0.00,0.00,0.00,0.00,0.00
20650,DL:0.1.0:AT.1.0.0,2022-3-4 22:35:50,37.75,0.00,0.00,16.782,0.920,-4.338,12.444,17.702,0.00,0.00,0.00,0.00,0.00,0.00,0.00,0.00,0.00,0.00,0.00,0.00,0.00,0.00,0.00,0.00,0.00
20650,DL:0.1.0:AT.1.0.0,2022-3-4 22:35:55,37.75,0.00,0.00,16.820,0.907,-4.373,12.448,17.728,0.00,0.00,0.00,0.00,0.00,0.00,0.00,0.00,0.00,0.00,0.00,0.00,0.00,0.00,0.00,0.00,0.00
20650,DL:0.1.0:AT.1.0.0,2022-3-4 22:36:0,37.75,0.00,0.00,16.849,0.906,-4.398,12.451,17.755,0.00,0.00,0.00,0.00,0.00,0.00,0.00,0.00,0.00,0.00,0.00,0.00,0.00,0.00,0.00,0.00,0.00
20650,DL:0.1.0:AT.1.0.0,2022-3-4 22:36:7,37.75,0.00,0.00,16.890,0.890,-4.434,12.456,17.781,0.00,0.00,0.00,0.00,0.00,0.00,0.00,0.00,0.00,0.00,0.00,0.00,0.00,0.00,0.00,0.00,0.00
20650,DL:0.1.0:AT.1.0.0,2022-3-4 22:36:14,37.75,0.00,0.00,16.925,0.900,-4.463,12.462,17.825,0.00,0.00,0.00,0.00,0.00,0.00,0.00,0.00,0.00,0.00,0.00,0.00,0.00,0.00,0.00,0.00,0.00
20650,DL:0.1.0:AT.1.0.0,2022-3-4 22:36:21,37.75,0.00,0.00,16.921,0.920,-4.457,12.465,17.842,0.00,0.00,0.00,0.00,0.00,0.00,0.00,0.00,0.00,0.00,0.00,0.00,0.00,0.00,0.00,0.00,0.00
20650,DL:0.1.0:AT.1.0.0,2022-3-4 22:36:26,37.75,0.00,0.00,16.989,0.881,-4.519,12.469,17.870,0.00,0.00,0.00,0.00,0.00,0.00,0.00,0.00,0.00,0.00,0.00,0.00,0.00,0.00,0.00,0.00,0.00
20650,DL:0.1.0:AT.1.0.0,2022-3-4 22:36:32,37.75,0.00,0.00,17.004,0.877,-4.533,12.472,17.882,0.00,0.00,0.00,0.00,0.00,0.00,0.00,0.00,0.00,0.00,0.00,0.00,0.00,0.00,0.00,0.00,0.00
20650,DL:0.1.0:AT.1.0.0,2022-3-4 22:36:39,37.75,0.00,0.00,17.004,0.904,-4.528,12.477,17.908,0.00,0.00,0.00,0.00,0.00,0.00,0.00,0.00,0.00,0.00,0.00,0.00,0.00,0.00,0.00,0.00,0.00
20650,DL:0.1.0:AT.1.0.0,2022-3-4 22:36:46,37.75,0.00,0.00,17.037,0.893,-4.555,12.481,17.930,0.00,0.00,0.00,0.00,0.00,0.00,0.00,0.00,0.00,0.00,0.00,0.00,0.00,0.00,0.00,0.00,0.00
20650,DL:0.1.0:AT.1.0.0,2022-3-4 22:36:51,37.75,0.00,0.00,17.088,0.866,-4.603,12.485,17.955,0.00,0.00,0.00,0.00,0.00,0.00,0.00,0.00,0.00,0.00,0.00,0.00,0.00,0.00,0.00,0.00,0.00
20650,DL:0.1.0:AT.1.0.0,2022-3-4 22:36:58,37.75,0.00,0.00,17.086,0.884,-4.597,12.489,17.970,0.00,0.00,0.00,0.00,0.00,0.00,0.00,0.00,0.00,0.00,0.00,0.00,0.00,0.00,0.00,0.00,0.00
20650,DL:0.1.0:AT.1.0.0,2022-3-4 22:37:3,37.75,0.00,0.00,17.126,0.868,-4.632,12.493,17.993,0.00,0.00,0.00,0.00,0.00,0.00,0.00,0.00,0.00,0.00,0.00,0.00,0.00,0.00,0.00,0.00,0.00
20650,DL:0.1.0:AT.1.0.0,2022-3-4 22:37:10,37.75,0.00,0.00,17.147,0.866,-4.652,12.496,18.014,0.00,0.00,0.00,0.00,0.00,0.00,0.00,0.00,0.00,0.00,0.00,0.00,0.00,0.00,0.00,0.00,0.00
20650,DL:0.1.0:AT.1.0.0,2022-3-4 22:37:15,37.75,0.00,0.00,17.130,0.887,-4.632,12.498,18.017,0.00,0.00,0.00,0.00,0.00,0.00,0.00,0.00,0.00,0.00,0.00,0.00,0.00,0.00,0.00,0.00,0.00
20650,DL:0.1.0:AT.1.0.0,2022-3-4 22:37:20,37.75,0.00,0.00,17.150,0.883,-4.649,12.501,18.033,0.00,0.00,0.00,0.00,0.00,0.00,0.00,0.00,0.00,0.00,0.00,0.00,0.00,0.00,0.00,0.00,0.00
20650,DL:0.1.0:AT.1.0.0,2022-3-4 22:37:25,37.75,0.00,0.00,17.163,0.888,-4.659,12.504,18.051,0.00,0.00,0.00,0.00,0.00,0.00,0.00,0.00,0.00,0.00,0.00,0.00,0.00,0.00,0.00,0.00,0.00
20650,DL:0.1.0:AT.1.0.0,2022-3-4 22:37:30,37.75,0.00,0.00,17.198,0.869,-4.690,12.508,18.067,0.00,0.00,0.00,0.00,0.00,0.00,0.00,0.00,0.00,0.00,0.00,0.00,0.00,0.00,0.00,0.00,0.00
20650,DL:0.1.0:AT.1.0.0,2022-3-4 22:37:37,37.75,0.00,0.00,17.213,0.866,-4.703,12.510,18.080,0.00,0.00,0.00,0.00,0.00,0.00,0.00,0.00,0.00,0.00,0.00,0.00,0.00,0.00,0.00,0.00,0.00
20650,DL:0.1.0:AT.1.0.0,2022-3-4 22:37:44,37.75,0.00,0.00,17.237,0.854,-4.724,12.514,18.092,0.00,0.00,0.00,0.00,0.00,0.00,0.00,0.00,0.00,0.00,0.00,0.00,0.00,0.00,0.00,0.00,0.00
20650,DL:0.1.0:AT.1.0.0,2022-3-4 22:37:51,37.75,0.00,0.00,17.251,0.854,-4.733,12.517,18.105,0.00,0.00,0.00,0.00,0.00,0.00,0.00,0.00,0.00,0.00,0.00,0.00,0.00,0.00,0.00,0.00,0.00
20650,DL:0.1.0:AT.1.0.0,2022-3-4 22:37:59,37.75,0.00,0.00,17.231,0.887,-4.709,12.522,18.118,0.00,0.00,0.00,0.00,0.00,0.00,0.00,0.00,0.00,0.00,0.00,0.00,0.00,0.00,0.00,0.00,0.00
20650,DL:0.1.0:AT.1.0.0,2022-3-4 22:38:4,37.75,0.00,0.00,17.267,0.859,-4.744,12.523,18.127,0.00,0.00,0.00,0.00,0.00,0.00,0.00,0.00,0.00,0.00,0.00,0.00,0.00,0.00,0.00,0.00,0.00
20650,DL:0.1.0:AT.1.0.0,2022-3-4 22:38:9,37.75,0.00,0.00,17.295,0.842,-4.767,12.528,18.137,0.00,0.00,0.00,0.00,0.00,0.00,0.00,0.00,0.00,0.00,0.00,0.00,0.00,0.00,0.00,0.00,0.00
20650,DL:0.1.0:AT.1.0.0,2022-3-4 22:38:15,37.75,0.00,0.00,17.300,0.848,-4.768,12.532,18.148,0.00,0.00,0.00,0.00,0.00,0.00,0.00,0.00,0.00,0.00,0.00,0.00,0.00,0.00,0.00,0.00,0.00
20650,DL:0.1.0:AT.1.0.0,2022-3-4 22:38:20,37.75,0.00,0.00,17.284,0.868,-4.751,12.533,18.152,0.00,0.00,0.00,0.00,0.00,0.00,0.00,0.00,0.00,0.00,0.00,0.00,0.00,0.00,0.00,0.00,0.00
20650,DL:0.1.0:AT.1.0.0,2022-3-4 22:38:25,37.75,0.00,0.00,17.330,0.835,-4.793,12.537,18.165,0.00,0.00,0.00,0.00,0.00,0.00,0.00,0.00,0.00,0.00,0.00,0.00,0.00,0.00,0.00,0.00,0.00
20650,DL:0.1.0:AT.1.0.0,2022-3-4 22:38:30,37.75,0.00,0.00,17.326,0.840,-4.787,12.539,18.166,0.00,0.00,0.00,0.00,0.00,0.00,0.00,0.00,0.00,0.00,0.00,0.00,0.00,0.00,0.00,0.00,0.00
20650,DL:0.1.0:AT.1.0.0,2022-3-4 22:38:35,37.75,0.00,0.00,17.334,0.846,-4.791,12.543,18.180,0.00,0.00,0.00,0.00,0.00,0.00,0.00,0.00,0.00,0.00,0.00,0.00,0.00,0.00,0.00,0.00,0.00
20650,DL:0.1.0:AT.1.0.0,2022-3-4 22:38:41,37.75,0.00,0.00,17.366,0.817,-4.822,12.544,18.183,0.00,0.00,0.00,0.00,0.00,0.00,0.00,0.00,0.00,0.00,0.00,0.00,0.00,0.00,0.00,0.00,0.00
20650,DL:0.1.0:AT.1.0.0,2022-3-4 22:38:46,37.75,0.00,0.00,17.359,0.835,-4.813,12.546,18.194,0.00,0.00,0.00,0.00,0.00,0.00,0.00,0.00,0.00,0.00,0.00,0.00,0.00,0.00,0.00,0.00,0.00
20650,DL:0.1.0:AT.1.0.0,2022-3-4 22:38:51,37.75,0.00,0.00,17.347,0.851,-4.798,12.549,18.198,0.00,0.00,0.00,0.00,0.00,0.00,0.00,0.00,0.00,0.00,0.00,0.00,0.00,0.00,0.00,0.00,0.00
20650,DL:0.1.0:AT.1.0.0,2022-3-4 22:38:56,37.75,0.00,0.00,17.367,0.834,-4.817,12.550,18.201,0.00,0.00,0.00,0.00,0.00,0.00,0.00,0.00,0.00,0.00,0.00,0.00,0.00,0.00,0.00,0.00,0.00
20650,DL:0.1.0:AT.1.0.0,2022-3-4 22:39:1,37.75,0.00,0.00,17.334,0.859,-4.781,12.552,18.193,0.00,0.00,0.00,0.00,0.00,0.00,0.00,0.00,0.00,0.00,0.00,0.00,0.00,0.00,0.00,0.00,0.00
20650,DL:0.1.0:AT.1.0.0,2022-3-4 22:39:6,37.75,0.00,0.00,17.292,0.865,-4.737,12.555,18.157,0.00,0.00,0.00,0.00,0.00,0.00,0.00,0.00,0.00,0.00,0.00,0.00,0.00,0.00,0.00,0.00,0.00
20650,DL:0.1.0:AT.1.0.0,2022-3-4 22:39:13,37.75,0.00,0.00,17.312,0.799,-4.754,12.558,18.111,0.00,0.00,0.00,0.00,0.00,0.00,0.00,0.00,0.00,0.00,0.00,0.00,0.00,0.00,0.00,0.00,0.00
20650,DL:0.1.0:AT.1.0.0,2022-3-4 22:39:18,37.75,0.00,0.00,17.263,0.820,-4.702,12.561,18.082,0.00,0.00,0.00,0.00,0.00,0.00,0.00,0.00,0.00,0.00,0.00,0.00,0.00,0.00,0.00,0.00,0.00
20650,DL:0.1.0:AT.1.0.0,2022-3-4 22:39:23,37.75,0.00,0.00,17.201,0.847,-4.640,12.562,18.049,0.00,0.00,0.00,0.00,0.00,0.00,0.00,0.00,0.00,0.00,0.00,0.00,0.00,0.00,0.00,0.00,0.00
20650,DL:0.1.0:AT.1.0.0,2022-3-4 22:39:33,37.75,0.00,0.00,17.191,0.806,-4.624,12.567,17.997,0.00,0.00,0.00,0.00,0.00,0.00,0.00,0.00,0.00,0.00,0.00,0.00,0.00,0.00,0.00,0.00,0.00
20650,DL:0.1.0:AT.1.0.0,2022-3-4 22:39:40,37.75,0.00,0.00,17.112,0.838,-4.543,12.569,17.950,0.00,0.00,0.00,0.00,0.00,0.00,0.00,0.00,0.00,0.00,0.00,0.00,0.00,0.00,0.00,0.00,0.00
20650,DL:0.1.0:AT.1.0.0,2022-3-4 22:39:45,37.75,0.00,0.00,17.074,0.840,-4.500,12.574,17.914,0.00,0.00,0.00,0.00,0.00,0.00,0.00,0.00,0.00,0.00,0.00,0.00,0.00,0.00,0.00,0.00,0.00
20650,DL:0.1.0:AT.1.0.0,2022-3-4 22:39:50,37.75,0.00,0.00,17.040,0.857,-4.466,12.574,17.897,0.00,0.00,0.00,0.00,0.00,0.00,0.00,0.00,0.00,0.00,0.00,0.00,0.00,0.00,0.00,0.00,0.00
20650,DL:0.1.0:AT.1.0.0,2022-3-4 22:39:58,37.75,0.00,0.00,17.025,0.833,-4.447,12.578,17.857,0.00,0.00,0.00,0.00,0.00,0.00,0.00,0.00,0.00,0.00,0.00,0.00,0.00,0.00,0.00,0.00,0.00
20650,DL:0.1.0:AT.1.0.0,2022-3-4 22:40:6,37.75,0.00,0.00,16.971,0.846,-4.391,12.580,17.817,0.00,0.00,0.00,0.00,0.00,0.00,0.00,0.00,0.00,0.00,0.00,0.00,0.00,0.00,0.00,0.00,0.00
20650,DL:0.1.0:AT.1.0.0,2022-3-4 22:40:12,37.75,0.00,0.00,16.961,0.822,-4.379,12.582,17.783,0.00,0.00,0.00,0.00,0.00,0.00,0.00,0.00,0.00,0.00,0.00,0.00,0.00,0.00,0.00,0.00,0.00
20650,DL:0.1.0:AT.1.0.0,2022-3-4 22:40:17,37.75,0.00,0.00,16.933,0.824,-4.349,12.585,17.758,0.00,0.00,0.00,0.00,0.00,0.00,0.00,0.00,0.00,0.00,0.00,0.00,0.00,0.00,0.00,0.00,0.00
20650,DL:0.1.0:AT.1.0.0,2022-3-4 22:40:22,37.75,0.00,0.00,16.930,0.799,-4.344,12.586,17.729,0.00,0.00,0.00,0.00,0.00,0.00,0.00,0.00,0.00,0.00,0.00,0.00,0.00,0.00,0.00,0.00,0.00
20650,DL:0.1.0:AT.1.0.0,2022-3-4 22:40:27,37.75,0.00,0.00,16.857,0.847,-4.268,12.588,17.704,0.00,0.00,0.00,0.00,0.00,0.00,0.00,0.00,0.00,0.00,0.00,0.00,0.00,0.00,0.00,0.00,0.00
20650,DL:0.1.0:AT.1.0.0,2022-3-4 22:40:34,37.75,0.00,0.00,16.841,0.829,-4.250,12.591,17.670,0.00,0.00,0.00,0.00,0.00,0.00,0.00,0.00,0.00,0.00,0.00,0.00,0.00,0.00,0.00,0.00,0.00
20650,DL:0.1.0:AT.1.0.0,2022-3-4 22:40:39,37.75,0.00,0.00,16.830,0.815,-4.238,12.592,17.645,0.00,0.00,0.00,0.00,0.00,0.00,0.00,0.00,0.00,0.00,0.00,0.00,0.00,0.00,0.00,0.00,0.00
20650,DL:0.1.0:AT.1.0.0,2022-3-4 22:40:44,37.75,0.00,0.00,16.780,0.827,-4.185,12.594,17.606,0.00,0.00,0.00,0.00,0.00,0.00,0.00,0.00,0.00,0.00,0.00,0.00,0.00,0.00,0.00,0.00,0.00
20650,DL:0.1.0:AT.1.0.0,2022-3-4 22:40:50,37.75,0.00,0.00,16.758,0.829,-4.162,12.596,17.587,0.00,0.00,0.00,0.00,0.00,0.00,0.00,0.00,0.00,0.00,0.00,0.00,0.00,0.00,0.00,0.00,0.00
20650,DL:0.1.0:AT.1.0.0,2022-3-4 22:40:57,37.75,0.00,0.00,16.704,0.850,-4.105,12.599,17.553,0.00,0.00,0.00,0.00,0.00,0.00,0.00,0.00,0.00,0.00,0.00,0.00,0.00,0.00,0.00,0.00,0.00
20650,DL:0.1.0:AT.1.0.0,2022-3-4 22:41:2,37.75,0.00,0.00,16.673,0.854,-4.072,12.600,17.527,0.00,0.00,0.00,0.00,0.00,0.00,0.00,0.00,0.00,0.00,0.00,0.00,0.00,0.00,0.00,0.00,0.00
20650,DL:0.1.0:AT.1.0.0,2022-3-4 22:41:7,37.75,0.00,0.00,16.645,0.856,-4.043,12.602,17.501,0.00,0.00,0.00,0.00,0.00,0.00,0.00,0.00,0.00,0.00,0.00,0.00,0.00,0.00,0.00,0.00,0.00
20650,DL:0.1.0:AT.1.0.0,2022-3-4 22:41:12,37.75,0.00,0.00,16.646,0.860,-4.043,12.603,17.507,0.00,0.00,0.00,0.00,0.00,0.00,0.00,0.00,0.00,0.00,0.00,0.00,0.00,0.00,0.00,0.00,0.00
20650,DL:0.1.0:AT.1.0.0,2022-3-4 22:41:18,37.75,0.00,0.00,16.705,0.815,-4.100,12.605,17.520,0.00,0.00,0.00,0.00,0.00,0.00,0.00,0.00,0.00,0.00,0.00,0.00,0.00,0.00,0.00,0.00,0.00
20650,DL:0.1.0:AT.1.0.0,2022-3-4 22:41:24,37.75,0.00,0.00,16.733,0.803,-4.126,12.606,17.535,0.00,0.00,0.00,0.00,0.00,0.00,0.00,0.00,0.00,0.00,0.00,0.00,0.00,0.00,0.00,0.00,0.00
20650,DL:0.1.0:AT.1.0.0,2022-3-4 22:41:29,37.75,0.00,0.00,16.696,0.852,-4.088,12.608,17.547,0.00,0.00,0.00,0.00,0.00,0.00,0.00,0.00,0.00,0.00,0.00,0.00,0.00,0.00,0.00,0.00,0.00
20650,DL:0.1.0:AT.1.0.0,2022-3-4 22:41:36,37.75,0.00,0.00,16.748,0.817,-4.137,12.611,17.565,0.00,0.00,0.00,0.00,0.00,0.00,0.00,0.00,0.00,0.00,0.00,0.00,0.00,0.00,0.00,0.00,0.00
20650,DL:0.1.0:AT.1.0.0,2022-3-4 22:41:41,37.75,0.00,0.00,16.748,0.826,-4.137,12.611,17.574,0.00,0.00,0.00,0.00,0.00,0.00,0.00,0.00,0.00,0.00,0.00,0.00,0.00,0.00,0.00,0.00,0.00
20650,DL:0.1.0:AT.1.0.0,2022-3-4 22:41:49,37.75,0.00,0.00,16.736,0.852,-4.124,12.612,17.588,0.00,0.00,0.00,0.00,0.00,0.00,0.00,0.00,0.00,0.00,0.00,0.00,0.00,0.00,0.00,0.00,0.00
20650,DL:0.1.0:AT.1.0.0,2022-3-4 22:41:55,37.75,0.00,0.00,16.750,0.851,-4.135,12.615,17.600,0.00,0.00,0.00,0.00,0.00,0.00,0.00,0.00,0.00,0.00,0.00,0.00,0.00,0.00,0.00,0.00,0.00
20650,DL:0.1.0:AT.1.0.0,2022-3-4 22:42:0,37.75,0.00,0.00,16.777,0.833,-4.161,12.616,17.610,0.00,0.00,0.00,0.00,0.00,0.00,0.00,0.00,0.00,0.00,0.00,0.00,0.00,0.00,0.00,0.00,0.00
20650,DL:0.1.0:AT.1.0.0,2022-3-4 22:42:7,37.75,0.00,0.00,16.798,0.823,-4.180,12.617,17.621,0.00,0.00,0.00,0.00,0.00,0.00,0.00,0.00,0.00,0.00,0.00,0.00,0.00,0.00,0.00,0.00,0.00
20650,DL:0.1.0:AT.1.0.0,2022-3-4 22:42:12,37.75,0.00,0.00,16.806,0.824,-4.189,12.617,17.630,0.00,0.00,0.00,0.00,0.00,0.00,0.00,0.00,0.00,0.00,0.00,0.00,0.00,0.00,0.00,0.00,0.00
20650,DL:0.1.0:AT.1.0.0,2022-3-4 22:42:18,37.75,0.00,0.00,16.806,0.834,-4.188,12.618,17.640,0.00,0.00,0.00,0.00,0.00,0.00,0.00,0.00,0.00,0.00,0.00,0.00,0.00,0.00,0.00,0.00,0.00
20650,DL:0.1.0:AT.1.0.0,2022-3-4 22:42:23,37.75,0.00,0.00,16.823,0.826,-4.203,12.620,17.648,0.00,0.00,0.00,0.00,0.00,0.00,0.00,0.00,0.00,0.00,0.00,0.00,0.00,0.00,0.00,0.00,0.00
20650,DL:0.1.0:AT.1.0.0,2022-3-4 22:42:30,37.75,0.00,0.00,16.845,0.817,-4.225,12.620,17.662,0.00,0.00,0.00,0.00,0.00,0.00,0.00,0.00,0.00,0.00,0.00,0.00,0.00,0.00,0.00,0.00,0.00
20650,DL:0.1.0:AT.1.0.0,2022-3-4 22:42:35,37.75,0.00,0.00,16.830,0.839,-4.211,12.620,17.669,0.00,0.00,0.00,0.00,0.00,0.00,0.00,0.00,0.00,0.00,0.00,0.00,0.00,0.00,0.00,0.00,0.00
20650,DL:0.1.0:AT.1.0.0,2022-3-4 22:42:40,37.75,0.00,0.00,16.853,0.824,-4.233,12.620,17.677,0.00,0.00,0.00,0.00,0.00,0.00,0.00,0.00,0.00,0.00,0.00,0.00,0.00,0.00,0.00,0.00,0.00
20650,DL:0.1.0:AT.1.0.0,2022-3-4 22:42:45,37.75,0.00,0.00,16.857,0.830,-4.237,12.620,17.687,0.00,0.00,0.00,0.00,0.00,0.00,0.00,0.00,0.00,0.00,0.00,0.00,0.00,0.00,0.00,0.00,0.00
20650,DL:0.1.0:AT.1.0.0,2022-3-4 22:42:51,37.75,0.00,0.00,16.840,0.856,-4.220,12.620,17.695,0.00,0.00,0.00,0.00,0.00,0.00,0.00,0.00,0.00,0.00,0.00,0.00,0.00,0.00,0.00,0.00,0.00
20650,DL:0.1.0:AT.1.0.0,2022-3-4 22:42:58,37.75,0.00,0.00,16.849,0.862,-4.230,12.620,17.711,0.00,0.00,0.00,0.00,0.00,0.00,0.00,0.00,0.00,0.00,0.00,0.00,0.00,0.00,0.00,0.00,0.00
20650,DL:0.1.0:AT.1.0.0,2022-3-4 22:43:3,37.75,0.00,0.00,16.885,0.830,-4.261,12.624,17.716,0.00,0.00,0.00,0.00,0.00,0.00,0.00,0.00,0.00,0.00,0.00,0.00,0.00,0.00,0.00,0.00,0.00
20650,DL:0.1.0:AT.1.0.0,2022-3-4 22:43:8,37.75,0.00,0.00,16.908,0.814,-4.284,12.624,17.722,0.00,0.00,0.00,0.00,0.00,0.00,0.00,0.00,0.00,0.00,0.00,0.00,0.00,0.00,0.00,0.00,0.00
20650,DL:0.1.0:AT.1.0.0,2022-3-4 22:43:15,37.75,0.00,0.00,16.911,0.822,-4.287,12.623,17.733,0.00,0.00,0.00,0.00,0.00,0.00,0.00,0.00,0.00,0.00,0.00,0.00,0.00,0.00,0.00,0.00,0.00
20650,DL:0.1.0:AT.1.0.0,2022-3-4 22:43:20,37.75,0.00,0.00,16.906,0.835,-4.281,12.624,17.741,0.00,0.00,0.00,0.00,0.00,0.00,0.00,0.00,0.00,0.00,0.00,0.00,0.00,0.00,0.00,0.00,0.00
20650,DL:0.1.0:AT.1.0.0,2022-3-4 22:43:25,37.75,0.00,0.00,16.925,0.824,-4.301,12.624,17.749,0.00,0.00,0.00,0.00,0.00,0.00,0.00,0.00,0.00,0.00,0.00,0.00,0.00,0.00,0.00,0.00,0.00
20650,DL:0.1.0:AT.1.0.0,2022-3-4 22:43:32,37.75,0.00,0.00,16.930,0.829,-4.304,12.626,17.759,0.00,0.00,0.00,0.00,0.00,0.00,0.00,0.00,0.00,0.00,0.00,0.00,0.00,0.00,0.00,0.00,0.00
20650,DL:0.1.0:AT.1.0.0,2022-3-4 22:43:37,37.75,0.00,0.00,16.937,0.830,-4.311,12.626,17.767,0.00,0.00,0.00,0.00,0.00,0.00,0.00,0.00,0.00,0.00,0.00,0.00,0.00,0.00,0.00,0.00,0.00
20650,DL:0.1.0:AT.1.0.0,2022-3-4 22:43:42,37.75,0.00,0.00,16.957,0.817,-4.332,12.626,17.775,0.00,0.00,0.00,0.00,0.00,0.00,0.00,0.00,0.00,0.00,0.00,0.00,0.00,0.00,0.00,0.00,0.00
20650,DL:0.1.0:AT.1.0.0,2022-3-4 22:43:53,37.75,0.00,0.00,16.961,0.829,-4.335,12.626,17.790,0.00,0.00,0.00,0.00,0.00,0.00,0.00,0.00,0.00,0.00,0.00,0.00,0.00,0.00,0.00,0.00,0.00
20650,DL:0.1.0:AT.1.0.0,2022-3-4 22:44:0,37.75,0.00,0.00,16.969,0.832,-4.343,12.627,17.801,0.00,0.00,0.00,0.00,0.00,0.00,0.00,0.00,0.00,0.00,0.00,0.00,0.00,0.00,0.00,0.00,0.00
20650,DL:0.1.0:AT.1.0.0,2022-3-4 22:44:8,37.75,0.00,0.00,16.992,0.822,-4.361,12.632,17.814,0.00,0.00,0.00,0.00,0.00,0.00,0.00,0.00,0.00,0.00,0.00,0.00,0.00,0.00,0.00,0.00,0.00
20650,DL:0.1.0:AT.1.0.0,2022-3-4 22:44:14,37.75,0.00,0.00,17.021,0.805,-4.390,12.632,17.826,0.00,0.00,0.00,0.00,0.00,0.00,0.00,0.00,0.00,0.00,0.00,0.00,0.00,0.00,0.00,0.00,0.00
20650,DL:0.1.0:AT.1.0.0,2022-3-4 22:44:20,37.75,0.00,0.00,17.004,0.829,-4.373,12.632,17.833,0.00,0.00,0.00,0.00,0.00,0.00,0.00,0.00,0.00,0.00,0.00,0.00,0.00,0.00,0.00,0.00,0.00
20650,DL:0.1.0:AT.1.0.0,2022-3-4 22:44:27,37.75,0.00,0.00,17.016,0.827,-4.384,12.633,17.843,0.00,0.00,0.00,0.00,0.00,0.00,0.00,0.00,0.00,0.00,0.00,0.00,0.00,0.00,0.00,0.00,0.00
20650,DL:0.1.0:AT.1.0.0,2022-3-4 22:44:34,37.75,0.00,0.00,17.045,0.809,-4.412,12.633,17.854,0.00,0.00,0.00,0.00,0.00,0.00,0.00,0.00,0.00,0.00,0.00,0.00,0.00,0.00,0.00,0.00,0.00
20650,DL:0.1.0:AT.1.0.0,2022-3-4 22:44:41,37.75,0.00,0.00,17.034,0.829,-4.400,12.634,17.863,0.00,0.00,0.00,0.00,0.00,0.00,0.00,0.00,0.00,0.00,0.00,0.00,0.00,0.00,0.00,0.00,0.00
20650,DL:0.1.0:AT.1.0.0,2022-3-4 22:44:48,37.75,0.00,0.00,17.039,0.834,-4.404,12.635,17.873,0.00,0.00,0.00,0.00,0.00,0.00,0.00,0.00,0.00,0.00,0.00,0.00,0.00,0.00,0.00,0.00,0.00
20650,DL:0.1.0:AT.1.0.0,2022-3-4 22:44:55,37.75,0.00,0.00,17.062,0.822,-4.427,12.635,17.884,0.00,0.00,0.00,0.00,0.00,0.00,0.00,0.00,0.00,0.00,0.00,0.00,0.00,0.00,0.00,0.00,0.00
20650,DL:0.1.0:AT.1.0.0,2022-3-4 22:45:1,37.75,0.00,0.00,17.070,0.823,-4.435,12.635,17.894,0.00,0.00,0.00,0.00,0.00,0.00,0.00,0.00,0.00,0.00,0.00,0.00,0.00,0.00,0.00,0.00,0.00
20650,DL:0.1.0:AT.1.0.0,2022-3-4 22:45:6,37.75,0.00,0.00,17.090,0.811,-4.453,12.636,17.901,0.00,0.00,0.00,0.00,0.00,0.00,0.00,0.00,0.00,0.00,0.00,0.00,0.00,0.00,0.00,0.00,0.00
20650,DL:0.1.0:AT.1.0.0,2022-3-4 22:45:12,37.75,0.00,0.00,17.092,0.817,-4.456,12.636,17.909,0.00,0.00,0.00,0.00,0.00,0.00,0.00,0.00,0.00,0.00,0.00,0.00,0.00,0.00,0.00,0.00,0.00
20650,DL:0.1.0:AT.1.0.0,2022-3-4 22:45:19,37.75,0.00,0.00,17.121,0.798,-4.480,12.641,17.919,0.00,0.00,0.00,0.00,0.00,0.00,0.00,0.00,0.00,0.00,0.00,0.00,0.00,0.00,0.00,0.00,0.00
20650,DL:0.1.0:AT.1.0.0,2022-3-4 22:45:26,37.75,0.00,0.00,17.100,0.830,-4.459,12.641,17.931,0.00,0.00,0.00,0.00,0.00,0.00,0.00,0.00,0.00,0.00,0.00,0.00,0.00,0.00,0.00,0.00,0.00
20650,DL:0.1.0:AT.1.0.0,2022-3-4 22:45:31,37.75,0.00,0.00,17.115,0.826,-4.474,12.641,17.940,0.00,0.00,0.00,0.00,0.00,0.00,0.00,0.00,0.00,0.00,0.00,0.00,0.00,0.00,0.00,0.00,0.00
20650,DL:0.1.0:AT.1.0.0,2022-3-4 22:45:37,37.75,0.00,0.00,17.146,0.800,-4.504,12.642,17.946,0.00,0.00,0.00,0.00,0.00,0.00,0.00,0.00,0.00,0.00,0.00,0.00,0.00,0.00,0.00,0.00,0.00
20650,DL:0.1.0:AT.1.0.0,2022-3-4 22:45:42,37.75,0.00,0.00,17.158,0.798,-4.516,12.642,17.956,0.00,0.00,0.00,0.00,0.00,0.00,0.00,0.00,0.00,0.00,0.00,0.00,0.00,0.00,0.00,0.00,0.00
20650,DL:0.1.0:AT.1.0.0,2022-3-4 22:45:47,37.75,0.00,0.00,17.157,0.804,-4.515,12.642,17.961,0.00,0.00,0.00,0.00,0.00,0.00,0.00,0.00,0.00,0.00,0.00,0.00,0.00,0.00,0.00,0.00,0.00
20650,DL:0.1.0:AT.1.0.0,2022-3-4 22:45:53,37.75,0.00,0.00,17.157,0.814,-4.513,12.644,17.970,0.00,0.00,0.00,0.00,0.00,0.00,0.00,0.00,0.00,0.00,0.00,0.00,0.00,0.00,0.00,0.00,0.00
20650,DL:0.1.0:AT.1.0.0,2022-3-4 22:45:58,37.75,0.00,0.00,17.162,0.818,-4.518,12.644,17.980,0.00,0.00,0.00,0.00,0.00,0.00,0.00,0.00,0.00,0.00,0.00,0.00,0.00,0.00,0.00,0.00,0.00
20650,DL:0.1.0:AT.1.0.0,2022-3-4 22:46:4,37.75,0.00,0.00,17.159,0.830,-4.516,12.644,17.990,0.00,0.00,0.00,0.00,0.00,0.00,0.00,0.00,0.00,0.00,0.00,0.00,0.00,0.00,0.00,0.00,0.00
20650,DL:0.1.0:AT.1.0.0,2022-3-4 22:46:12,37.75,0.00,0.00,17.175,0.822,-4.530,12.645,17.997,0.00,0.00,0.00,0.00,0.00,0.00,0.00,0.00,0.00,0.00,0.00,0.00,0.00,0.00,0.00,0.00,0.00
20650,DL:0.1.0:AT.1.0.0,2022-3-4 22:46:17,37.75,0.00,0.00,17.181,0.823,-4.537,12.644,18.004,0.00,0.00,0.00,0.00,0.00,0.00,0.00,0.00,0.00,0.00,0.00,0.00,0.00,0.00,0.00,0.00,0.00
20650,DL:0.1.0:AT.1.0.0,2022-3-4 22:46:23,37.75,0.00,0.00,17.206,0.806,-4.561,12.645,18.012,0.00,0.00,0.00,0.00,0.00,0.00,0.00,0.00,0.00,0.00,0.00,0.00,0.00,0.00,0.00,0.00,0.00
20650,DL:0.1.0:AT.1.0.0,2022-3-4 22:46:28,37.75,0.00,0.00,17.216,0.803,-4.567,12.648,18.019,0.00,0.00,0.00,0.00,0.00,0.00,0.00,0.00,0.00,0.00,0.00,0.00,0.00,0.00,0.00,0.00,0.00
20650,DL:0.1.0:AT.1.0.0,2022-3-4 22:46:35,37.75,0.00,0.00,17.193,0.836,-4.542,12.651,18.029,0.00,0.00,0.00,0.00,0.00,0.00,0.00,0.00,0.00,0.00,0.00,0.00,0.00,0.00,0.00,0.00,0.00
20650,DL:0.1.0:AT.1.0.0,2022-3-4 22:46:42,37.75,0.00,0.00,17.216,0.824,-4.566,12.650,18.040,0.00,0.00,0.00,0.00,0.00,0.00,0.00,0.00,0.00,0.00,0.00,0.00,0.00,0.00,0.00,0.00,0.00
20650,DL:0.1.0:AT.1.0.0,2022-3-4 22:46:47,37.75,0.00,0.00,17.223,0.824,-4.573,12.650,18.047,0.00,0.00,0.00,0.00,0.00,0.00,0.00,0.00,0.00,0.00,0.00,0.00,0.00,0.00,0.00,0.00,0.00
20650,DL:0.1.0:AT.1.0.0,2022-3-4 22:46:55,37.75,0.00,0.00,17.247,0.810,-4.596,12.651,18.057,0.00,0.00,0.00,0.00,0.00,0.00,0.00,0.00,0.00,0.00,0.00,0.00,0.00,0.00,0.00,0.00,0.00
20650,DL:0.1.0:AT.1.0.0,2022-3-4 22:47:0,37.75,0.00,0.00,17.284,0.780,-4.634,12.651,18.064,0.00,0.00,0.00,0.00,0.00,0.00,0.00,0.00,0.00,0.00,0.00,0.00,0.00,0.00,0.00,0.00,0.00
20650,DL:0.1.0:AT.1.0.0,2022-3-4 22:47:5,37.75,0.00,0.00,17.248,0.823,-4.597,12.651,18.071,0.00,0.00,0.00,0.00,0.00,0.00,0.00,0.00,0.00,0.00,0.00,0.00,0.00,0.00,0.00,0.00,0.00
20650,DL:0.1.0:AT.1.0.0,2022-3-4 22:47:14,37.75,0.00,0.00,17.307,0.775,-4.656,12.651,18.082,0.00,0.00,0.00,0.00,0.00,0.00,0.00,0.00,0.00,0.00,0.00,0.00,0.00,0.00,0.00,0.00,0.00
20650,DL:0.1.0:AT.1.0.0,2022-3-4 22:47:19,37.75,0.00,0.00,17.292,0.798,-4.640,12.652,18.089,0.00,0.00,0.00,0.00,0.00,0.00,0.00,0.00,0.00,0.00,0.00,0.00,0.00,0.00,0.00,0.00,0.00
20650,DL:0.1.0:AT.1.0.0,2022-3-4 22:47:26,37.75,0.00,0.00,17.300,0.798,-4.648,12.652,18.098,0.00,0.00,0.00,0.00,0.00,0.00,0.00,0.00,0.00,0.00,0.00,0.00,0.00,0.00,0.00,0.00,0.00
20650,DL:0.1.0:AT.1.0.0,2022-3-4 22:47:31,37.75,0.00,0.00,17.316,0.788,-4.664,12.652,18.104,0.00,0.00,0.00,0.00,0.00,0.00,0.00,0.00,0.00,0.00,0.00,0.00,0.00,0.00,0.00,0.00,0.00
20650,DL:0.1.0:AT.1.0.0,2022-3-4 22:47:36,37.75,0.00,0.00,17.319,0.793,-4.666,12.653,18.112,0.00,0.00,0.00,0.00,0.00,0.00,0.00,0.00,0.00,0.00,0.00,0.00,0.00,0.00,0.00,0.00,0.00
20650,DL:0.1.0:AT.1.0.0,2022-3-4 22:47:44,37.75,0.00,0.00,17.299,0.823,-4.646,12.653,18.122,0.00,0.00,0.00,0.00,0.00,0.00,0.00,0.00,0.00,0.00,0.00,0.00,0.00,0.00,0.00,0.00,0.00
20650,DL:0.1.0:AT.1.0.0,2022-3-4 22:47:50,37.75,0.00,0.00,17.326,0.806,-4.668,12.658,18.133,0.00,0.00,0.00,0.00,0.00,0.00,0.00,0.00,0.00,0.00,0.00,0.00,0.00,0.00,0.00,0.00,0.00
20650,DL:0.1.0:AT.1.0.0,2022-3-4 22:47:57,37.75,0.00,0.00,17.298,0.842,-4.641,12.657,18.140,0.00,0.00,0.00,0.00,0.00,0.00,0.00,0.00,0.00,0.00,0.00,0.00,0.00,0.00,0.00,0.00,0.00
20650,DL:0.1.0:AT.1.0.0,2022-3-4 22:48:2,37.75,0.00,0.00,17.317,0.826,-4.659,12.658,18.142,0.00,0.00,0.00,0.00,0.00,0.00,0.00,0.00,0.00,0.00,0.00,0.00,0.00,0.00,0.00,0.00,0.00
20650,DL:0.1.0:AT.1.0.0,2022-3-4 22:48:7,37.75,0.00,0.00,17.359,0.789,-4.701,12.658,18.148,0.00,0.00,0.00,0.00,0.00,0.00,0.00,0.00,0.00,0.00,0.00,0.00,0.00,0.00,0.00,0.00,0.00
20650,DL:0.1.0:AT.1.0.0,2022-3-4 22:48:12,37.75,0.00,0.00,17.344,0.809,-4.686,12.658,18.153,0.00,0.00,0.00,0.00,0.00,0.00,0.00,0.00,0.00,0.00,0.00,0.00,0.00,0.00,0.00,0.00,0.00
20650,DL:0.1.0:AT.1.0.0,2022-3-4 22:48:17,37.75,0.00,0.00,17.343,0.815,-4.685,12.658,18.158,0.00,0.00,0.00,0.00,0.00,0.00,0.00,0.00,0.00,0.00,0.00,0.00,0.00,0.00,0.00,0.00,0.00
20650,DL:0.1.0:AT.1.0.0,2022-3-4 22:48:24,37.75,0.00,0.00,17.383,0.783,-4.725,12.658,18.166,0.00,0.00,0.00,0.00,0.00,0.00,0.00,0.00,0.00,0.00,0.00,0.00,0.00,0.00,0.00,0.00,0.00
20650,DL:0.1.0:AT.1.0.0,2022-3-4 22:48:30,37.75,0.00,0.00,17.394,0.776,-4.734,12.659,18.170,0.00,0.00,0.00,0.00,0.00,0.00,0.00,0.00,0.00,0.00,0.00,0.00,0.00,0.00,0.00,0.00,0.00
20650,DL:0.1.0:AT.1.0.0,2022-3-4 22:48:38,37.75,0.00,0.00,17.361,0.817,-4.702,12.659,18.178,0.00,0.00,0.00,0.00,0.00,0.00,0.00,0.00,0.00,0.00,0.00,0.00,0.00,0.00,0.00,0.00,0.00
20650,DL:0.1.0:AT.1.0.0,2022-3-4 22:48:46,37.75,0.00,0.00,17.372,0.812,-4.714,12.658,18.184,0.00,0.00,0.00,0.00,0.00,0.00,0.00,0.00,0.00,0.00,0.00,0.00,0.00,0.00,0.00,0.00,0.00
20650,DL:0.1.0:AT.1.0.0,2022-3-4 22:48:51,37.75,0.00,0.00,17.383,0.803,-4.724,12.659,18.186,0.00,0.00,0.00,0.00,0.00,0.00,0.00,0.00,0.00,0.00,0.00,0.00,0.00,0.00,0.00,0.00,0.00
20650,DL:0.1.0:AT.1.0.0,2022-3-4 22:48:57,37.75,0.00,0.00,17.396,0.794,-4.738,12.658,18.190,0.00,0.00,0.00,0.00,0.00,0.00,0.00,0.00,0.00,0.00,0.00,0.00,0.00,0.00,0.00,0.00,0.00
20650,DL:0.1.0:AT.1.0.0,2022-3-4 22:49:2,37.75,0.00,0.00,17.407,0.788,-4.748,12.659,18.195,0.00,0.00,0.00,0.00,0.00,0.00,0.00,0.00,0.00,0.00,0.00,0.00,0.00,0.00,0.00,0.00,0.00
20650,DL:0.1.0:AT.1.0.0,2022-3-4 22:49:7,37.75,0.00,0.00,17.429,0.768,-4.764,12.664,18.196,0.00,0.00,0.00,0.00,0.00,0.00,0.00,0.00,0.00,0.00,0.00,0.00,0.00,0.00,0.00,0.00,0.00
20650,DL:0.1.0:AT.1.0.0,2022-3-4 22:49:12,37.75,0.00,0.00,17.396,0.805,-4.732,12.664,18.201,0.00,0.00,0.00,0.00,0.00,0.00,0.00,0.00,0.00,0.00,0.00,0.00,0.00,0.00,0.00,0.00,0.00
20650,DL:0.1.0:AT.1.0.0,2022-3-4 22:49:17,37.75,0.00,0.00,17.389,0.814,-4.725,12.664,18.202,0.00,0.00,0.00,0.00,0.00,0.00,0.00,0.00,0.00,0.00,0.00,0.00,0.00,0.00,0.00,0.00,0.00
20650,DL:0.1.0:AT.1.0.0,2022-3-4 22:49:22,37.75,0.00,0.00,17.443,0.762,-4.778,12.665,18.205,0.00,0.00,0.00,0.00,0.00,0.00,0.00,0.00,0.00,0.00,0.00,0.00,0.00,0.00,0.00,0.00,0.00
20650,DL:0.1.0:AT.1.0.0,2022-3-4 22:49:27,37.75,0.00,0.00,17.422,0.785,-4.758,12.664,18.207,0.00,0.00,0.00,0.00,0.00,0.00,0.00,0.00,0.00,0.00,0.00,0.00,0.00,0.00,0.00,0.00,0.00
20650,DL:0.1.0:AT.1.0.0,2022-3-4 22:49:32,37.75,0.00,0.00,17.414,0.798,-4.750,12.664,18.212,0.00,0.00,0.00,0.00,0.00,0.00,0.00,0.00,0.00,0.00,0.00,0.00,0.00,0.00,0.00,0.00,0.00
20650,DL:0.1.0:AT.1.0.0,2022-3-4 22:49:38,37.50,0.00,0.00,17.416,0.797,-4.752,12.664,18.213,0.00,0.00,0.00,0.00,0.00,0.00,0.00,0.00,0.00,0.00,0.00,0.00,0.00,0.00,0.00,0.00,0.00
20650,DL:0.1.0:AT.1.0.0,2022-3-4 22:49:52,37.50,0.00,0.00,17.427,0.793,-4.763,12.664,18.220,0.00,0.00,0.00,0.00,0.00,0.00,0.00,0.00,0.00,0.00,0.00,0.00,0.00,0.00,0.00,0.00,0.00
20650,DL:0.1.0:AT.1.0.0,2022-3-4 22:50:0,37.50,0.00,0.00,17.444,0.780,-4.780,12.664,18.224,0.00,0.00,0.00,0.00,0.00,0.00,0.00,0.00,0.00,0.00,0.00,0.00,0.00,0.00,0.00,0.00,0.00
20650,DL:0.1.0:AT.1.0.0,2022-3-4 22:50:7,37.50,0.00,0.00,17.472,0.750,-4.808,12.664,18.222,0.00,0.00,0.00,0.00,0.00,0.00,0.00,0.00,0.00,0.00,0.00,0.00,0.00,0.00,0.00,0.00,0.00
20650,DL:0.1.0:AT.1.0.0,2022-3-4 22:50:12,37.50,0.00,0.00,17.412,0.791,-4.748,12.664,18.202,0.00,0.00,0.00,0.00,0.00,0.00,0.00,0.00,0.00,0.00,0.00,0.00,0.00,0.00,0.00,0.00,0.00
20650,DL:0.1.0:AT.1.0.0,2022-3-4 22:50:18,37.50,0.00,0.00,17.340,0.777,-4.659,12.681,18.117,0.00,0.00,0.00,0.00,0.00,0.00,0.00,0.00,0.00,0.00,0.00,0.00,0.00,0.00,0.00,0.00,0.00
20650,DL:0.1.0:AT.1.0.0,2022-3-4 22:50:24,37.50,0.00,0.00,17.230,0.792,-4.536,12.694,18.022,0.00,0.00,0.00,0.00,0.00,0.00,0.00,0.00,0.00,0.00,0.00,0.00,0.00,0.00,0.00,0.00,0.00
20650,DL:0.1.0:AT.1.0.0,2022-3-4 22:50:29,37.50,0.00,0.00,17.188,0.761,-4.491,12.698,17.949,0.00,0.00,0.00,0.00,0.00,0.00,0.00,0.00,0.00,0.00,0.00,0.00,0.00,0.00,0.00,0.00,0.00
20650,DL:0.1.0:AT.1.0.0,2022-3-4 22:50:34,37.50,0.00,0.00,17.126,0.745,-4.426,12.700,17.871,0.00,0.00,0.00,0.00,0.00,0.00,0.00,0.00,0.00,0.00,0.00,0.00,0.00,0.00,0.00,0.00,0.00
20650,DL:0.1.0:AT.1.0.0,2022-3-4 22:50:39,37.50,0.00,0.00,17.006,0.797,-4.305,12.700,17.802,0.00,0.00,0.00,0.00,0.00,0.00,0.00,0.00,0.00,0.00,0.00,0.00,0.00,0.00,0.00,0.00,0.00
20650,DL:0.1.0:AT.1.0.0,2022-3-4 22:50:45,37.50,0.00,0.00,16.907,0.775,-4.207,12.700,17.682,0.00,0.00,0.00,0.00,0.00,0.00,0.00,0.00,0.00,0.00,0.00,0.00,0.00,0.00,0.00,0.00,0.00
20650,DL:0.1.0:AT.1.0.0,2022-3-4 22:50:53,37.50,0.00,0.00,16.825,0.800,-4.126,12.699,17.626,0.00,0.00,0.00,0.00,0.00,0.00,0.00,0.00,0.00,0.00,0.00,0.00,0.00,0.00,0.00,0.00,0.00
20650,DL:0.1.0:AT.1.0.0,2022-3-4 22:50:59,37.50,0.00,0.00,16.793,0.750,-4.094,12.699,17.543,0.00,0.00,0.00,0.00,0.00,0.00,0.00,0.00,0.00,0.00,0.00,0.00,0.00,0.00,0.00,0.00,0.00
20650,DL:0.1.0:AT.1.0.0,2022-3-4 22:51:4,37.50,0.00,0.00,16.694,0.782,-3.997,12.698,17.477,0.00,0.00,0.00,0.00,0.00,0.00,0.00,0.00,0.00,0.00,0.00,0.00,0.00,0.00,0.00,0.00,0.00
20650,DL:0.1.0:AT.1.0.0,2022-3-4 22:51:9,37.50,0.00,0.00,16.652,0.759,-3.955,12.698,17.412,0.00,0.00,0.00,0.00,0.00,0.00,0.00,0.00,0.00,0.00,0.00,0.00,0.00,0.00,0.00,0.00,0.00
20650,DL:0.1.0:AT.1.0.0,2022-3-4 22:51:14,37.50,0.00,0.00,16.550,0.785,-3.854,12.696,17.335,0.00,0.00,0.00,0.00,0.00,0.00,0.00,0.00,0.00,0.00,0.00,0.00,0.00,0.00,0.00,0.00,0.00
20650,DL:0.1.0:AT.1.0.0,2022-3-4 22:51:19,37.50,0.00,0.00,16.496,0.774,-3.801,12.695,17.270,0.00,0.00,0.00,0.00,0.00,0.00,0.00,0.00,0.00,0.00,0.00,0.00,0.00,0.00,0.00,0.00,0.00
20650,DL:0.1.0:AT.1.0.0,2022-3-4 22:51:24,37.50,0.00,0.00,16.464,0.741,-3.770,12.694,17.205,0.00,0.00,0.00,0.00,0.00,0.00,0.00,0.00,0.00,0.00,0.00,0.00,0.00,0.00,0.00,0.00,0.00
20650,DL:0.1.0:AT.1.0.0,2022-3-4 22:51:30,37.50,0.00,0.00,16.354,0.782,-3.654,12.700,17.137,0.00,0.00,0.00,0.00,0.00,0.00,0.00,0.00,0.00,0.00,0.00,0.00,0.00,0.00,0.00,0.00,0.00
20650,DL:0.1.0:AT.1.0.0,2022-3-4 22:51:35,37.50,0.00,0.00,16.238,0.814,-3.539,12.699,17.051,0.00,0.00,0.00,0.00,0.00,0.00,0.00,0.00,0.00,0.00,0.00,0.00,0.00,0.00,0.00,0.00,0.00
20650,DL:0.1.0:AT.1.0.0,2022-3-4 22:51:40,37.50,0.00,0.00,16.228,0.781,-3.530,12.698,17.009,0.00,0.00,0.00,0.00,0.00,0.00,0.00,0.00,0.00,0.00,0.00,0.00,0.00,0.00,0.00,0.00,0.00
20650,DL:0.1.0:AT.1.0.0,2022-3-4 22:51:47,37.50,0.00,0.00,16.121,0.792,-3.425,12.696,16.913,0.00,0.00,0.00,0.00,0.00,0.00,0.00,0.00,0.00,0.00,0.00,0.00,0.00,0.00,0.00,0.00,0.00
20650,DL:0.1.0:AT.1.0.0,2022-3-4 22:51:53,37.50,0.00,0.00,16.119,0.786,-3.422,12.696,16.905,0.00,0.00,0.00,0.00,0.00,0.00,0.00,0.00,0.00,0.00,0.00,0.00,0.00,0.00,0.00,0.00,0.00
20650,DL:0.1.0:AT.1.0.0,2022-3-4 22:51:58,37.50,0.00,0.00,16.085,0.800,-3.390,12.695,16.885,0.00,0.00,0.00,0.00,0.00,0.00,0.00,0.00,0.00,0.00,0.00,0.00,0.00,0.00,0.00,0.00,0.00
20650,DL:0.1.0:AT.1.0.0,2022-3-4 22:52:4,37.50,0.00,0.00,16.054,0.803,-3.359,12.695,16.857,0.00,0.00,0.00,0.00,0.00,0.00,0.00,0.00,0.00,0.00,0.00,0.00,0.00,0.00,0.00,0.00,0.00
20650,DL:0.1.0:AT.1.0.0,2022-3-4 22:52:11,37.50,0.00,0.00,16.020,0.804,-3.326,12.694,16.824,0.00,0.00,0.00,0.00,0.00,0.00,0.00,0.00,0.00,0.00,0.00,0.00,0.00,0.00,0.00,0.00,0.00
20650,DL:0.1.0:AT.1.0.0,2022-3-4 22:52:19,37.50,0.00,0.00,15.984,0.791,-3.291,12.693,16.775,0.00,0.00,0.00,0.00,0.00,0.00,0.00,0.00,0.00,0.00,0.00,0.00,0.00,0.00,0.00,0.00,0.00
20650,DL:0.1.0:AT.1.0.0,2022-3-4 22:52:24,37.50,0.00,0.00,15.988,0.780,-3.296,12.692,16.768,0.00,0.00,0.00,0.00,0.00,0.00,0.00,0.00,0.00,0.00,0.00,0.00,0.00,0.00,0.00,0.00,0.00
20650,DL:0.1.0:AT.1.0.0,2022-3-4 22:52:29,37.50,0.00,0.00,15.924,0.806,-3.232,12.692,16.730,0.00,0.00,0.00,0.00,0.00,0.00,0.00,0.00,0.00,0.00,0.00,0.00,0.00,0.00,0.00,0.00,0.00
20650,DL:0.1.0:AT.1.0.0,2022-3-4 22:52:35,37.50,0.00,0.00,15.896,0.820,-3.206,12.690,16.716,0.00,0.00,0.00,0.00,0.00,0.00,0.00,0.00,0.00,0.00,0.00,0.00,0.00,0.00,0.00,0.00,0.00
20650,DL:0.1.0:AT.1.0.0,2022-3-4 22:52:42,37.50,0.00,0.00,15.935,0.791,-3.244,12.690,16.726,0.00,0.00,0.00,0.00,0.00,0.00,0.00,0.00,0.00,0.00,0.00,0.00,0.00,0.00,0.00,0.00,0.00
20650,DL:0.1.0:AT.1.0.0,2022-3-4 22:52:49,37.50,0.00,0.00,15.913,0.845,-3.224,12.689,16.758,0.00,0.00,0.00,0.00,0.00,0.00,0.00,0.00,0.00,0.00,0.00,0.00,0.00,0.00,0.00,0.00,0.00
20650,DL:0.1.0:AT.1.0.0,2022-3-4 22:52:54,37.50,0.00,0.00,15.953,0.835,-3.256,12.696,16.788,0.00,0.00,0.00,0.00,0.00,0.00,0.00,0.00,0.00,0.00,0.00,0.00,0.00,0.00,0.00,0.00,0.00
20650,DL:0.1.0:AT.1.0.0,2022-3-4 22:53:0,37.50,0.00,0.00,15.978,0.824,-3.282,12.696,16.802,0.00,0.00,0.00,0.00,0.00,0.00,0.00,0.00,0.00,0.00,0.00,0.00,0.00,0.00,0.00,0.00,0.00
20650,DL:0.1.0:AT.1.0.0,2022-3-4 22:53:7,37.50,0.00,0.00,15.988,0.835,-3.291,12.696,16.823,0.00,0.00,0.00,0.00,0.00,0.00,0.00,0.00,0.00,0.00,0.00,0.00,0.00,0.00,0.00,0.00,0.00
20650,DL:0.1.0:AT.1.0.0,2022-3-4 22:53:14,37.50,0.00,0.00,15.943,0.858,-3.249,12.694,16.801,0.00,0.00,0.00,0.00,0.00,0.00,0.00,0.00,0.00,0.00,0.00,0.00,0.00,0.00,0.00,0.00,0.00
20650,DL:0.1.0:AT.1.0.0,2022-3-4 22:53:21,37.50,0.00,0.00,15.902,0.859,-3.211,12.692,16.762,0.00,0.00,0.00,0.00,0.00,0.00,0.00,0.00,0.00,0.00,0.00,0.00,0.00,0.00,0.00,0.00,0.00
20650,DL:0.1.0:AT.1.0.0,2022-3-4 22:53:27,37.50,0.00,0.00,15.895,0.857,-3.204,12.692,16.752,0.00,0.00,0.00,0.00,0.00,0.00,0.00,0.00,0.00,0.00,0.00,0.00,0.00,0.00,0.00,0.00,0.00
20650,DL:0.1.0:AT.1.0.0,2022-3-4 22:53:32,37.50,0.00,0.00,15.875,0.872,-3.184,12.690,16.747,0.00,0.00,0.00,0.00,0.00,0.00,0.00,0.00,0.00,0.00,0.00,0.00,0.00,0.00,0.00,0.00,0.00
20650,DL:0.1.0:AT.1.0.0,2022-3-4 22:53:38,37.50,0.00,0.00,15.876,0.870,-3.187,12.689,16.746,0.00,0.00,0.00,0.00,0.00,0.00,0.00,0.00,0.00,0.00,0.00,0.00,0.00,0.00,0.00,0.00,0.00
20650,DL:0.1.0:AT.1.0.0,2022-3-4 22:53:43,37.50,0.00,0.00,15.878,0.878,-3.190,12.688,16.757,0.00,0.00,0.00,0.00,0.00,0.00,0.00,0.00,0.00,0.00,0.00,0.00,0.00,0.00,0.00,0.00,0.00
20650,DL:0.1.0:AT.1.0.0,2022-3-4 22:53:48,37.50,0.00,0.00,15.889,0.886,-3.201,12.688,16.775,0.00,0.00,0.00,0.00,0.00,0.00,0.00,0.00,0.00,0.00,0.00,0.00,0.00,0.00,0.00,0.00,0.00
20650,DL:0.1.0:AT.1.0.0,2022-3-4 22:53:53,37.50,0.00,0.00,15.894,0.895,-3.207,12.687,16.789,0.00,0.00,0.00,0.00,0.00,0.00,0.00,0.00,0.00,0.00,0.00,0.00,0.00,0.00,0.00,0.00,0.00
20650,DL:0.1.0:AT.1.0.0,2022-3-4 22:53:58,37.50,0.00,0.00,15.895,0.913,-3.211,12.684,16.808,0.00,0.00,0.00,0.00,0.00,0.00,0.00,0.00,0.00,0.00,0.00,0.00,0.00,0.00,0.00,0.00,0.00
20650,DL:0.1.0:AT.1.0.0,2022-3-4 22:54:3,37.50,0.00,0.00,15.916,0.910,-3.231,12.684,16.825,0.00,0.00,0.00,0.00,0.00,0.00,0.00,0.00,0.00,0.00,0.00,0.00,0.00,0.00,0.00,0.00,0.00
20650,DL:0.1.0:AT.1.0.0,2022-3-4 22:54:9,37.50,0.00,0.00,15.924,0.925,-3.241,12.683,16.849,0.00,0.00,0.00,0.00,0.00,0.00,0.00,0.00,0.00,0.00,0.00,0.00,0.00,0.00,0.00,0.00,0.00
20650,DL:0.1.0:AT.1.0.0,2022-3-4 22:54:15,37.50,0.00,0.00,15.965,0.912,-3.284,12.681,16.877,0.00,0.00,0.00,0.00,0.00,0.00,0.00,0.00,0.00,0.00,0.00,0.00,0.00,0.00,0.00,0.00,0.00
20650,DL:0.1.0:AT.1.0.0,2022-3-4 22:54:23,37.50,0.00,0.00,15.977,0.924,-3.296,12.681,16.901,0.00,0.00,0.00,0.00,0.00,0.00,0.00,0.00,0.00,0.00,0.00,0.00,0.00,0.00,0.00,0.00,0.00
20650,DL:0.1.0:AT.1.0.0,2022-3-4 22:54:28,37.50,0.00,0.00,16.002,0.916,-3.323,12.680,16.918,0.00,0.00,0.00,0.00,0.00,0.00,0.00,0.00,0.00,0.00,0.00,0.00,0.00,0.00,0.00,0.00,0.00
20650,DL:0.1.0:AT.1.0.0,2022-3-4 22:54:33,37.50,0.00,0.00,16.012,0.923,-3.333,12.678,16.935,0.00,0.00,0.00,0.00,0.00,0.00,0.00,0.00,0.00,0.00,0.00,0.00,0.00,0.00,0.00,0.00,0.00
20650,DL:0.1.0:AT.1.0.0,2022-3-4 22:54:38,37.50,0.00,0.00,16.026,0.925,-3.349,12.677,16.951,0.00,0.00,0.00,0.00,0.00,0.00,0.00,0.00,0.00,0.00,0.00,0.00,0.00,0.00,0.00,0.00,0.00
20650,DL:0.1.0:AT.1.0.0,2022-3-4 22:54:43,37.50,0.00,0.00,16.037,0.931,-3.361,12.676,16.968,0.00,0.00,0.00,0.00,0.00,0.00,0.00,0.00,0.00,0.00,0.00,0.00,0.00,0.00,0.00,0.00,0.00
20650,DL:0.1.0:AT.1.0.0,2022-3-4 22:54:50,37.50,0.00,0.00,16.072,0.919,-3.397,12.675,16.991,0.00,0.00,0.00,0.00,0.00,0.00,0.00,0.00,0.00,0.00,0.00,0.00,0.00,0.00,0.00,0.00,0.00
20650,DL:0.1.0:AT.1.0.0,2022-3-4 22:54:55,37.50,0.00,0.00,16.092,0.918,-3.417,12.675,17.010,0.00,0.00,0.00,0.00,0.00,0.00,0.00,0.00,0.00,0.00,0.00,0.00,0.00,0.00,0.00,0.00,0.00
20650,DL:0.1.0:AT.1.0.0,2022-3-4 22:55:1,37.50,0.00,0.00,16.096,0.928,-3.421,12.675,17.024,0.00,0.00,0.00,0.00,0.00,0.00,0.00,0.00,0.00,0.00,0.00,0.00,0.00,0.00,0.00,0.00,0.00
20650,DL:0.1.0:AT.1.0.0,2022-3-4 22:55:7,37.50,0.00,0.00,16.136,0.911,-3.458,12.677,17.046,0.00,0.00,0.00,0.00,0.00,0.00,0.00,0.00,0.00,0.00,0.00,0.00,0.00,0.00,0.00,0.00,0.00
20650,DL:0.1.0:AT.1.0.0,2022-3-4 22:55:15,37.50,0.00,0.00,16.155,0.900,-3.479,12.676,17.055,0.00,0.00,0.00,0.00,0.00,0.00,0.00,0.00,0.00,0.00,0.00,0.00,0.00,0.00,0.00,0.00,0.00
20650,DL:0.1.0:AT.1.0.0,2022-3-4 22:55:20,37.50,0.00,0.00,16.166,0.884,-3.491,12.675,17.050,0.00,0.00,0.00,0.00,0.00,0.00,0.00,0.00,0.00,0.00,0.00,0.00,0.00,0.00,0.00,0.00,0.00
20650,DL:0.1.0:AT.1.0.0,2022-3-4 22:55:25,37.50,0.00,0.00,16.146,0.902,-3.472,12.675,17.049,0.00,0.00,0.00,0.00,0.00,0.00,0.00,0.00,0.00,0.00,0.00,0.00,0.00,0.00,0.00,0.00,0.00
20650,DL:0.1.0:AT.1.0.0,2022-3-4 22:55:30,37.50,0.00,0.00,16.162,0.889,-3.487,12.675,17.051,0.00,0.00,0.00,0.00,0.00,0.00,0.00,0.00,0.00,0.00,0.00,0.00,0.00,0.00,0.00,0.00,0.00
20650,DL:0.1.0:AT.1.0.0,2022-3-4 22:55:35,37.50,0.00,0.00,16.186,0.883,-3.512,12.674,17.069,0.00,0.00,0.00,0.00,0.00,0.00,0.00,0.00,0.00,0.00,0.00,0.00,0.00,0.00,0.00,0.00,0.00
20650,DL:0.1.0:AT.1.0.0,2022-3-4 22:55:40,37.50,0.00,0.00,16.161,0.898,-3.488,12.672,17.058,0.00,0.00,0.00,0.00,0.00,0.00,0.00,0.00,0.00,0.00,0.00,0.00,0.00,0.00,0.00,0.00,0.00
20650,DL:0.1.0:AT.1.0.0,2022-3-4 22:55:46,37.50,0.00,0.00,16.226,0.847,-3.553,12.672,17.073,0.00,0.00,0.00,0.00,0.00,0.00,0.00,0.00,0.00,0.00,0.00,0.00,0.00,0.00,0.00,0.00,0.00
20650,DL:0.1.0:AT.1.0.0,2022-3-4 22:55:51,37.50,0.00,0.00,16.236,0.852,-3.564,12.672,17.088,0.00,0.00,0.00,0.00,0.00,0.00,0.00,0.00,0.00,0.00,0.00,0.00,0.00,0.00,0.00,0.00,0.00
20650,DL:0.1.0:AT.1.0.0,2022-3-4 22:55:56,37.50,0.00,0.00,16.277,0.822,-3.605,12.672,17.099,0.00,0.00,0.00,0.00,0.00,0.00,0.00,0.00,0.00,0.00,0.00,0.00,0.00,0.00,0.00,0.00,0.00
20650,DL:0.1.0:AT.1.0.0,2022-3-4 22:56:3,37.50,0.00,0.00,16.274,0.835,-3.602,12.671,17.109,0.00,0.00,0.00,0.00,0.00,0.00,0.00,0.00,0.00,0.00,0.00,0.00,0.00,0.00,0.00,0.00,0.00
20650,DL:0.1.0:AT.1.0.0,2022-3-4 22:56:10,37.50,0.00,0.00,16.246,0.875,-3.576,12.670,17.121,0.00,0.00,0.00,0.00,0.00,0.00,0.00,0.00,0.00,0.00,0.00,0.00,0.00,0.00,0.00,0.00,0.00
20650,DL:0.1.0:AT.1.0.0,2022-3-4 22:56:15,37.50,0.00,0.00,16.315,0.818,-3.645,12.670,17.133,0.00,0.00,0.00,0.00,0.00,0.00,0.00,0.00,0.00,0.00,0.00,0.00,0.00,0.00,0.00,0.00,0.00
20650,DL:0.1.0:AT.1.0.0,2022-3-4 22:56:20,37.50,0.00,0.00,16.334,0.809,-3.659,12.675,17.143,0.00,0.00,0.00,0.00,0.00,0.00,0.00,0.00,0.00,0.00,0.00,0.00,0.00,0.00,0.00,0.00,0.00
20650,DL:0.1.0:AT.1.0.0,2022-3-4 22:56:27,37.50,0.00,0.00,16.347,0.809,-3.673,12.674,17.156,0.00,0.00,0.00,0.00,0.00,0.00,0.00,0.00,0.00,0.00,0.00,0.00,0.00,0.00,0.00,0.00,0.00
20650,DL:0.1.0:AT.1.0.0,2022-3-4 22:56:32,37.50,0.00,0.00,16.319,0.836,-3.646,12.674,17.156,0.00,0.00,0.00,0.00,0.00,0.00,0.00,0.00,0.00,0.00,0.00,0.00,0.00,0.00,0.00,0.00,0.00
20650,DL:0.1.0:AT.1.0.0,2022-3-4 22:56:38,37.50,0.00,0.00,16.336,0.829,-3.664,12.672,17.165,0.00,0.00,0.00,0.00,0.00,0.00,0.00,0.00,0.00,0.00,0.00,0.00,0.00,0.00,0.00,0.00,0.00
20650,DL:0.1.0:AT.1.0.0,2022-3-4 22:56:44,37.50,0.00,0.00,16.337,0.838,-3.666,12.671,17.175,0.00,0.00,0.00,0.00,0.00,0.00,0.00,0.00,0.00,0.00,0.00,0.00,0.00,0.00,0.00,0.00,0.00
20650,DL:0.1.0:AT.1.0.0,2022-3-4 22:56:51,37.50,0.00,0.00,16.348,0.840,-3.677,12.671,17.188,0.00,0.00,0.00,0.00,0.00,0.00,0.00,0.00,0.00,0.00,0.00,0.00,0.00,0.00,0.00,0.00,0.00
20650,DL:0.1.0:AT.1.0.0,2022-3-4 22:56:56,37.50,0.00,0.00,16.369,0.824,-3.699,12.670,17.193,0.00,0.00,0.00,0.00,0.00,0.00,0.00,0.00,0.00,0.00,0.00,0.00,0.00,0.00,0.00,0.00,0.00
20650,DL:0.1.0:AT.1.0.0,2022-3-4 22:57:3,37.50,0.00,0.00,16.394,0.809,-3.724,12.670,17.203,0.00,0.00,0.00,0.00,0.00,0.00,0.00,0.00,0.00,0.00,0.00,0.00,0.00,0.00,0.00,0.00,0.00
20650,DL:0.1.0:AT.1.0.0,2022-3-4 22:57:9,37.50,0.00,0.00,16.388,0.826,-3.718,12.670,17.213,0.00,0.00,0.00,0.00,0.00,0.00,0.00,0.00,0.00,0.00,0.00,0.00,0.00,0.00,0.00,0.00,0.00
20650,DL:0.1.0:AT.1.0.0,2022-3-4 22:57:14,37.50,0.00,0.00,16.407,0.811,-3.737,12.670,17.218,0.00,0.00,0.00,0.00,0.00,0.00,0.00,0.00,0.00,0.00,0.00,0.00,0.00,0.00,0.00,0.00,0.00
20650,DL:0.1.0:AT.1.0.0,2022-3-4 22:57:19,37.50,0.00,0.00,16.394,0.836,-3.725,12.669,17.230,0.00,0.00,0.00,0.00,0.00,0.00,0.00,0.00,0.00,0.00,0.00,0.00,0.00,0.00,0.00,0.00,0.00
20650,DL:0.1.0:AT.1.0.0,2022-3-4 22:57:24,37.50,0.00,0.00,16.396,0.839,-3.729,12.668,17.235,0.00,0.00,0.00,0.00,0.00,0.00,0.00,0.00,0.00,0.00,0.00,0.00,0.00,0.00,0.00,0.00,0.00
20650,DL:0.1.0:AT.1.0.0,2022-3-4 22:57:29,37.50,0.00,0.00,16.406,0.835,-3.738,12.668,17.241,0.00,0.00,0.00,0.00,0.00,0.00,0.00,0.00,0.00,0.00,0.00,0.00,0.00,0.00,0.00,0.00,0.00
20650,DL:0.1.0:AT.1.0.0,2022-3-4 22:57:36,37.50,0.00,0.00,16.438,0.812,-3.771,12.668,17.251,0.00,0.00,0.00,0.00,0.00,0.00,0.00,0.00,0.00,0.00,0.00,0.00,0.00,0.00,0.00,0.00,0.00
20650,DL:0.1.0:AT.1.0.0,2022-3-4 22:57:41,37.50,0.00,0.00,16.429,0.828,-3.755,12.674,17.257,0.00,0.00,0.00,0.00,0.00,0.00,0.00,0.00,0.00,0.00,0.00,0.00,0.00,0.00,0.00,0.00,0.00
20650,DL:0.1.0:AT.1.0.0,2022-3-4 22:57:46,37.50,0.00,0.00,16.442,0.821,-3.771,12.671,17.263,0.00,0.00,0.00,0.00,0.00,0.00,0.00,0.00,0.00,0.00,0.00,0.00,0.00,0.00,0.00,0.00,0.00
20650,DL:0.1.0:AT.1.0.0,2022-3-4 22:57:51,37.50,0.00,0.00,16.441,0.828,-3.770,12.671,17.269,0.00,0.00,0.00,0.00,0.00,0.00,0.00,0.00,0.00,0.00,0.00,0.00,0.00,0.00,0.00,0.00,0.00
20650,DL:0.1.0:AT.1.0.0,2022-3-4 22:57:57,37.50,0.00,0.00,16.412,0.864,-3.713,12.699,17.276,0.00,0.00,0.00,0.00,0.00,0.00,0.00,0.00,0.00,0.00,0.00,0.00,0.00,0.00,0.00,0.00,0.00
20650,DL:0.1.0:AT.1.0.0,2022-3-4 22:58:3,37.50,0.00,0.00,16.467,0.817,-3.760,12.707,17.284,0.00,0.00,0.00,0.00,0.00,0.00,0.00,0.00,0.00,0.00,0.00,0.00,0.00,0.00,0.00,0.00,0.00
20650,DL:0.1.0:AT.1.0.0,2022-3-4 22:58:11,37.50,0.00,0.00,16.467,0.828,-3.758,12.710,17.295,0.00,0.00,0.00,0.00,0.00,0.00,0.00,0.00,0.00,0.00,0.00,0.00,0.00,0.00,0.00,0.00,0.00
20650,DL:0.1.0:AT.1.0.0,2022-3-4 22:58:17,37.50,0.00,0.00,16.471,0.830,-3.760,12.711,17.301,0.00,0.00,0.00,0.00,0.00,0.00,0.00,0.00,0.00,0.00,0.00,0.00,0.00,0.00,0.00,0.00,0.00
20650,DL:0.1.0:AT.1.0.0,2022-3-4 22:58:22,37.50,0.00,0.00,16.501,0.806,-3.789,12.712,17.307,0.00,0.00,0.00,0.00,0.00,0.00,0.00,0.00,0.00,0.00,0.00,0.00,0.00,0.00,0.00,0.00,0.00
20650,DL:0.1.0:AT.1.0.0,2022-3-4 22:58:28,37.50,0.00,0.00,16.492,0.822,-3.780,12.712,17.314,0.00,0.00,0.00,0.00,0.00,0.00,0.00,0.00,0.00,0.00,0.00,0.00,0.00,0.00,0.00,0.00,0.00
20650,DL:0.1.0:AT.1.0.0,2022-3-4 22:58:33,37.50,0.00,0.00,16.504,0.816,-3.792,12.712,17.320,0.00,0.00,0.00,0.00,0.00,0.00,0.00,0.00,0.00,0.00,0.00,0.00,0.00,0.00,0.00,0.00,0.00
20650,DL:0.1.0:AT.1.0.0,2022-3-4 22:58:38,37.50,0.00,0.00,16.500,0.826,-3.788,12.712,17.325,0.00,0.00,0.00,0.00,0.00,0.00,0.00,0.00,0.00,0.00,0.00,0.00,0.00,0.00,0.00,0.00,0.00
20650,DL:0.1.0:AT.1.0.0,2022-3-4 22:58:43,37.50,0.00,0.00,16.547,0.785,-3.833,12.713,17.331,0.00,0.00,0.00,0.00,0.00,0.00,0.00,0.00,0.00,0.00,0.00,0.00,0.00,0.00,0.00,0.00,0.00
20650,DL:0.1.0:AT.1.0.0,2022-3-4 22:58:49,37.50,0.00,0.00,16.520,0.817,-3.808,12.712,17.337,0.00,0.00,0.00,0.00,0.00,0.00,0.00,0.00,0.00,0.00,0.00,0.00,0.00,0.00,0.00,0.00,0.00
20650,DL:0.1.0:AT.1.0.0,2022-3-4 22:58:55,37.50,0.00,0.00,16.515,0.830,-3.803,12.712,17.346,0.00,0.00,0.00,0.00,0.00,0.00,0.00,0.00,0.00,0.00,0.00,0.00,0.00,0.00,0.00,0.00,0.00
20650,DL:0.1.0:AT.1.0.0,2022-3-4 22:59:1,37.50,0.00,0.00,16.526,0.826,-3.813,12.713,17.352,0.00,0.00,0.00,0.00,0.00,0.00,0.00,0.00,0.00,0.00,0.00,0.00,0.00,0.00,0.00,0.00,0.00
20650,DL:0.1.0:AT.1.0.0,2022-3-4 22:59:6,37.50,0.00,0.00,16.532,0.824,-3.820,12.712,17.356,0.00,0.00,0.00,0.00,0.00,0.00,0.00,0.00,0.00,0.00,0.00,0.00,0.00,0.00,0.00,0.00,0.00
20650,DL:0.1.0:AT.1.0.0,2022-3-4 22:59:12,37.50,0.00,0.00,16.528,0.834,-3.815,12.713,17.362,0.00,0.00,0.00,0.00,0.00,0.00,0.00,0.00,0.00,0.00,0.00,0.00,0.00,0.00,0.00,0.00,0.00
20650,DL:0.1.0:AT.1.0.0,2022-3-4 22:59:17,37.50,0.00,0.00,16.504,0.864,-3.791,12.713,17.368,0.00,0.00,0.00,0.00,0.00,0.00,0.00,0.00,0.00,0.00,0.00,0.00,0.00,0.00,0.00,0.00,0.00
20650,DL:0.1.0:AT.1.0.0,2022-3-4 22:59:23,37.50,0.00,0.00,16.548,0.827,-3.834,12.713,17.374,0.00,0.00,0.00,0.00,0.00,0.00,0.00,0.00,0.00,0.00,0.00,0.00,0.00,0.00,0.00,0.00,0.00
20650,DL:0.1.0:AT.1.0.0,2022-3-4 22:59:28,37.50,0.00,0.00,16.559,0.821,-3.845,12.713,17.379,0.00,0.00,0.00,0.00,0.00,0.00,0.00,0.00,0.00,0.00,0.00,0.00,0.00,0.00,0.00,0.00,0.00
20650,DL:0.1.0:AT.1.0.0,2022-3-4 22:59:33,37.50,0.00,0.00,16.555,0.829,-3.842,12.713,17.384,0.00,0.00,0.00,0.00,0.00,0.00,0.00,0.00,0.00,0.00,0.00,0.00,0.00,0.00,0.00,0.00,0.00
20650,DL:0.1.0:AT.1.0.0,2022-3-4 22:59:38,37.50,0.00,0.00,16.584,0.805,-3.870,12.713,17.389,0.00,0.00,0.00,0.00,0.00,0.00,0.00,0.00,0.00,0.00,0.00,0.00,0.00,0.00,0.00,0.00,0.00
20650,DL:0.1.0:AT.1.0.0,2022-3-4 22:59:43,37.50,0.00,0.00,16.561,0.834,-3.849,12.712,17.395,0.00,0.00,0.00,0.00,0.00,0.00,0.00,0.00,0.00,0.00,0.00,0.00,0.00,0.00,0.00,0.00,0.00
20650,DL:0.1.0:AT.1.0.0,2022-3-4 22:59:48,37.50,0.00,0.00,16.583,0.816,-3.870,12.712,17.398,0.00,0.00,0.00,0.00,0.00,0.00,0.00,0.00,0.00,0.00,0.00,0.00,0.00,0.00,0.00,0.00,0.00
20650,DL:0.1.0:AT.1.0.0,2022-3-4 22:59:54,37.50,0.00,0.00,16.572,0.833,-3.860,12.712,17.404,0.00,0.00,0.00,0.00,0.00,0.00,0.00,0.00,0.00,0.00,0.00,0.00,0.00,0.00,0.00,0.00,0.00
20650,DL:0.1.0:AT.1.0.0,2022-3-4 22:59:59,37.50,0.00,0.00,16.587,0.822,-3.876,12.711,17.409,0.00,0.00,0.00,0.00,0.00,0.00,0.00,0.00,0.00,0.00,0.00,0.00,0.00,0.00,0.00,0.00,0.00
20650,DL:0.1.0:AT.1.0.0,2022-3-4 23:0:4,37.50,0.00,0.00,16.609,0.805,-3.898,12.711,17.414,0.00,0.00,0.00,0.00,0.00,0.00,0.00,0.00,0.00,0.00,0.00,0.00,0.00,0.00,0.00,0.00,0.00
20650,DL:0.1.0:AT.1.0.0,2022-3-4 23:0:9,37.50,0.00,0.00,16.585,0.834,-3.874,12.711,17.419,0.00,0.00,0.00,0.00,0.00,0.00,0.00,0.00,0.00,0.00,0.00,0.00,0.00,0.00,0.00,0.00,0.00
20650,DL:0.1.0:AT.1.0.0,2022-3-4 23:0:15,37.50,0.00,0.00,16.584,0.826,-3.872,12.712,17.409,0.00,0.00,0.00,0.00,0.00,0.00,0.00,0.00,0.00,0.00,0.00,0.00,0.00,0.00,0.00,0.00,0.00
20650,DL:0.1.0:AT.1.0.0,2022-3-4 23:0:20,37.50,0.00,0.00,16.542,0.826,-3.831,12.711,17.367,0.00,0.00,0.00,0.00,0.00,0.00,0.00,0.00,0.00,0.00,0.00,0.00,0.00,0.00,0.00,0.00,0.00
20650,DL:0.1.0:AT.1.0.0,2022-3-4 23:0:25,37.50,0.00,0.00,16.526,0.812,-3.816,12.710,17.338,0.00,0.00,0.00,0.00,0.00,0.00,0.00,0.00,0.00,0.00,0.00,0.00,0.00,0.00,0.00,0.00,0.00
20650,DL:0.1.0:AT.1.0.0,2022-3-4 23:0:30,37.50,0.00,0.00,16.504,0.800,-3.789,12.716,17.305,0.00,0.00,0.00,0.00,0.00,0.00,0.00,0.00,0.00,0.00,0.00,0.00,0.00,0.00,0.00,0.00,0.00
20650,DL:0.1.0:AT.1.0.0,2022-3-4 23:0:35,37.50,0.00,0.00,16.441,0.830,-3.726,12.714,17.271,0.00,0.00,0.00,0.00,0.00,0.00,0.00,0.00,0.00,0.00,0.00,0.00,0.00,0.00,0.00,0.00,0.00
20650,DL:0.1.0:AT.1.0.0,2022-3-4 23:0:40,37.50,0.00,0.00,16.406,0.833,-3.693,12.713,17.239,0.00,0.00,0.00,0.00,0.00,0.00,0.00,0.00,0.00,0.00,0.00,0.00,0.00,0.00,0.00,0.00,0.00
20650,DL:0.1.0:AT.1.0.0,2022-3-4 23:0:46,37.50,0.00,0.00,16.378,0.827,-3.665,12.713,17.205,0.00,0.00,0.00,0.00,0.00,0.00,0.00,0.00,0.00,0.00,0.00,0.00,0.00,0.00,0.00,0.00,0.00
20650,DL:0.1.0:AT.1.0.0,2022-3-4 23:0:51,37.50,0.00,0.00,16.357,0.817,-3.643,12.713,17.174,0.00,0.00,0.00,0.00,0.00,0.00,0.00,0.00,0.00,0.00,0.00,0.00,0.00,0.00,0.00,0.00,0.00
20650,DL:0.1.0:AT.1.0.0,2022-3-4 23:0:56,37.50,0.00,0.00,16.321,0.820,-3.609,12.712,17.140,0.00,0.00,0.00,0.00,0.00,0.00,0.00,0.00,0.00,0.00,0.00,0.00,0.00,0.00,0.00,0.00,0.00
20650,DL:0.1.0:AT.1.0.0,2022-3-4 23:1:5,37.50,0.00,0.00,16.258,0.827,-3.547,12.711,17.085,0.00,0.00,0.00,0.00,0.00,0.00,0.00,0.00,0.00,0.00,0.00,0.00,0.00,0.00,0.00,0.00,0.00
20650,DL:0.1.0:AT.1.0.0,2022-3-4 23:1:10,37.50,0.00,0.00,16.251,0.807,-3.540,12.711,17.058,0.00,0.00,0.00,0.00,0.00,0.00,0.00,0.00,0.00,0.00,0.00,0.00,0.00,0.00,0.00,0.00,0.00
20650,DL:0.1.0:AT.1.0.0,2022-3-4 23:1:17,37.50,0.00,0.00,16.203,0.814,-3.493,12.710,17.016,0.00,0.00,0.00,0.00,0.00,0.00,0.00,0.00,0.00,0.00,0.00,0.00,0.00,0.00,0.00,0.00,0.00
20650,DL:0.1.0:AT.1.0.0,2022-3-4 23:1:24,37.50,0.00,0.00,16.167,0.811,-3.458,12.708,16.978,0.00,0.00,0.00,0.00,0.00,0.00,0.00,0.00,0.00,0.00,0.00,0.00,0.00,0.00,0.00,0.00,0.00
20650,DL:0.1.0:AT.1.0.0,2022-3-4 23:1:31,37.50,0.00,0.00,16.110,0.828,-3.402,12.708,16.938,0.00,0.00,0.00,0.00,0.00,0.00,0.00,0.00,0.00,0.00,0.00,0.00,0.00,0.00,0.00,0.00,0.00
20650,DL:0.1.0:AT.1.0.0,2022-3-4 23:1:36,37.50,0.00,0.00,16.079,0.832,-3.371,12.708,16.911,0.00,0.00,0.00,0.00,0.00,0.00,0.00,0.00,0.00,0.00,0.00,0.00,0.00,0.00,0.00,0.00,0.00
20650,DL:0.1.0:AT.1.0.0,2022-3-4 23:1:41,37.50,0.00,0.00,16.045,0.834,-3.337,12.708,16.879,0.00,0.00,0.00,0.00,0.00,0.00,0.00,0.00,0.00,0.00,0.00,0.00,0.00,0.00,0.00,0.00,0.00
20650,DL:0.1.0:AT.1.0.0,2022-3-4 23:1:46,37.50,0.00,0.00,16.043,0.809,-3.337,12.706,16.852,0.00,0.00,0.00,0.00,0.00,0.00,0.00,0.00,0.00,0.00,0.00,0.00,0.00,0.00,0.00,0.00,0.00
20650,DL:0.1.0:AT.1.0.0,2022-3-4 23:1:52,37.50,0.00,0.00,16.008,0.814,-3.301,12.707,16.822,0.00,0.00,0.00,0.00,0.00,0.00,0.00,0.00,0.00,0.00,0.00,0.00,0.00,0.00,0.00,0.00,0.00
20650,DL:0.1.0:AT.1.0.0,2022-3-4 23:1:58,37.50,0.00,0.00,15.950,0.838,-3.238,12.712,16.788,0.00,0.00,0.00,0.00,0.00,0.00,0.00,0.00,0.00,0.00,0.00,0.00,0.00,0.00,0.00,0.00,0.00
20650,DL:0.1.0:AT.1.0.0,2022-3-4 23:2:7,37.50,0.00,0.00,15.896,0.847,-3.186,12.711,16.744,0.00,0.00,0.00,0.00,0.00,0.00,0.00,0.00,0.00,0.00,0.00,0.00,0.00,0.00,0.00,0.00,0.00
20650,DL:0.1.0:AT.1.0.0,2022-3-4 23:2:12,37.50,0.00,0.00,15.874,0.856,-3.164,12.710,16.729,0.00,0.00,0.00,0.00,0.00,0.00,0.00,0.00,0.00,0.00,0.00,0.00,0.00,0.00,0.00,0.00,0.00
20650,DL:0.1.0:AT.1.0.0,2022-3-4 23:2:19,37.50,0.00,0.00,15.906,0.836,-3.196,12.710,16.742,0.00,0.00,0.00,0.00,0.00,0.00,0.00,0.00,0.00,0.00,0.00,0.00,0.00,0.00,0.00,0.00,0.00
20650,DL:0.1.0:AT.1.0.0,2022-3-4 23:2:24,37.50,0.00,0.00,15.910,0.845,-3.201,12.708,16.754,0.00,0.00,0.00,0.00,0.00,0.00,0.00,0.00,0.00,0.00,0.00,0.00,0.00,0.00,0.00,0.00,0.00
20650,DL:0.1.0:AT.1.0.0,2022-3-4 23:2:30,37.50,0.00,0.00,15.882,0.889,-3.175,12.707,16.771,0.00,0.00,0.00,0.00,0.00,0.00,0.00,0.00,0.00,0.00,0.00,0.00,0.00,0.00,0.00,0.00,0.00
20650,DL:0.1.0:AT.1.0.0,2022-3-4 23:2:35,37.50,0.00,0.00,15.914,0.870,-3.207,12.707,16.784,0.00,0.00,0.00,0.00,0.00,0.00,0.00,0.00,0.00,0.00,0.00,0.00,0.00,0.00,0.00,0.00,0.00
20650,DL:0.1.0:AT.1.0.0,2022-3-4 23:2:40,37.50,0.00,0.00,15.901,0.896,-3.194,12.707,16.798,0.00,0.00,0.00,0.00,0.00,0.00,0.00,0.00,0.00,0.00,0.00,0.00,0.00,0.00,0.00,0.00,0.00
20650,DL:0.1.0:AT.1.0.0,2022-3-4 23:2:45,37.50,0.00,0.00,15.947,0.862,-3.240,12.707,16.808,0.00,0.00,0.00,0.00,0.00,0.00,0.00,0.00,0.00,0.00,0.00,0.00,0.00,0.00,0.00,0.00,0.00
20650,DL:0.1.0:AT.1.0.0,2022-3-4 23:2:50,37.50,0.00,0.00,15.953,0.868,-3.247,12.706,16.820,0.00,0.00,0.00,0.00,0.00,0.00,0.00,0.00,0.00,0.00,0.00,0.00,0.00,0.00,0.00,0.00,0.00
20650,DL:0.1.0:AT.1.0.0,2022-3-4 23:2:57,37.50,0.00,0.00,15.958,0.877,-3.253,12.705,16.835,0.00,0.00,0.00,0.00,0.00,0.00,0.00,0.00,0.00,0.00,0.00,0.00,0.00,0.00,0.00,0.00,0.00
20650,DL:0.1.0:AT.1.0.0,2022-3-4 23:3:2,37.50,0.00,0.00,15.947,0.901,-3.243,12.704,16.848,0.00,0.00,0.00,0.00,0.00,0.00,0.00,0.00,0.00,0.00,0.00,0.00,0.00,0.00,0.00,0.00,0.00
20650,DL:0.1.0:AT.1.0.0,2022-3-4 23:3:9,37.50,0.00,0.00,15.985,0.874,-3.282,12.704,16.859,0.00,0.00,0.00,0.00,0.00,0.00,0.00,0.00,0.00,0.00,0.00,0.00,0.00,0.00,0.00,0.00,0.00
20650,DL:0.1.0:AT.1.0.0,2022-3-4 23:3:15,37.50,0.00,0.00,15.991,0.878,-3.288,12.704,16.870,0.00,0.00,0.00,0.00,0.00,0.00,0.00,0.00,0.00,0.00,0.00,0.00,0.00,0.00,0.00,0.00,0.00
20650,DL:0.1.0:AT.1.0.0,2022-3-4 23:3:20,37.50,0.00,0.00,16.024,0.856,-3.321,12.702,16.879,0.00,0.00,0.00,0.00,0.00,0.00,0.00,0.00,0.00,0.00,0.00,0.00,0.00,0.00,0.00,0.00,0.00
20650,DL:0.1.0:AT.1.0.0,2022-3-4 23:3:25,37.50,0.00,0.00,16.011,0.878,-3.302,12.708,16.889,0.00,0.00,0.00,0.00,0.00,0.00,0.00,0.00,0.00,0.00,0.00,0.00,0.00,0.00,0.00,0.00,0.00
20650,DL:0.1.0:AT.1.0.0,2022-3-4 23:3:30,37.50,0.00,0.00,16.037,0.862,-3.330,12.707,16.899,0.00,0.00,0.00,0.00,0.00,0.00,0.00,0.00,0.00,0.00,0.00,0.00,0.00,0.00,0.00,0.00,0.00
20650,DL:0.1.0:AT.1.0.0,2022-3-4 23:3:35,37.50,0.00,0.00,16.013,0.895,-3.306,12.707,16.908,0.00,0.00,0.00,0.00,0.00,0.00,0.00,0.00,0.00,0.00,0.00,0.00,0.00,0.00,0.00,0.00,0.00
20650,DL:0.1.0:AT.1.0.0,2022-3-4 23:3:40,37.50,0.00,0.00,16.055,0.863,-3.349,12.706,16.918,0.00,0.00,0.00,0.00,0.00,0.00,0.00,0.00,0.00,0.00,0.00,0.00,0.00,0.00,0.00,0.00,0.00
20650,DL:0.1.0:AT.1.0.0,2022-3-4 23:3:46,37.50,0.00,0.00,16.044,0.883,-3.339,12.705,16.927,0.00,0.00,0.00,0.00,0.00,0.00,0.00,0.00,0.00,0.00,0.00,0.00,0.00,0.00,0.00,0.00,0.00
20650,DL:0.1.0:AT.1.0.0,2022-3-4 23:3:53,37.50,0.00,0.00,16.083,0.858,-3.378,12.705,16.941,0.00,0.00,0.00,0.00,0.00,0.00,0.00,0.00,0.00,0.00,0.00,0.00,0.00,0.00,0.00,0.00,0.00
20650,DL:0.1.0:AT.1.0.0,2022-3-4 23:3:58,37.50,0.00,0.00,16.063,0.887,-3.359,12.705,16.950,0.00,0.00,0.00,0.00,0.00,0.00,0.00,0.00,0.00,0.00,0.00,0.00,0.00,0.00,0.00,0.00,0.00
20650,DL:0.1.0:AT.1.0.0,2022-3-4 23:4:3,37.50,0.00,0.00,16.099,0.859,-3.395,12.705,16.959,0.00,0.00,0.00,0.00,0.00,0.00,0.00,0.00,0.00,0.00,0.00,0.00,0.00,0.00,0.00,0.00,0.00
20650,DL:0.1.0:AT.1.0.0,2022-3-4 23:4:8,37.50,0.00,0.00,16.109,0.859,-3.405,12.704,16.968,0.00,0.00,0.00,0.00,0.00,0.00,0.00,0.00,0.00,0.00,0.00,0.00,0.00,0.00,0.00,0.00,0.00
20650,DL:0.1.0:AT.1.0.0,2022-3-4 23:4:14,37.50,0.00,0.00,16.108,0.871,-3.405,12.702,16.979,0.00,0.00,0.00,0.00,0.00,0.00,0.00,0.00,0.00,0.00,0.00,0.00,0.00,0.00,0.00,0.00,0.00
20650,DL:0.1.0:AT.1.0.0,2022-3-4 23:4:21,37.50,0.00,0.00,16.137,0.854,-3.435,12.701,16.991,0.00,0.00,0.00,0.00,0.00,0.00,0.00,0.00,0.00,0.00,0.00,0.00,0.00,0.00,0.00,0.00,0.00
20650,DL:0.1.0:AT.1.0.0,2022-3-4 23:4:26,37.50,0.00,0.00,16.144,0.856,-3.441,12.702,17.000,0.00,0.00,0.00,0.00,0.00,0.00,0.00,0.00,0.00,0.00,0.00,0.00,0.00,0.00,0.00,0.00,0.00
20650,DL:0.1.0:AT.1.0.0,2022-3-4 23:4:31,37.50,0.00,0.00,16.157,0.851,-3.456,12.701,17.008,0.00,0.00,0.00,0.00,0.00,0.00,0.00,0.00,0.00,0.00,0.00,0.00,0.00,0.00,0.00,0.00,0.00
20650,DL:0.1.0:AT.1.0.0,2022-3-4 23:4:38,37.50,0.00,0.00,16.164,0.854,-3.463,12.701,17.019,0.00,0.00,0.00,0.00,0.00,0.00,0.00,0.00,0.00,0.00,0.00,0.00,0.00,0.00,0.00,0.00,0.00
20650,DL:0.1.0:AT.1.0.0,2022-3-4 23:4:43,37.50,0.00,0.00,16.164,0.864,-3.463,12.701,17.028,0.00,0.00,0.00,0.00,0.00,0.00,0.00,0.00,0.00,0.00,0.00,0.00,0.00,0.00,0.00,0.00,0.00
20650,DL:0.1.0:AT.1.0.0,2022-3-4 23:4:48,37.50,0.00,0.00,16.174,0.863,-3.469,12.705,17.037,0.00,0.00,0.00,0.00,0.00,0.00,0.00,0.00,0.00,0.00,0.00,0.00,0.00,0.00,0.00,0.00,0.00
20650,DL:0.1.0:AT.1.0.0,2022-3-4 23:4:55,37.50,0.00,0.00,16.203,0.846,-3.498,12.705,17.049,0.00,0.00,0.00,0.00,0.00,0.00,0.00,0.00,0.00,0.00,0.00,0.00,0.00,0.00,0.00,0.00,0.00
20650,DL:0.1.0:AT.1.0.0,2022-3-4 23:5:0,37.50,0.00,0.00,16.208,0.850,-3.503,12.705,17.057,0.00,0.00,0.00,0.00,0.00,0.00,0.00,0.00,0.00,0.00,0.00,0.00,0.00,0.00,0.00,0.00,0.00
20650,DL:0.1.0:AT.1.0.0,2022-3-4 23:5:6,37.50,0.00,0.00,16.214,0.852,-3.510,12.704,17.066,0.00,0.00,0.00,0.00,0.00,0.00,0.00,0.00,0.00,0.00,0.00,0.00,0.00,0.00,0.00,0.00,0.00
20650,DL:0.1.0:AT.1.0.0,2022-3-4 23:5:13,37.50,0.00,0.00,16.258,0.823,-3.556,12.702,17.081,0.00,0.00,0.00,0.00,0.00,0.00,0.00,0.00,0.00,0.00,0.00,0.00,0.00,0.00,0.00,0.00,0.00
20650,DL:0.1.0:AT.1.0.0,2022-3-4 23:5:19,37.50,0.00,0.00,16.212,0.876,-3.510,12.702,17.088,0.00,0.00,0.00,0.00,0.00,0.00,0.00,0.00,0.00,0.00,0.00,0.00,0.00,0.00,0.00,0.00,0.00
20650,DL:0.1.0:AT.1.0.0,2022-3-4 23:5:24,37.50,0.00,0.00,16.275,0.823,-3.574,12.701,17.098,0.00,0.00,0.00,0.00,0.00,0.00,0.00,0.00,0.00,0.00,0.00,0.00,0.00,0.00,0.00,0.00,0.00
20650,DL:0.1.0:AT.1.0.0,2022-3-4 23:5:30,37.50,0.00,0.00,16.246,0.859,-3.545,12.701,17.105,0.00,0.00,0.00,0.00,0.00,0.00,0.00,0.00,0.00,0.00,0.00,0.00,0.00,0.00,0.00,0.00,0.00
20650,DL:0.1.0:AT.1.0.0,2022-3-4 23:5:37,37.50,0.00,0.00,16.273,0.844,-3.571,12.701,17.116,0.00,0.00,0.00,0.00,0.00,0.00,0.00,0.00,0.00,0.00,0.00,0.00,0.00,0.00,0.00,0.00,0.00
20650,DL:0.1.0:AT.1.0.0,2022-3-4 23:5:42,37.50,0.00,0.00,16.248,0.876,-3.548,12.700,17.124,0.00,0.00,0.00,0.00,0.00,0.00,0.00,0.00,0.00,0.00,0.00,0.00,0.00,0.00,0.00,0.00,0.00
20650,DL:0.1.0:AT.1.0.0,2022-3-4 23:5:47,37.50,0.00,0.00,16.305,0.828,-3.605,12.700,17.133,0.00,0.00,0.00,0.00,0.00,0.00,0.00,0.00,0.00,0.00,0.00,0.00,0.00,0.00,0.00,0.00,0.00
20650,DL:0.1.0:AT.1.0.0,2022-3-4 23:5:54,37.50,0.00,0.00,16.282,0.864,-3.582,12.700,17.146,0.00,0.00,0.00,0.00,0.00,0.00,0.00,0.00,0.00,0.00,0.00,0.00,0.00,0.00,0.00,0.00,0.00
20650,DL:0.1.0:AT.1.0.0,2022-3-4 23:5:59,37.50,0.00,0.00,16.285,0.869,-3.584,12.700,17.153,0.00,0.00,0.00,0.00,0.00,0.00,0.00,0.00,0.00,0.00,0.00,0.00,0.00,0.00,0.00,0.00,0.00
20650,DL:0.1.0:AT.1.0.0,2022-3-4 23:6:4,37.50,0.00,0.00,16.348,0.817,-3.649,12.699,17.165,0.00,0.00,0.00,0.00,0.00,0.00,0.00,0.00,0.00,0.00,0.00,0.00,0.00,0.00,0.00,0.00,0.00
20650,DL:0.1.0:AT.1.0.0,2022-3-4 23:6:11,37.50,0.00,0.00,16.304,0.869,-3.606,12.698,17.173,0.00,0.00,0.00,0.00,0.00,0.00,0.00,0.00,0.00,0.00,0.00,0.00,0.00,0.00,0.00,0.00,0.00
20650,DL:0.1.0:AT.1.0.0,2022-3-4 23:6:16,37.50,0.00,0.00,16.329,0.851,-3.628,12.701,17.180,0.00,0.00,0.00,0.00,0.00,0.00,0.00,0.00,0.00,0.00,0.00,0.00,0.00,0.00,0.00,0.00,0.00
20650,DL:0.1.0:AT.1.0.0,2022-3-4 23:6:22,37.50,0.00,0.00,16.363,0.824,-3.660,12.702,17.187,0.00,0.00,0.00,0.00,0.00,0.00,0.00,0.00,0.00,0.00,0.00,0.00,0.00,0.00,0.00,0.00,0.00
20650,DL:0.1.0:AT.1.0.0,2022-3-4 23:6:28,37.50,0.00,0.00,16.367,0.830,-3.665,12.702,17.198,0.00,0.00,0.00,0.00,0.00,0.00,0.00,0.00,0.00,0.00,0.00,0.00,0.00,0.00,0.00,0.00,0.00
20650,DL:0.1.0:AT.1.0.0,2022-3-4 23:6:33,37.50,0.00,0.00,16.354,0.853,-3.653,12.701,17.207,0.00,0.00,0.00,0.00,0.00,0.00,0.00,0.00,0.00,0.00,0.00,0.00,0.00,0.00,0.00,0.00,0.00
20650,DL:0.1.0:AT.1.0.0,2022-3-4 23:6:38,37.50,0.00,0.00,16.347,0.868,-3.646,12.701,17.215,0.00,0.00,0.00,0.00,0.00,0.00,0.00,0.00,0.00,0.00,0.00,0.00,0.00,0.00,0.00,0.00,0.00
20650,DL:0.1.0:AT.1.0.0,2022-3-4 23:6:47,37.25,0.00,0.00,16.388,0.839,-3.682,12.706,17.227,0.00,0.00,0.00,0.00,0.00,0.00,0.00,0.00,0.00,0.00,0.00,0.00,0.00,0.00,0.00,0.00,0.00
20650,DL:0.1.0:AT.1.0.0,2022-3-4 23:6:53,37.25,0.00,0.00,16.387,0.848,-3.661,12.725,17.235,0.00,0.00,0.00,0.00,0.00,0.00,0.00,0.00,0.00,0.00,0.00,0.00,0.00,0.00,0.00,0.00,0.00
20650,DL:0.1.0:AT.1.0.0,2022-3-4 23:6:59,37.25,0.00,0.00,16.407,0.838,-3.673,12.734,17.245,0.00,0.00,0.00,0.00,0.00,0.00,0.00,0.00,0.00,0.00,0.00,0.00,0.00,0.00,0.00,0.00,0.00
20650,DL:0.1.0:AT.1.0.0,2022-3-4 23:7:6,37.25,0.00,0.00,16.378,0.878,-3.642,12.736,17.257,0.00,0.00,0.00,0.00,0.00,0.00,0.00,0.00,0.00,0.00,0.00,0.00,0.00,0.00,0.00,0.00,0.00
20650,DL:0.1.0:AT.1.0.0,2022-3-4 23:7:13,37.25,0.00,0.00,16.405,0.862,-3.666,12.739,17.266,0.00,0.00,0.00,0.00,0.00,0.00,0.00,0.00,0.00,0.00,0.00,0.00,0.00,0.00,0.00,0.00,0.00
20650,DL:0.1.0:AT.1.0.0,2022-3-4 23:7:18,37.25,0.00,0.00,16.387,0.887,-3.648,12.739,17.273,0.00,0.00,0.00,0.00,0.00,0.00,0.00,0.00,0.00,0.00,0.00,0.00,0.00,0.00,0.00,0.00,0.00
20650,DL:0.1.0:AT.1.0.0,2022-3-4 23:7:24,37.25,0.00,0.00,16.412,0.868,-3.672,12.740,17.279,0.00,0.00,0.00,0.00,0.00,0.00,0.00,0.00,0.00,0.00,0.00,0.00,0.00,0.00,0.00,0.00,0.00
20650,DL:0.1.0:AT.1.0.0,2022-3-4 23:7:30,37.25,0.00,0.00,16.434,0.858,-3.693,12.741,17.292,0.00,0.00,0.00,0.00,0.00,0.00,0.00,0.00,0.00,0.00,0.00,0.00,0.00,0.00,0.00,0.00,0.00
20650,DL:0.1.0:AT.1.0.0,2022-3-4 23:7:35,37.25,0.00,0.00,16.464,0.835,-3.724,12.740,17.299,0.00,0.00,0.00,0.00,0.00,0.00,0.00,0.00,0.00,0.00,0.00,0.00,0.00,0.00,0.00,0.00,0.00
20650,DL:0.1.0:AT.1.0.0,2022-3-4 23:7:41,37.25,0.00,0.00,16.419,0.887,-3.678,12.741,17.306,0.00,0.00,0.00,0.00,0.00,0.00,0.00,0.00,0.00,0.00,0.00,0.00,0.00,0.00,0.00,0.00,0.00
20650,DL:0.1.0:AT.1.0.0,2022-3-4 23:7:46,37.25,0.00,0.00,16.454,0.858,-3.714,12.740,17.312,0.00,0.00,0.00,0.00,0.00,0.00,0.00,0.00,0.00,0.00,0.00,0.00,0.00,0.00,0.00,0.00,0.00
20650,DL:0.1.0:AT.1.0.0,2022-3-4 23:7:51,37.25,0.00,0.00,16.443,0.877,-3.702,12.741,17.320,0.00,0.00,0.00,0.00,0.00,0.00,0.00,0.00,0.00,0.00,0.00,0.00,0.00,0.00,0.00,0.00,0.00
20650,DL:0.1.0:AT.1.0.0,2022-3-4 23:7:56,37.25,0.00,0.00,16.486,0.840,-3.747,12.740,17.326,0.00,0.00,0.00,0.00,0.00,0.00,0.00,0.00,0.00,0.00,0.00,0.00,0.00,0.00,0.00,0.00,0.00
20650,DL:0.1.0:AT.1.0.0,2022-3-4 23:8:1,37.25,0.00,0.00,16.472,0.863,-3.732,12.740,17.335,0.00,0.00,0.00,0.00,0.00,0.00,0.00,0.00,0.00,0.00,0.00,0.00,0.00,0.00,0.00,0.00,0.00
20650,DL:0.1.0:AT.1.0.0,2022-3-4 23:8:6,37.25,0.00,0.00,16.453,0.889,-3.713,12.740,17.342,0.00,0.00,0.00,0.00,0.00,0.00,0.00,0.00,0.00,0.00,0.00,0.00,0.00,0.00,0.00,0.00,0.00
20650,DL:0.1.0:AT.1.0.0,2022-3-4 23:8:12,37.25,0.00,0.00,16.470,0.881,-3.730,12.740,17.350,0.00,0.00,0.00,0.00,0.00,0.00,0.00,0.00,0.00,0.00,0.00,0.00,0.00,0.00,0.00,0.00,0.00
20650,DL:0.1.0:AT.1.0.0,2022-3-4 23:8:20,37.25,0.00,0.00,16.484,0.876,-3.745,12.739,17.360,0.00,0.00,0.00,0.00,0.00,0.00,0.00,0.00,0.00,0.00,0.00,0.00,0.00,0.00,0.00,0.00,0.00
20650,DL:0.1.0:AT.1.0.0,2022-3-4 23:8:25,37.25,0.00,0.00,16.500,0.868,-3.761,12.739,17.367,0.00,0.00,0.00,0.00,0.00,0.00,0.00,0.00,0.00,0.00,0.00,0.00,0.00,0.00,0.00,0.00,0.00
20650,DL:0.1.0:AT.1.0.0,2022-3-4 23:8:30,37.25,0.00,0.00,16.519,0.854,-3.780,12.739,17.373,0.00,0.00,0.00,0.00,0.00,0.00,0.00,0.00,0.00,0.00,0.00,0.00,0.00,0.00,0.00,0.00,0.00
20650,DL:0.1.0:AT.1.0.0,2022-3-4 23:8:36,37.25,0.00,0.00,16.510,0.872,-3.772,12.739,17.383,0.00,0.00,0.00,0.00,0.00,0.00,0.00,0.00,0.00,0.00,0.00,0.00,0.00,0.00,0.00,0.00,0.00
20650,DL:0.1.0:AT.1.0.0,2022-3-4 23:8:41,37.25,0.00,0.00,16.508,0.882,-3.771,12.737,17.390,0.00,0.00,0.00,0.00,0.00,0.00,0.00,0.00,0.00,0.00,0.00,0.00,0.00,0.00,0.00,0.00,0.00
20650,DL:0.1.0:AT.1.0.0,2022-3-4 23:8:46,37.25,0.00,0.00,16.539,0.856,-3.802,12.737,17.395,0.00,0.00,0.00,0.00,0.00,0.00,0.00,0.00,0.00,0.00,0.00,0.00,0.00,0.00,0.00,0.00,0.00
20650,DL:0.1.0:AT.1.0.0,2022-3-4 23:8:51,37.25,0.00,0.00,16.568,0.838,-3.832,12.736,17.406,0.00,0.00,0.00,0.00,0.00,0.00,0.00,0.00,0.00,0.00,0.00,0.00,0.00,0.00,0.00,0.00,0.00
20650,DL:0.1.0:AT.1.0.0,2022-3-4 23:8:57,37.25,0.00,0.00,16.545,0.865,-3.809,12.736,17.410,0.00,0.00,0.00,0.00,0.00,0.00,0.00,0.00,0.00,0.00,0.00,0.00,0.00,0.00,0.00,0.00,0.00
20650,DL:0.1.0:AT.1.0.0,2022-3-4 23:9:3,37.25,0.00,0.00,16.551,0.869,-3.816,12.735,17.420,0.00,0.00,0.00,0.00,0.00,0.00,0.00,0.00,0.00,0.00,0.00,0.00,0.00,0.00,0.00,0.00,0.00
20650,DL:0.1.0:AT.1.0.0,2022-3-4 23:9:8,37.25,0.00,0.00,16.557,0.869,-3.816,12.741,17.426,0.00,0.00,0.00,0.00,0.00,0.00,0.00,0.00,0.00,0.00,0.00,0.00,0.00,0.00,0.00,0.00,0.00
20650,DL:0.1.0:AT.1.0.0,2022-3-4 23:9:14,37.25,0.00,0.00,16.563,0.870,-3.825,12.739,17.433,0.00,0.00,0.00,0.00,0.00,0.00,0.00,0.00,0.00,0.00,0.00,0.00,0.00,0.00,0.00,0.00,0.00
20650,DL:0.1.0:AT.1.0.0,2022-3-4 23:9:22,37.25,0.00,0.00,16.605,0.840,-3.867,12.739,17.445,0.00,0.00,0.00,0.00,0.00,0.00,0.00,0.00,0.00,0.00,0.00,0.00,0.00,0.00,0.00,0.00,0.00
20650,DL:0.1.0:AT.1.0.0,2022-3-4 23:9:28,37.25,0.00,0.00,16.604,0.847,-3.867,12.737,17.451,0.00,0.00,0.00,0.00,0.00,0.00,0.00,0.00,0.00,0.00,0.00,0.00,0.00,0.00,0.00,0.00,0.00
20650,DL:0.1.0:AT.1.0.0,2022-3-4 23:9:33,37.25,0.00,0.00,16.566,0.893,-3.828,12.737,17.459,0.00,0.00,0.00,0.00,0.00,0.00,0.00,0.00,0.00,0.00,0.00,0.00,0.00,0.00,0.00,0.00,0.00
20650,DL:0.1.0:AT.1.0.0,2022-3-4 23:9:38,37.25,0.00,0.00,16.615,0.850,-3.879,12.736,17.465,0.00,0.00,0.00,0.00,0.00,0.00,0.00,0.00,0.00,0.00,0.00,0.00,0.00,0.00,0.00,0.00,0.00
20650,DL:0.1.0:AT.1.0.0,2022-3-4 23:9:43,37.25,0.00,0.00,16.614,0.852,-3.878,12.736,17.466,0.00,0.00,0.00,0.00,0.00,0.00,0.00,0.00,0.00,0.00,0.00,0.00,0.00,0.00,0.00,0.00,0.00
20650,DL:0.1.0:AT.1.0.0,2022-3-4 23:9:48,37.25,0.00,0.00,16.598,0.842,-3.863,12.735,17.441,0.00,0.00,0.00,0.00,0.00,0.00,0.00,0.00,0.00,0.00,0.00,0.00,0.00,0.00,0.00,0.00,0.00
20650,DL:0.1.0:AT.1.0.0,2022-3-4 23:9:53,37.25,0.00,0.00,16.572,0.835,-3.836,12.736,17.407,0.00,0.00,0.00,0.00,0.00,0.00,0.00,0.00,0.00,0.00,0.00,0.00,0.00,0.00,0.00,0.00,0.00
20650,DL:0.1.0:AT.1.0.0,2022-3-4 23:9:58,37.25,0.00,0.00,16.533,0.842,-3.798,12.735,17.376,0.00,0.00,0.00,0.00,0.00,0.00,0.00,0.00,0.00,0.00,0.00,0.00,0.00,0.00,0.00,0.00,0.00
20650,DL:0.1.0:AT.1.0.0,2022-3-4 23:10:3,37.25,0.00,0.00,16.528,0.817,-3.794,12.735,17.346,0.00,0.00,0.00,0.00,0.00,0.00,0.00,0.00,0.00,0.00,0.00,0.00,0.00,0.00,0.00,0.00,0.00
20650,DL:0.1.0:AT.1.0.0,2022-3-4 23:10:8,37.25,0.00,0.00,16.472,0.839,-3.738,12.734,17.311,0.00,0.00,0.00,0.00,0.00,0.00,0.00,0.00,0.00,0.00,0.00,0.00,0.00,0.00,0.00,0.00,0.00
20650,DL:0.1.0:AT.1.0.0,2022-3-4 23:10:13,37.25,0.00,0.00,16.447,0.833,-3.714,12.733,17.279,0.00,0.00,0.00,0.00,0.00,0.00,0.00,0.00,0.00,0.00,0.00,0.00,0.00,0.00,0.00,0.00,0.00
20650,DL:0.1.0:AT.1.0.0,2022-3-4 23:10:18,37.25,0.00,0.00,16.404,0.847,-3.670,12.734,17.251,0.00,0.00,0.00,0.00,0.00,0.00,0.00,0.00,0.00,0.00,0.00,0.00,0.00,0.00,0.00,0.00,0.00
20650,DL:0.1.0:AT.1.0.0,2022-3-4 23:10:23,37.25,0.00,0.00,16.361,0.860,-3.630,12.731,17.222,0.00,0.00,0.00,0.00,0.00,0.00,0.00,0.00,0.00,0.00,0.00,0.00,0.00,0.00,0.00,0.00,0.00
20650,DL:0.1.0:AT.1.0.0,2022-3-4 23:10:28,37.25,0.00,0.00,16.334,0.848,-3.602,12.731,17.182,0.00,0.00,0.00,0.00,0.00,0.00,0.00,0.00,0.00,0.00,0.00,0.00,0.00,0.00,0.00,0.00,0.00
20650,DL:0.1.0:AT.1.0.0,2022-3-4 23:10:34,37.25,0.00,0.00,16.289,0.858,-3.554,12.735,17.147,0.00,0.00,0.00,0.00,0.00,0.00,0.00,0.00,0.00,0.00,0.00,0.00,0.00,0.00,0.00,0.00,0.00
20650,DL:0.1.0:AT.1.0.0,2022-3-4 23:10:40,37.25,0.00,0.00,16.285,0.844,-3.550,12.735,17.128,0.00,0.00,0.00,0.00,0.00,0.00,0.00,0.00,0.00,0.00,0.00,0.00,0.00,0.00,0.00,0.00,0.00
20650,DL:0.1.0:AT.1.0.0,2022-3-4 23:10:48,37.25,0.00,0.00,16.259,0.830,-3.526,12.734,17.090,0.00,0.00,0.00,0.00,0.00,0.00,0.00,0.00,0.00,0.00,0.00,0.00,0.00,0.00,0.00,0.00,0.00
20650,DL:0.1.0:AT.1.0.0,2022-3-4 23:10:53,37.25,0.00,0.00,16.217,0.840,-3.482,12.735,17.057,0.00,0.00,0.00,0.00,0.00,0.00,0.00,0.00,0.00,0.00,0.00,0.00,0.00,0.00,0.00,0.00,0.00
20650,DL:0.1.0:AT.1.0.0,2022-3-4 23:10:58,37.25,0.00,0.00,16.193,0.823,-3.461,12.733,17.016,0.00,0.00,0.00,0.00,0.00,0.00,0.00,0.00,0.00,0.00,0.00,0.00,0.00,0.00,0.00,0.00,0.00
20650,DL:0.1.0:AT.1.0.0,2022-3-4 23:11:3,37.25,0.00,0.00,16.184,0.822,-3.450,12.734,17.006,0.00,0.00,0.00,0.00,0.00,0.00,0.00,0.00,0.00,0.00,0.00,0.00,0.00,0.00,0.00,0.00,0.00
20650,DL:0.1.0:AT.1.0.0,2022-3-4 23:11:8,37.25,0.00,0.00,16.148,0.834,-3.415,12.733,16.981,0.00,0.00,0.00,0.00,0.00,0.00,0.00,0.00,0.00,0.00,0.00,0.00,0.00,0.00,0.00,0.00,0.00
20650,DL:0.1.0:AT.1.0.0,2022-3-4 23:11:18,37.25,0.00,0.00,16.079,0.852,-3.347,12.733,16.931,0.00,0.00,0.00,0.00,0.00,0.00,0.00,0.00,0.00,0.00,0.00,0.00,0.00,0.00,0.00,0.00,0.00
20650,DL:0.1.0:AT.1.0.0,2022-3-4 23:11:26,37.25,0.00,0.00,16.030,0.865,-3.298,12.731,16.895,0.00,0.00,0.00,0.00,0.00,0.00,0.00,0.00,0.00,0.00,0.00,0.00,0.00,0.00,0.00,0.00,0.00
20650,DL:0.1.0:AT.1.0.0,2022-3-4 23:11:31,37.25,0.00,0.00,16.017,0.845,-3.286,12.730,16.861,0.00,0.00,0.00,0.00,0.00,0.00,0.00,0.00,0.00,0.00,0.00,0.00,0.00,0.00,0.00,0.00,0.00
20650,DL:0.1.0:AT.1.0.0,2022-3-4 23:11:36,37.25,0.00,0.00,15.966,0.880,-3.236,12.730,16.846,0.00,0.00,0.00,0.00,0.00,0.00,0.00,0.00,0.00,0.00,0.00,0.00,0.00,0.00,0.00,0.00,0.00
20650,DL:0.1.0:AT.1.0.0,2022-3-4 23:11:46,37.25,0.00,0.00,15.994,0.866,-3.265,12.729,16.860,0.00,0.00,0.00,0.00,0.00,0.00,0.00,0.00,0.00,0.00,0.00,0.00,0.00,0.00,0.00,0.00,0.00
20650,DL:0.1.0:AT.1.0.0,2022-3-4 23:11:54,37.25,0.00,0.00,15.983,0.858,-3.255,12.728,16.841,0.00,0.00,0.00,0.00,0.00,0.00,0.00,0.00,0.00,0.00,0.00,0.00,0.00,0.00,0.00,0.00,0.00
20650,DL:0.1.0:AT.1.0.0,2022-3-4 23:11:59,37.25,0.00,0.00,15.970,0.847,-3.242,12.728,16.817,0.00,0.00,0.00,0.00,0.00,0.00,0.00,0.00,0.00,0.00,0.00,0.00,0.00,0.00,0.00,0.00,0.00
20650,DL:0.1.0:AT.1.0.0,2022-3-4 23:12:4,37.25,0.00,0.00,15.929,0.864,-3.195,12.734,16.793,0.00,0.00,0.00,0.00,0.00,0.00,0.00,0.00,0.00,0.00,0.00,0.00,0.00,0.00,0.00,0.00,0.00
20650,DL:0.1.0:AT.1.0.0,2022-3-4 23:12:11,37.25,0.00,0.00,15.907,0.851,-3.175,12.733,16.758,0.00,0.00,0.00,0.00,0.00,0.00,0.00,0.00,0.00,0.00,0.00,0.00,0.00,0.00,0.00,0.00,0.00
20650,DL:0.1.0:AT.1.0.0,2022-3-4 23:12:16,37.25,0.00,0.00,15.922,0.816,-3.189,12.733,16.738,0.00,0.00,0.00,0.00,0.00,0.00,0.00,0.00,0.00,0.00,0.00,0.00,0.00,0.00,0.00,0.00,0.00
20650,DL:0.1.0:AT.1.0.0,2022-3-4 23:12:21,37.25,0.00,0.00,15.882,0.829,-3.151,12.731,16.711,0.00,0.00,0.00,0.00,0.00,0.00,0.00,0.00,0.00,0.00,0.00,0.00,0.00,0.00,0.00,0.00,0.00
20650,DL:0.1.0:AT.1.0.0,2022-3-4 23:12:26,37.25,0.00,0.00,15.836,0.852,-3.105,12.731,16.688,0.00,0.00,0.00,0.00,0.00,0.00,0.00,0.00,0.00,0.00,0.00,0.00,0.00,0.00,0.00,0.00,0.00
20650,DL:0.1.0:AT.1.0.0,2022-3-4 23:12:31,37.25,0.00,0.00,15.817,0.847,-3.087,12.730,16.664,0.00,0.00,0.00,0.00,0.00,0.00,0.00,0.00,0.00,0.00,0.00,0.00,0.00,0.00,0.00,0.00,0.00
20650,DL:0.1.0:AT.1.0.0,2022-3-4 23:12:36,37.25,0.00,0.00,15.786,0.858,-3.056,12.730,16.644,0.00,0.00,0.00,0.00,0.00,0.00,0.00,0.00,0.00,0.00,0.00,0.00,0.00,0.00,0.00,0.00,0.00
20650,DL:0.1.0:AT.1.0.0,2022-3-4 23:12:42,37.25,0.00,0.00,15.773,0.845,-3.043,12.730,16.617,0.00,0.00,0.00,0.00,0.00,0.00,0.00,0.00,0.00,0.00,0.00,0.00,0.00,0.00,0.00,0.00,0.00
20650,DL:0.1.0:AT.1.0.0,2022-3-4 23:12:47,37.25,0.00,0.00,15.759,0.838,-3.031,12.729,16.597,0.00,0.00,0.00,0.00,0.00,0.00,0.00,0.00,0.00,0.00,0.00,0.00,0.00,0.00,0.00,0.00,0.00
20650,DL:0.1.0:AT.1.0.0,2022-3-4 23:12:52,37.25,0.00,0.00,15.714,0.862,-2.985,12.729,16.575,0.00,0.00,0.00,0.00,0.00,0.00,0.00,0.00,0.00,0.00,0.00,0.00,0.00,0.00,0.00,0.00,0.00
20650,DL:0.1.0:AT.1.0.0,2022-3-4 23:12:57,37.25,0.00,0.00,15.674,0.881,-2.946,12.728,16.555,0.00,0.00,0.00,0.00,0.00,0.00,0.00,0.00,0.00,0.00,0.00,0.00,0.00,0.00,0.00,0.00,0.00
20650,DL:0.1.0:AT.1.0.0,2022-3-4 23:13:3,37.25,0.00,0.00,15.639,0.890,-2.913,12.727,16.530,0.00,0.00,0.00,0.00,0.00,0.00,0.00,0.00,0.00,0.00,0.00,0.00,0.00,0.00,0.00,0.00,0.00
20650,DL:0.1.0:AT.1.0.0,2022-3-4 23:13:10,37.25,0.00,0.00,15.622,0.881,-2.896,12.727,16.503,0.00,0.00,0.00,0.00,0.00,0.00,0.00,0.00,0.00,0.00,0.00,0.00,0.00,0.00,0.00,0.00,0.00
20650,DL:0.1.0:AT.1.0.0,2022-3-4 23:13:15,37.25,0.00,0.00,15.631,0.853,-2.904,12.727,16.484,0.00,0.00,0.00,0.00,0.00,0.00,0.00,0.00,0.00,0.00,0.00,0.00,0.00,0.00,0.00,0.00,0.00
20650,DL:0.1.0:AT.1.0.0,2022-3-4 23:13:20,37.25,0.00,0.00,15.584,0.881,-2.859,12.725,16.465,0.00,0.00,0.00,0.00,0.00,0.00,0.00,0.00,0.00,0.00,0.00,0.00,0.00,0.00,0.00,0.00,0.00
20650,DL:0.1.0:AT.1.0.0,2022-3-4 23:13:25,37.25,0.00,0.00,15.594,0.852,-2.868,12.725,16.446,0.00,0.00,0.00,0.00,0.00,0.00,0.00,0.00,0.00,0.00,0.00,0.00,0.00,0.00,0.00,0.00,0.00
20650,DL:0.1.0:AT.1.0.0,2022-3-4 23:13:30,37.25,0.00,0.00,15.567,0.859,-2.842,12.725,16.426,0.00,0.00,0.00,0.00,0.00,0.00,0.00,0.00,0.00,0.00,0.00,0.00,0.00,0.00,0.00,0.00,0.00
20650,DL:0.1.0:AT.1.0.0,2022-3-4 23:13:35,37.25,0.00,0.00,15.547,0.863,-2.817,12.730,16.410,0.00,0.00,0.00,0.00,0.00,0.00,0.00,0.00,0.00,0.00,0.00,0.00,0.00,0.00,0.00,0.00,0.00
20650,DL:0.1.0:AT.1.0.0,2022-3-4 23:13:40,37.25,0.00,0.00,15.543,0.847,-2.814,12.729,16.390,0.00,0.00,0.00,0.00,0.00,0.00,0.00,0.00,0.00,0.00,0.00,0.00,0.00,0.00,0.00,0.00,0.00
20650,DL:0.1.0:AT.1.0.0,2022-3-4 23:13:45,37.25,0.00,0.00,15.511,0.862,-2.783,12.728,16.372,0.00,0.00,0.00,0.00,0.00,0.00,0.00,0.00,0.00,0.00,0.00,0.00,0.00,0.00,0.00,0.00,0.00
20650,DL:0.1.0:AT.1.0.0,2022-3-4 23:13:50,37.25,0.00,0.00,15.513,0.841,-2.785,12.728,16.354,0.00,0.00,0.00,0.00,0.00,0.00,0.00,0.00,0.00,0.00,0.00,0.00,0.00,0.00,0.00,0.00,0.00
20650,DL:0.1.0:AT.1.0.0,2022-3-4 23:13:55,37.25,0.00,0.00,15.471,0.869,-2.743,12.728,16.340,0.00,0.00,0.00,0.00,0.00,0.00,0.00,0.00,0.00,0.00,0.00,0.00,0.00,0.00,0.00,0.00,0.00
20650,DL:0.1.0:AT.1.0.0,2022-3-4 23:14:0,37.25,0.00,0.00,15.461,0.860,-2.735,12.727,16.322,0.00,0.00,0.00,0.00,0.00,0.00,0.00,0.00,0.00,0.00,0.00,0.00,0.00,0.00,0.00,0.00,0.00
20650,DL:0.1.0:AT.1.0.0,2022-3-4 23:14:5,37.25,0.00,0.00,15.445,0.865,-2.718,12.727,16.310,0.00,0.00,0.00,0.00,0.00,0.00,0.00,0.00,0.00,0.00,0.00,0.00,0.00,0.00,0.00,0.00,0.00
20650,DL:0.1.0:AT.1.0.0,2022-3-4 23:14:10,37.25,0.00,0.00,15.429,0.865,-2.704,12.725,16.294,0.00,0.00,0.00,0.00,0.00,0.00,0.00,0.00,0.00,0.00,0.00,0.00,0.00,0.00,0.00,0.00,0.00
20650,DL:0.1.0:AT.1.0.0,2022-3-4 23:14:15,37.25,0.00,0.00,15.410,0.880,-2.684,12.725,16.289,0.00,0.00,0.00,0.00,0.00,0.00,0.00,0.00,0.00,0.00,0.00,0.00,0.00,0.00,0.00,0.00,0.00
20650,DL:0.1.0:AT.1.0.0,2022-3-4 23:14:20,37.25,0.00,0.00,15.445,0.865,-2.719,12.725,16.310,0.00,0.00,0.00,0.00,0.00,0.00,0.00,0.00,0.00,0.00,0.00,0.00,0.00,0.00,0.00,0.00,0.00
20650,DL:0.1.0:AT.1.0.0,2022-3-4 23:14:25,37.25,0.00,0.00,15.490,0.842,-2.766,12.724,16.333,0.00,0.00,0.00,0.00,0.00,0.00,0.00,0.00,0.00,0.00,0.00,0.00,0.00,0.00,0.00,0.00,0.00
20650,DL:0.1.0:AT.1.0.0,2022-3-4 23:14:30,37.25,0.00,0.00,15.494,0.857,-2.771,12.723,16.351,0.00,0.00,0.00,0.00,0.00,0.00,0.00,0.00,0.00,0.00,0.00,0.00,0.00,0.00,0.00,0.00,0.00
20650,DL:0.1.0:AT.1.0.0,2022-3-4 23:14:35,37.25,0.00,0.00,15.506,0.865,-2.783,12.723,16.371,0.00,0.00,0.00,0.00,0.00,0.00,0.00,0.00,0.00,0.00,0.00,0.00,0.00,0.00,0.00,0.00,0.00
20650,DL:0.1.0:AT.1.0.0,2022-3-4 23:14:40,37.25,0.00,0.00,15.478,0.914,-2.755,12.723,16.393,0.00,0.00,0.00,0.00,0.00,0.00,0.00,0.00,0.00,0.00,0.00,0.00,0.00,0.00,0.00,0.00,0.00
20650,DL:0.1.0:AT.1.0.0,2022-3-4 23:14:45,37.25,0.00,0.00,15.500,0.901,-2.778,12.722,16.401,0.00,0.00,0.00,0.00,0.00,0.00,0.00,0.00,0.00,0.00,0.00,0.00,0.00,0.00,0.00,0.00,0.00
20650,DL:0.1.0:AT.1.0.0,2022-3-4 23:14:50,37.25,0.00,0.00,15.485,0.901,-2.764,12.722,16.387,0.00,0.00,0.00,0.00,0.00,0.00,0.00,0.00,0.00,0.00,0.00,0.00,0.00,0.00,0.00,0.00,0.00
20650,DL:0.1.0:AT.1.0.0,2022-3-4 23:14:55,37.25,0.00,0.00,15.485,0.882,-2.765,12.720,16.367,0.00,0.00,0.00,0.00,0.00,0.00,0.00,0.00,0.00,0.00,0.00,0.00,0.00,0.00,0.00,0.00,0.00
20650,DL:0.1.0:AT.1.0.0,2022-3-4 23:15:0,37.25,0.00,0.00,15.459,0.892,-2.739,12.720,16.351,0.00,0.00,0.00,0.00,0.00,0.00,0.00,0.00,0.00,0.00,0.00,0.00,0.00,0.00,0.00,0.00,0.00
20650,DL:0.1.0:AT.1.0.0,2022-3-4 23:15:5,37.25,0.00,0.00,15.448,0.883,-2.724,12.724,16.331,0.00,0.00,0.00,0.00,0.00,0.00,0.00,0.00,0.00,0.00,0.00,0.00,0.00,0.00,0.00,0.00,0.00
20650,DL:0.1.0:AT.1.0.0,2022-3-4 23:15:10,37.25,0.00,0.00,15.471,0.844,-2.746,12.725,16.315,0.00,0.00,0.00,0.00,0.00,0.00,0.00,0.00,0.00,0.00,0.00,0.00,0.00,0.00,0.00,0.00,0.00
20650,DL:0.1.0:AT.1.0.0,2022-3-4 23:15:15,37.25,0.00,0.00,15.447,0.851,-2.722,12.725,16.298,0.00,0.00,0.00,0.00,0.00,0.00,0.00,0.00,0.00,0.00,0.00,0.00,0.00,0.00,0.00,0.00,0.00
20650,DL:0.1.0:AT.1.0.0,2022-3-4 23:15:20,37.25,0.00,0.00,15.406,0.875,-2.682,12.724,16.281,0.00,0.00,0.00,0.00,0.00,0.00,0.00,0.00,0.00,0.00,0.00,0.00,0.00,0.00,0.00,0.00,0.00
20650,DL:0.1.0:AT.1.0.0,2022-3-4 23:15:25,37.25,0.00,0.00,15.395,0.869,-2.672,12.723,16.264,0.00,0.00,0.00,0.00,0.00,0.00,0.00,0.00,0.00,0.00,0.00,0.00,0.00,0.00,0.00,0.00,0.00
20650,DL:0.1.0:AT.1.0.0,2022-3-4 23:15:30,37.25,0.00,0.00,15.374,0.876,-2.651,12.723,16.250,0.00,0.00,0.00,0.00,0.00,0.00,0.00,0.00,0.00,0.00,0.00,0.00,0.00,0.00,0.00,0.00,0.00
20650,DL:0.1.0:AT.1.0.0,2022-3-4 23:15:35,37.25,0.00,0.00,15.351,0.881,-2.629,12.722,16.232,0.00,0.00,0.00,0.00,0.00,0.00,0.00,0.00,0.00,0.00,0.00,0.00,0.00,0.00,0.00,0.00,0.00
20650,DL:0.1.0:AT.1.0.0,2022-3-4 23:15:40,37.25,0.00,0.00,15.357,0.859,-2.635,12.722,16.216,0.00,0.00,0.00,0.00,0.00,0.00,0.00,0.00,0.00,0.00,0.00,0.00,0.00,0.00,0.00,0.00,0.00
20650,DL:0.1.0:AT.1.0.0,2022-3-4 23:15:45,37.25,0.00,0.00,15.303,0.899,-2.582,12.720,16.202,0.00,0.00,0.00,0.00,0.00,0.00,0.00,0.00,0.00,0.00,0.00,0.00,0.00,0.00,0.00,0.00,0.00
20650,DL:0.1.0:AT.1.0.0,2022-3-4 23:15:50,37.25,0.00,0.00,15.311,0.877,-2.591,12.720,16.188,0.00,0.00,0.00,0.00,0.00,0.00,0.00,0.00,0.00,0.00,0.00,0.00,0.00,0.00,0.00,0.00,0.00
20650,DL:0.1.0:AT.1.0.0,2022-3-4 23:15:55,37.25,0.00,0.00,15.274,0.900,-2.553,12.720,16.174,0.00,0.00,0.00,0.00,0.00,0.00,0.00,0.00,0.00,0.00,0.00,0.00,0.00,0.00,0.00,0.00,0.00
20650,DL:0.1.0:AT.1.0.0,2022-3-4 23:16:0,37.25,0.00,0.00,15.292,0.868,-2.573,12.719,16.160,0.00,0.00,0.00,0.00,0.00,0.00,0.00,0.00,0.00,0.00,0.00,0.00,0.00,0.00,0.00,0.00,0.00
20650,DL:0.1.0:AT.1.0.0,2022-3-4 23:16:5,37.25,0.00,0.00,15.269,0.877,-2.550,12.719,16.146,0.00,0.00,0.00,0.00,0.00,0.00,0.00,0.00,0.00,0.00,0.00,0.00,0.00,0.00,0.00,0.00,0.00
20650,DL:0.1.0:AT.1.0.0,2022-3-4 23:16:10,37.25,0.00,0.00,15.256,0.877,-2.537,12.719,16.133,0.00,0.00,0.00,0.00,0.00,0.00,0.00,0.00,0.00,0.00,0.00,0.00,0.00,0.00,0.00,0.00,0.00
20650,DL:0.1.0:AT.1.0.0,2022-3-4 23:16:15,37.25,0.00,0.00,15.256,0.864,-2.538,12.718,16.120,0.00,0.00,0.00,0.00,0.00,0.00,0.00,0.00,0.00,0.00,0.00,0.00,0.00,0.00,0.00,0.00,0.00
20650,DL:0.1.0:AT.1.0.0,2022-3-4 23:16:20,37.25,0.00,0.00,15.228,0.882,-2.510,12.718,16.110,0.00,0.00,0.00,0.00,0.00,0.00,0.00,0.00,0.00,0.00,0.00,0.00,0.00,0.00,0.00,0.00,0.00
20650,DL:0.1.0:AT.1.0.0,2022-3-4 23:16:25,37.25,0.00,0.00,15.225,0.874,-2.499,12.725,16.098,0.00,0.00,0.00,0.00,0.00,0.00,0.00,0.00,0.00,0.00,0.00,0.00,0.00,0.00,0.00,0.00,0.00
20650,DL:0.1.0:AT.1.0.0,2022-3-4 23:16:30,37.25,0.00,0.00,15.232,0.853,-2.507,12.725,16.085,0.00,0.00,0.00,0.00,0.00,0.00,0.00,0.00,0.00,0.00,0.00,0.00,0.00,0.00,0.00,0.00,0.00
20650,DL:0.1.0:AT.1.0.0,2022-3-4 23:16:35,37.25,0.00,0.00,15.187,0.887,-2.463,12.724,16.074,0.00,0.00,0.00,0.00,0.00,0.00,0.00,0.00,0.00,0.00,0.00,0.00,0.00,0.00,0.00,0.00,0.00
20650,DL:0.1.0:AT.1.0.0,2022-3-4 23:16:40,37.25,0.00,0.00,15.201,0.863,-2.477,12.724,16.063,0.00,0.00,0.00,0.00,0.00,0.00,0.00,0.00,0.00,0.00,0.00,0.00,0.00,0.00,0.00,0.00,0.00
20650,DL:0.1.0:AT.1.0.0,2022-3-4 23:16:45,37.25,0.00,0.00,15.199,0.853,-2.477,12.723,16.053,0.00,0.00,0.00,0.00,0.00,0.00,0.00,0.00,0.00,0.00,0.00,0.00,0.00,0.00,0.00,0.00,0.00
20650,DL:0.1.0:AT.1.0.0,2022-3-4 23:16:50,37.25,0.00,0.00,15.168,0.876,-2.445,12.723,16.044,0.00,0.00,0.00,0.00,0.00,0.00,0.00,0.00,0.00,0.00,0.00,0.00,0.00,0.00,0.00,0.00,0.00
20650,DL:0.1.0:AT.1.0.0,2022-3-4 23:16:55,37.25,0.00,0.00,15.171,0.866,-2.442,12.729,16.037,0.00,0.00,0.00,0.00,0.00,0.00,0.00,0.00,0.00,0.00,0.00,0.00,0.00,0.00,0.00,0.00,0.00
20650,DL:0.1.0:AT.1.0.0,2022-3-4 23:17:0,37.25,0.00,0.00,15.143,0.887,-2.415,12.728,16.030,0.00,0.00,0.00,0.00,0.00,0.00,0.00,0.00,0.00,0.00,0.00,0.00,0.00,0.00,0.00,0.00,0.00
20650,DL:0.1.0:AT.1.0.0,2022-3-4 23:17:5,37.25,0.00,0.00,15.115,0.902,-2.388,12.728,16.018,0.00,0.00,0.00,0.00,0.00,0.00,0.00,0.00,0.00,0.00,0.00,0.00,0.00,0.00,0.00,0.00,0.00
20650,DL:0.1.0:AT.1.0.0,2022-3-4 23:17:10,37.25,0.00,0.00,15.130,0.889,-2.403,12.727,16.019,0.00,0.00,0.00,0.00,0.00,0.00,0.00,0.00,0.00,0.00,0.00,0.00,0.00,0.00,0.00,0.00,0.00
20650,DL:0.1.0:AT.1.0.0,2022-3-4 23:17:15,37.25,0.00,0.00,15.172,0.872,-2.445,12.727,16.044,0.00,0.00,0.00,0.00,0.00,0.00,0.00,0.00,0.00,0.00,0.00,0.00,0.00,0.00,0.00,0.00,0.00
20650,DL:0.1.0:AT.1.0.0,2022-3-4 23:17:20,37.25,0.00,0.00,15.181,0.888,-2.455,12.727,16.069,0.00,0.00,0.00,0.00,0.00,0.00,0.00,0.00,0.00,0.00,0.00,0.00,0.00,0.00,0.00,0.00,0.00
20650,DL:0.1.0:AT.1.0.0,2022-3-4 23:17:25,37.25,0.00,0.00,15.209,0.889,-2.484,12.725,16.098,0.00,0.00,0.00,0.00,0.00,0.00,0.00,0.00,0.00,0.00,0.00,0.00,0.00,0.00,0.00,0.00,0.00
20650,DL:0.1.0:AT.1.0.0,2022-3-4 23:17:30,37.25,0.00,0.00,15.233,0.890,-2.508,12.725,16.124,0.00,0.00,0.00,0.00,0.00,0.00,0.00,0.00,0.00,0.00,0.00,0.00,0.00,0.00,0.00,0.00,0.00
20650,DL:0.1.0:AT.1.0.0,2022-3-4 23:17:36,37.25,0.00,0.00,15.255,0.894,-2.529,12.725,16.149,0.00,0.00,0.00,0.00,0.00,0.00,0.00,0.00,0.00,0.00,0.00,0.00,0.00,0.00,0.00,0.00,0.00
20650,DL:0.1.0:AT.1.0.0,2022-3-4 23:17:41,37.25,0.00,0.00,15.282,0.892,-2.557,12.725,16.174,0.00,0.00,0.00,0.00,0.00,0.00,0.00,0.00,0.00,0.00,0.00,0.00,0.00,0.00,0.00,0.00,0.00
20650,DL:0.1.0:AT.1.0.0,2022-3-4 23:17:46,37.25,0.00,0.00,15.310,0.890,-2.585,12.725,16.200,0.00,0.00,0.00,0.00,0.00,0.00,0.00,0.00,0.00,0.00,0.00,0.00,0.00,0.00,0.00,0.00,0.00
20650,DL:0.1.0:AT.1.0.0,2022-3-4 23:17:51,37.25,0.00,0.00,15.340,0.884,-2.616,12.724,16.224,0.00,0.00,0.00,0.00,0.00,0.00,0.00,0.00,0.00,0.00,0.00,0.00,0.00,0.00,0.00,0.00,0.00
20650,DL:0.1.0:AT.1.0.0,2022-3-4 23:17:56,37.25,0.00,0.00,15.350,0.900,-2.626,12.724,16.250,0.00,0.00,0.00,0.00,0.00,0.00,0.00,0.00,0.00,0.00,0.00,0.00,0.00,0.00,0.00,0.00,0.00
20650,DL:0.1.0:AT.1.0.0,2022-3-4 23:18:1,37.25,0.00,0.00,15.376,0.895,-2.652,12.724,16.271,0.00,0.00,0.00,0.00,0.00,0.00,0.00,0.00,0.00,0.00,0.00,0.00,0.00,0.00,0.00,0.00,0.00
20650,DL:0.1.0:AT.1.0.0,2022-3-4 23:18:6,37.25,0.00,0.00,15.377,0.919,-2.653,12.724,16.297,0.00,0.00,0.00,0.00,0.00,0.00,0.00,0.00,0.00,0.00,0.00,0.00,0.00,0.00,0.00,0.00,0.00
20650,DL:0.1.0:AT.1.0.0,2022-3-4 23:18:11,37.25,0.00,0.00,15.437,0.884,-2.714,12.723,16.322,0.00,0.00,0.00,0.00,0.00,0.00,0.00,0.00,0.00,0.00,0.00,0.00,0.00,0.00,0.00,0.00,0.00
20650,DL:0.1.0:AT.1.0.0,2022-3-4 23:18:16,37.25,0.00,0.00,15.454,0.893,-2.731,12.723,16.347,0.00,0.00,0.00,0.00,0.00,0.00,0.00,0.00,0.00,0.00,0.00,0.00,0.00,0.00,0.00,0.00,0.00
20650,DL:0.1.0:AT.1.0.0,2022-3-4 23:18:21,37.25,0.00,0.00,15.496,0.871,-2.773,12.723,16.367,0.00,0.00,0.00,0.00,0.00,0.00,0.00,0.00,0.00,0.00,0.00,0.00,0.00,0.00,0.00,0.00,0.00
20650,DL:0.1.0:AT.1.0.0,2022-3-4 23:18:26,37.25,0.00,0.00,15.524,0.868,-2.797,12.727,16.391,0.00,0.00,0.00,0.00,0.00,0.00,0.00,0.00,0.00,0.00,0.00,0.00,0.00,0.00,0.00,0.00,0.00
20650,DL:0.1.0:AT.1.0.0,2022-3-4 23:18:31,37.25,0.00,0.00,15.540,0.876,-2.811,12.729,16.416,0.00,0.00,0.00,0.00,0.00,0.00,0.00,0.00,0.00,0.00,0.00,0.00,0.00,0.00,0.00,0.00,0.00
20650,DL:0.1.0:AT.1.0.0,2022-3-4 23:18:36,37.25,0.00,0.00,15.559,0.880,-2.831,12.728,16.438,0.00,0.00,0.00,0.00,0.00,0.00,0.00,0.00,0.00,0.00,0.00,0.00,0.00,0.00,0.00,0.00,0.00
20650,DL:0.1.0:AT.1.0.0,2022-3-4 23:18:41,37.25,0.00,0.00,15.586,0.874,-2.859,12.728,16.460,0.00,0.00,0.00,0.00,0.00,0.00,0.00,0.00,0.00,0.00,0.00,0.00,0.00,0.00,0.00,0.00,0.00
20650,DL:0.1.0:AT.1.0.0,2022-3-4 23:18:46,37.25,0.00,0.00,15.582,0.901,-2.854,12.728,16.483,0.00,0.00,0.00,0.00,0.00,0.00,0.00,0.00,0.00,0.00,0.00,0.00,0.00,0.00,0.00,0.00,0.00
20650,DL:0.1.0:AT.1.0.0,2022-3-4 23:18:52,37.25,0.00,0.00,15.655,0.854,-2.928,12.727,16.509,0.00,0.00,0.00,0.00,0.00,0.00,0.00,0.00,0.00,0.00,0.00,0.00,0.00,0.00,0.00,0.00,0.00
20650,DL:0.1.0:AT.1.0.0,2022-3-4 23:18:59,37.25,0.00,0.00,15.661,0.880,-2.933,12.728,16.540,0.00,0.00,0.00,0.00,0.00,0.00,0.00,0.00,0.00,0.00,0.00,0.00,0.00,0.00,0.00,0.00,0.00
20650,DL:0.1.0:AT.1.0.0,2022-3-4 23:19:5,37.25,0.00,0.00,15.658,0.912,-2.932,12.727,16.571,0.00,0.00,0.00,0.00,0.00,0.00,0.00,0.00,0.00,0.00,0.00,0.00,0.00,0.00,0.00,0.00,0.00
20650,DL:0.1.0:AT.1.0.0,2022-3-4 23:19:12,37.25,0.00,0.00,15.702,0.899,-2.975,12.727,16.601,0.00,0.00,0.00,0.00,0.00,0.00,0.00,0.00,0.00,0.00,0.00,0.00,0.00,0.00,0.00,0.00,0.00
20650,DL:0.1.0:AT.1.0.0,2022-3-4 23:19:17,37.25,0.00,0.00,15.734,0.889,-3.008,12.727,16.623,0.00,0.00,0.00,0.00,0.00,0.00,0.00,0.00,0.00,0.00,0.00,0.00,0.00,0.00,0.00,0.00,0.00
20650,DL:0.1.0:AT.1.0.0,2022-3-4 23:19:23,37.25,0.00,0.00,15.786,0.863,-3.061,12.725,16.649,0.00,0.00,0.00,0.00,0.00,0.00,0.00,0.00,0.00,0.00,0.00,0.00,0.00,0.00,0.00,0.00,0.00
20650,DL:0.1.0:AT.1.0.0,2022-3-4 23:19:29,37.25,0.00,0.00,15.755,0.917,-3.028,12.727,16.671,0.00,0.00,0.00,0.00,0.00,0.00,0.00,0.00,0.00,0.00,0.00,0.00,0.00,0.00,0.00,0.00,0.00
20650,DL:0.1.0:AT.1.0.0,2022-3-4 23:19:37,37.25,0.00,0.00,15.824,0.882,-3.099,12.725,16.706,0.00,0.00,0.00,0.00,0.00,0.00,0.00,0.00,0.00,0.00,0.00,0.00,0.00,0.00,0.00,0.00,0.00
20650,DL:0.1.0:AT.1.0.0,2022-3-4 23:19:44,37.25,0.00,0.00,15.846,0.901,-3.121,12.725,16.747,0.00,0.00,0.00,0.00,0.00,0.00,0.00,0.00,0.00,0.00,0.00,0.00,0.00,0.00,0.00,0.00,0.00
20650,DL:0.1.0:AT.1.0.0,2022-3-4 23:19:49,37.25,0.00,0.00,15.856,0.902,-3.130,12.725,16.758,0.00,0.00,0.00,0.00,0.00,0.00,0.00,0.00,0.00,0.00,0.00,0.00,0.00,0.00,0.00,0.00,0.00
20650,DL:0.1.0:AT.1.0.0,2022-3-4 23:19:54,37.25,0.00,0.00,15.901,0.878,-3.176,12.725,16.780,0.00,0.00,0.00,0.00,0.00,0.00,0.00,0.00,0.00,0.00,0.00,0.00,0.00,0.00,0.00,0.00,0.00
20650,DL:0.1.0:AT.1.0.0,2022-3-4 23:20:1,37.25,0.00,0.00,15.925,0.880,-3.200,12.725,16.805,0.00,0.00,0.00,0.00,0.00,0.00,0.00,0.00,0.00,0.00,0.00,0.00,0.00,0.00,0.00,0.00,0.00
20650,DL:0.1.0:AT.1.0.0,2022-3-4 23:20:8,37.25,0.00,0.00,15.954,0.876,-3.230,12.724,16.830,0.00,0.00,0.00,0.00,0.00,0.00,0.00,0.00,0.00,0.00,0.00,0.00,0.00,0.00,0.00,0.00,0.00
20650,DL:0.1.0:AT.1.0.0,2022-3-4 23:20:15,37.25,0.00,0.00,15.987,0.877,-3.262,12.724,16.864,0.00,0.00,0.00,0.00,0.00,0.00,0.00,0.00,0.00,0.00,0.00,0.00,0.00,0.00,0.00,0.00,0.00
20650,DL:0.1.0:AT.1.0.0,2022-3-4 23:20:23,37.25,0.00,0.00,15.977,0.914,-3.247,12.730,16.891,0.00,0.00,0.00,0.00,0.00,0.00,0.00,0.00,0.00,0.00,0.00,0.00,0.00,0.00,0.00,0.00,0.00
20650,DL:0.1.0:AT.1.0.0,2022-3-4 23:20:29,37.25,0.00,0.00,16.032,0.881,-3.303,12.729,16.913,0.00,0.00,0.00,0.00,0.00,0.00,0.00,0.00,0.00,0.00,0.00,0.00,0.00,0.00,0.00,0.00,0.00
20650,DL:0.1.0:AT.1.0.0,2022-3-4 23:20:36,37.25,0.00,0.00,16.048,0.893,-3.318,12.730,16.941,0.00,0.00,0.00,0.00,0.00,0.00,0.00,0.00,0.00,0.00,0.00,0.00,0.00,0.00,0.00,0.00,0.00
20650,DL:0.1.0:AT.1.0.0,2022-3-4 23:20:41,37.25,0.00,0.00,16.072,0.886,-3.343,12.729,16.957,0.00,0.00,0.00,0.00,0.00,0.00,0.00,0.00,0.00,0.00,0.00,0.00,0.00,0.00,0.00,0.00,0.00
20650,DL:0.1.0:AT.1.0.0,2022-3-4 23:20:46,37.25,0.00,0.00,16.099,0.888,-3.371,12.729,16.988,0.00,0.00,0.00,0.00,0.00,0.00,0.00,0.00,0.00,0.00,0.00,0.00,0.00,0.00,0.00,0.00,0.00
20650,DL:0.1.0:AT.1.0.0,2022-3-4 23:20:51,37.25,0.00,0.00,16.121,0.877,-3.392,12.729,16.998,0.00,0.00,0.00,0.00,0.00,0.00,0.00,0.00,0.00,0.00,0.00,0.00,0.00,0.00,0.00,0.00,0.00
20650,DL:0.1.0:AT.1.0.0,2022-3-4 23:20:56,37.25,0.00,0.00,16.131,0.881,-3.402,12.729,17.012,0.00,0.00,0.00,0.00,0.00,0.00,0.00,0.00,0.00,0.00,0.00,0.00,0.00,0.00,0.00,0.00,0.00
20650,DL:0.1.0:AT.1.0.0,2022-3-4 23:21:1,37.25,0.00,0.00,16.160,0.877,-3.431,12.729,17.037,0.00,0.00,0.00,0.00,0.00,0.00,0.00,0.00,0.00,0.00,0.00,0.00,0.00,0.00,0.00,0.00,0.00
20650,DL:0.1.0:AT.1.0.0,2022-3-4 23:21:7,37.25,0.00,0.00,16.163,0.888,-3.435,12.728,17.051,0.00,0.00,0.00,0.00,0.00,0.00,0.00,0.00,0.00,0.00,0.00,0.00,0.00,0.00,0.00,0.00,0.00
20650,DL:0.1.0:AT.1.0.0,2022-3-4 23:21:14,37.25,0.00,0.00,16.214,0.862,-3.486,12.728,17.075,0.00,0.00,0.00,0.00,0.00,0.00,0.00,0.00,0.00,0.00,0.00,0.00,0.00,0.00,0.00,0.00,0.00
20650,DL:0.1.0:AT.1.0.0,2022-3-4 23:21:21,37.25,0.00,0.00,16.227,0.871,-3.499,12.728,17.098,0.00,0.00,0.00,0.00,0.00,0.00,0.00,0.00,0.00,0.00,0.00,0.00,0.00,0.00,0.00,0.00,0.00
20650,DL:0.1.0:AT.1.0.0,2022-3-4 23:21:26,37.25,0.00,0.00,16.250,0.868,-3.522,12.728,17.117,0.00,0.00,0.00,0.00,0.00,0.00,0.00,0.00,0.00,0.00,0.00,0.00,0.00,0.00,0.00,0.00,0.00
20650,DL:0.1.0:AT.1.0.0,2022-3-4 23:21:31,37.25,0.00,0.00,16.275,0.859,-3.548,12.727,17.134,0.00,0.00,0.00,0.00,0.00,0.00,0.00,0.00,0.00,0.00,0.00,0.00,0.00,0.00,0.00,0.00,0.00
20650,DL:0.1.0:AT.1.0.0,2022-3-4 23:21:38,37.25,0.00,0.00,16.270,0.888,-3.542,12.728,17.158,0.00,0.00,0.00,0.00,0.00,0.00,0.00,0.00,0.00,0.00,0.00,0.00,0.00,0.00,0.00,0.00,0.00
20650,DL:0.1.0:AT.1.0.0,2022-3-4 23:21:45,37.25,0.00,0.00,16.342,0.839,-3.616,12.727,17.181,0.00,0.00,0.00,0.00,0.00,0.00,0.00,0.00,0.00,0.00,0.00,0.00,0.00,0.00,0.00,0.00,0.00
20650,DL:0.1.0:AT.1.0.0,2022-3-4 23:21:50,37.25,0.00,0.00,16.311,0.874,-3.584,12.727,17.185,0.00,0.00,0.00,0.00,0.00,0.00,0.00,0.00,0.00,0.00,0.00,0.00,0.00,0.00,0.00,0.00,0.00
20650,DL:0.1.0:AT.1.0.0,2022-3-4 23:21:57,37.25,0.00,0.00,16.294,0.866,-3.568,12.727,17.161,0.00,0.00,0.00,0.00,0.00,0.00,0.00,0.00,0.00,0.00,0.00,0.00,0.00,0.00,0.00,0.00,0.00
20650,DL:0.1.0:AT.1.0.0,2022-3-4 23:22:2,37.25,0.00,0.00,16.293,0.830,-3.568,12.725,17.123,0.00,0.00,0.00,0.00,0.00,0.00,0.00,0.00,0.00,0.00,0.00,0.00,0.00,0.00,0.00,0.00,0.00
20650,DL:0.1.0:AT.1.0.0,2022-3-4 23:22:9,37.25,0.00,0.00,16.158,0.851,-3.432,12.727,17.009,0.00,0.00,0.00,0.00,0.00,0.00,0.00,0.00,0.00,0.00,0.00,0.00,0.00,0.00,0.00,0.00,0.00
20650,DL:0.1.0:AT.1.0.0,2022-3-4 23:22:17,37.25,0.00,0.00,16.115,0.851,-3.384,12.731,16.966,0.00,0.00,0.00,0.00,0.00,0.00,0.00,0.00,0.00,0.00,0.00,0.00,0.00,0.00,0.00,0.00,0.00
20650,DL:0.1.0:AT.1.0.0,2022-3-4 23:22:22,37.25,0.00,0.00,16.042,0.853,-3.311,12.731,16.895,0.00,0.00,0.00,0.00,0.00,0.00,0.00,0.00,0.00,0.00,0.00,0.00,0.00,0.00,0.00,0.00,0.00
20650,DL:0.1.0:AT.1.0.0,2022-3-4 23:22:28,37.25,0.00,0.00,15.959,0.868,-3.228,12.731,16.826,0.00,0.00,0.00,0.00,0.00,0.00,0.00,0.00,0.00,0.00,0.00,0.00,0.00,0.00,0.00,0.00,0.00
20650,DL:0.1.0:AT.1.0.0,2022-3-4 23:22:34,37.25,0.00,0.00,15.911,0.877,-3.181,12.730,16.788,0.00,0.00,0.00,0.00,0.00,0.00,0.00,0.00,0.00,0.00,0.00,0.00,0.00,0.00,0.00,0.00,0.00
20650,DL:0.1.0:AT.1.0.0,2022-3-4 23:22:40,37.25,0.00,0.00,15.835,0.884,-3.105,12.730,16.720,0.00,0.00,0.00,0.00,0.00,0.00,0.00,0.00,0.00,0.00,0.00,0.00,0.00,0.00,0.00,0.00,0.00
20650,DL:0.1.0:AT.1.0.0,2022-3-4 23:22:48,37.25,0.00,0.00,15.806,0.848,-3.076,12.730,16.655,0.00,0.00,0.00,0.00,0.00,0.00,0.00,0.00,0.00,0.00,0.00,0.00,0.00,0.00,0.00,0.00,0.00
20650,DL:0.1.0:AT.1.0.0,2022-3-4 23:22:54,37.25,0.00,0.00,15.689,0.876,-2.960,12.729,16.565,0.00,0.00,0.00,0.00,0.00,0.00,0.00,0.00,0.00,0.00,0.00,0.00,0.00,0.00,0.00,0.00,0.00
20650,DL:0.1.0:AT.1.0.0,2022-3-4 23:23:1,37.25,0.00,0.00,15.655,0.876,-2.926,12.729,16.531,0.00,0.00,0.00,0.00,0.00,0.00,0.00,0.00,0.00,0.00,0.00,0.00,0.00,0.00,0.00,0.00,0.00
20650,DL:0.1.0:AT.1.0.0,2022-3-4 23:23:6,37.25,0.00,0.00,15.598,0.889,-2.870,12.729,16.488,0.00,0.00,0.00,0.00,0.00,0.00,0.00,0.00,0.00,0.00,0.00,0.00,0.00,0.00,0.00,0.00,0.00
20650,DL:0.1.0:AT.1.0.0,2022-3-4 23:23:11,37.25,0.00,0.00,15.589,0.854,-2.860,12.729,16.443,0.00,0.00,0.00,0.00,0.00,0.00,0.00,0.00,0.00,0.00,0.00,0.00,0.00,0.00,0.00,0.00,0.00
20650,DL:0.1.0:AT.1.0.0,2022-3-4 23:23:16,37.25,0.00,0.00,15.553,0.851,-2.824,12.729,16.404,0.00,0.00,0.00,0.00,0.00,0.00,0.00,0.00,0.00,0.00,0.00,0.00,0.00,0.00,0.00,0.00,0.00
20650,DL:0.1.0:AT.1.0.0,2022-3-4 23:23:21,37.25,0.00,0.00,15.467,0.894,-2.739,12.729,16.361,0.00,0.00,0.00,0.00,0.00,0.00,0.00,0.00,0.00,0.00,0.00,0.00,0.00,0.00,0.00,0.00,0.00
20650,DL:0.1.0:AT.1.0.0,2022-3-4 23:23:26,37.25,0.00,0.00,15.436,0.888,-2.708,12.728,16.324,0.00,0.00,0.00,0.00,0.00,0.00,0.00,0.00,0.00,0.00,0.00,0.00,0.00,0.00,0.00,0.00,0.00
20650,DL:0.1.0:AT.1.0.0,2022-3-4 23:23:31,37.25,0.00,0.00,15.417,0.866,-2.689,12.728,16.283,0.00,0.00,0.00,0.00,0.00,0.00,0.00,0.00,0.00,0.00,0.00,0.00,0.00,0.00,0.00,0.00,0.00
20650,DL:0.1.0:AT.1.0.0,2022-3-4 23:23:36,37.25,0.00,0.00,15.362,0.876,-2.634,12.728,16.238,0.00,0.00,0.00,0.00,0.00,0.00,0.00,0.00,0.00,0.00,0.00,0.00,0.00,0.00,0.00,0.00,0.00
20650,DL:0.1.0:AT.1.0.0,2022-3-4 23:23:41,37.25,0.00,0.00,15.332,0.869,-2.604,12.728,16.200,0.00,0.00,0.00,0.00,0.00,0.00,0.00,0.00,0.00,0.00,0.00,0.00,0.00,0.00,0.00,0.00,0.00
20650,DL:0.1.0:AT.1.0.0,2022-3-4 23:23:46,37.25,0.00,0.00,15.280,0.881,-2.552,12.728,16.161,0.00,0.00,0.00,0.00,0.00,0.00,0.00,0.00,0.00,0.00,0.00,0.00,0.00,0.00,0.00,0.00,0.00
20650,DL:0.1.0:AT.1.0.0,2022-3-4 23:23:51,37.25,0.00,0.00,15.209,0.926,-2.481,12.728,16.136,0.00,0.00,0.00,0.00,0.00,0.00,0.00,0.00,0.00,0.00,0.00,0.00,0.00,0.00,0.00,0.00,0.00
20650,DL:0.1.0:AT.1.0.0,2022-3-4 23:23:56,37.25,0.00,0.00,15.273,0.884,-2.545,12.728,16.157,0.00,0.00,0.00,0.00,0.00,0.00,0.00,0.00,0.00,0.00,0.00,0.00,0.00,0.00,0.00,0.00,0.00
20650,DL:0.1.0:AT.1.0.0,2022-3-4 23:24:1,37.25,0.00,0.00,15.316,0.874,-2.588,12.728,16.190,0.00,0.00,0.00,0.00,0.00,0.00,0.00,0.00,0.00,0.00,0.00,0.00,0.00,0.00,0.00,0.00,0.00
20650,DL:0.1.0:AT.1.0.0,2022-3-4 23:24:6,37.25,0.00,0.00,15.352,0.870,-2.618,12.734,16.222,0.00,0.00,0.00,0.00,0.00,0.00,0.00,0.00,0.00,0.00,0.00,0.00,0.00,0.00,0.00,0.00,0.00
20650,DL:0.1.0:AT.1.0.0,2022-3-4 23:24:11,37.25,0.00,0.00,15.359,0.894,-2.626,12.734,16.253,0.00,0.00,0.00,0.00,0.00,0.00,0.00,0.00,0.00,0.00,0.00,0.00,0.00,0.00,0.00,0.00,0.00
20650,DL:0.1.0:AT.1.0.0,2022-3-4 23:24:16,37.25,0.00,0.00,15.404,0.880,-2.671,12.733,16.283,0.00,0.00,0.00,0.00,0.00,0.00,0.00,0.00,0.00,0.00,0.00,0.00,0.00,0.00,0.00,0.00,0.00
20650,DL:0.1.0:AT.1.0.0,2022-3-4 23:24:21,37.25,0.00,0.00,15.437,0.874,-2.705,12.733,16.311,0.00,0.00,0.00,0.00,0.00,0.00,0.00,0.00,0.00,0.00,0.00,0.00,0.00,0.00,0.00,0.00,0.00
20650,DL:0.1.0:AT.1.0.0,2022-3-4 23:24:26,37.25,0.00,0.00,15.471,0.869,-2.739,12.733,16.340,0.00,0.00,0.00,0.00,0.00,0.00,0.00,0.00,0.00,0.00,0.00,0.00,0.00,0.00,0.00,0.00,0.00
20650,DL:0.1.0:AT.1.0.0,2022-3-4 23:24:31,37.25,0.00,0.00,15.502,0.865,-2.770,12.733,16.367,0.00,0.00,0.00,0.00,0.00,0.00,0.00,0.00,0.00,0.00,0.00,0.00,0.00,0.00,0.00,0.00,0.00
20650,DL:0.1.0:AT.1.0.0,2022-3-4 23:24:37,37.25,0.00,0.00,15.532,0.860,-2.800,12.733,16.393,0.00,0.00,0.00,0.00,0.00,0.00,0.00,0.00,0.00,0.00,0.00,0.00,0.00,0.00,0.00,0.00,0.00
20650,DL:0.1.0:AT.1.0.0,2022-3-4 23:24:42,37.25,0.00,0.00,15.537,0.882,-2.805,12.733,16.419,0.00,0.00,0.00,0.00,0.00,0.00,0.00,0.00,0.00,0.00,0.00,0.00,0.00,0.00,0.00,0.00,0.00
20650,DL:0.1.0:AT.1.0.0,2022-3-4 23:24:47,37.25,0.00,0.00,15.571,0.875,-2.839,12.731,16.446,0.00,0.00,0.00,0.00,0.00,0.00,0.00,0.00,0.00,0.00,0.00,0.00,0.00,0.00,0.00,0.00,0.00
20650,DL:0.1.0:AT.1.0.0,2022-3-4 23:24:52,37.25,0.00,0.00,15.584,0.887,-2.853,12.731,16.471,0.00,0.00,0.00,0.00,0.00,0.00,0.00,0.00,0.00,0.00,0.00,0.00,0.00,0.00,0.00,0.00,0.00
20650,DL:0.1.0:AT.1.0.0,2022-3-4 23:24:57,37.25,0.00,0.00,15.609,0.887,-2.878,12.731,16.496,0.00,0.00,0.00,0.00,0.00,0.00,0.00,0.00,0.00,0.00,0.00,0.00,0.00,0.00,0.00,0.00,0.00
20650,DL:0.1.0:AT.1.0.0,2022-3-4 23:25:2,37.25,0.00,0.00,15.622,0.902,-2.891,12.731,16.525,0.00,0.00,0.00,0.00,0.00,0.00,0.00,0.00,0.00,0.00,0.00,0.00,0.00,0.00,0.00,0.00,0.00
20650,DL:0.1.0:AT.1.0.0,2022-3-4 23:25:9,37.25,0.00,0.00,15.690,0.876,-2.958,12.731,16.566,0.00,0.00,0.00,0.00,0.00,0.00,0.00,0.00,0.00,0.00,0.00,0.00,0.00,0.00,0.00,0.00,0.00
20650,DL:0.1.0:AT.1.0.0,2022-3-4 23:25:16,37.25,0.00,0.00,15.690,0.902,-2.958,12.731,16.592,0.00,0.00,0.00,0.00,0.00,0.00,0.00,0.00,0.00,0.00,0.00,0.00,0.00,0.00,0.00,0.00,0.00
20650,DL:0.1.0:AT.1.0.0,2022-3-4 23:25:21,37.25,0.00,0.00,15.717,0.899,-2.987,12.730,16.616,0.00,0.00,0.00,0.00,0.00,0.00,0.00,0.00,0.00,0.00,0.00,0.00,0.00,0.00,0.00,0.00,0.00
20650,DL:0.1.0:AT.1.0.0,2022-3-4 23:25:27,37.25,0.00,0.00,15.777,0.865,-3.046,12.731,16.643,0.00,0.00,0.00,0.00,0.00,0.00,0.00,0.00,0.00,0.00,0.00,0.00,0.00,0.00,0.00,0.00,0.00
20650,DL:0.1.0:AT.1.0.0,2022-3-4 23:25:32,37.25,0.00,0.00,15.762,0.904,-3.031,12.731,16.665,0.00,0.00,0.00,0.00,0.00,0.00,0.00,0.00,0.00,0.00,0.00,0.00,0.00,0.00,0.00,0.00,0.00
20650,DL:0.1.0:AT.1.0.0,2022-3-4 23:25:37,37.25,0.00,0.00,15.795,0.894,-3.064,12.731,16.689,0.00,0.00,0.00,0.00,0.00,0.00,0.00,0.00,0.00,0.00,0.00,0.00,0.00,0.00,0.00,0.00,0.00
20650,DL:0.1.0:AT.1.0.0,2022-3-4 23:25:44,37.25,0.00,0.00,15.862,0.860,-3.131,12.730,16.722,0.00,0.00,0.00,0.00,0.00,0.00,0.00,0.00,0.00,0.00,0.00,0.00,0.00,0.00,0.00,0.00,0.00
20650,DL:0.1.0:AT.1.0.0,2022-3-4 23:25:51,37.25,0.00,0.00,15.887,0.866,-3.157,12.730,16.753,0.00,0.00,0.00,0.00,0.00,0.00,0.00,0.00,0.00,0.00,0.00,0.00,0.00,0.00,0.00,0.00,0.00
20650,DL:0.1.0:AT.1.0.0,2022-3-4 23:25:58,37.25,0.00,0.00,15.910,0.875,-3.180,12.730,16.784,0.00,0.00,0.00,0.00,0.00,0.00,0.00,0.00,0.00,0.00,0.00,0.00,0.00,0.00,0.00,0.00,0.00
20650,DL:0.1.0:AT.1.0.0,2022-3-4 23:26:5,37.25,0.00,0.00,15.975,0.839,-3.240,12.735,16.813,0.00,0.00,0.00,0.00,0.00,0.00,0.00,0.00,0.00,0.00,0.00,0.00,0.00,0.00,0.00,0.00,0.00
20650,DL:0.1.0:AT.1.0.0,2022-3-4 23:26:12,37.25,0.00,0.00,16.001,0.854,-3.267,12.734,16.855,0.00,0.00,0.00,0.00,0.00,0.00,0.00,0.00,0.00,0.00,0.00,0.00,0.00,0.00,0.00,0.00,0.00
20650,DL:0.1.0:AT.1.0.0,2022-3-4 23:26:18,37.25,0.00,0.00,16.000,0.871,-3.265,12.735,16.871,0.00,0.00,0.00,0.00,0.00,0.00,0.00,0.00,0.00,0.00,0.00,0.00,0.00,0.00,0.00,0.00,0.00
20650,DL:0.1.0:AT.1.0.0,2022-3-4 23:26:25,37.25,0.00,0.00,16.025,0.875,-3.291,12.734,16.900,0.00,0.00,0.00,0.00,0.00,0.00,0.00,0.00,0.00,0.00,0.00,0.00,0.00,0.00,0.00,0.00,0.00
20650,DL:0.1.0:AT.1.0.0,2022-3-4 23:26:36,37.25,0.00,0.00,16.077,0.888,-3.343,12.734,16.965,0.00,0.00,0.00,0.00,0.00,0.00,0.00,0.00,0.00,0.00,0.00,0.00,0.00,0.00,0.00,0.00,0.00
20650,DL:0.1.0:AT.1.0.0,2022-3-4 23:26:43,37.25,0.00,0.00,16.108,0.884,-3.375,12.733,16.992,0.00,0.00,0.00,0.00,0.00,0.00,0.00,0.00,0.00,0.00,0.00,0.00,0.00,0.00,0.00,0.00,0.00
20650,DL:0.1.0:AT.1.0.0,2022-3-4 23:26:49,37.25,0.00,0.00,16.116,0.889,-3.384,12.733,17.006,0.00,0.00,0.00,0.00,0.00,0.00,0.00,0.00,0.00,0.00,0.00,0.00,0.00,0.00,0.00,0.00,0.00
20650,DL:0.1.0:AT.1.0.0,2022-3-4 23:26:55,37.25,0.00,0.00,16.132,0.894,-3.399,12.733,17.026,0.00,0.00,0.00,0.00,0.00,0.00,0.00,0.00,0.00,0.00,0.00,0.00,0.00,0.00,0.00,0.00,0.00
20650,DL:0.1.0:AT.1.0.0,2022-3-4 23:27:0,37.25,0.00,0.00,16.187,0.858,-3.455,12.733,17.045,0.00,0.00,0.00,0.00,0.00,0.00,0.00,0.00,0.00,0.00,0.00,0.00,0.00,0.00,0.00,0.00,0.00
20650,DL:0.1.0:AT.1.0.0,2022-3-4 23:27:5,37.25,0.00,0.00,16.168,0.895,-3.435,12.733,17.063,0.00,0.00,0.00,0.00,0.00,0.00,0.00,0.00,0.00,0.00,0.00,0.00,0.00,0.00,0.00,0.00,0.00
20650,DL:0.1.0:AT.1.0.0,2022-3-4 23:27:10,37.25,0.00,0.00,16.229,0.854,-3.497,12.733,17.084,0.00,0.00,0.00,0.00,0.00,0.00,0.00,0.00,0.00,0.00,0.00,0.00,0.00,0.00,0.00,0.00,0.00
20650,DL:0.1.0:AT.1.0.0,2022-3-4 23:27:15,37.25,0.00,0.00,16.235,0.869,-3.503,12.733,17.104,0.00,0.00,0.00,0.00,0.00,0.00,0.00,0.00,0.00,0.00,0.00,0.00,0.00,0.00,0.00,0.00,0.00
20650,DL:0.1.0:AT.1.0.0,2022-3-4 23:27:21,37.25,0.00,0.00,16.244,0.880,-3.512,12.731,17.123,0.00,0.00,0.00,0.00,0.00,0.00,0.00,0.00,0.00,0.00,0.00,0.00,0.00,0.00,0.00,0.00,0.00
20650,DL:0.1.0:AT.1.0.0,2022-3-4 23:27:26,37.25,0.00,0.00,16.276,0.866,-3.545,12.731,17.143,0.00,0.00,0.00,0.00,0.00,0.00,0.00,0.00,0.00,0.00,0.00,0.00,0.00,0.00,0.00,0.00,0.00
20650,DL:0.1.0:AT.1.0.0,2022-3-4 23:27:31,37.25,0.00,0.00,16.280,0.876,-3.548,12.731,17.156,0.00,0.00,0.00,0.00,0.00,0.00,0.00,0.00,0.00,0.00,0.00,0.00,0.00,0.00,0.00,0.00,0.00
20650,DL:0.1.0:AT.1.0.0,2022-3-4 23:27:36,37.25,0.00,0.00,16.316,0.857,-3.584,12.731,17.173,0.00,0.00,0.00,0.00,0.00,0.00,0.00,0.00,0.00,0.00,0.00,0.00,0.00,0.00,0.00,0.00,0.00
20650,DL:0.1.0:AT.1.0.0,2022-3-4 23:27:41,37.25,0.00,0.00,16.323,0.874,-3.592,12.731,17.197,0.00,0.00,0.00,0.00,0.00,0.00,0.00,0.00,0.00,0.00,0.00,0.00,0.00,0.00,0.00,0.00,0.00
20650,DL:0.1.0:AT.1.0.0,2022-3-4 23:27:46,37.25,0.00,0.00,16.345,0.868,-3.609,12.736,17.212,0.00,0.00,0.00,0.00,0.00,0.00,0.00,0.00,0.00,0.00,0.00,0.00,0.00,0.00,0.00,0.00,0.00
20650,DL:0.1.0:AT.1.0.0,2022-3-4 23:27:52,37.25,0.00,0.00,16.377,0.858,-3.641,12.736,17.235,0.00,0.00,0.00,0.00,0.00,0.00,0.00,0.00,0.00,0.00,0.00,0.00,0.00,0.00,0.00,0.00,0.00
20650,DL:0.1.0:AT.1.0.0,2022-3-4 23:27:57,37.25,0.00,0.00,16.391,0.863,-3.657,12.735,17.254,0.00,0.00,0.00,0.00,0.00,0.00,0.00,0.00,0.00,0.00,0.00,0.00,0.00,0.00,0.00,0.00,0.00
20650,DL:0.1.0:AT.1.0.0,2022-3-4 23:28:2,37.25,0.00,0.00,16.410,0.859,-3.675,12.735,17.269,0.00,0.00,0.00,0.00,0.00,0.00,0.00,0.00,0.00,0.00,0.00,0.00,0.00,0.00,0.00,0.00,0.00
20650,DL:0.1.0:AT.1.0.0,2022-3-4 23:28:9,37.25,0.00,0.00,16.404,0.892,-3.669,12.735,17.295,0.00,0.00,0.00,0.00,0.00,0.00,0.00,0.00,0.00,0.00,0.00,0.00,0.00,0.00,0.00,0.00,0.00
20650,DL:0.1.0:AT.1.0.0,2022-3-4 23:28:14,37.25,0.00,0.00,16.468,0.844,-3.733,12.735,17.312,0.00,0.00,0.00,0.00,0.00,0.00,0.00,0.00,0.00,0.00,0.00,0.00,0.00,0.00,0.00,0.00,0.00
20650,DL:0.1.0:AT.1.0.0,2022-3-4 23:28:19,37.25,0.00,0.00,16.446,0.882,-3.712,12.734,17.328,0.00,0.00,0.00,0.00,0.00,0.00,0.00,0.00,0.00,0.00,0.00,0.00,0.00,0.00,0.00,0.00,0.00
20650,DL:0.1.0:AT.1.0.0,2022-3-4 23:28:24,37.25,0.00,0.00,16.466,0.878,-3.731,12.735,17.344,0.00,0.00,0.00,0.00,0.00,0.00,0.00,0.00,0.00,0.00,0.00,0.00,0.00,0.00,0.00,0.00,0.00
20650,DL:0.1.0:AT.1.0.0,2022-3-4 23:28:29,37.25,0.00,0.00,16.467,0.894,-3.733,12.734,17.361,0.00,0.00,0.00,0.00,0.00,0.00,0.00,0.00,0.00,0.00,0.00,0.00,0.00,0.00,0.00,0.00,0.00
20650,DL:0.1.0:AT.1.0.0,2022-3-4 23:28:36,37.25,0.00,0.00,16.502,0.881,-3.768,12.734,17.383,0.00,0.00,0.00,0.00,0.00,0.00,0.00,0.00,0.00,0.00,0.00,0.00,0.00,0.00,0.00,0.00,0.00
20650,DL:0.1.0:AT.1.0.0,2022-3-4 23:28:41,37.25,0.00,0.00,16.507,0.889,-3.773,12.734,17.396,0.00,0.00,0.00,0.00,0.00,0.00,0.00,0.00,0.00,0.00,0.00,0.00,0.00,0.00,0.00,0.00,0.00
20650,DL:0.1.0:AT.1.0.0,2022-3-4 23:28:46,37.25,0.00,0.00,16.531,0.883,-3.798,12.733,17.414,0.00,0.00,0.00,0.00,0.00,0.00,0.00,0.00,0.00,0.00,0.00,0.00,0.00,0.00,0.00,0.00,0.00
20650,DL:0.1.0:AT.1.0.0,2022-3-4 23:28:51,37.25,0.00,0.00,16.555,0.875,-3.822,12.733,17.430,0.00,0.00,0.00,0.00,0.00,0.00,0.00,0.00,0.00,0.00,0.00,0.00,0.00,0.00,0.00,0.00,0.00
20650,DL:0.1.0:AT.1.0.0,2022-3-4 23:28:58,37.25,0.00,0.00,16.611,0.847,-3.879,12.733,17.459,0.00,0.00,0.00,0.00,0.00,0.00,0.00,0.00,0.00,0.00,0.00,0.00,0.00,0.00,0.00,0.00,0.00
20650,DL:0.1.0:AT.1.0.0,2022-3-4 23:29:3,37.25,0.00,0.00,16.591,0.870,-3.858,12.733,17.461,0.00,0.00,0.00,0.00,0.00,0.00,0.00,0.00,0.00,0.00,0.00,0.00,0.00,0.00,0.00,0.00,0.00
20650,DL:0.1.0:AT.1.0.0,2022-3-4 23:29:11,37.25,0.00,0.00,16.626,0.860,-3.893,12.733,17.486,0.00,0.00,0.00,0.00,0.00,0.00,0.00,0.00,0.00,0.00,0.00,0.00,0.00,0.00,0.00,0.00,0.00
20650,DL:0.1.0:AT.1.0.0,2022-3-4 23:29:18,37.25,0.00,0.00,16.655,0.854,-3.923,12.731,17.509,0.00,0.00,0.00,0.00,0.00,0.00,0.00,0.00,0.00,0.00,0.00,0.00,0.00,0.00,0.00,0.00,0.00
20650,DL:0.1.0:AT.1.0.0,2022-3-4 23:29:25,37.25,0.00,0.00,16.727,0.804,-3.995,12.731,17.531,0.00,0.00,0.00,0.00,0.00,0.00,0.00,0.00,0.00,0.00,0.00,0.00,0.00,0.00,0.00,0.00,0.00
20650,DL:0.1.0:AT.1.0.0,2022-3-4 23:29:31,37.25,0.00,0.00,16.700,0.846,-3.969,12.731,17.546,0.00,0.00,0.00,0.00,0.00,0.00,0.00,0.00,0.00,0.00,0.00,0.00,0.00,0.00,0.00,0.00,0.00
20650,DL:0.1.0:AT.1.0.0,2022-3-4 23:29:36,37.25,0.00,0.00,16.734,0.829,-3.997,12.737,17.563,0.00,0.00,0.00,0.00,0.00,0.00,0.00,0.00,0.00,0.00,0.00,0.00,0.00,0.00,0.00,0.00,0.00
20650,DL:0.1.0:AT.1.0.0,2022-3-4 23:29:41,37.25,0.00,0.00,16.757,0.818,-4.021,12.736,17.575,0.00,0.00,0.00,0.00,0.00,0.00,0.00,0.00,0.00,0.00,0.00,0.00,0.00,0.00,0.00,0.00,0.00
20650,DL:0.1.0:AT.1.0.0,2022-3-4 23:29:46,37.25,0.00,0.00,16.768,0.823,-4.031,12.736,17.591,0.00,0.00,0.00,0.00,0.00,0.00,0.00,0.00,0.00,0.00,0.00,0.00,0.00,0.00,0.00,0.00,0.00
20650,DL:0.1.0:AT.1.0.0,2022-3-4 23:29:53,37.25,0.00,0.00,16.771,0.836,-4.035,12.736,17.608,0.00,0.00,0.00,0.00,0.00,0.00,0.00,0.00,0.00,0.00,0.00,0.00,0.00,0.00,0.00,0.00,0.00
20650,DL:0.1.0:AT.1.0.0,2022-3-4 23:30:0,37.25,0.00,0.00,16.796,0.828,-4.062,12.735,17.624,0.00,0.00,0.00,0.00,0.00,0.00,0.00,0.00,0.00,0.00,0.00,0.00,0.00,0.00,0.00,0.00,0.00
20650,DL:0.1.0:AT.1.0.0,2022-3-4 23:30:5,37.25,0.00,0.00,16.817,0.823,-4.082,12.735,17.640,0.00,0.00,0.00,0.00,0.00,0.00,0.00,0.00,0.00,0.00,0.00,0.00,0.00,0.00,0.00,0.00,0.00
20650,DL:0.1.0:AT.1.0.0,2022-3-4 23:30:11,37.25,0.00,0.00,16.804,0.852,-4.069,12.735,17.656,0.00,0.00,0.00,0.00,0.00,0.00,0.00,0.00,0.00,0.00,0.00,0.00,0.00,0.00,0.00,0.00,0.00
20650,DL:0.1.0:AT.1.0.0,2022-3-4 23:30:17,37.25,0.00,0.00,16.823,0.846,-4.088,12.735,17.669,0.00,0.00,0.00,0.00,0.00,0.00,0.00,0.00,0.00,0.00,0.00,0.00,0.00,0.00,0.00,0.00,0.00
20650,DL:0.1.0:AT.1.0.0,2022-3-4 23:30:22,37.25,0.00,0.00,16.826,0.856,-4.092,12.735,17.682,0.00,0.00,0.00,0.00,0.00,0.00,0.00,0.00,0.00,0.00,0.00,0.00,0.00,0.00,0.00,0.00,0.00
20650,DL:0.1.0:AT.1.0.0,2022-3-4 23:30:28,37.25,0.00,0.00,16.865,0.830,-4.131,12.734,17.695,0.00,0.00,0.00,0.00,0.00,0.00,0.00,0.00,0.00,0.00,0.00,0.00,0.00,0.00,0.00,0.00,0.00
20650,DL:0.1.0:AT.1.0.0,2022-3-4 23:30:35,37.25,0.00,0.00,16.876,0.836,-4.141,12.735,17.712,0.00,0.00,0.00,0.00,0.00,0.00,0.00,0.00,0.00,0.00,0.00,0.00,0.00,0.00,0.00,0.00,0.00
20650,DL:0.1.0:AT.1.0.0,2022-3-4 23:30:40,37.25,0.00,0.00,16.907,0.817,-4.173,12.734,17.724,0.00,0.00,0.00,0.00,0.00,0.00,0.00,0.00,0.00,0.00,0.00,0.00,0.00,0.00,0.00,0.00,0.00
20650,DL:0.1.0:AT.1.0.0,2022-3-4 23:30:45,37.25,0.00,0.00,16.917,0.821,-4.183,12.734,17.737,0.00,0.00,0.00,0.00,0.00,0.00,0.00,0.00,0.00,0.00,0.00,0.00,0.00,0.00,0.00,0.00,0.00
20650,DL:0.1.0:AT.1.0.0,2022-3-4 23:30:52,37.25,0.00,0.00,16.917,0.838,-4.183,12.734,17.754,0.00,0.00,0.00,0.00,0.00,0.00,0.00,0.00,0.00,0.00,0.00,0.00,0.00,0.00,0.00,0.00,0.00
20650,DL:0.1.0:AT.1.0.0,2022-3-4 23:30:57,37.25,0.00,0.00,16.951,0.815,-4.218,12.734,17.766,0.00,0.00,0.00,0.00,0.00,0.00,0.00,0.00,0.00,0.00,0.00,0.00,0.00,0.00,0.00,0.00,0.00
20650,DL:0.1.0:AT.1.0.0,2022-3-4 23:31:5,37.25,0.00,0.00,16.968,0.817,-4.236,12.733,17.785,0.00,0.00,0.00,0.00,0.00,0.00,0.00,0.00,0.00,0.00,0.00,0.00,0.00,0.00,0.00,0.00,0.00
20650,DL:0.1.0:AT.1.0.0,2022-3-4 23:31:11,37.25,0.00,0.00,16.990,0.811,-4.257,12.733,17.801,0.00,0.00,0.00,0.00,0.00,0.00,0.00,0.00,0.00,0.00,0.00,0.00,0.00,0.00,0.00,0.00,0.00
20650,DL:0.1.0:AT.1.0.0,2022-3-4 23:31:16,37.25,0.00,0.00,16.997,0.817,-4.266,12.731,17.814,0.00,0.00,0.00,0.00,0.00,0.00,0.00,0.00,0.00,0.00,0.00,0.00,0.00,0.00,0.00,0.00,0.00
20650,DL:0.1.0:AT.1.0.0,2022-3-4 23:31:23,37.25,0.00,0.00,16.978,0.841,-4.239,12.739,17.819,0.00,0.00,0.00,0.00,0.00,0.00,0.00,0.00,0.00,0.00,0.00,0.00,0.00,0.00,0.00,0.00,0.00
20650,DL:0.1.0:AT.1.0.0,2022-3-4 23:31:30,37.25,0.00,0.00,16.962,0.828,-4.226,12.736,17.790,0.00,0.00,0.00,0.00,0.00,0.00,0.00,0.00,0.00,0.00,0.00,0.00,0.00,0.00,0.00,0.00,0.00
20650,DL:0.1.0:AT.1.0.0,2022-3-4 23:31:35,37.25,0.00,0.00,16.955,0.810,-4.219,12.736,17.765,0.00,0.00,0.00,0.00,0.00,0.00,0.00,0.00,0.00,0.00,0.00,0.00,0.00,0.00,0.00,0.00,0.00
20650,DL:0.1.0:AT.1.0.0,2022-3-4 23:31:41,37.25,0.00,0.00,16.924,0.806,-4.186,12.737,17.730,0.00,0.00,0.00,0.00,0.00,0.00,0.00,0.00,0.00,0.00,0.00,0.00,0.00,0.00,0.00,0.00,0.00
20650,DL:0.1.0:AT.1.0.0,2022-3-4 23:31:47,37.25,0.00,0.00,16.889,0.814,-4.153,12.736,17.702,0.00,0.00,0.00,0.00,0.00,0.00,0.00,0.00,0.00,0.00,0.00,0.00,0.00,0.00,0.00,0.00,0.00
20650,DL:0.1.0:AT.1.0.0,2022-3-4 23:31:52,37.25,0.00,0.00,16.845,0.833,-4.108,12.736,17.677,0.00,0.00,0.00,0.00,0.00,0.00,0.00,0.00,0.00,0.00,0.00,0.00,0.00,0.00,0.00,0.00,0.00
20650,DL:0.1.0:AT.1.0.0,2022-3-4 23:31:58,37.25,0.00,0.00,16.842,0.805,-4.107,12.735,17.647,0.00,0.00,0.00,0.00,0.00,0.00,0.00,0.00,0.00,0.00,0.00,0.00,0.00,0.00,0.00,0.00,0.00
20650,DL:0.1.0:AT.1.0.0,2022-3-4 23:32:4,37.25,0.00,0.00,16.770,0.852,-4.035,12.735,17.622,0.00,0.00,0.00,0.00,0.00,0.00,0.00,0.00,0.00,0.00,0.00,0.00,0.00,0.00,0.00,0.00,0.00
20650,DL:0.1.0:AT.1.0.0,2022-3-4 23:32:9,37.25,0.00,0.00,16.757,0.842,-4.022,12.735,17.599,0.00,0.00,0.00,0.00,0.00,0.00,0.00,0.00,0.00,0.00,0.00,0.00,0.00,0.00,0.00,0.00,0.00
20650,DL:0.1.0:AT.1.0.0,2022-3-4 23:32:15,37.25,0.00,0.00,16.763,0.814,-4.029,12.734,17.576,0.00,0.00,0.00,0.00,0.00,0.00,0.00,0.00,0.00,0.00,0.00,0.00,0.00,0.00,0.00,0.00,0.00
20650,DL:0.1.0:AT.1.0.0,2022-3-4 23:32:21,37.25,0.00,0.00,16.735,0.812,-4.000,12.735,17.547,0.00,0.00,0.00,0.00,0.00,0.00,0.00,0.00,0.00,0.00,0.00,0.00,0.00,0.00,0.00,0.00,0.00
20650,DL:0.1.0:AT.1.0.0,2022-3-4 23:32:26,37.25,0.00,0.00,16.704,0.822,-3.970,12.734,17.526,0.00,0.00,0.00,0.00,0.00,0.00,0.00,0.00,0.00,0.00,0.00,0.00,0.00,0.00,0.00,0.00,0.00
20650,DL:0.1.0:AT.1.0.0,2022-3-4 23:32:32,37.25,0.00,0.00,16.676,0.827,-3.943,12.734,17.503,0.00,0.00,0.00,0.00,0.00,0.00,0.00,0.00,0.00,0.00,0.00,0.00,0.00,0.00,0.00,0.00,0.00
20650,DL:0.1.0:AT.1.0.0,2022-3-4 23:32:39,37.25,0.00,0.00,16.635,0.839,-3.903,12.733,17.474,0.00,0.00,0.00,0.00,0.00,0.00,0.00,0.00,0.00,0.00,0.00,0.00,0.00,0.00,0.00,0.00,0.00
20650,DL:0.1.0:AT.1.0.0,2022-3-4 23:32:46,37.25,0.00,0.00,16.617,0.828,-3.884,12.734,17.445,0.00,0.00,0.00,0.00,0.00,0.00,0.00,0.00,0.00,0.00,0.00,0.00,0.00,0.00,0.00,0.00,0.00
20650,DL:0.1.0:AT.1.0.0,2022-3-4 23:32:53,37.25,0.00,0.00,16.595,0.823,-3.862,12.733,17.418,0.00,0.00,0.00,0.00,0.00,0.00,0.00,0.00,0.00,0.00,0.00,0.00,0.00,0.00,0.00,0.00,0.00
20650,DL:0.1.0:AT.1.0.0,2022-3-4 23:33:0,37.25,0.00,0.00,16.553,0.836,-3.820,12.733,17.389,0.00,0.00,0.00,0.00,0.00,0.00,0.00,0.00,0.00,0.00,0.00,0.00,0.00,0.00,0.00,0.00,0.00
20650,DL:0.1.0:AT.1.0.0,2022-3-4 23:33:5,37.25,0.00,0.00,16.524,0.844,-3.792,12.731,17.367,0.00,0.00,0.00,0.00,0.00,0.00,0.00,0.00,0.00,0.00,0.00,0.00,0.00,0.00,0.00,0.00,0.00
20650,DL:0.1.0:AT.1.0.0,2022-3-4 23:33:10,37.25,0.00,0.00,16.525,0.823,-3.788,12.737,17.348,0.00,0.00,0.00,0.00,0.00,0.00,0.00,0.00,0.00,0.00,0.00,0.00,0.00,0.00,0.00,0.00,0.00
20650,DL:0.1.0:AT.1.0.0,2022-3-4 23:33:15,37.25,0.00,0.00,16.500,0.829,-3.762,12.737,17.329,0.00,0.00,0.00,0.00,0.00,0.00,0.00,0.00,0.00,0.00,0.00,0.00,0.00,0.00,0.00,0.00,0.00
20650,DL:0.1.0:AT.1.0.0,2022-3-4 23:33:20,37.25,0.00,0.00,16.518,0.818,-3.780,12.737,17.336,0.00,0.00,0.00,0.00,0.00,0.00,0.00,0.00,0.00,0.00,0.00,0.00,0.00,0.00,0.00,0.00,0.00
20650,DL:0.1.0:AT.1.0.0,2022-3-4 23:33:25,37.25,0.00,0.00,16.513,0.844,-3.777,12.736,17.356,0.00,0.00,0.00,0.00,0.00,0.00,0.00,0.00,0.00,0.00,0.00,0.00,0.00,0.00,0.00,0.00,0.00
20650,DL:0.1.0:AT.1.0.0,2022-3-4 23:33:30,37.25,0.00,0.00,16.561,0.807,-3.825,12.736,17.368,0.00,0.00,0.00,0.00,0.00,0.00,0.00,0.00,0.00,0.00,0.00,0.00,0.00,0.00,0.00,0.00,0.00
20650,DL:0.1.0:AT.1.0.0,2022-3-4 23:33:35,37.25,0.00,0.00,16.559,0.826,-3.822,12.736,17.384,0.00,0.00,0.00,0.00,0.00,0.00,0.00,0.00,0.00,0.00,0.00,0.00,0.00,0.00,0.00,0.00,0.00
20650,DL:0.1.0:AT.1.0.0,2022-3-4 23:33:41,37.25,0.00,0.00,16.579,0.820,-3.843,12.736,17.398,0.00,0.00,0.00,0.00,0.00,0.00,0.00,0.00,0.00,0.00,0.00,0.00,0.00,0.00,0.00,0.00,0.00
20650,DL:0.1.0:AT.1.0.0,2022-3-4 23:33:48,37.25,0.00,0.00,16.569,0.847,-3.833,12.736,17.416,0.00,0.00,0.00,0.00,0.00,0.00,0.00,0.00,0.00,0.00,0.00,0.00,0.00,0.00,0.00,0.00,0.00
20650,DL:0.1.0:AT.1.0.0,2022-3-4 23:33:54,37.25,0.00,0.00,16.610,0.824,-3.875,12.735,17.435,0.00,0.00,0.00,0.00,0.00,0.00,0.00,0.00,0.00,0.00,0.00,0.00,0.00,0.00,0.00,0.00,0.00
20650,DL:0.1.0:AT.1.0.0,2022-3-4 23:33:59,37.25,0.00,0.00,16.608,0.839,-3.872,12.736,17.447,0.00,0.00,0.00,0.00,0.00,0.00,0.00,0.00,0.00,0.00,0.00,0.00,0.00,0.00,0.00,0.00,0.00
20650,DL:0.1.0:AT.1.0.0,2022-3-4 23:34:4,37.25,0.00,0.00,16.608,0.851,-3.873,12.735,17.459,0.00,0.00,0.00,0.00,0.00,0.00,0.00,0.00,0.00,0.00,0.00,0.00,0.00,0.00,0.00,0.00,0.00
20650,DL:0.1.0:AT.1.0.0,2022-3-4 23:34:9,37.25,0.00,0.00,16.625,0.847,-3.890,12.735,17.472,0.00,0.00,0.00,0.00,0.00,0.00,0.00,0.00,0.00,0.00,0.00,0.00,0.00,0.00,0.00,0.00,0.00
20650,DL:0.1.0:AT.1.0.0,2022-3-4 23:34:16,37.25,0.00,0.00,16.631,0.858,-3.896,12.735,17.489,0.00,0.00,0.00,0.00,0.00,0.00,0.00,0.00,0.00,0.00,0.00,0.00,0.00,0.00,0.00,0.00,0.00
20650,DL:0.1.0:AT.1.0.0,2022-3-4 23:34:22,37.25,0.00,0.00,16.675,0.828,-3.941,12.734,17.503,0.00,0.00,0.00,0.00,0.00,0.00,0.00,0.00,0.00,0.00,0.00,0.00,0.00,0.00,0.00,0.00,0.00
20650,DL:0.1.0:AT.1.0.0,2022-3-4 23:34:29,37.25,0.00,0.00,16.683,0.836,-3.949,12.735,17.520,0.00,0.00,0.00,0.00,0.00,0.00,0.00,0.00,0.00,0.00,0.00,0.00,0.00,0.00,0.00,0.00,0.00
20650,DL:0.1.0:AT.1.0.0,2022-3-4 23:34:35,37.25,0.00,0.00,16.703,0.832,-3.969,12.734,17.534,0.00,0.00,0.00,0.00,0.00,0.00,0.00,0.00,0.00,0.00,0.00,0.00,0.00,0.00,0.00,0.00,0.00
20650,DL:0.1.0:AT.1.0.0,2022-3-4 23:34:40,37.25,0.00,0.00,16.717,0.828,-3.983,12.734,17.545,0.00,0.00,0.00,0.00,0.00,0.00,0.00,0.00,0.00,0.00,0.00,0.00,0.00,0.00,0.00,0.00,0.00
20650,DL:0.1.0:AT.1.0.0,2022-3-4 23:34:47,37.25,0.00,0.00,16.727,0.833,-3.993,12.734,17.559,0.00,0.00,0.00,0.00,0.00,0.00,0.00,0.00,0.00,0.00,0.00,0.00,0.00,0.00,0.00,0.00,0.00
20650,DL:0.1.0:AT.1.0.0,2022-3-4 23:34:54,37.25,0.00,0.00,16.752,0.823,-4.012,12.740,17.575,0.00,0.00,0.00,0.00,0.00,0.00,0.00,0.00,0.00,0.00,0.00,0.00,0.00,0.00,0.00,0.00,0.00
20650,DL:0.1.0:AT.1.0.0,2022-3-4 23:34:59,37.25,0.00,0.00,16.776,0.811,-4.037,12.739,17.587,0.00,0.00,0.00,0.00,0.00,0.00,0.00,0.00,0.00,0.00,0.00,0.00,0.00,0.00,0.00,0.00,0.00
20650,DL:0.1.0:AT.1.0.0,2022-3-4 23:35:4,37.25,0.00,0.00,16.769,0.834,-4.030,12.739,17.603,0.00,0.00,0.00,0.00,0.00,0.00,0.00,0.00,0.00,0.00,0.00,0.00,0.00,0.00,0.00,0.00,0.00
20650,DL:0.1.0:AT.1.0.0,2022-3-4 23:35:9,37.25,0.00,0.00,16.762,0.850,-4.024,12.737,17.611,0.00,0.00,0.00,0.00,0.00,0.00,0.00,0.00,0.00,0.00,0.00,0.00,0.00,0.00,0.00,0.00,0.00
20650,DL:0.1.0:AT.1.0.0,2022-3-4 23:35:16,37.25,0.00,0.00,16.769,0.856,-4.031,12.737,17.624,0.00,0.00,0.00,0.00,0.00,0.00,0.00,0.00,0.00,0.00,0.00,0.00,0.00,0.00,0.00,0.00,0.00
20650,DL:0.1.0:AT.1.0.0,2022-3-4 23:35:21,37.25,0.00,0.00,16.845,0.792,-4.107,12.737,17.636,0.00,0.00,0.00,0.00,0.00,0.00,0.00,0.00,0.00,0.00,0.00,0.00,0.00,0.00,0.00,0.00,0.00
20650,DL:0.1.0:AT.1.0.0,2022-3-4 23:35:26,37.25,0.00,0.00,16.817,0.835,-4.080,12.737,17.652,0.00,0.00,0.00,0.00,0.00,0.00,0.00,0.00,0.00,0.00,0.00,0.00,0.00,0.00,0.00,0.00,0.00
20650,DL:0.1.0:AT.1.0.0,2022-3-4 23:35:32,37.25,0.00,0.00,16.813,0.847,-4.077,12.736,17.660,0.00,0.00,0.00,0.00,0.00,0.00,0.00,0.00,0.00,0.00,0.00,0.00,0.00,0.00,0.00,0.00,0.00
20650,DL:0.1.0:AT.1.0.0,2022-3-4 23:35:37,37.25,0.00,0.00,16.858,0.812,-4.122,12.736,17.670,0.00,0.00,0.00,0.00,0.00,0.00,0.00,0.00,0.00,0.00,0.00,0.00,0.00,0.00,0.00,0.00,0.00
20650,DL:0.1.0:AT.1.0.0,2022-3-4 23:35:42,37.25,0.00,0.00,16.852,0.830,-4.117,12.735,17.682,0.00,0.00,0.00,0.00,0.00,0.00,0.00,0.00,0.00,0.00,0.00,0.00,0.00,0.00,0.00,0.00,0.00
20650,DL:0.1.0:AT.1.0.0,2022-3-4 23:35:47,37.25,0.00,0.00,16.838,0.854,-4.102,12.736,17.693,0.00,0.00,0.00,0.00,0.00,0.00,0.00,0.00,0.00,0.00,0.00,0.00,0.00,0.00,0.00,0.00,0.00
20650,DL:0.1.0:AT.1.0.0,2022-3-4 23:35:53,37.25,0.00,0.00,16.870,0.834,-4.134,12.736,17.704,0.00,0.00,0.00,0.00,0.00,0.00,0.00,0.00,0.00,0.00,0.00,0.00,0.00,0.00,0.00,0.00,0.00
20650,DL:0.1.0:AT.1.0.0,2022-3-4 23:35:59,37.25,0.00,0.00,16.867,0.859,-4.134,12.734,17.727,0.00,0.00,0.00,0.00,0.00,0.00,0.00,0.00,0.00,0.00,0.00,0.00,0.00,0.00,0.00,0.00,0.00
20650,DL:0.1.0:AT.1.0.0,2022-3-4 23:36:6,37.25,0.00,0.00,16.888,0.847,-4.154,12.734,17.735,0.00,0.00,0.00,0.00,0.00,0.00,0.00,0.00,0.00,0.00,0.00,0.00,0.00,0.00,0.00,0.00,0.00
20650,DL:0.1.0:AT.1.0.0,2022-3-4 23:36:13,37.25,0.00,0.00,16.887,0.862,-4.153,12.734,17.748,0.00,0.00,0.00,0.00,0.00,0.00,0.00,0.00,0.00,0.00,0.00,0.00,0.00,0.00,0.00,0.00,0.00
20650,DL:0.1.0:AT.1.0.0,2022-3-4 23:36:20,37.25,0.00,0.00,16.925,0.838,-4.191,12.734,17.763,0.00,0.00,0.00,0.00,0.00,0.00,0.00,0.00,0.00,0.00,0.00,0.00,0.00,0.00,0.00,0.00,0.00
20650,DL:0.1.0:AT.1.0.0,2022-3-4 23:36:27,37.25,0.00,0.00,16.957,0.826,-4.224,12.734,17.783,0.00,0.00,0.00,0.00,0.00,0.00,0.00,0.00,0.00,0.00,0.00,0.00,0.00,0.00,0.00,0.00,0.00
20650,DL:0.1.0:AT.1.0.0,2022-3-4 23:36:32,37.25,0.00,0.00,16.972,0.816,-4.239,12.733,17.788,0.00,0.00,0.00,0.00,0.00,0.00,0.00,0.00,0.00,0.00,0.00,0.00,0.00,0.00,0.00,0.00,0.00
20650,DL:0.1.0:AT.1.0.0,2022-3-4 23:36:37,37.25,0.00,0.00,16.983,0.816,-4.249,12.734,17.799,0.00,0.00,0.00,0.00,0.00,0.00,0.00,0.00,0.00,0.00,0.00,0.00,0.00,0.00,0.00,0.00,0.00
20650,DL:0.1.0:AT.1.0.0,2022-3-4 23:36:44,37.25,0.00,0.00,16.989,0.830,-4.250,12.739,17.819,0.00,0.00,0.00,0.00,0.00,0.00,0.00,0.00,0.00,0.00,0.00,0.00,0.00,0.00,0.00,0.00,0.00
20650,DL:0.1.0:AT.1.0.0,2022-3-4 23:36:51,37.25,0.00,0.00,17.009,0.817,-4.271,12.739,17.826,0.00,0.00,0.00,0.00,0.00,0.00,0.00,0.00,0.00,0.00,0.00,0.00,0.00,0.00,0.00,0.00,0.00
20650,DL:0.1.0:AT.1.0.0,2022-3-4 23:36:58,37.25,0.00,0.00,17.037,0.811,-4.299,12.737,17.848,0.00,0.00,0.00,0.00,0.00,0.00,0.00,0.00,0.00,0.00,0.00,0.00,0.00,0.00,0.00,0.00,0.00
20650,DL:0.1.0:AT.1.0.0,2022-3-4 23:37:5,37.25,0.00,0.00,17.036,0.818,-4.299,12.736,17.854,0.00,0.00,0.00,0.00,0.00,0.00,0.00,0.00,0.00,0.00,0.00,0.00,0.00,0.00,0.00,0.00,0.00
20650,DL:0.1.0:AT.1.0.0,2022-3-4 23:37:12,37.25,0.00,0.00,17.060,0.809,-4.322,12.737,17.868,0.00,0.00,0.00,0.00,0.00,0.00,0.00,0.00,0.00,0.00,0.00,0.00,0.00,0.00,0.00,0.00,0.00
20650,DL:0.1.0:AT.1.0.0,2022-3-4 23:37:20,37.25,0.00,0.00,17.060,0.828,-4.323,12.736,17.888,0.00,0.00,0.00,0.00,0.00,0.00,0.00,0.00,0.00,0.00,0.00,0.00,0.00,0.00,0.00,0.00,0.00
20650,DL:0.1.0:AT.1.0.0,2022-3-4 23:37:26,37.25,0.00,0.00,17.058,0.836,-4.323,12.735,17.895,0.00,0.00,0.00,0.00,0.00,0.00,0.00,0.00,0.00,0.00,0.00,0.00,0.00,0.00,0.00,0.00,0.00
20650,DL:0.1.0:AT.1.0.0,2022-3-4 23:37:33,37.25,0.00,0.00,17.076,0.832,-4.340,12.736,17.908,0.00,0.00,0.00,0.00,0.00,0.00,0.00,0.00,0.00,0.00,0.00,0.00,0.00,0.00,0.00,0.00,0.00
20650,DL:0.1.0:AT.1.0.0,2022-3-4 23:37:40,37.25,0.00,0.00,17.094,0.827,-4.360,12.735,17.921,0.00,0.00,0.00,0.00,0.00,0.00,0.00,0.00,0.00,0.00,0.00,0.00,0.00,0.00,0.00,0.00,0.00
20650,DL:0.1.0:AT.1.0.0,2022-3-4 23:37:45,37.25,0.00,0.00,17.114,0.817,-4.380,12.734,17.931,0.00,0.00,0.00,0.00,0.00,0.00,0.00,0.00,0.00,0.00,0.00,0.00,0.00,0.00,0.00,0.00,0.00
20650,DL:0.1.0:AT.1.0.0,2022-3-4 23:37:55,37.25,0.00,0.00,17.135,0.817,-4.402,12.734,17.952,0.00,0.00,0.00,0.00,0.00,0.00,0.00,0.00,0.00,0.00,0.00,0.00,0.00,0.00,0.00,0.00,0.00
20650,DL:0.1.0:AT.1.0.0,2022-3-4 23:38:0,37.25,0.00,0.00,17.144,0.816,-4.410,12.734,17.960,0.00,0.00,0.00,0.00,0.00,0.00,0.00,0.00,0.00,0.00,0.00,0.00,0.00,0.00,0.00,0.00,0.00
20650,DL:0.1.0:AT.1.0.0,2022-3-4 23:38:7,37.25,0.00,0.00,17.140,0.832,-4.408,12.733,17.972,0.00,0.00,0.00,0.00,0.00,0.00,0.00,0.00,0.00,0.00,0.00,0.00,0.00,0.00,0.00,0.00,0.00
20650,DL:0.1.0:AT.1.0.0,2022-3-4 23:38:14,37.25,0.00,0.00,17.171,0.817,-4.439,12.733,17.988,0.00,0.00,0.00,0.00,0.00,0.00,0.00,0.00,0.00,0.00,0.00,0.00,0.00,0.00,0.00,0.00,0.00
20650,DL:0.1.0:AT.1.0.0,2022-3-4 23:38:21,37.25,0.00,0.00,17.224,0.773,-4.492,12.733,17.997,0.00,0.00,0.00,0.00,0.00,0.00,0.00,0.00,0.00,0.00,0.00,0.00,0.00,0.00,0.00,0.00,0.00
20650,DL:0.1.0:AT.1.0.0,2022-3-4 23:38:26,37.25,0.00,0.00,17.182,0.823,-4.451,12.731,18.005,0.00,0.00,0.00,0.00,0.00,0.00,0.00,0.00,0.00,0.00,0.00,0.00,0.00,0.00,0.00,0.00,0.00
20650,DL:0.1.0:AT.1.0.0,2022-3-4 23:38:31,37.25,0.00,0.00,17.176,0.838,-4.438,12.739,18.014,0.00,0.00,0.00,0.00,0.00,0.00,0.00,0.00,0.00,0.00,0.00,0.00,0.00,0.00,0.00,0.00,0.00
20650,DL:0.1.0:AT.1.0.0,2022-3-4 23:38:38,37.25,0.00,0.00,17.209,0.821,-4.471,12.737,18.029,0.00,0.00,0.00,0.00,0.00,0.00,0.00,0.00,0.00,0.00,0.00,0.00,0.00,0.00,0.00,0.00,0.00
20650,DL:0.1.0:AT.1.0.0,2022-3-4 23:38:44,37.25,0.00,0.00,17.200,0.834,-4.464,12.736,18.034,0.00,0.00,0.00,0.00,0.00,0.00,0.00,0.00,0.00,0.00,0.00,0.00,0.00,0.00,0.00,0.00,0.00
20650,DL:0.1.0:AT.1.0.0,2022-3-4 23:38:49,37.25,0.00,0.00,17.271,0.776,-4.535,12.736,18.047,0.00,0.00,0.00,0.00,0.00,0.00,0.00,0.00,0.00,0.00,0.00,0.00,0.00,0.00,0.00,0.00,0.00
20650,DL:0.1.0:AT.1.0.0,2022-3-4 23:38:54,37.25,0.00,0.00,17.237,0.814,-4.501,12.736,18.051,0.00,0.00,0.00,0.00,0.00,0.00,0.00,0.00,0.00,0.00,0.00,0.00,0.00,0.00,0.00,0.00,0.00
20650,DL:0.1.0:AT.1.0.0,2022-3-4 23:38:59,37.25,0.00,0.00,17.222,0.838,-4.487,12.735,18.059,0.00,0.00,0.00,0.00,0.00,0.00,0.00,0.00,0.00,0.00,0.00,0.00,0.00,0.00,0.00,0.00,0.00
20650,DL:0.1.0:AT.1.0.0,2022-3-4 23:39:5,37.25,0.00,0.00,17.277,0.797,-4.542,12.735,18.074,0.00,0.00,0.00,0.00,0.00,0.00,0.00,0.00,0.00,0.00,0.00,0.00,0.00,0.00,0.00,0.00,0.00
20650,DL:0.1.0:AT.1.0.0,2022-3-4 23:39:12,37.25,0.00,0.00,17.279,0.801,-4.545,12.735,18.081,0.00,0.00,0.00,0.00,0.00,0.00,0.00,0.00,0.00,0.00,0.00,0.00,0.00,0.00,0.00,0.00,0.00
20650,DL:0.1.0:AT.1.0.0,2022-3-4 23:39:19,37.25,0.00,0.00,17.299,0.797,-4.565,12.734,18.095,0.00,0.00,0.00,0.00,0.00,0.00,0.00,0.00,0.00,0.00,0.00,0.00,0.00,0.00,0.00,0.00,0.00
20650,DL:0.1.0:AT.1.0.0,2022-3-4 23:39:26,37.25,0.00,0.00,17.308,0.798,-4.575,12.734,18.106,0.00,0.00,0.00,0.00,0.00,0.00,0.00,0.00,0.00,0.00,0.00,0.00,0.00,0.00,0.00,0.00,0.00
20650,DL:0.1.0:AT.1.0.0,2022-3-4 23:39:33,37.25,0.00,0.00,17.299,0.814,-4.566,12.733,18.112,0.00,0.00,0.00,0.00,0.00,0.00,0.00,0.00,0.00,0.00,0.00,0.00,0.00,0.00,0.00,0.00,0.00
20650,DL:0.1.0:AT.1.0.0,2022-3-4 23:39:40,37.25,0.00,0.00,17.346,0.782,-4.607,12.739,18.128,0.00,0.00,0.00,0.00,0.00,0.00,0.00,0.00,0.00,0.00,0.00,0.00,0.00,0.00,0.00,0.00,0.00
20650,DL:0.1.0:AT.1.0.0,2022-3-4 23:39:46,37.25,0.00,0.00,17.346,0.792,-4.607,12.739,18.137,0.00,0.00,0.00,0.00,0.00,0.00,0.00,0.00,0.00,0.00,0.00,0.00,0.00,0.00,0.00,0.00,0.00
20650,DL:0.1.0:AT.1.0.0,2022-3-4 23:39:58,37.25,0.00,0.00,17.361,0.791,-4.624,12.737,18.152,0.00,0.00,0.00,0.00,0.00,0.00,0.00,0.00,0.00,0.00,0.00,0.00,0.00,0.00,0.00,0.00,0.00
20650,DL:0.1.0:AT.1.0.0,2022-3-4 23:40:4,37.25,0.00,0.00,17.372,0.789,-4.635,12.737,18.161,0.00,0.00,0.00,0.00,0.00,0.00,0.00,0.00,0.00,0.00,0.00,0.00,0.00,0.00,0.00,0.00,0.00
20650,DL:0.1.0:AT.1.0.0,2022-3-4 23:40:9,37.25,0.00,0.00,17.394,0.773,-4.656,12.737,18.166,0.00,0.00,0.00,0.00,0.00,0.00,0.00,0.00,0.00,0.00,0.00,0.00,0.00,0.00,0.00,0.00,0.00
20650,DL:0.1.0:AT.1.0.0,2022-3-4 23:40:16,37.25,0.00,0.00,17.386,0.788,-4.650,12.736,18.175,0.00,0.00,0.00,0.00,0.00,0.00,0.00,0.00,0.00,0.00,0.00,0.00,0.00,0.00,0.00,0.00,0.00
20650,DL:0.1.0:AT.1.0.0,2022-3-4 23:40:21,37.25,0.00,0.00,17.413,0.774,-4.673,12.740,18.187,0.00,0.00,0.00,0.00,0.00,0.00,0.00,0.00,0.00,0.00,0.00,0.00,0.00,0.00,0.00,0.00,0.00
20650,DL:0.1.0:AT.1.0.0,2022-3-4 23:40:29,37.25,0.00,0.00,17.413,0.780,-4.672,12.741,18.193,0.00,0.00,0.00,0.00,0.00,0.00,0.00,0.00,0.00,0.00,0.00,0.00,0.00,0.00,0.00,0.00,0.00
20650,DL:0.1.0:AT.1.0.0,2022-3-4 23:40:34,37.25,0.00,0.00,17.430,0.775,-4.691,12.739,18.205,0.00,0.00,0.00,0.00,0.00,0.00,0.00,0.00,0.00,0.00,0.00,0.00,0.00,0.00,0.00,0.00,0.00
20650,DL:0.1.0:AT.1.0.0,2022-3-4 23:40:41,37.25,0.00,0.00,17.439,0.770,-4.700,12.740,18.210,0.00,0.00,0.00,0.00,0.00,0.00,0.00,0.00,0.00,0.00,0.00,0.00,0.00,0.00,0.00,0.00,0.00
20650,DL:0.1.0:AT.1.0.0,2022-3-4 23:40:46,37.25,0.00,0.00,17.463,0.752,-4.725,12.739,18.216,0.00,0.00,0.00,0.00,0.00,0.00,0.00,0.00,0.00,0.00,0.00,0.00,0.00,0.00,0.00,0.00,0.00
20650,DL:0.1.0:AT.1.0.0,2022-3-4 23:40:51,37.25,0.00,0.00,17.433,0.789,-4.695,12.739,18.223,0.00,0.00,0.00,0.00,0.00,0.00,0.00,0.00,0.00,0.00,0.00,0.00,0.00,0.00,0.00,0.00,0.00
20650,DL:0.1.0:AT.1.0.0,2022-3-4 23:41:0,37.25,0.00,0.00,17.433,0.800,-4.696,12.737,18.234,0.00,0.00,0.00,0.00,0.00,0.00,0.00,0.00,0.00,0.00,0.00,0.00,0.00,0.00,0.00,0.00,0.00
20650,DL:0.1.0:AT.1.0.0,2022-3-4 23:41:5,37.25,0.00,0.00,17.437,0.807,-4.700,12.737,18.244,0.00,0.00,0.00,0.00,0.00,0.00,0.00,0.00,0.00,0.00,0.00,0.00,0.00,0.00,0.00,0.00,0.00
20650,DL:0.1.0:AT.1.0.0,2022-3-4 23:41:10,37.25,0.00,0.00,17.454,0.793,-4.718,12.736,18.247,0.00,0.00,0.00,0.00,0.00,0.00,0.00,0.00,0.00,0.00,0.00,0.00,0.00,0.00,0.00,0.00,0.00
20650,DL:0.1.0:AT.1.0.0,2022-3-4 23:41:15,37.25,0.00,0.00,17.459,0.799,-4.722,12.736,18.258,0.00,0.00,0.00,0.00,0.00,0.00,0.00,0.00,0.00,0.00,0.00,0.00,0.00,0.00,0.00,0.00,0.00
20650,DL:0.1.0:AT.1.0.0,2022-3-4 23:41:20,37.25,0.00,0.00,17.474,0.787,-4.738,12.736,18.261,0.00,0.00,0.00,0.00,0.00,0.00,0.00,0.00,0.00,0.00,0.00,0.00,0.00,0.00,0.00,0.00,0.00
20650,DL:0.1.0:AT.1.0.0,2022-3-4 23:41:26,37.25,0.00,0.00,17.480,0.788,-4.745,12.735,18.268,0.00,0.00,0.00,0.00,0.00,0.00,0.00,0.00,0.00,0.00,0.00,0.00,0.00,0.00,0.00,0.00,0.00
20650,DL:0.1.0:AT.1.0.0,2022-3-4 23:41:31,37.25,0.00,0.00,17.483,0.793,-4.748,12.735,18.276,0.00,0.00,0.00,0.00,0.00,0.00,0.00,0.00,0.00,0.00,0.00,0.00,0.00,0.00,0.00,0.00,0.00
20650,DL:0.1.0:AT.1.0.0,2022-3-4 23:41:36,37.25,0.00,0.00,17.499,0.781,-4.764,12.735,18.280,0.00,0.00,0.00,0.00,0.00,0.00,0.00,0.00,0.00,0.00,0.00,0.00,0.00,0.00,0.00,0.00,0.00
20650,DL:0.1.0:AT.1.0.0,2022-3-4 23:41:43,37.25,0.00,0.00,17.537,0.755,-4.802,12.735,18.291,0.00,0.00,0.00,0.00,0.00,0.00,0.00,0.00,0.00,0.00,0.00,0.00,0.00,0.00,0.00,0.00,0.00
20650,DL:0.1.0:AT.1.0.0,2022-3-4 23:41:50,37.25,0.00,0.00,17.504,0.791,-4.770,12.734,18.295,0.00,0.00,0.00,0.00,0.00,0.00,0.00,0.00,0.00,0.00,0.00,0.00,0.00,0.00,0.00,0.00,0.00
20650,DL:0.1.0:AT.1.0.0,2022-3-4 23:41:56,37.25,0.00,0.00,17.510,0.793,-4.778,12.733,18.303,0.00,0.00,0.00,0.00,0.00,0.00,0.00,0.00,0.00,0.00,0.00,0.00,0.00,0.00,0.00,0.00,0.00
20650,DL:0.1.0:AT.1.0.0,2022-3-4 23:42:3,37.25,0.00,0.00,17.537,0.777,-4.798,12.739,18.314,0.00,0.00,0.00,0.00,0.00,0.00,0.00,0.00,0.00,0.00,0.00,0.00,0.00,0.00,0.00,0.00,0.00
20650,DL:0.1.0:AT.1.0.0,2022-3-4 23:42:9,37.25,0.00,0.00,17.538,0.780,-4.799,12.739,18.318,0.00,0.00,0.00,0.00,0.00,0.00,0.00,0.00,0.00,0.00,0.00,0.00,0.00,0.00,0.00,0.00,0.00
20650,DL:0.1.0:AT.1.0.0,2022-3-4 23:42:14,37.25,0.00,0.00,17.515,0.809,-4.778,12.737,18.324,0.00,0.00,0.00,0.00,0.00,0.00,0.00,0.00,0.00,0.00,0.00,0.00,0.00,0.00,0.00,0.00,0.00
20650,DL:0.1.0:AT.1.0.0,2022-3-4 23:42:20,37.25,0.00,0.00,17.555,0.775,-4.817,12.737,18.330,0.00,0.00,0.00,0.00,0.00,0.00,0.00,0.00,0.00,0.00,0.00,0.00,0.00,0.00,0.00,0.00,0.00
20650,DL:0.1.0:AT.1.0.0,2022-3-4 23:42:27,37.25,0.00,0.00,17.550,0.792,-4.813,12.737,18.342,0.00,0.00,0.00,0.00,0.00,0.00,0.00,0.00,0.00,0.00,0.00,0.00,0.00,0.00,0.00,0.00,0.00
20650,DL:0.1.0:AT.1.0.0,2022-3-4 23:42:32,37.25,0.00,0.00,17.558,0.786,-4.822,12.736,18.344,0.00,0.00,0.00,0.00,0.00,0.00,0.00,0.00,0.00,0.00,0.00,0.00,0.00,0.00,0.00,0.00,0.00
20650,DL:0.1.0:AT.1.0.0,2022-3-4 23:42:37,37.25,0.00,0.00,17.553,0.798,-4.817,12.736,18.351,0.00,0.00,0.00,0.00,0.00,0.00,0.00,0.00,0.00,0.00,0.00,0.00,0.00,0.00,0.00,0.00,0.00
20650,DL:0.1.0:AT.1.0.0,2022-3-4 23:42:44,37.25,0.00,0.00,17.603,0.756,-4.867,12.736,18.359,0.00,0.00,0.00,0.00,0.00,0.00,0.00,0.00,0.00,0.00,0.00,0.00,0.00,0.00,0.00,0.00,0.00
20650,DL:0.1.0:AT.1.0.0,2022-3-4 23:42:51,37.25,0.00,0.00,17.579,0.783,-4.844,12.735,18.362,0.00,0.00,0.00,0.00,0.00,0.00,0.00,0.00,0.00,0.00,0.00,0.00,0.00,0.00,0.00,0.00,0.00
20650,DL:0.1.0:AT.1.0.0,2022-3-4 23:42:56,37.25,0.00,0.00,17.581,0.787,-4.846,12.735,18.368,0.00,0.00,0.00,0.00,0.00,0.00,0.00,0.00,0.00,0.00,0.00,0.00,0.00,0.00,0.00,0.00,0.00
20650,DL:0.1.0:AT.1.0.0,2022-3-4 23:43:2,37.25,0.00,0.00,17.591,0.783,-4.856,12.735,18.374,0.00,0.00,0.00,0.00,0.00,0.00,0.00,0.00,0.00,0.00,0.00,0.00,0.00,0.00,0.00,0.00,0.00
20650,DL:0.1.0:AT.1.0.0,2022-3-4 23:43:8,37.25,0.00,0.00,17.587,0.794,-4.853,12.734,18.381,0.00,0.00,0.00,0.00,0.00,0.00,0.00,0.00,0.00,0.00,0.00,0.00,0.00,0.00,0.00,0.00,0.00
20650,DL:0.1.0:AT.1.0.0,2022-3-4 23:43:13,37.25,0.00,0.00,17.618,0.765,-4.883,12.735,18.384,0.00,0.00,0.00,0.00,0.00,0.00,0.00,0.00,0.00,0.00,0.00,0.00,0.00,0.00,0.00,0.00,0.00
20650,DL:0.1.0:AT.1.0.0,2022-3-4 23:43:19,37.25,0.00,0.00,17.604,0.786,-4.869,12.735,18.390,0.00,0.00,0.00,0.00,0.00,0.00,0.00,0.00,0.00,0.00,0.00,0.00,0.00,0.00,0.00,0.00,0.00
20650,DL:0.1.0:AT.1.0.0,2022-3-4 23:43:25,37.25,0.00,0.00,17.626,0.770,-4.892,12.734,18.396,0.00,0.00,0.00,0.00,0.00,0.00,0.00,0.00,0.00,0.00,0.00,0.00,0.00,0.00,0.00,0.00,0.00
20650,DL:0.1.0:AT.1.0.0,2022-3-4 23:43:33,37.25,0.00,0.00,17.611,0.792,-4.877,12.734,18.403,0.00,0.00,0.00,0.00,0.00,0.00,0.00,0.00,0.00,0.00,0.00,0.00,0.00,0.00,0.00,0.00,0.00
20650,DL:0.1.0:AT.1.0.0,2022-3-4 23:43:39,37.25,0.00,0.00,17.617,0.791,-4.885,12.733,18.408,0.00,0.00,0.00,0.00,0.00,0.00,0.00,0.00,0.00,0.00,0.00,0.00,0.00,0.00,0.00,0.00,0.00
20650,DL:0.1.0:AT.1.0.0,2022-3-4 23:43:44,37.25,0.00,0.00,17.651,0.747,-4.918,12.733,18.398,0.00,0.00,0.00,0.00,0.00,0.00,0.00,0.00,0.00,0.00,0.00,0.00,0.00,0.00,0.00,0.00,0.00
20650,DL:0.1.0:AT.1.0.0,2022-3-4 23:43:49,37.25,0.00,0.00,17.563,0.780,-4.825,12.739,18.343,0.00,0.00,0.00,0.00,0.00,0.00,0.00,0.00,0.00,0.00,0.00,0.00,0.00,0.00,0.00,0.00,0.00
20650,DL:0.1.0:AT.1.0.0,2022-3-4 23:43:54,37.25,0.00,0.00,17.552,0.769,-4.814,12.739,18.321,0.00,0.00,0.00,0.00,0.00,0.00,0.00,0.00,0.00,0.00,0.00,0.00,0.00,0.00,0.00,0.00,0.00
20650,DL:0.1.0:AT.1.0.0,2022-3-4 23:43:59,37.25,0.00,0.00,17.540,0.759,-4.802,12.739,18.300,0.00,0.00,0.00,0.00,0.00,0.00,0.00,0.00,0.00,0.00,0.00,0.00,0.00,0.00,0.00,0.00,0.00
20650,DL:0.1.0:AT.1.0.0,2022-3-4 23:44:4,37.25,0.00,0.00,17.465,0.804,-4.727,12.737,18.268,0.00,0.00,0.00,0.00,0.00,0.00,0.00,0.00,0.00,0.00,0.00,0.00,0.00,0.00,0.00,0.00,0.00
20650,DL:0.1.0:AT.1.0.0,2022-3-4 23:44:10,37.25,0.00,0.00,17.436,0.787,-4.700,12.736,18.223,0.00,0.00,0.00,0.00,0.00,0.00,0.00,0.00,0.00,0.00,0.00,0.00,0.00,0.00,0.00,0.00,0.00
20650,DL:0.1.0:AT.1.0.0,2022-3-4 23:44:17,37.25,0.00,0.00,17.425,0.770,-4.689,12.736,18.195,0.00,0.00,0.00,0.00,0.00,0.00,0.00,0.00,0.00,0.00,0.00,0.00,0.00,0.00,0.00,0.00,0.00
20650,DL:0.1.0:AT.1.0.0,2022-3-4 23:44:22,37.25,0.00,0.00,17.390,0.776,-4.654,12.736,18.166,0.00,0.00,0.00,0.00,0.00,0.00,0.00,0.00,0.00,0.00,0.00,0.00,0.00,0.00,0.00,0.00,0.00
20650,DL:0.1.0:AT.1.0.0,2022-3-4 23:44:27,37.25,0.00,0.00,17.356,0.777,-4.620,12.736,18.134,0.00,0.00,0.00,0.00,0.00,0.00,0.00,0.00,0.00,0.00,0.00,0.00,0.00,0.00,0.00,0.00,0.00
20650,DL:0.1.0:AT.1.0.0,2022-3-4 23:44:38,37.25,0.00,0.00,17.260,0.799,-4.525,12.735,18.059,0.00,0.00,0.00,0.00,0.00,0.00,0.00,0.00,0.00,0.00,0.00,0.00,0.00,0.00,0.00,0.00,0.00
20650,DL:0.1.0:AT.1.0.0,2022-3-4 23:44:44,37.25,0.00,0.00,17.237,0.801,-4.503,12.735,18.039,0.00,0.00,0.00,0.00,0.00,0.00,0.00,0.00,0.00,0.00,0.00,0.00,0.00,0.00,0.00,0.00,0.00
20650,DL:0.1.0:AT.1.0.0,2022-3-4 23:44:51,37.25,0.00,0.00,17.173,0.814,-4.438,12.735,17.986,0.00,0.00,0.00,0.00,0.00,0.00,0.00,0.00,0.00,0.00,0.00,0.00,0.00,0.00,0.00,0.00,0.00
20650,DL:0.1.0:AT.1.0.0,2022-3-4 23:44:58,37.25,0.00,0.00,17.169,0.797,-4.435,12.734,17.966,0.00,0.00,0.00,0.00,0.00,0.00,0.00,0.00,0.00,0.00,0.00,0.00,0.00,0.00,0.00,0.00,0.00
20650,DL:0.1.0:AT.1.0.0,2022-3-4 23:45:5,37.25,0.00,0.00,17.111,0.814,-4.378,12.734,17.925,0.00,0.00,0.00,0.00,0.00,0.00,0.00,0.00,0.00,0.00,0.00,0.00,0.00,0.00,0.00,0.00,0.00
20650,DL:0.1.0:AT.1.0.0,2022-3-4 23:45:12,37.25,0.00,0.00,17.062,0.811,-4.328,12.734,17.873,0.00,0.00,0.00,0.00,0.00,0.00,0.00,0.00,0.00,0.00,0.00,0.00,0.00,0.00,0.00,0.00,0.00
20650,DL:0.1.0:AT.1.0.0,2022-3-4 23:45:19,37.25,0.00,0.00,17.062,0.791,-4.328,12.734,17.853,0.00,0.00,0.00,0.00,0.00,0.00,0.00,0.00,0.00,0.00,0.00,0.00,0.00,0.00,0.00,0.00,0.00
20650,DL:0.1.0:AT.1.0.0,2022-3-4 23:45:26,37.25,0.00,0.00,17.000,0.815,-4.267,12.733,17.814,0.00,0.00,0.00,0.00,0.00,0.00,0.00,0.00,0.00,0.00,0.00,0.00,0.00,0.00,0.00,0.00,0.00
20650,DL:0.1.0:AT.1.0.0,2022-3-4 23:45:31,37.25,0.00,0.00,17.025,0.768,-4.292,12.733,17.793,0.00,0.00,0.00,0.00,0.00,0.00,0.00,0.00,0.00,0.00,0.00,0.00,0.00,0.00,0.00,0.00,0.00
20650,DL:0.1.0:AT.1.0.0,2022-3-4 23:45:36,37.25,0.00,0.00,17.003,0.793,-4.272,12.731,17.796,0.00,0.00,0.00,0.00,0.00,0.00,0.00,0.00,0.00,0.00,0.00,0.00,0.00,0.00,0.00,0.00,0.00
20650,DL:0.1.0:AT.1.0.0,2022-3-4 23:45:43,37.25,0.00,0.00,17.007,0.801,-4.269,12.737,17.808,0.00,0.00,0.00,0.00,0.00,0.00,0.00,0.00,0.00,0.00,0.00,0.00,0.00,0.00,0.00,0.00,0.00
20650,DL:0.1.0:AT.1.0.0,2022-3-4 23:45:50,37.25,0.00,0.00,17.043,0.782,-4.305,12.737,17.825,0.00,0.00,0.00,0.00,0.00,0.00,0.00,0.00,0.00,0.00,0.00,0.00,0.00,0.00,0.00,0.00,0.00
20650,DL:0.1.0:AT.1.0.0,2022-3-4 23:45:55,37.25,0.00,0.00,17.040,0.788,-4.304,12.736,17.829,0.00,0.00,0.00,0.00,0.00,0.00,0.00,0.00,0.00,0.00,0.00,0.00,0.00,0.00,0.00,0.00,0.00
20650,DL:0.1.0:AT.1.0.0,2022-3-4 23:46:0,37.25,0.00,0.00,17.048,0.793,-4.313,12.735,17.841,0.00,0.00,0.00,0.00,0.00,0.00,0.00,0.00,0.00,0.00,0.00,0.00,0.00,0.00,0.00,0.00,0.00
20650,DL:0.1.0:AT.1.0.0,2022-3-4 23:46:8,37.25,0.00,0.00,17.068,0.779,-4.333,12.735,17.847,0.00,0.00,0.00,0.00,0.00,0.00,0.00,0.00,0.00,0.00,0.00,0.00,0.00,0.00,0.00,0.00,0.00
20650,DL:0.1.0:AT.1.0.0,2022-3-4 23:46:14,37.25,0.00,0.00,17.074,0.780,-4.339,12.735,17.854,0.00,0.00,0.00,0.00,0.00,0.00,0.00,0.00,0.00,0.00,0.00,0.00,0.00,0.00,0.00,0.00,0.00
20650,DL:0.1.0:AT.1.0.0,2022-3-4 23:46:19,37.25,0.00,0.00,17.066,0.794,-4.331,12.735,17.860,0.00,0.00,0.00,0.00,0.00,0.00,0.00,0.00,0.00,0.00,0.00,0.00,0.00,0.00,0.00,0.00,0.00
20650,DL:0.1.0:AT.1.0.0,2022-3-4 23:46:24,37.25,0.00,0.00,17.090,0.777,-4.355,12.735,17.867,0.00,0.00,0.00,0.00,0.00,0.00,0.00,0.00,0.00,0.00,0.00,0.00,0.00,0.00,0.00,0.00,0.00
20650,DL:0.1.0:AT.1.0.0,2022-3-4 23:46:31,37.25,0.00,0.00,17.069,0.805,-4.335,12.734,17.874,0.00,0.00,0.00,0.00,0.00,0.00,0.00,0.00,0.00,0.00,0.00,0.00,0.00,0.00,0.00,0.00,0.00
20650,DL:0.1.0:AT.1.0.0,2022-3-4 23:46:38,37.25,0.00,0.00,17.070,0.811,-4.337,12.734,17.882,0.00,0.00,0.00,0.00,0.00,0.00,0.00,0.00,0.00,0.00,0.00,0.00,0.00,0.00,0.00,0.00,0.00
20650,DL:0.1.0:AT.1.0.0,2022-3-4 23:46:43,37.25,0.00,0.00,17.052,0.836,-4.320,12.733,17.889,0.00,0.00,0.00,0.00,0.00,0.00,0.00,0.00,0.00,0.00,0.00,0.00,0.00,0.00,0.00,0.00,0.00
20650,DL:0.1.0:AT.1.0.0,2022-3-4 23:46:49,37.25,0.00,0.00,17.120,0.776,-4.386,12.734,17.896,0.00,0.00,0.00,0.00,0.00,0.00,0.00,0.00,0.00,0.00,0.00,0.00,0.00,0.00,0.00,0.00,0.00
20650,DL:0.1.0:AT.1.0.0,2022-3-4 23:46:54,37.25,0.00,0.00,17.108,0.792,-4.374,12.734,17.900,0.00,0.00,0.00,0.00,0.00,0.00,0.00,0.00,0.00,0.00,0.00,0.00,0.00,0.00,0.00,0.00,0.00
20650,DL:0.1.0:AT.1.0.0,2022-3-4 23:46:59,37.25,0.00,0.00,17.068,0.835,-4.335,12.733,17.903,0.00,0.00,0.00,0.00,0.00,0.00,0.00,0.00,0.00,0.00,0.00,0.00,0.00,0.00,0.00,0.00,0.00
20650,DL:0.1.0:AT.1.0.0,2022-3-4 23:47:4,37.25,0.00,0.00,17.111,0.797,-4.379,12.733,17.908,0.00,0.00,0.00,0.00,0.00,0.00,0.00,0.00,0.00,0.00,0.00,0.00,0.00,0.00,0.00,0.00,0.00
20650,DL:0.1.0:AT.1.0.0,2022-3-4 23:47:10,37.25,0.00,0.00,17.115,0.798,-4.382,12.733,17.913,0.00,0.00,0.00,0.00,0.00,0.00,0.00,0.00,0.00,0.00,0.00,0.00,0.00,0.00,0.00,0.00,0.00
20650,DL:0.1.0:AT.1.0.0,2022-3-4 23:47:15,37.25,0.00,0.00,17.127,0.791,-4.394,12.733,17.918,0.00,0.00,0.00,0.00,0.00,0.00,0.00,0.00,0.00,0.00,0.00,0.00,0.00,0.00,0.00,0.00,0.00
20650,DL:0.1.0:AT.1.0.0,2022-3-4 23:47:20,37.25,0.00,0.00,17.144,0.782,-4.410,12.734,17.926,0.00,0.00,0.00,0.00,0.00,0.00,0.00,0.00,0.00,0.00,0.00,0.00,0.00,0.00,0.00,0.00,0.00
20650,DL:0.1.0:AT.1.0.0,2022-3-4 23:47:27,37.25,0.00,0.00,17.121,0.809,-4.384,12.737,17.930,0.00,0.00,0.00,0.00,0.00,0.00,0.00,0.00,0.00,0.00,0.00,0.00,0.00,0.00,0.00,0.00,0.00
20650,DL:0.1.0:AT.1.0.0,2022-3-4 23:47:32,37.25,0.00,0.00,17.130,0.788,-4.393,12.737,17.919,0.00,0.00,0.00,0.00,0.00,0.00,0.00,0.00,0.00,0.00,0.00,0.00,0.00,0.00,0.00,0.00,0.00
20650,DL:0.1.0:AT.1.0.0,2022-3-4 23:47:37,37.25,0.00,0.00,17.074,0.811,-4.338,12.736,17.885,0.00,0.00,0.00,0.00,0.00,0.00,0.00,0.00,0.00,0.00,0.00,0.00,0.00,0.00,0.00,0.00,0.00
20650,DL:0.1.0:AT.1.0.0,2022-3-4 23:47:44,37.25,0.00,0.00,17.010,0.823,-4.274,12.736,17.833,0.00,0.00,0.00,0.00,0.00,0.00,0.00,0.00,0.00,0.00,0.00,0.00,0.00,0.00,0.00,0.00,0.00
20650,DL:0.1.0:AT.1.0.0,2022-3-4 23:47:51,37.25,0.00,0.00,16.994,0.795,-4.257,12.736,17.789,0.00,0.00,0.00,0.00,0.00,0.00,0.00,0.00,0.00,0.00,0.00,0.00,0.00,0.00,0.00,0.00,0.00
20650,DL:0.1.0:AT.1.0.0,2022-3-4 23:47:56,37.25,0.00,0.00,16.936,0.810,-4.201,12.735,17.746,0.00,0.00,0.00,0.00,0.00,0.00,0.00,0.00,0.00,0.00,0.00,0.00,0.00,0.00,0.00,0.00,0.00
20650,DL:0.1.0:AT.1.0.0,2022-3-4 23:48:1,37.25,0.00,0.00,16.926,0.797,-4.191,12.735,17.723,0.00,0.00,0.00,0.00,0.00,0.00,0.00,0.00,0.00,0.00,0.00,0.00,0.00,0.00,0.00,0.00,0.00
20650,DL:0.1.0:AT.1.0.0,2022-3-4 23:48:8,37.25,0.00,0.00,16.896,0.781,-4.161,12.735,17.677,0.00,0.00,0.00,0.00,0.00,0.00,0.00,0.00,0.00,0.00,0.00,0.00,0.00,0.00,0.00,0.00,0.00
20650,DL:0.1.0:AT.1.0.0,2022-3-4 23:48:14,37.25,0.00,0.00,16.851,0.793,-4.117,12.734,17.644,0.00,0.00,0.00,0.00,0.00,0.00,0.00,0.00,0.00,0.00,0.00,0.00,0.00,0.00,0.00,0.00,0.00
20650,DL:0.1.0:AT.1.0.0,2022-3-4 23:48:19,37.25,0.00,0.00,16.826,0.789,-4.093,12.734,17.616,0.00,0.00,0.00,0.00,0.00,0.00,0.00,0.00,0.00,0.00,0.00,0.00,0.00,0.00,0.00,0.00,0.00
20650,DL:0.1.0:AT.1.0.0,2022-3-4 23:48:26,37.25,0.00,0.00,16.783,0.791,-4.050,12.734,17.574,0.00,0.00,0.00,0.00,0.00,0.00,0.00,0.00,0.00,0.00,0.00,0.00,0.00,0.00,0.00,0.00,0.00
20650,DL:0.1.0:AT.1.0.0,2022-3-4 23:48:31,37.25,0.00,0.00,16.763,0.782,-4.029,12.734,17.545,0.00,0.00,0.00,0.00,0.00,0.00,0.00,0.00,0.00,0.00,0.00,0.00,0.00,0.00,0.00,0.00,0.00
20650,DL:0.1.0:AT.1.0.0,2022-3-4 23:48:36,37.25,0.00,0.00,16.708,0.805,-3.974,12.734,17.513,0.00,0.00,0.00,0.00,0.00,0.00,0.00,0.00,0.00,0.00,0.00,0.00,0.00,0.00,0.00,0.00,0.00
20650,DL:0.1.0:AT.1.0.0,2022-3-4 23:48:41,37.25,0.00,0.00,16.696,0.788,-3.963,12.733,17.484,0.00,0.00,0.00,0.00,0.00,0.00,0.00,0.00,0.00,0.00,0.00,0.00,0.00,0.00,0.00,0.00,0.00
20650,DL:0.1.0:AT.1.0.0,2022-3-4 23:48:47,37.25,0.00,0.00,16.665,0.787,-3.933,12.733,17.453,0.00,0.00,0.00,0.00,0.00,0.00,0.00,0.00,0.00,0.00,0.00,0.00,0.00,0.00,0.00,0.00,0.00
20650,DL:0.1.0:AT.1.0.0,2022-3-4 23:48:52,37.25,0.00,0.00,16.626,0.797,-3.893,12.733,17.422,0.00,0.00,0.00,0.00,0.00,0.00,0.00,0.00,0.00,0.00,0.00,0.00,0.00,0.00,0.00,0.00,0.00
20650,DL:0.1.0:AT.1.0.0,2022-3-4 23:48:57,37.25,0.00,0.00,16.589,0.806,-3.856,12.733,17.395,0.00,0.00,0.00,0.00,0.00,0.00,0.00,0.00,0.00,0.00,0.00,0.00,0.00,0.00,0.00,0.00,0.00
20650,DL:0.1.0:AT.1.0.0,2022-3-4 23:49:2,37.25,0.00,0.00,16.536,0.821,-3.798,12.737,17.356,0.00,0.00,0.00,0.00,0.00,0.00,0.00,0.00,0.00,0.00,0.00,0.00,0.00,0.00,0.00,0.00,0.00
20650,DL:0.1.0:AT.1.0.0,2022-3-4 23:49:7,37.25,0.00,0.00,16.520,0.817,-3.783,12.737,17.337,0.00,0.00,0.00,0.00,0.00,0.00,0.00,0.00,0.00,0.00,0.00,0.00,0.00,0.00,0.00,0.00,0.00
20650,DL:0.1.0:AT.1.0.0,2022-3-4 23:49:14,37.25,0.00,0.00,16.466,0.833,-3.730,12.736,17.299,0.00,0.00,0.00,0.00,0.00,0.00,0.00,0.00,0.00,0.00,0.00,0.00,0.00,0.00,0.00,0.00,0.00
20650,DL:0.1.0:AT.1.0.0,2022-3-4 23:49:21,37.25,0.00,0.00,16.441,0.817,-3.705,12.736,17.258,0.00,0.00,0.00,0.00,0.00,0.00,0.00,0.00,0.00,0.00,0.00,0.00,0.00,0.00,0.00,0.00,0.00
20650,DL:0.1.0:AT.1.0.0,2022-3-4 23:49:28,37.25,0.00,0.00,16.381,0.839,-3.645,12.736,17.219,0.00,0.00,0.00,0.00,0.00,0.00,0.00,0.00,0.00,0.00,0.00,0.00,0.00,0.00,0.00,0.00,0.00
20650,DL:0.1.0:AT.1.0.0,2022-3-4 23:49:35,37.25,0.00,0.00,16.395,0.788,-3.660,12.735,17.183,0.00,0.00,0.00,0.00,0.00,0.00,0.00,0.00,0.00,0.00,0.00,0.00,0.00,0.00,0.00,0.00,0.00
20650,DL:0.1.0:AT.1.0.0,2022-3-4 23:49:40,37.25,0.00,0.00,16.359,0.800,-3.624,12.735,17.159,0.00,0.00,0.00,0.00,0.00,0.00,0.00,0.00,0.00,0.00,0.00,0.00,0.00,0.00,0.00,0.00,0.00
20650,DL:0.1.0:AT.1.0.0,2022-3-4 23:49:45,37.25,0.00,0.00,16.319,0.811,-3.584,12.735,17.130,0.00,0.00,0.00,0.00,0.00,0.00,0.00,0.00,0.00,0.00,0.00,0.00,0.00,0.00,0.00,0.00,0.00
20650,DL:0.1.0:AT.1.0.0,2022-3-4 23:49:50,37.25,0.00,0.00,16.276,0.830,-3.541,12.735,17.106,0.00,0.00,0.00,0.00,0.00,0.00,0.00,0.00,0.00,0.00,0.00,0.00,0.00,0.00,0.00,0.00,0.00
20650,DL:0.1.0:AT.1.0.0,2022-3-4 23:49:55,37.25,0.00,0.00,16.305,0.783,-3.570,12.735,17.088,0.00,0.00,0.00,0.00,0.00,0.00,0.00,0.00,0.00,0.00,0.00,0.00,0.00,0.00,0.00,0.00,0.00
20650,DL:0.1.0:AT.1.0.0,2022-3-4 23:50:0,37.25,0.00,0.00,16.271,0.824,-3.536,12.735,17.096,0.00,0.00,0.00,0.00,0.00,0.00,0.00,0.00,0.00,0.00,0.00,0.00,0.00,0.00,0.00,0.00,0.00
20650,DL:0.1.0:AT.1.0.0,2022-3-4 23:50:6,37.25,0.00,0.00,16.282,0.828,-3.548,12.734,17.110,0.00,0.00,0.00,0.00,0.00,0.00,0.00,0.00,0.00,0.00,0.00,0.00,0.00,0.00,0.00,0.00,0.00
20650,DL:0.1.0:AT.1.0.0,2022-3-4 23:50:11,37.25,0.00,0.00,16.310,0.811,-3.576,12.734,17.121,0.00,0.00,0.00,0.00,0.00,0.00,0.00,0.00,0.00,0.00,0.00,0.00,0.00,0.00,0.00,0.00,0.00
20650,DL:0.1.0:AT.1.0.0,2022-3-4 23:50:16,37.25,0.00,0.00,16.297,0.835,-3.563,12.734,17.132,0.00,0.00,0.00,0.00,0.00,0.00,0.00,0.00,0.00,0.00,0.00,0.00,0.00,0.00,0.00,0.00,0.00
20650,DL:0.1.0:AT.1.0.0,2022-3-4 23:50:23,37.25,0.00,0.00,16.313,0.829,-3.580,12.734,17.143,0.00,0.00,0.00,0.00,0.00,0.00,0.00,0.00,0.00,0.00,0.00,0.00,0.00,0.00,0.00,0.00,0.00
20650,DL:0.1.0:AT.1.0.0,2022-3-4 23:50:30,37.25,0.00,0.00,16.261,0.850,-3.527,12.734,17.110,0.00,0.00,0.00,0.00,0.00,0.00,0.00,0.00,0.00,0.00,0.00,0.00,0.00,0.00,0.00,0.00,0.00
20650,DL:0.1.0:AT.1.0.0,2022-3-4 23:50:37,37.25,0.00,0.00,16.227,0.841,-3.494,12.733,17.068,0.00,0.00,0.00,0.00,0.00,0.00,0.00,0.00,0.00,0.00,0.00,0.00,0.00,0.00,0.00,0.00,0.00
20650,DL:0.1.0:AT.1.0.0,2022-3-4 23:50:42,37.25,0.00,0.00,16.206,0.833,-3.468,12.739,17.039,0.00,0.00,0.00,0.00,0.00,0.00,0.00,0.00,0.00,0.00,0.00,0.00,0.00,0.00,0.00,0.00,0.00
20650,DL:0.1.0:AT.1.0.0,2022-3-4 23:50:47,37.25,0.00,0.00,16.172,0.836,-3.434,12.737,17.008,0.00,0.00,0.00,0.00,0.00,0.00,0.00,0.00,0.00,0.00,0.00,0.00,0.00,0.00,0.00,0.00,0.00
20650,DL:0.1.0:AT.1.0.0,2022-3-4 23:50:54,37.25,0.00,0.00,16.149,0.821,-3.413,12.736,16.969,0.00,0.00,0.00,0.00,0.00,0.00,0.00,0.00,0.00,0.00,0.00,0.00,0.00,0.00,0.00,0.00,0.00
20650,DL:0.1.0:AT.1.0.0,2022-3-4 23:51:1,37.25,0.00,0.00,16.110,0.821,-3.374,12.736,16.931,0.00,0.00,0.00,0.00,0.00,0.00,0.00,0.00,0.00,0.00,0.00,0.00,0.00,0.00,0.00,0.00,0.00
20650,DL:0.1.0:AT.1.0.0,2022-3-4 23:51:8,37.25,0.00,0.00,16.043,0.840,-3.307,12.736,16.883,0.00,0.00,0.00,0.00,0.00,0.00,0.00,0.00,0.00,0.00,0.00,0.00,0.00,0.00,0.00,0.00,0.00
20650,DL:0.1.0:AT.1.0.0,2022-3-4 23:51:14,37.25,0.00,0.00,16.042,0.826,-3.306,12.736,16.867,0.00,0.00,0.00,0.00,0.00,0.00,0.00,0.00,0.00,0.00,0.00,0.00,0.00,0.00,0.00,0.00,0.00
20650,DL:0.1.0:AT.1.0.0,2022-3-4 23:51:19,37.25,0.00,0.00,16.017,0.827,-3.282,12.735,16.843,0.00,0.00,0.00,0.00,0.00,0.00,0.00,0.00,0.00,0.00,0.00,0.00,0.00,0.00,0.00,0.00,0.00
20650,DL:0.1.0:AT.1.0.0,2022-3-4 23:51:24,37.25,0.00,0.00,15.978,0.839,-3.243,12.735,16.817,0.00,0.00,0.00,0.00,0.00,0.00,0.00,0.00,0.00,0.00,0.00,0.00,0.00,0.00,0.00,0.00,0.00
20650,DL:0.1.0:AT.1.0.0,2022-3-4 23:51:29,37.25,0.00,0.00,15.920,0.870,-3.186,12.735,16.790,0.00,0.00,0.00,0.00,0.00,0.00,0.00,0.00,0.00,0.00,0.00,0.00,0.00,0.00,0.00,0.00,0.00
20650,DL:0.1.0:AT.1.0.0,2022-3-4 23:51:36,37.25,0.00,0.00,15.923,0.833,-3.188,12.735,16.756,0.00,0.00,0.00,0.00,0.00,0.00,0.00,0.00,0.00,0.00,0.00,0.00,0.00,0.00,0.00,0.00,0.00
20650,DL:0.1.0:AT.1.0.0,2022-3-4 23:51:44,37.25,0.00,0.00,15.893,0.827,-3.158,12.735,16.720,0.00,0.00,0.00,0.00,0.00,0.00,0.00,0.00,0.00,0.00,0.00,0.00,0.00,0.00,0.00,0.00,0.00
20650,DL:0.1.0:AT.1.0.0,2022-3-4 23:51:50,37.25,0.00,0.00,15.863,0.828,-3.129,12.734,16.691,0.00,0.00,0.00,0.00,0.00,0.00,0.00,0.00,0.00,0.00,0.00,0.00,0.00,0.00,0.00,0.00,0.00
20650,DL:0.1.0:AT.1.0.0,2022-3-4 23:51:57,37.25,0.00,0.00,15.803,0.854,-3.069,12.734,16.657,0.00,0.00,0.00,0.00,0.00,0.00,0.00,0.00,0.00,0.00,0.00,0.00,0.00,0.00,0.00,0.00,0.00
20650,DL:0.1.0:AT.1.0.0,2022-3-4 23:52:2,37.25,0.00,0.00,15.773,0.862,-3.040,12.733,16.634,0.00,0.00,0.00,0.00,0.00,0.00,0.00,0.00,0.00,0.00,0.00,0.00,0.00,0.00,0.00,0.00,0.00
20650,DL:0.1.0:AT.1.0.0,2022-3-4 23:52:7,37.25,0.00,0.00,15.770,0.840,-3.037,12.734,16.610,0.00,0.00,0.00,0.00,0.00,0.00,0.00,0.00,0.00,0.00,0.00,0.00,0.00,0.00,0.00,0.00,0.00
20650,DL:0.1.0:AT.1.0.0,2022-3-4 23:52:15,37.25,0.00,0.00,15.744,0.830,-3.011,12.733,16.574,0.00,0.00,0.00,0.00,0.00,0.00,0.00,0.00,0.00,0.00,0.00,0.00,0.00,0.00,0.00,0.00,0.00
20650,DL:0.1.0:AT.1.0.0,2022-3-4 23:52:21,37.25,0.00,0.00,15.691,0.857,-2.952,12.739,16.548,0.00,0.00,0.00,0.00,0.00,0.00,0.00,0.00,0.00,0.00,0.00,0.00,0.00,0.00,0.00,0.00,0.00
20650,DL:0.1.0:AT.1.0.0,2022-3-4 23:52:28,37.25,0.00,0.00,15.650,0.869,-2.913,12.737,16.519,0.00,0.00,0.00,0.00,0.00,0.00,0.00,0.00,0.00,0.00,0.00,0.00,0.00,0.00,0.00,0.00,0.00
20650,DL:0.1.0:AT.1.0.0,2022-3-4 23:52:33,37.25,0.00,0.00,15.631,0.866,-2.894,12.737,16.497,0.00,0.00,0.00,0.00,0.00,0.00,0.00,0.00,0.00,0.00,0.00,0.00,0.00,0.00,0.00,0.00,0.00
20650,DL:0.1.0:AT.1.0.0,2022-3-4 23:52:38,37.25,0.00,0.00,15.615,0.859,-2.879,12.736,16.474,0.00,0.00,0.00,0.00,0.00,0.00,0.00,0.00,0.00,0.00,0.00,0.00,0.00,0.00,0.00,0.00,0.00
20650,DL:0.1.0:AT.1.0.0,2022-3-4 23:52:43,37.25,0.00,0.00,15.602,0.851,-2.866,12.736,16.453,0.00,0.00,0.00,0.00,0.00,0.00,0.00,0.00,0.00,0.00,0.00,0.00,0.00,0.00,0.00,0.00,0.00
20650,DL:0.1.0:AT.1.0.0,2022-3-4 23:52:48,37.25,0.00,0.00,15.579,0.857,-2.843,12.736,16.436,0.00,0.00,0.00,0.00,0.00,0.00,0.00,0.00,0.00,0.00,0.00,0.00,0.00,0.00,0.00,0.00,0.00
20650,DL:0.1.0:AT.1.0.0,2022-3-4 23:52:53,37.25,0.00,0.00,15.596,0.848,-2.860,12.736,16.444,0.00,0.00,0.00,0.00,0.00,0.00,0.00,0.00,0.00,0.00,0.00,0.00,0.00,0.00,0.00,0.00,0.00
20650,DL:0.1.0:AT.1.0.0,2022-3-4 23:52:58,37.25,0.00,0.00,15.577,0.884,-2.841,12.736,16.461,0.00,0.00,0.00,0.00,0.00,0.00,0.00,0.00,0.00,0.00,0.00,0.00,0.00,0.00,0.00,0.00,0.00
20650,DL:0.1.0:AT.1.0.0,2022-3-4 23:53:3,37.25,0.00,0.00,15.596,0.882,-2.861,12.735,16.478,0.00,0.00,0.00,0.00,0.00,0.00,0.00,0.00,0.00,0.00,0.00,0.00,0.00,0.00,0.00,0.00,0.00
20650,DL:0.1.0:AT.1.0.0,2022-3-4 23:53:8,37.25,0.00,0.00,15.655,0.840,-2.920,12.735,16.495,0.00,0.00,0.00,0.00,0.00,0.00,0.00,0.00,0.00,0.00,0.00,0.00,0.00,0.00,0.00,0.00,0.00
20650,DL:0.1.0:AT.1.0.0,2022-3-4 23:53:13,37.25,0.00,0.00,15.642,0.869,-2.907,12.735,16.510,0.00,0.00,0.00,0.00,0.00,0.00,0.00,0.00,0.00,0.00,0.00,0.00,0.00,0.00,0.00,0.00,0.00
20650,DL:0.1.0:AT.1.0.0,2022-3-4 23:53:20,37.25,0.00,0.00,15.650,0.883,-2.915,12.735,16.533,0.00,0.00,0.00,0.00,0.00,0.00,0.00,0.00,0.00,0.00,0.00,0.00,0.00,0.00,0.00,0.00,0.00
20650,DL:0.1.0:AT.1.0.0,2022-3-4 23:53:25,37.25,0.00,0.00,15.657,0.889,-2.922,12.735,16.547,0.00,0.00,0.00,0.00,0.00,0.00,0.00,0.00,0.00,0.00,0.00,0.00,0.00,0.00,0.00,0.00,0.00
20650,DL:0.1.0:AT.1.0.0,2022-3-4 23:53:30,37.25,0.00,0.00,15.668,0.894,-2.933,12.735,16.562,0.00,0.00,0.00,0.00,0.00,0.00,0.00,0.00,0.00,0.00,0.00,0.00,0.00,0.00,0.00,0.00,0.00
20650,DL:0.1.0:AT.1.0.0,2022-3-4 23:53:35,37.25,0.00,0.00,15.673,0.904,-2.938,12.735,16.577,0.00,0.00,0.00,0.00,0.00,0.00,0.00,0.00,0.00,0.00,0.00,0.00,0.00,0.00,0.00,0.00,0.00
20650,DL:0.1.0:AT.1.0.0,2022-3-4 23:53:40,37.25,0.00,0.00,15.701,0.900,-2.967,12.734,16.601,0.00,0.00,0.00,0.00,0.00,0.00,0.00,0.00,0.00,0.00,0.00,0.00,0.00,0.00,0.00,0.00,0.00
20650,DL:0.1.0:AT.1.0.0,2022-3-4 23:53:45,37.25,0.00,0.00,15.705,0.900,-2.972,12.734,16.605,0.00,0.00,0.00,0.00,0.00,0.00,0.00,0.00,0.00,0.00,0.00,0.00,0.00,0.00,0.00,0.00,0.00
20650,DL:0.1.0:AT.1.0.0,2022-3-4 23:53:50,37.25,0.00,0.00,15.731,0.888,-2.996,12.735,16.619,0.00,0.00,0.00,0.00,0.00,0.00,0.00,0.00,0.00,0.00,0.00,0.00,0.00,0.00,0.00,0.00,0.00
20650,DL:0.1.0:AT.1.0.0,2022-3-4 23:53:56,37.25,0.00,0.00,15.761,0.872,-3.021,12.740,16.633,0.00,0.00,0.00,0.00,0.00,0.00,0.00,0.00,0.00,0.00,0.00,0.00,0.00,0.00,0.00,0.00,0.00
20650,DL:0.1.0:AT.1.0.0,2022-3-4 23:54:1,37.25,0.00,0.00,15.770,0.877,-3.032,12.739,16.647,0.00,0.00,0.00,0.00,0.00,0.00,0.00,0.00,0.00,0.00,0.00,0.00,0.00,0.00,0.00,0.00,0.00
20650,DL:0.1.0:AT.1.0.0,2022-3-4 23:54:8,37.25,0.00,0.00,15.811,0.853,-3.074,12.737,16.664,0.00,0.00,0.00,0.00,0.00,0.00,0.00,0.00,0.00,0.00,0.00,0.00,0.00,0.00,0.00,0.00,0.00
20650,DL:0.1.0:AT.1.0.0,2022-3-4 23:54:16,37.25,0.00,0.00,15.807,0.884,-3.070,12.737,16.692,0.00,0.00,0.00,0.00,0.00,0.00,0.00,0.00,0.00,0.00,0.00,0.00,0.00,0.00,0.00,0.00,0.00
20650,DL:0.1.0:AT.1.0.0,2022-3-4 23:54:22,37.25,0.00,0.00,15.824,0.878,-3.087,12.737,16.703,0.00,0.00,0.00,0.00,0.00,0.00,0.00,0.00,0.00,0.00,0.00,0.00,0.00,0.00,0.00,0.00,0.00
20650,DL:0.1.0:AT.1.0.0,2022-3-4 23:54:27,37.25,0.00,0.00,15.859,0.860,-3.123,12.736,16.720,0.00,0.00,0.00,0.00,0.00,0.00,0.00,0.00,0.00,0.00,0.00,0.00,0.00,0.00,0.00,0.00,0.00
20650,DL:0.1.0:AT.1.0.0,2022-3-4 23:54:32,37.25,0.00,0.00,15.890,0.836,-3.154,12.736,16.727,0.00,0.00,0.00,0.00,0.00,0.00,0.00,0.00,0.00,0.00,0.00,0.00,0.00,0.00,0.00,0.00,0.00
20650,DL:0.1.0:AT.1.0.0,2022-3-4 23:54:39,37.25,0.00,0.00,15.878,0.868,-3.142,12.736,16.746,0.00,0.00,0.00,0.00,0.00,0.00,0.00,0.00,0.00,0.00,0.00,0.00,0.00,0.00,0.00,0.00,0.00
20650,DL:0.1.0:AT.1.0.0,2022-3-4 23:54:44,37.25,0.00,0.00,15.877,0.882,-3.141,12.736,16.759,0.00,0.00,0.00,0.00,0.00,0.00,0.00,0.00,0.00,0.00,0.00,0.00,0.00,0.00,0.00,0.00,0.00
20650,DL:0.1.0:AT.1.0.0,2022-3-4 23:54:49,37.25,0.00,0.00,15.922,0.850,-3.186,12.736,16.771,0.00,0.00,0.00,0.00,0.00,0.00,0.00,0.00,0.00,0.00,0.00,0.00,0.00,0.00,0.00,0.00,0.00
20650,DL:0.1.0:AT.1.0.0,2022-3-4 23:54:54,37.25,0.00,0.00,15.923,0.862,-3.188,12.735,16.784,0.00,0.00,0.00,0.00,0.00,0.00,0.00,0.00,0.00,0.00,0.00,0.00,0.00,0.00,0.00,0.00,0.00
20650,DL:0.1.0:AT.1.0.0,2022-3-4 23:54:59,37.25,0.00,0.00,15.917,0.881,-3.182,12.735,16.798,0.00,0.00,0.00,0.00,0.00,0.00,0.00,0.00,0.00,0.00,0.00,0.00,0.00,0.00,0.00,0.00,0.00
20650,DL:0.1.0:AT.1.0.0,2022-3-4 23:55:7,37.25,0.00,0.00,15.977,0.846,-3.242,12.735,16.823,0.00,0.00,0.00,0.00,0.00,0.00,0.00,0.00,0.00,0.00,0.00,0.00,0.00,0.00,0.00,0.00,0.00
20650,DL:0.1.0:AT.1.0.0,2022-3-4 23:55:12,37.25,0.00,0.00,15.976,0.852,-3.241,12.735,16.828,0.00,0.00,0.00,0.00,0.00,0.00,0.00,0.00,0.00,0.00,0.00,0.00,0.00,0.00,0.00,0.00,0.00
20650,DL:0.1.0:AT.1.0.0,2022-3-4 23:55:17,37.25,0.00,0.00,15.941,0.901,-3.207,12.734,16.842,0.00,0.00,0.00,0.00,0.00,0.00,0.00,0.00,0.00,0.00,0.00,0.00,0.00,0.00,0.00,0.00,0.00
20650,DL:0.1.0:AT.1.0.0,2022-3-4 23:55:22,37.25,0.00,0.00,16.019,0.840,-3.285,12.734,16.859,0.00,0.00,0.00,0.00,0.00,0.00,0.00,0.00,0.00,0.00,0.00,0.00,0.00,0.00,0.00,0.00,0.00
20650,DL:0.1.0:AT.1.0.0,2022-3-4 23:55:27,37.25,0.00,0.00,16.018,0.851,-3.284,12.734,16.869,0.00,0.00,0.00,0.00,0.00,0.00,0.00,0.00,0.00,0.00,0.00,0.00,0.00,0.00,0.00,0.00,0.00
20650,DL:0.1.0:AT.1.0.0,2022-3-4 23:55:35,37.25,0.00,0.00,16.031,0.856,-3.292,12.739,16.887,0.00,0.00,0.00,0.00,0.00,0.00,0.00,0.00,0.00,0.00,0.00,0.00,0.00,0.00,0.00,0.00,0.00
20650,DL:0.1.0:AT.1.0.0,2022-3-4 23:55:41,37.25,0.00,0.00,16.056,0.847,-3.317,12.740,16.903,0.00,0.00,0.00,0.00,0.00,0.00,0.00,0.00,0.00,0.00,0.00,0.00,0.00,0.00,0.00,0.00,0.00
20650,DL:0.1.0:AT.1.0.0,2022-3-4 23:55:50,37.25,0.00,0.00,16.092,0.833,-3.354,12.739,16.925,0.00,0.00,0.00,0.00,0.00,0.00,0.00,0.00,0.00,0.00,0.00,0.00,0.00,0.00,0.00,0.00,0.00
20650,DL:0.1.0:AT.1.0.0,2022-3-4 23:55:55,37.25,0.00,0.00,16.104,0.833,-3.366,12.739,16.937,0.00,0.00,0.00,0.00,0.00,0.00,0.00,0.00,0.00,0.00,0.00,0.00,0.00,0.00,0.00,0.00,0.00
20650,DL:0.1.0:AT.1.0.0,2022-3-4 23:56:0,37.25,0.00,0.00,16.122,0.827,-3.385,12.737,16.949,0.00,0.00,0.00,0.00,0.00,0.00,0.00,0.00,0.00,0.00,0.00,0.00,0.00,0.00,0.00,0.00,0.00
20650,DL:0.1.0:AT.1.0.0,2022-3-4 23:56:6,37.25,0.00,0.00,16.124,0.840,-3.386,12.737,16.963,0.00,0.00,0.00,0.00,0.00,0.00,0.00,0.00,0.00,0.00,0.00,0.00,0.00,0.00,0.00,0.00,0.00
20650,DL:0.1.0:AT.1.0.0,2022-3-4 23:56:11,37.25,0.00,0.00,16.137,0.841,-3.399,12.737,16.978,0.00,0.00,0.00,0.00,0.00,0.00,0.00,0.00,0.00,0.00,0.00,0.00,0.00,0.00,0.00,0.00,0.00
20650,DL:0.1.0:AT.1.0.0,2022-3-4 23:56:17,37.25,0.00,0.00,16.143,0.850,-3.407,12.736,16.992,0.00,0.00,0.00,0.00,0.00,0.00,0.00,0.00,0.00,0.00,0.00,0.00,0.00,0.00,0.00,0.00,0.00
20650,DL:0.1.0:AT.1.0.0,2022-3-4 23:56:23,37.25,0.00,0.00,16.176,0.829,-3.440,12.736,17.006,0.00,0.00,0.00,0.00,0.00,0.00,0.00,0.00,0.00,0.00,0.00,0.00,0.00,0.00,0.00,0.00,0.00
20650,DL:0.1.0:AT.1.0.0,2022-3-4 23:56:28,37.25,0.00,0.00,16.185,0.838,-3.449,12.736,17.022,0.00,0.00,0.00,0.00,0.00,0.00,0.00,0.00,0.00,0.00,0.00,0.00,0.00,0.00,0.00,0.00,0.00
20650,DL:0.1.0:AT.1.0.0,2022-3-4 23:56:33,37.25,0.00,0.00,16.188,0.842,-3.452,12.736,17.031,0.00,0.00,0.00,0.00,0.00,0.00,0.00,0.00,0.00,0.00,0.00,0.00,0.00,0.00,0.00,0.00,0.00
20650,DL:0.1.0:AT.1.0.0,2022-3-4 23:56:38,37.25,0.00,0.00,16.196,0.847,-3.460,12.736,17.043,0.00,0.00,0.00,0.00,0.00,0.00,0.00,0.00,0.00,0.00,0.00,0.00,0.00,0.00,0.00,0.00,0.00
20650,DL:0.1.0:AT.1.0.0,2022-3-4 23:56:43,37.25,0.00,0.00,16.223,0.834,-3.488,12.735,17.057,0.00,0.00,0.00,0.00,0.00,0.00,0.00,0.00,0.00,0.00,0.00,0.00,0.00,0.00,0.00,0.00,0.00
20650,DL:0.1.0:AT.1.0.0,2022-3-4 23:56:50,37.25,0.00,0.00,16.223,0.850,-3.488,12.735,17.073,0.00,0.00,0.00,0.00,0.00,0.00,0.00,0.00,0.00,0.00,0.00,0.00,0.00,0.00,0.00,0.00,0.00
20650,DL:0.1.0:AT.1.0.0,2022-3-4 23:56:55,37.25,0.00,0.00,16.226,0.865,-3.491,12.735,17.091,0.00,0.00,0.00,0.00,0.00,0.00,0.00,0.00,0.00,0.00,0.00,0.00,0.00,0.00,0.00,0.00,0.00
20650,DL:0.1.0:AT.1.0.0,2022-3-4 23:57:1,37.25,0.00,0.00,16.246,0.854,-3.511,12.735,17.100,0.00,0.00,0.00,0.00,0.00,0.00,0.00,0.00,0.00,0.00,0.00,0.00,0.00,0.00,0.00,0.00,0.00
20650,DL:0.1.0:AT.1.0.0,2022-3-4 23:57:6,37.25,0.00,0.00,16.269,0.844,-3.534,12.735,17.112,0.00,0.00,0.00,0.00,0.00,0.00,0.00,0.00,0.00,0.00,0.00,0.00,0.00,0.00,0.00,0.00,0.00
20650,DL:0.1.0:AT.1.0.0,2022-3-4 23:57:14,37.25,0.00,0.00,16.283,0.847,-3.550,12.734,17.130,0.00,0.00,0.00,0.00,0.00,0.00,0.00,0.00,0.00,0.00,0.00,0.00,0.00,0.00,0.00,0.00,0.00
20650,DL:0.1.0:AT.1.0.0,2022-3-4 23:57:19,37.25,0.00,0.00,16.293,0.851,-3.553,12.740,17.144,0.00,0.00,0.00,0.00,0.00,0.00,0.00,0.00,0.00,0.00,0.00,0.00,0.00,0.00,0.00,0.00,0.00
20650,DL:0.1.0:AT.1.0.0,2022-3-4 23:57:25,37.25,0.00,0.00,16.316,0.842,-3.577,12.739,17.158,0.00,0.00,0.00,0.00,0.00,0.00,0.00,0.00,0.00,0.00,0.00,0.00,0.00,0.00,0.00,0.00,0.00
20650,DL:0.1.0:AT.1.0.0,2022-3-4 23:57:32,37.25,0.00,0.00,16.312,0.846,-3.574,12.739,17.158,0.00,0.00,0.00,0.00,0.00,0.00,0.00,0.00,0.00,0.00,0.00,0.00,0.00,0.00,0.00,0.00,0.00
20650,DL:0.1.0:AT.1.0.0,2022-3-4 23:57:39,37.25,0.00,0.00,16.248,0.872,-3.510,12.739,17.121,0.00,0.00,0.00,0.00,0.00,0.00,0.00,0.00,0.00,0.00,0.00,0.00,0.00,0.00,0.00,0.00,0.00
20650,DL:0.1.0:AT.1.0.0,2022-3-4 23:57:46,37.25,0.00,0.00,16.210,0.875,-3.473,12.737,17.085,0.00,0.00,0.00,0.00,0.00,0.00,0.00,0.00,0.00,0.00,0.00,0.00,0.00,0.00,0.00,0.00,0.00
20650,DL:0.1.0:AT.1.0.0,2022-3-4 23:57:51,37.25,0.00,0.00,16.187,0.870,-3.450,12.737,17.057,0.00,0.00,0.00,0.00,0.00,0.00,0.00,0.00,0.00,0.00,0.00,0.00,0.00,0.00,0.00,0.00,0.00
20650,DL:0.1.0:AT.1.0.0,2022-3-4 23:57:56,37.25,0.00,0.00,16.170,0.862,-3.433,12.737,17.032,0.00,0.00,0.00,0.00,0.00,0.00,0.00,0.00,0.00,0.00,0.00,0.00,0.00,0.00,0.00,0.00,0.00
20650,DL:0.1.0:AT.1.0.0,2022-3-4 23:58:1,37.25,0.00,0.00,16.126,0.878,-3.389,12.737,17.004,0.00,0.00,0.00,0.00,0.00,0.00,0.00,0.00,0.00,0.00,0.00,0.00,0.00,0.00,0.00,0.00,0.00
20650,DL:0.1.0:AT.1.0.0,2022-3-4 23:58:6,37.25,0.00,0.00,16.128,0.854,-3.391,12.737,16.983,0.00,0.00,0.00,0.00,0.00,0.00,0.00,0.00,0.00,0.00,0.00,0.00,0.00,0.00,0.00,0.00,0.00
20650,DL:0.1.0:AT.1.0.0,2022-3-4 23:58:13,37.25,0.00,0.00,16.069,0.880,-3.335,12.735,16.949,0.00,0.00,0.00,0.00,0.00,0.00,0.00,0.00,0.00,0.00,0.00,0.00,0.00,0.00,0.00,0.00,0.00
20650,DL:0.1.0:AT.1.0.0,2022-3-4 23:58:18,37.25,0.00,0.00,16.068,0.858,-3.333,12.735,16.926,0.00,0.00,0.00,0.00,0.00,0.00,0.00,0.00,0.00,0.00,0.00,0.00,0.00,0.00,0.00,0.00,0.00
20650,DL:0.1.0:AT.1.0.0,2022-3-4 23:58:24,37.25,0.00,0.00,16.061,0.840,-3.326,12.735,16.901,0.00,0.00,0.00,0.00,0.00,0.00,0.00,0.00,0.00,0.00,0.00,0.00,0.00,0.00,0.00,0.00,0.00
20650,DL:0.1.0:AT.1.0.0,2022-3-4 23:58:29,37.25,0.00,0.00,16.006,0.874,-3.271,12.735,16.879,0.00,0.00,0.00,0.00,0.00,0.00,0.00,0.00,0.00,0.00,0.00,0.00,0.00,0.00,0.00,0.00,0.00
20650,DL:0.1.0:AT.1.0.0,2022-3-4 23:58:34,37.25,0.00,0.00,15.994,0.860,-3.259,12.735,16.854,0.00,0.00,0.00,0.00,0.00,0.00,0.00,0.00,0.00,0.00,0.00,0.00,0.00,0.00,0.00,0.00,0.00
20650,DL:0.1.0:AT.1.0.0,2022-3-4 23:58:41,37.25,0.00,0.00,15.937,0.876,-3.202,12.735,16.813,0.00,0.00,0.00,0.00,0.00,0.00,0.00,0.00,0.00,0.00,0.00,0.00,0.00,0.00,0.00,0.00,0.00
20650,DL:0.1.0:AT.1.0.0,2022-3-4 23:58:46,37.25,0.00,0.00,15.955,0.850,-3.220,12.735,16.805,0.00,0.00,0.00,0.00,0.00,0.00,0.00,0.00,0.00,0.00,0.00,0.00,0.00,0.00,0.00,0.00,0.00
20650,DL:0.1.0:AT.1.0.0,2022-3-4 23:58:53,37.25,0.00,0.00,15.916,0.860,-3.181,12.735,16.776,0.00,0.00,0.00,0.00,0.00,0.00,0.00,0.00,0.00,0.00,0.00,0.00,0.00,0.00,0.00,0.00,0.00
20650,DL:0.1.0:AT.1.0.0,2022-3-4 23:58:58,37.25,0.00,0.00,15.914,0.840,-3.181,12.734,16.754,0.00,0.00,0.00,0.00,0.00,0.00,0.00,0.00,0.00,0.00,0.00,0.00,0.00,0.00,0.00,0.00,0.00
20650,DL:0.1.0:AT.1.0.0,2022-3-4 23:59:5,37.25,0.00,0.00,15.874,0.836,-3.134,12.740,16.710,0.00,0.00,0.00,0.00,0.00,0.00,0.00,0.00,0.00,0.00,0.00,0.00,0.00,0.00,0.00,0.00,0.00
20650,DL:0.1.0:AT.1.0.0,2022-3-4 23:59:12,37.25,0.00,0.00,15.840,0.854,-3.100,12.740,16.694,0.00,0.00,0.00,0.00,0.00,0.00,0.00,0.00,0.00,0.00,0.00,0.00,0.00,0.00,0.00,0.00,0.00
20650,DL:0.1.0:AT.1.0.0,2022-3-4 23:59:17,37.25,0.00,0.00,15.822,0.854,-3.083,12.739,16.676,0.00,0.00,0.00,0.00,0.00,0.00,0.00,0.00,0.00,0.00,0.00,0.00,0.00,0.00,0.00,0.00,0.00
20650,DL:0.1.0:AT.1.0.0,2022-3-4 23:59:23,37.25,0.00,0.00,15.791,0.858,-3.052,12.739,16.649,0.00,0.00,0.00,0.00,0.00,0.00,0.00,0.00,0.00,0.00,0.00,0.00,0.00,0.00,0.00,0.00,0.00
20650,DL:0.1.0:AT.1.0.0,2022-3-4 23:59:28,37.25,0.00,0.00,15.780,0.852,-3.041,12.739,16.632,0.00,0.00,0.00,0.00,0.00,0.00,0.00,0.00,0.00,0.00,0.00,0.00,0.00,0.00,0.00,0.00,0.00
20650,DL:0.1.0:AT.1.0.0,2022-3-4 23:59:36,37.25,0.00,0.00,15.806,0.847,-3.069,12.737,16.653,0.00,0.00,0.00,0.00,0.00,0.00,0.00,0.00,0.00,0.00,0.00,0.00,0.00,0.00,0.00,0.00,0.00
20650,DL:0.1.0:AT.1.0.0,2022-3-4 23:59:43,37.25,0.00,0.00,15.828,0.848,-3.091,12.737,16.676,0.00,0.00,0.00,0.00,0.00,0.00,0.00,0.00,0.00,0.00,0.00,0.00,0.00,0.00,0.00,0.00,0.00
20650,DL:0.1.0:AT.1.0.0,2022-3-4 23:59:50,37.25,0.00,0.00,15.854,0.845,-3.117,12.737,16.699,0.00,0.00,0.00,0.00,0.00,0.00,0.00,0.00,0.00,0.00,0.00,0.00,0.00,0.00,0.00,0.00,0.00
20650,DL:0.1.0:AT.1.0.0,2022-3-4 23:59:55,37.25,0.00,0.00,15.841,0.874,-3.104,12.737,16.715,0.00,0.00,0.00,0.00,0.00,0.00,0.00,0.00,0.00,0.00,0.00,0.00,0.00,0.00,0.00,0.00,0.00
